*y  x1  x2
   1   -0.950000000   -0.661849800    1.718954000
   2    1.457354000   -0.036140580    1.231945000
   3    2.251558000   -0.064880770    1.068994000
   4   -0.950000000   -0.376965300    1.043183000
   5   -0.551936500   -0.382821900    0.299421600
   6   10.507060000    0.674239800   -0.292816300
   7    6.573995000    0.488053400    0.882801800
   8   19.829800000    1.862749000    1.611725000
   9   -0.540065400    0.135479500    1.088086000
  10   -0.950000000   -1.266815000   -0.198583300
  11    6.708618000    0.138865800   -0.279336000
  12   16.964060000    0.708919400   -0.766610500
  13   21.909290000    1.443363000    0.844879300
  14    5.666557000   -0.399370400   -1.427768000
  15   -0.950000000   -1.421992000   -0.328228300
  16    3.679734000    0.284570100    0.719335900
  17    2.277547000    0.432416000   -0.351924800
  18    5.181627000    0.297721400   -0.261432400
  19   15.022240000    1.308690000    0.015870260
  20   -0.950000000   -0.431174400    0.382446500
  21    0.190542800    0.041125100   -0.059224000
  22   -0.950000000   -0.893614700    0.612732900
  23    3.833510000    0.582971200   -0.005882013
  24   -0.950000000   -1.865449000    1.829984000
  25   -0.950000000   -0.991115900   -1.450435000
  26   -0.221499200   -0.014824760    0.536639100
  27   -0.950000000   -0.811103800   -0.318324800
  28   11.987130000    1.111476000   -0.141744700
  29    0.112602600   -0.205379000   -0.680795800
  30    3.451748000   -0.042991740   -1.161553000
  31   -0.950000000   -0.772692200   -0.918739100
  32    3.053839000    0.089153180   -0.757539100
  33   21.809670000    1.748081000    0.170460700
  34   10.407630000    0.825531100   -0.017155910
  35    7.548529000    0.492221700    0.355489000
  36   -0.038395710    0.112576700    1.137029000
  37   -0.950000000   -0.566944800    0.552616200
  38    0.436739400   -0.012501730   -0.571210600
  39   -0.950000000   -0.684277100    1.169309000
  40    5.108965000    0.369468700   -0.510734900
  41   -0.950000000   -0.631544800    1.713278000
  42    1.631889000   -0.223003200   -0.958897300
  43    2.766819000    0.037745240   -1.641506000
  44   13.369090000    0.789993200   -1.057130000
  45   -0.950000000   -1.028925000    1.100930000
  46   -0.950000000   -0.613910000   -0.345882400
  47    3.607551000    0.085990120   -0.649316300
  48    7.245487000    0.305962800   -0.771453300
  49   16.927940000    1.691292000    0.658687200
  50    3.502039000    0.132268100   -0.283350900
  51    6.527841000    0.471837000   -0.814015200
  52   15.384060000    1.213940000   -0.003287272
  53   11.833130000    1.277963000    1.905569000
  54   -0.950000000   -1.000806000    0.156829200
  55   -0.950000000   -0.878567300    0.016565040
  56   -0.950000000   -0.544639000   -0.496540000
  57   -0.950000000   -1.618358000   -0.063139830
  58   22.799270000    1.673245000   -0.963425800
  59   -0.950000000   -0.424012200    0.674346500
  60   -0.781982900   -0.380784700    0.907413900
  61    3.941641000    0.362667000   -1.989711000
  62   -0.950000000   -1.046053000   -0.157603000
  63   -0.717752000    0.718296400    0.802733700
  64   -0.950000000   -0.814274800   -1.226856000
  65   -0.950000000    0.157644600   -1.437213000
  66   -0.950000000   -0.319426800    1.234222000
  67   -0.950000000   -0.758393000    1.334779000
  68    6.239751000    0.896511800    0.318443700
  69   -0.950000000   -0.670267600   -0.508271400
  70    5.738121000    1.416855000   -0.844094200
  71    6.296243000    1.138827000    0.197493200
  72    1.977688000    0.350796100   -0.407612500
  73   -0.950000000   -0.704036800   -1.339818000
  74    3.418382000   -0.044030190   -1.658397000
  75   -0.950000000   -1.012538000   -1.591528000
  76   -0.950000000   -1.465068000   -0.256770300
  77    6.368681000    0.599323300    0.608893200
  78   17.968990000    1.286584000    0.471844000
  79   14.923360000    1.077264000   -0.023226090
  80   -0.950000000   -0.422922200   -0.070329480
  81   -0.950000000   -0.530011600    0.367893500
  82    1.204336000    0.143359900    1.071865000
  83    4.739622000    0.285242800   -0.230245000
  84   -0.950000000   -0.845148900    0.372721700
  85    3.508274000   -0.054550460   -0.210315100
  86   -0.950000000   -1.198799000    0.096028560
  87   10.246860000    0.462166500   -0.155862600
  88    9.479117000    0.874965100    0.019744260
  89   20.162870000    1.529240000    0.429691000
  90    8.020565000    0.387636600    0.388983600
  91   -0.950000000    0.152066800    1.262226000
  92   13.060740000    1.074286000   -1.421259000
  93   -0.950000000    0.070657090    1.648285000
  94   -0.950000000   -1.431064000    0.873979300
  95   -0.950000000   -1.030871000   -0.693404000
  96    2.734625000    0.506536900    0.859780100
  97   17.183310000    1.247272000   -0.603148400
  98   -0.950000000   -1.964653000   -1.100114000
  99    6.370534000    0.496507000   -0.029990510
 100    0.032551050   -0.143673500   -0.700921400
 101   -0.950000000   -0.863611300    1.124471000
 102    4.755018000    1.040538000    0.841696300
 103    0.812012400    0.267949000    1.343098000
 104    0.494548300   -0.205966000   -0.728125600
 105   -0.950000000   -1.907483000    0.838962500
 106   -0.950000000   -1.056337000   -0.295974700
 107   -0.950000000   -0.788256300   -1.495442000
 108   -0.950000000   -0.658652800    1.315575000
 109   -0.950000000    0.080042640    1.144872000
 110    3.940772000    0.625236300   -0.548294700
 111   -0.950000000   -1.209985000    0.365965400
 112   -0.950000000   -0.235322900   -1.149954000
 113    7.509687000    0.928863900   -0.995133300
 114    4.686798000    0.570350000   -0.455492000
 115   -0.950000000   -0.481415900    1.849488000
 116    3.919859000    1.098630000   -1.466906000
 117   -0.950000000   -1.050413000   -1.540051000
 118    1.341588000    1.026642000    1.261620000
 119   -0.477900900    0.135342100   -1.930352000
 120   -0.950000000   -0.683024100   -1.022348000
 121   -0.950000000   -0.335238700   -1.205501000
 122   -0.950000000   -0.176899900    0.176081500
 123   -0.950000000   -0.705940500    1.241815000
 124   -0.950000000   -0.778681300    0.269805000
 125    9.690028000    1.439843000    0.217264200
 126    1.219853000    0.297193900   -0.571593300
 127   -0.950000000   -0.225046900   -1.228376000
 128   -0.950000000    0.055979290   -0.443076700
 129   -0.950000000   -0.013571370   -0.202235000
 130    0.639395400    0.218936600    0.521294100
 131   -0.950000000   -1.591157000   -0.324796900
 132   -0.950000000   -1.388782000   -1.494911000
 133    3.277349000    0.373417000   -1.016831000
 134   -0.912819700    0.131121600    0.967208000
 135   -0.950000000   -1.093602000   -0.034046450
 136   -0.950000000   -0.432620700   -1.375781000
 137    9.342451000    0.969926300   -1.284725000
 138   -0.950000000   -0.283018500    0.221844300
 139   13.108830000    1.321497000   -1.416748000
 140   -0.950000000   -0.714171000    0.020594780
 141   -0.950000000    0.143925300   -0.099282620
 142    7.290356000    1.094387000   -0.721495700
 143   -0.950000000   -0.633948500   -0.816551200
 144   -0.950000000   -0.001347544    0.287639800
 145   -0.950000000   -1.201808000    1.887552000
 146   -0.950000000   -1.084739000   -0.476456500
 147    8.055747000    0.914322000   -1.912690000
 148   -0.950000000   -1.162423000    0.264183500
 149   -0.950000000   -1.401096000   -0.805786700
 150   -0.950000000   -0.490182400    0.005235274
 151   -0.950000000   -1.113355000   -1.053533000
 152    1.399841000    0.138048200   -1.882034000
 153   -0.950000000   -0.151121600   -0.494719200
 154    4.678735000    0.315295200   -0.836206100
 155   -0.950000000   -0.185378500    1.837619000
 156   -0.950000000   -0.232415100    0.219597600
 157   17.928950000    1.774842000   -0.268872600
 158   13.493150000    1.397077000    0.726554100
 159   -0.950000000   -0.679407800    0.479077000
 160   -0.950000000   -1.163697000    0.561005500
 161   -0.950000000   -1.473400000    1.439959000
 162   -0.950000000   -0.281007700   -0.442952900
 163   11.383830000    1.059745000   -0.807482000
 164   -0.950000000   -0.066518270    1.970921000
 165    5.277496000    0.087842110   -1.015386000
 166    7.453297000    0.463423200   -1.052320000
 167   12.833980000    1.040570000   -0.424405500
 168   -0.950000000   -1.522848000    0.569623200
 169   11.048030000    0.607972100   -0.689724500
 170    3.271409000   -0.140157800   -1.285067000
 171   -0.950000000   -1.277406000    1.782724000
 172    6.749328000    0.662428400    0.198027800
 173   12.481890000    0.977295800   -0.361856800
 174   17.112530000    1.667711000    0.348423100
 175   -0.950000000   -0.627905100    0.548291800
 176   16.873890000    1.328337000    0.622860400
 177    0.548440400    0.359423800    1.072925000
 178    8.024796000    0.701146900   -0.014211700
 179    5.948716000    0.211579600   -1.179956000
 180   -0.950000000   -0.654923500   -0.153058900
 181   -0.950000000   -0.758018700   -0.298836600
 182    5.456251000    1.140632000    0.869217000
 183   -0.950000000   -1.285707000   -1.243494000
 184   -0.950000000   -0.456329300    0.336755700
 185   -0.950000000   -0.859369000    1.378236000
 186   10.796940000    1.028004000   -0.481084600
 187    7.643537000    1.103439000    1.785787000
 188   -0.950000000   -0.404937700   -0.767632700
 189   -0.950000000   -1.583399000   -0.974706600
 190   15.010430000    1.728019000   -1.626163000
 191   17.896530000    1.558255000   -1.438597000
 192   -0.950000000    0.006918653    0.025955490
 193    9.192271000    1.250680000   -0.970396000
 194   -0.950000000   -0.625461600    1.366569000
 195   -0.950000000   -0.333247700   -0.644093900
 196    4.917680000    0.122634100   -0.164611300
 197    5.371283000    0.430703400    0.590217300
 198    0.681281400   -0.390735700   -1.312287000
 199    3.914451000    0.218459400   -0.444794200
 200    1.550122000   -0.045492810    0.669353100
 201    8.106822000    0.793285400   -0.936713800
 202   14.935580000    1.091618000    0.735290700
 203   -0.950000000   -1.032062000    0.426022100
 204   -0.950000000   -1.323603000    0.925211600
 205    3.994796000    0.262810900    0.032241340
 206    9.913370000    1.576007000    1.526524000
 207   12.286270000    1.146435000    0.062868360
 208   -0.950000000   -0.877146600   -1.467495000
 209   -0.950000000   -1.217110000   -0.781418600
 210   -0.950000000   -0.174933200    1.626232000
 211   -0.950000000   -0.432402000   -0.552702700
 212   -0.950000000   -1.921033000   -0.664994300
 213    6.438840000    0.425426400   -0.279961800
 214   19.244420000    1.993129000    0.428324700
 215   -0.950000000   -0.925404800    0.966998900
 216    0.886948900    0.173479000    0.206531900
 217   -0.950000000   -1.675233000    0.069942300
 218   -0.920778100   -0.128156800    0.319459900
 219   23.033490000    1.975859000    0.181929200
 220   10.664520000    0.968521900   -0.567058100
 221   -0.950000000   -1.013215000    0.576998600
 222    8.576949000    0.840063200    0.104831100
 223   -0.950000000   -0.435285600    0.187302600
 224   25.724470000    1.644302000   -0.745361000
 225   15.460430000    0.998527600   -0.199360800
 226   -0.950000000    0.170705300    0.716748100
 227   -0.950000000   -0.723951100   -0.890324700
 228    3.059875000    0.174632100   -1.581701000
 229    7.120614000    1.578980000    0.798629200
 230   -0.950000000   -1.439956000    0.552933400
 231    4.551507000    0.494685600   -1.382831000
 232   -0.950000000    0.350532700    1.130293000
 233   12.034120000    1.317819000   -0.737989700
 234   -0.950000000   -1.376383000   -0.444555500
 235   -0.950000000   -0.116378700   -0.003193199
 236   -0.950000000   -0.201826800   -0.761344300
 237   -0.950000000   -0.837198200   -0.399408300
 238   -0.950000000   -0.430172700    0.406825200
 239   -0.950000000   -0.139463800   -1.292190000
 240   -0.950000000    0.009391104   -1.208994000
 241   -0.950000000   -0.870442000   -0.542353800
 242   -0.950000000   -0.375404000   -0.551090100
 243   -0.950000000    0.109526100    0.198302900
 244   -0.950000000   -1.218756000   -0.725182000
 245   -0.950000000   -0.737528500    1.668712000
 246   -0.950000000   -0.644322400    0.517848200
 247    1.251129000    0.321484800   -1.003509000
 248   -0.950000000   -0.451970800   -1.282045000
 249   -0.950000000   -1.750124000   -1.528222000
 250    9.792231000    1.211859000    0.797255500
 251   -0.950000000   -0.233359100    0.401715800
 252   -0.950000000    0.036007510    0.031943710
 253    0.498441800    1.307592000    0.893516400
 254   -0.950000000   -0.990108900    1.018031000
 255   -0.950000000   -1.912876000   -0.329878200
 256    1.788198000   -0.222796100   -1.015699000
 257   15.266310000    1.086708000   -0.534663500
 258   15.020150000    1.084840000   -1.211428000
 259   -0.950000000   -1.406308000   -0.172786200
 260    2.971620000    0.015604900   -0.235185300
 261    8.432248000    0.604041100   -0.260687000
 262   15.019230000    1.105076000   -0.815805200
 263    4.378384000    0.239194200    1.646927000
 264   -0.950000000   -1.209976000   -1.380046000
 265   18.534430000    1.231803000   -0.849054100
 266   10.038510000    0.983336000    0.078701670
 267    9.888212000    1.123341000    1.481037000
 268   21.515550000    1.800907000    0.293442200
 269   -0.950000000   -0.280422000    1.884730000
 270   11.835070000    0.746993400    1.098889000
 271    4.635019000    0.293368400    0.748362000
 272   -0.950000000   -1.945620000   -0.351908200
 273    9.155623000    0.767601000   -0.979547800
 274   -0.950000000   -1.152456000   -0.935739800
 275   -0.950000000   -1.756580000    0.234443500
 276   10.401410000    1.208691000    0.553469400
 277    5.138161000    0.479099500    0.706028500
 278   -0.950000000   -1.906344000    0.782103700
 279   14.718260000    1.735984000    0.341180700
 280   -0.950000000   -0.557832600   -1.667069000
 281   -0.950000000   -0.674791000    0.271897400
 282    7.771868000    0.811290000    0.050599110
 283   -0.950000000   -0.604218000   -0.799173700
 284    2.477818000    0.789264100    1.019898000
 285    5.029390000    0.748640700    0.602546100
 286   -0.910861600    0.316125600    1.262741000
 287   -0.950000000   -1.077618000    0.673626500
 288    1.032181000    0.392619900   -0.029792020
 289   -0.950000000   -0.090632050    0.395170300
 290   -0.950000000   -1.364268000   -0.701316400
 291   -0.950000000   -1.990534000    0.941774000
 292    5.322469000    0.639754600    1.534394000
 293   -0.950000000   -1.222113000    1.056494000
 294   -0.950000000   -0.976672700   -0.466348400
 295   -0.950000000   -0.549802300   -1.863725000
 296    0.424301400    0.331312000   -1.473636000
 297   -0.950000000    0.022484080   -0.663860100
 298   -0.950000000   -0.656781700   -1.182148000
 299   -0.950000000    0.409041800    0.352546300
 300   -0.950000000   -0.956162700   -1.024201000
 301   -0.950000000   -0.481918600   -1.028082000
 302   -0.950000000   -0.791217300    0.060244480
 303   -0.950000000   -0.147416100    1.159330000
 304   -0.950000000   -1.919524000    1.036098000
 305   15.346140000    1.700630000   -0.162248800
 306    8.009317000    0.631438500   -0.011669950
 307   -0.410059900   -0.250159600   -0.501825500
 308   -0.950000000    0.290040900    1.424662000
 309    0.786138700    0.473925400    1.872283000
 310   14.380530000    1.142089000   -1.247787000
 311   13.126540000    0.899126800    0.401354600
 312   -0.950000000   -1.320965000   -0.165909300
 313   -0.950000000   -0.231288300   -0.769150100
 314   -0.950000000   -1.194544000    0.534339200
 315    8.992497000    0.677145800    0.454470100
 316   -0.950000000   -0.850968700    1.505275000
 317   10.671530000    0.684188500   -0.523042600
 318   11.941250000    1.075914000    1.454263000
 319   12.015820000    0.787031000   -1.282154000
 320   13.493350000    0.967208700    0.112402500
 321   17.001060000    1.577369000    0.375236000
 322    5.296344000    0.477077800    1.638283000
 323    1.336850000   -0.453358500    0.142033800
 324   -0.950000000   -0.969765400   -1.162822000
 325   -0.950000000   -1.615772000    0.108011700
 326   -0.950000000   -1.316508000    1.268033000
 327    7.711085000    0.246313100    0.286268900
 328   -0.950000000   -0.420384800    1.422785000
 329   16.986520000    1.063820000    0.033300800
 330   -0.950000000   -0.370757800    1.934799000
 331   -0.078411310    0.118759300    0.519805100
 332    2.238557000    0.412137100   -0.777625500
 333   -0.950000000   -0.727231200   -0.693920300
 334   -0.950000000   -0.599442200   -0.670818300
 335   -0.950000000   -0.713066800   -0.357060400
 336    2.439092000    0.288692100   -1.376868000
 337   -0.950000000   -0.912045900    0.933534400
 338   12.739640000    1.483087000    0.488830100
 339    6.725445000    0.714744000   -0.440459800
 340   14.352980000    1.576094000   -1.082291000
 341   -0.950000000   -1.037711000   -1.329444000
 342    6.715342000    0.788716000   -0.299746100
 343   -0.950000000   -0.253094200   -0.380723400
 344   -0.950000000   -0.152749800    0.944230300
 345    9.058469000    0.764522300   -1.040614000
 346   -0.950000000   -0.066232470    1.875513000
 347   17.870360000    1.634689000    0.944915000
 348    2.892397000    0.403430200   -0.294573600
 349   -0.950000000   -0.618982700   -0.589932100
 350   23.806930000    1.900741000   -1.108742000
 351    5.621703000    0.617084000    0.026318610
 352   -0.950000000   -0.584099000   -0.648530500
 353   -0.950000000   -0.236731500    0.023333420
 354   23.053500000    1.699315000   -1.777237000
 355   -0.950000000   -1.804258000   -0.754980800
 356   -0.950000000   -1.017076000    0.287331400
 357    5.346988000    0.362184200   -0.995111900
 358   -0.950000000   -0.564963600   -0.092706930
 359   11.646520000    1.204443000   -0.981538100
 360    9.559232000    0.778773100    0.549714600
 361   20.397530000    1.647170000   -0.961415000
 362    2.542795000   -0.358962800   -1.859515000
 363   21.645320000    1.722491000    0.202546700
 364   10.073510000    0.808620000   -0.091878930
 365   -0.950000000   -1.042180000    0.699530700
 366   10.010260000    0.523590500   -1.350699000
 367   -0.950000000   -0.367826300    0.371925100
 368    7.039959000    0.334929400   -0.627030000
 369   11.384890000    1.000233000   -0.067680660
 370   -0.950000000   -0.306545100    0.442903300
 371    9.373529000    1.036645000   -0.590972200
 372   10.282690000    1.068952000   -0.287561200
 373   13.285210000    1.108659000   -1.193390000
 374   -0.950000000   -0.386874400    0.121122000
 375   15.795300000    1.863525000   -0.186343600
 376   -0.950000000   -0.895101800   -0.387750100
 377   -0.950000000   -0.982741100    0.079103430
 378   13.920430000    1.412443000   -0.422056900
 379    1.871400000    0.133077000   -0.909616700
 380    4.873163000   -0.274283400   -1.993709000
 381    2.468640000    0.386970900   -0.109867400
 382   -0.950000000   -1.140166000    0.524856800
 383    4.477267000    0.453518800    0.221563800
 384   16.214190000    1.273483000    0.072262740
 385   -0.950000000   -0.492619400    0.565536200
 386    6.879021000    1.277166000    1.800541000
 387   23.351560000    1.691611000   -1.975252000
 388    5.068362000    0.435918500    0.190420300
 389   18.355830000    1.324093000   -0.680474900
 390   -0.950000000   -0.314712900    0.130567800
 391   -0.950000000   -0.136448800    1.238189000
 392   -0.950000000   -0.812847100    0.297140600
 393   -0.950000000   -0.425281200   -0.128412700
 394    2.035507000    0.401894900    0.985381800
 395    6.484363000    1.450681000    1.610911000
 396   -0.950000000   -1.060637000    0.309342100
 397   -0.950000000   -0.126659400   -0.415319600
 398   -0.950000000   -1.066189000    0.815611900
 399    1.531089000    0.160357300   -0.179778800
 400   -0.950000000   -1.095612000   -0.076744680
 401   -0.950000000   -0.549258200    0.123199300
 402   -0.950000000   -1.107711000    0.225214300
 403   10.547160000    1.084065000   -0.434063400
 404   -0.950000000   -0.564458300   -0.375028400
 405   -0.950000000   -0.530415000    0.587309500
 406   -0.950000000   -0.655869400   -0.095406220
 407    5.588390000    0.882901600    0.563382600
 408   13.733860000    1.049146000    0.319816200
 409   -0.950000000   -1.105884000   -0.771082800
 410    8.230790000    0.477926600   -0.324648700
 411    9.805866000    0.587706600   -1.525679000
 412   16.877490000    1.207299000   -0.423344600
 413   11.773850000    0.793387300    0.111503200
 414   10.220140000    0.522128300   -0.482617800
 415    0.110321600   -0.121181200    0.232694100
 416   -0.950000000   -0.270885600    1.525350000
 417   -0.950000000   -0.274891700    1.548050000
 418   16.477240000    1.094215000    0.965660900
 419   -0.950000000   -1.442989000    0.734776100
 420    1.156400000    0.245599100    1.023258000
 421   -0.950000000   -0.901005900   -0.559733900
 422    5.025216000    0.361160400    1.595526000
 423   -0.950000000   -0.834086400   -0.946144800
 424    0.806452300    0.461704500    1.532944000
 425    5.640797000    0.687994200   -0.922522000
 426   -0.950000000   -0.216107400    1.106046000
 427   -0.950000000   -0.943594500    0.203834100
 428    5.036537000    0.689346900   -0.826991500
 429   -0.950000000   -0.349974100    0.925283200
 430    7.067787000    0.993243700    0.602774400
 431    6.605432000    0.851313800   -0.083994320
 432    0.972815600   -0.040394750    0.943789300
 433    9.607349000    0.676709500   -1.519701000
 434   -0.950000000   -0.705472600    0.409955600
 435    2.532614000    0.387223700   -0.225784400
 436    3.335171000    0.410018800   -0.198627900
 437    7.996073000    0.764242200    0.374886200
 438    0.901110400    0.013509210   -0.711815100
 439   -0.950000000   -1.557214000    1.708117000
 440    3.621294000    0.310056700   -0.502933500
 441   -0.950000000   -0.138214100   -0.024124630
 442    7.982177000    0.481705400   -0.345195200
 443   -0.950000000   -0.678788900    1.030482000
 444   -0.950000000   -0.305221300   -1.944350000
 445    4.806892000    0.617474900    0.139475900
 446   10.165380000    0.750536600   -0.790902700
 447   11.587340000    1.049512000   -1.134295000
 448   -0.950000000   -0.937257200    0.523712700
 449    6.797045000    0.419839200   -0.398113900
 450    2.820572000    0.189758400   -0.319555800
 451   -0.950000000   -0.462511300   -0.179092200
 452    2.630951000    0.124821300   -0.900075800
 453   -0.950000000   -0.947529200   -1.289927000
 454    3.660946000    0.192482500   -0.955019600
 455    9.645299000    0.969892100   -0.916786200
 456   -0.950000000   -0.489708000    0.171325600
 457   -0.950000000   -0.138545300   -0.432936600
 458   -0.950000000   -0.795867200   -0.044350050
 459   -0.950000000   -1.368222000   -0.916528900
 460   11.165330000    1.189985000    0.521704300
 461   -0.950000000    0.026918340    0.129629100
 462   -0.950000000   -1.573082000    1.087512000
 463   16.012020000    1.411533000   -0.224268800
 464    3.755964000    0.229918800    1.005865000
 465   15.262770000    1.770021000    0.946144700
 466    3.276818000   -0.003659940   -0.714169700
 467   11.318850000    0.994881300    0.516948100
 468   14.708560000    1.570288000   -0.039258280
 469   10.882020000    0.615698200   -0.145916500
 470    7.072049000    0.439884400   -0.456100000
 471    3.463637000    0.541049400    0.411195600
 472   16.757110000    1.307054000    0.893591900
 473   -0.950000000   -0.591505900   -0.131177900
 474    2.565795000   -0.004743344   -0.372625800
 475   -0.950000000   -0.429421100   -0.331451500
 476    3.119422000   -0.010630560   -0.757090600
 477    0.781103000   -0.056101980   -0.246779000
 478   -0.950000000   -0.405287200    0.500482200
 479   -0.950000000   -0.466582100   -0.257033900
 480   -0.950000000   -0.359053200    0.459578400
 481   -0.950000000   -0.627433300    0.965680200
 482    0.189127500   -0.126944800    0.161016700
 483    5.784047000    0.945728100    1.170802000
 484    9.312348000    0.217130800   -1.699650000
 485   -0.950000000   -0.602995400    0.395804100
 486   -0.950000000   -0.445595700    0.393636700
 487   10.741980000    1.005088000   -0.164940800
 488   13.544630000    1.103067000   -0.099619470
 489    1.126809000    0.430907100    1.420609000
 490    1.979693000   -0.061080990    1.070111000
 491    3.913382000    0.319240700    0.540814100
 492   -0.950000000   -0.867930500   -0.520332100
 493    9.748636000    0.486771400   -0.720725900
 494    9.733979000    0.845814800   -0.273751000
 495   -0.950000000   -0.461761600    0.380061700
 496   -0.950000000   -0.480968900    1.276686000
 497   -0.950000000   -0.847433500   -0.803827500
 498   18.576070000    1.215203000   -1.476923000
 499   -0.950000000   -1.050204000   -0.468378600
 500   -0.950000000   -1.980295000   -0.086737780
 501    7.810944000    0.596331400   -0.021271490
 502   12.190150000    1.049879000   -0.473985300
 503    9.944351000    0.473373100   -1.042294000
 504    7.210376000    0.591390600    0.162352900
 505   -0.950000000   -0.667636900    1.412508000
 506    9.000041000    0.777629000    0.553879700
 507    6.907597000    0.999258300    1.485474000
 508   24.857460000    1.949544000   -0.619797100
 509   -0.950000000   -0.938999200    0.843690200
 510   -0.824153300    0.111168100    1.836547000
 511   -0.950000000   -0.846896700    0.599891600
 512    5.440859000    0.968062500   -0.041154830
 513   -0.350442200    0.222898900   -1.657112000
 514   -0.950000000   -0.742881900    0.109986000
 515   -0.950000000   -0.601896700    0.449479500
 516   -0.950000000   -1.588031000    1.315757000
 517   -0.950000000   -0.872952700   -1.301041000
 518    5.199360000    0.775876500   -0.047223880
 519   -0.950000000   -1.257581000    0.367488400
 520    3.164286000    0.639163400   -1.429766000
 521   -0.950000000   -0.574424100   -1.999513000
 522   -0.950000000   -0.256072700   -0.600950000
 523   -0.950000000    0.174224100   -0.567882800
 524    6.199639000    0.990293300   -0.038210290
 525   -0.950000000   -1.506910000    0.246036700
 526   -0.414195300   -0.375214900   -0.966071200
 527   -0.950000000   -1.172250000    1.567229000
 528    7.072803000    0.577029200   -0.782685600
 529   10.607510000    0.885625900   -0.504283200
 530    7.233067000    0.520004700   -0.302359300
 531   -0.950000000   -0.184134500    0.922151300
 532   15.975750000    1.544016000   -0.664589600
 533   -0.950000000   -0.638346000    0.431033900
 534    5.920381000    0.595199700    0.543991900
 535   18.032730000    1.828654000    0.031646140
 536    0.556017800   -0.296520900   -0.779211100
 537   -0.950000000   -0.555034400    1.239888000
 538    6.766037000    0.395930800   -0.714817300
 539    3.520540000    0.198759700   -0.062445610
 540   -0.950000000   -0.435401600    0.579030100
 541   17.643070000    1.790285000   -1.941917000
 542   -0.950000000   -0.613181700   -0.076818790
 543    8.293066000    0.523197000    0.733497900
 544    1.445632000   -0.319989600   -0.989628500
 545   16.684370000    1.973623000    1.886280000
 546   -0.950000000   -1.408022000    0.492126600
 547   -0.950000000   -0.927525000   -0.282037400
 548    3.171824000    0.224681400    0.543282200
 549    3.763224000    0.163971400    0.044362470
 550   -0.950000000   -0.965664400   -0.804457200
 551   -0.950000000   -1.356769000   -0.206512300
 552    7.019842000    0.618535200    0.118514700
 553    9.976154000    0.598815100    0.036886240
 554   -0.950000000   -0.259510700    1.136956000
 555   20.588460000    1.425351000   -0.555031000
 556    6.930770000    0.301170800   -1.541828000
 557   -0.950000000   -0.230959300    0.994187200
 558    0.673973600    0.038196250   -0.224781900
 559   -0.950000000   -0.646914100    1.125203000
 560   -0.891345000    0.005074759   -0.353068900
 561   -0.950000000   -0.558180600   -0.239209200
 562   -0.950000000   -1.760968000    0.191305700
 563   -0.383237700    0.346291000   -0.128965800
 564   -0.950000000   -0.118777300   -0.338379500
 565    3.358164000    0.445478600    0.231473000
 566   -0.950000000   -0.669568100    0.088117080
 567   -0.950000000   -0.604320900    0.070866730
 568   -0.950000000   -0.222001900   -0.631199100
 569   25.270320000    1.881136000   -1.143919000
 570    7.198583000    0.613512600   -0.353372600
 571   10.848130000    1.290311000    1.432065000
 572    0.871240000   -0.118492900   -1.323135000
 573    1.295933000   -0.107184700   -0.855603600
 574   -0.950000000   -0.238806600   -0.869327200
 575    2.082096000   -0.044266910   -1.183415000
 576   -0.950000000   -1.439667000    0.338715000
 577   -0.950000000   -1.673927000    1.694977000
 578   -0.950000000   -0.448681300   -0.339626400
 579   12.220040000    1.448971000    0.735375000
 580   -0.950000000   -0.340717500   -0.620797200
 581   -0.950000000   -0.080134570   -0.415615000
 582    3.818068000    0.525789700    0.173562800
 583   10.886860000    1.225513000   -0.509633800
 584   -0.950000000   -0.256679300    1.274319000
 585    6.825634000    0.565537600   -0.909575800
 586   -0.950000000   -0.371909700   -0.436161000
 587   -0.950000000   -0.125283900    0.784252500
 588   -0.784337300   -0.139708400   -1.670585000
 589   -0.950000000    0.165260500    0.533912300
 590   16.823990000    1.528663000    0.059873050
 591   -0.950000000   -0.314964800   -0.869067000
 592    0.665166500    0.025079450   -0.071306350
 593   -0.950000000   -1.488344000    0.926416100
 594   -0.950000000   -0.493747200   -0.770995100
 595   -0.950000000   -0.525990400   -0.671788800
 596   -0.950000000   -0.345624300    1.022485000
 597   -0.318224400    0.287494400    0.858464600
 598    4.212963000    0.834672700    0.780120400
 599   -0.950000000   -0.135229200    1.073498000
 600   -0.950000000   -0.720906500   -1.366003000
 601    4.833956000    0.916846800    0.030507910
 602   -0.950000000   -0.729752100   -0.592135500
 603   -0.950000000   -0.130383600   -0.058014640
 604   -0.950000000   -1.025472000   -0.167417400
 605    7.146924000    0.648139000    0.790788300
 606   -0.950000000   -0.989113300   -0.516446300
 607    8.636673000    0.958786000   -1.232756000
 608   -0.950000000   -1.406419000   -0.273273900
 609   21.614840000    1.759869000   -1.333271000
 610   -0.950000000   -0.247971700   -0.334211200
 611   -0.950000000   -1.981641000   -0.925676800
 612   -0.950000000   -1.010253000   -0.910013600
 613   -0.950000000   -0.209185900   -0.468755800
 614   -0.950000000    0.137352600   -0.188707200
 615   -0.950000000    0.185369500    0.383784100
 616   29.173300000    1.992566000    1.074064000
 617   10.470480000    0.477856300   -1.534066000
 618    9.808996000    0.460540000   -0.863426800
 619   -0.950000000   -1.413344000   -0.268124300
 620    3.263558000   -0.130928700   -0.531808700
 621   22.650500000    1.503481000   -0.952584000
 622    8.843753000    0.437338400    0.898575000
 623   -0.950000000   -1.436212000    0.085351260
 624    8.334226000    0.528165200   -0.414539500
 625    9.728781000    0.539273500   -0.555990200
 626   20.852260000    1.266207000   -0.698728000
 627   -0.950000000   -0.473282700    0.622269100
 628   -0.950000000   -1.129570000    0.180024400
 629   10.267330000    0.950255500    1.805073000
 630   -0.950000000   -0.955734100    0.962761400
 631   -0.950000000   -0.446773800   -0.086225080
 632   -0.950000000   -1.698186000   -0.151847700
 633   12.032610000    1.935171000    0.212851300
 634   17.333690000    1.714621000   -1.114115000
 635   -0.950000000   -0.659919300   -0.467046500
 636   -0.950000000   -1.190694000    0.774431600
 637   -0.950000000   -1.724182000    1.448106000
 638   10.450140000    1.108164000   -0.884296500
 639   -0.950000000   -0.822653100   -1.020963000
 640    1.540333000    0.266252300    0.851576000
 641   -0.950000000   -1.269691000    1.574909000
 642   -0.950000000   -1.282860000    1.446272000
 643   -0.950000000   -1.832279000   -0.187898400
 644    2.782495000    0.463965500    0.083917250
 645   -0.950000000   -0.622478500    0.045802170
 646   -0.950000000   -0.476376400    0.183964600
 647   -0.950000000    0.176684500   -0.430446300
 648    2.975673000    0.659737900   -1.610807000
 649   -0.950000000   -0.284693300   -1.942269000
 650    3.823327000    1.138300000   -0.202454500
 651    7.095818000    0.933340400    1.740838000
 652   -0.950000000   -0.700037600    0.024253980
 653   -0.950000000   -0.621885500    0.641296700
 654   -0.950000000   -0.568894700   -1.029278000
 655   -0.950000000    0.455807400   -0.486889000
 656    0.467934300    0.453355400    0.108660400
 657   10.163590000    1.449959000   -1.172362000
 658   -0.950000000   -1.214179000   -0.530030100
 659   -0.950000000   -1.059080000    0.052300070
 660   -0.950000000   -1.790690000   -0.125667700
 661   -0.950000000    0.335857600    1.398732000
 662    4.880212000    0.451920200   -1.020426000
 663   12.212500000    1.210192000   -1.213626000
 664   -0.950000000   -0.908688200    0.605092700
 665   -0.950000000   -0.093735370   -0.224677600
 666    0.369275200    0.130734700    0.007018716
 667   -0.950000000   -0.486771500    0.551755000
 668    0.152257600    0.186990300   -0.002852084
 669    5.121823000    0.367984600   -0.300965900
 670   -0.950000000   -0.824759400    0.410235600
 671   -0.950000000   -0.405740900   -0.619889700
 672   16.571550000    1.140302000   -0.546375600
 673   -0.950000000   -0.508893100   -0.418841000
 674   -0.950000000   -0.810645600    0.806639800
 675   -0.950000000   -1.557643000   -1.057876000
 676    1.158640000    0.120400700    0.536871300
 677   -0.950000000   -0.171366800    0.216522400
 678   -0.950000000   -0.505181800   -1.344976000
 679   -0.950000000   -0.293644100   -0.053998140
 680   -0.950000000   -0.169584300    0.384934200
 681   -0.950000000   -1.244503000    0.504203300
 682   -0.950000000   -0.633803500    0.166659000
 683   -0.950000000   -1.087151000    1.309562000
 684   -0.950000000   -1.193900000   -0.455984900
 685    5.666851000    0.341344000   -0.825907500
 686    8.705327000    0.439784800   -1.260864000
 687   -0.950000000   -0.432425500    1.608080000
 688   -0.950000000   -0.365137500    0.914016000
 689   -0.950000000   -0.457961900   -0.600870600
 690   -0.950000000   -0.034433600    1.437850000
 691   -0.950000000    0.008805999    0.146452900
 692   11.173150000    1.279848000    0.023372390
 693    3.918706000    0.358193100   -1.395299000
 694   -0.950000000   -0.682185200   -0.040270160
 695   -0.950000000   -1.204629000   -1.319689000
 696   -0.950000000   -1.291360000    0.788333500
 697    7.226385000    0.884607400    0.333816200
 698   -0.950000000   -0.923778500    0.630795800
 699   -0.950000000   -0.711345100    0.329536900
 700   -0.950000000   -1.058274000    1.153583000
 701   -0.950000000   -1.992797000    0.067274220
 702   -0.950000000   -1.843462000    0.248752100
 703   -0.950000000   -0.788526000   -1.246414000
 704   12.891100000    1.180807000    0.472214100
 705   14.008920000    1.995653000   -0.937495700
 706   -0.950000000   -0.896520300   -1.330544000
 707   -0.950000000   -0.238704200   -0.367580500
 708   -0.950000000   -0.628633200    1.208385000
 709   -0.950000000   -0.112111400    0.121021800
 710    9.625657000    1.259171000   -0.537585400
 711   -0.950000000   -0.072329110    0.978769300
 712   -0.950000000    0.038529730   -1.530725000
 713   -0.950000000    0.687015900    1.269377000
 714   -0.950000000   -0.287208300   -0.713051500
 715   -0.950000000   -1.014470000   -1.983215000
 716    8.958442000    1.194761000   -0.748418000
 717    5.019773000    1.234984000    1.587787000
 718    4.329397000    0.879949400   -0.388955200
 719   -0.950000000   -1.720826000   -0.559103200
 720   -0.950000000   -1.066729000   -1.335350000
 721   -0.849136600    0.049956120   -0.123694800
 722    7.224588000    0.545593100   -1.212960000
 723   10.603790000    1.499966000    0.364498800
 724    6.011868000    0.865233600   -0.492082700
 725   -0.473194800    0.055124950   -0.001237254
 726   -0.950000000   -0.598795400    0.524686500
 727   14.733090000    1.789846000   -0.993086300
 728    1.764219000    0.724967200    0.252296100
 729   -0.950000000   -0.272202300    0.425797500
 730   -0.950000000   -0.321485600    0.976070300
 731   -0.950000000   -1.124488000    1.210115000
 732    1.546070000    0.152106200   -1.462197000
 733   -0.950000000   -0.482467600    0.147779400
 734    6.152001000    0.661578100   -0.576744400
 735   -0.950000000   -1.577375000   -0.701546100
 736   -0.950000000   -0.352753100   -1.158601000
 737   -0.950000000   -0.981234000    0.358009300
 738    7.660975000    0.647907300   -1.150997000
 739   -0.950000000   -0.204228900   -0.213622000
 740    1.399654000   -0.013542090   -1.299047000
 741    8.029441000    0.839709600   -1.428393000
 742    5.258346000    0.629672600   -0.532656200
 743   -0.950000000   -0.908314800    1.422683000
 744   13.050080000    1.055874000   -1.745806000
 745   -0.950000000   -0.011062240   -0.179346000
 746    6.883793000    1.143795000    0.292029000
 747    1.425654000    0.538373000    1.332174000
 748   -0.950000000   -0.326058600   -1.265336000
 749   -0.950000000   -1.057538000   -0.047836820
 750    3.208540000    0.450249000   -0.072294950
 751   -0.950000000   -1.532447000   -0.892563700
 752   -0.950000000   -1.159513000   -0.635230600
 753   -0.950000000    0.042568770   -0.083855120
 754   -0.950000000    0.013709080   -0.270419800
 755   12.055810000    1.561145000    0.920363500
 756    0.666299200    0.004344733   -0.074181020
 757   18.519370000    1.514545000   -1.251624000
 758    0.390508300   -0.061102880   -0.171393200
 759   11.206660000    0.808344800   -0.952766300
 760   -0.950000000   -1.138914000    0.870087300
 761   -0.950000000   -0.547991900    0.681459700
 762   -0.950000000   -0.140631000    1.153273000
 763    1.513408000    0.176410000    0.195524200
 764   -0.822804500    0.243393700    0.051631980
 765   -0.115979300   -0.058936200   -0.297354400
 766   -0.950000000   -0.504378500    0.369425700
 767   -0.950000000   -0.402633400    0.603353200
 768    4.111430000    0.451554100    0.027893360
 769    2.296898000    0.125606100    0.320279500
 770   -0.950000000   -0.604144800   -0.596083500
 771    4.418006000    0.427520800   -0.484437900
 772   22.323040000    1.731900000   -0.355304800
 773    5.010364000    0.373567600   -0.685738100
 774    6.182076000    0.256138300   -0.997726100
 775   -0.950000000   -1.159286000   -0.446190400
 776    1.802331000    0.147849000    0.596486100
 777    7.934579000    0.432687600    0.716375500
 778   -0.014669880   -0.153164900   -0.073830370
 779    9.776600000    1.129649000    1.676244000
 780   -0.950000000   -1.023881000    1.353983000
 781   -0.950000000   -1.207577000    0.820561000
 782   -0.950000000   -0.542519700   -1.976265000
 783    1.225502000   -0.144176300   -1.277938000
 784   -0.950000000   -0.384009000   -0.196171800
 785   -0.950000000   -1.050361000   -0.365840300
 786    0.032399610    1.321126000    1.440220000
 787   -0.950000000   -0.532119300   -0.170703500
 788   -0.950000000   -0.652952000   -1.551951000
 789   -0.950000000   -1.265022000   -0.595277300
 790   -0.950000000   -1.141856000    0.521260000
 791   -0.950000000   -0.361590200    0.841264700
 792   -0.950000000   -0.639573000   -1.024595000
 793   -0.950000000   -0.907676500    0.488201400
 794   12.996650000    1.900024000    1.859958000
 795   -0.950000000   -0.216993700   -0.278260900
 796    6.222713000    0.412829400   -0.862632400
 797   -0.950000000   -0.767445100   -0.744686500
 798   -0.950000000   -0.647009200   -0.099433180
 799   -0.950000000   -1.037901000    0.360772700
 800    6.227353000    0.571023000    0.970180100
 801   -0.950000000   -0.546072200    0.107696800
 802   -0.950000000   -0.268478700    0.135008900
 803   -0.950000000   -0.142936000    0.295401500
 804    2.451966000    0.179854700   -0.444070200
 805   -0.950000000   -1.217429000    1.625173000
 806   10.854490000    1.157687000    0.487617100
 807   -0.950000000   -1.325316000   -0.757244600
 808    8.535401000    1.407402000    1.562132000
 809   -0.950000000   -0.263800600    1.041713000
 810   -0.950000000   -0.879406200   -1.172992000
 811    2.115872000    0.676750600    0.779480400
 812   -0.950000000   -0.724927100   -1.476312000
 813   -0.750370100    0.173618100   -0.413413700
 814   -0.950000000   -0.683585700   -1.874274000
 815    4.863558000    1.123906000   -0.699113200
 816   12.830330000    1.373918000   -0.816479200
 817   -0.950000000   -0.725290800   -1.036293000
 818   16.520230000    1.609985000   -1.061132000
 819   -0.950000000   -0.838623400   -0.771986200
 820   -0.939350900    0.236636800    0.012155450
 821   -0.950000000   -1.047808000    0.897948900
 822   -0.832107300    0.136138600   -0.619854300
 823    8.624082000    1.030872000   -0.037301950
 824   -0.950000000   -0.312171500   -0.757708000
 825   -0.950000000   -0.930256100    0.578147200
 826   -0.950000000   -0.258889000    0.467396400
 827    8.957395000    1.191444000    1.198722000
 828    0.966742500   -0.044827460   -0.307003000
 829    7.390486000    0.597369300    1.354349000
 830   -0.950000000   -0.950516200    0.820862200
 831   -0.950000000   -0.542536400   -0.573545300
 832   -0.950000000   -1.700134000   -0.858644300
 833    5.635215000    0.795602700    0.140217300
 834   -0.950000000   -1.890084000    0.129106500
 835   -0.950000000   -0.149981100    0.137273400
 836   -0.950000000   -0.421454600    0.499062100
 837   -0.950000000   -1.015324000    0.078620670
 838    0.727400400   -0.039027640   -1.108446000
 839    3.467774000    0.281491100   -0.813917700
 840   16.248110000    1.217925000   -1.264893000
 841   12.534060000    0.802191400   -0.695525700
 842   -0.950000000   -1.264581000    0.570599000
 843   -0.950000000   -1.721385000   -0.142488500
 844   10.071090000    0.996741100    0.608486300
 845   10.026680000    0.583377700   -0.468763000
 846    0.317312500   -0.434421000   -1.150721000
 847   10.356430000    0.654012700    1.273706000
 848    5.543525000    0.288909100    1.064694000
 849    3.816621000   -0.007624974   -0.806822700
 850   17.209840000    1.662719000    0.739061600
 851    3.078516000    0.326644600    1.127133000
 852    3.551349000   -0.203693900   -1.020679000
 853   12.995820000    1.549658000    1.117793000
 854   -0.950000000   -0.194374700    1.277825000
 855   14.284990000    0.981977100    0.221210700
 856   -0.950000000   -0.437922300    0.643163000
 857   -0.950000000   -0.753054500   -0.752696400
 858    3.708266000    0.510727900    0.008286353
 859   -0.950000000   -0.302547200    0.284382600
 860   -0.950000000   -1.084287000    1.094930000
 861   -0.950000000   -0.477599900    0.996246700
 862   18.567530000    1.369360000   -1.583575000
 863    3.933862000    0.596652000    0.906714400
 864    6.610236000    0.401427200   -1.706636000
 865    2.635336000    0.507461400    0.435130400
 866    8.543928000    1.319889000    0.659212700
 867   -0.950000000   -1.074966000    0.076432360
 868    9.910436000    1.059336000   -0.991740900
 869   -0.950000000   -1.679350000   -0.345379500
 870   -0.950000000   -0.127262900   -0.092508340
 871    4.215716000    0.357428800   -1.159846000
 872   -0.169864400   -0.031066430   -0.340385100
 873   -0.950000000   -0.191195200   -0.999042400
 874   -0.950000000   -0.987532500    0.618722700
 875   -0.950000000    0.122921800    0.120948400
 876    2.519291000    0.259931500   -0.812680300
 877   -0.950000000   -1.233436000   -1.031084000
 878   -0.737868200   -0.037728640    0.198869100
 879   -0.950000000   -1.605175000    0.102073700
 880    8.530578000    0.998082300   -0.163356800
 881    5.300854000    0.991421600   -0.563162300
 882    4.483987000    0.050377580   -1.761332000
 883   -0.950000000    0.113625700   -0.839652200
 884   16.640330000    1.663872000   -0.207010200
 885   10.660180000    1.064976000   -0.864762000
 886    7.010614000    0.313851400    0.347927900
 887    7.166345000    0.620950600   -1.814073000
 888   -0.950000000   -0.370699300    0.827825400
 889   17.386790000    1.704118000   -0.120288400
 890   -0.950000000   -1.694838000   -0.101064000
 891   -0.950000000   -0.600533500    1.022107000
 892   10.195810000    0.593267300   -0.202151500
 893    5.047896000    0.641585700    0.119524400
 894    7.180035000    0.376034500    0.698252000
 895   12.629600000    0.919601500    0.755238900
 896   -0.950000000   -0.417746900    0.857860600
 897   11.058100000    0.620399200   -0.611401800
 898   14.331040000    0.831347000   -0.399918700
 899   -0.869348700   -0.025916500    1.592404000
 900    6.253840000    0.378682400   -0.396550400
 901    8.112605000    0.813338000    0.388582300
 902   21.353820000    1.369835000    0.932038300
 903   -0.950000000   -1.837832000   -1.598258000
 904   -0.950000000   -1.083147000   -0.532352500
 905    7.558576000    0.348482100   -0.605784900
 906    3.221534000    0.022418290    1.556556000
 907    8.147333000    0.918640400    0.593751300
 908   -0.624644700   -0.415519100   -0.965251200
 909   18.034440000    1.685753000    0.421023800
 910   -0.950000000   -1.631469000   -0.278162400
 911    3.640804000    0.330812000    0.704779700
 912   -0.950000000   -1.758377000    1.011943000
 913   -0.950000000   -0.912640400    0.028284960
 914   -0.950000000    0.039563180    1.661515000
 915   12.713530000    0.912168900    0.635220600
 916   13.393800000    1.391183000    1.090620000
 917   -0.950000000   -0.044750200    0.997987200
 918   10.572450000    1.571654000   -0.820617100
 919   -0.950000000   -1.116411000    0.320873700
 920    9.239366000    1.028681000    0.142794900
 921   -0.950000000   -0.437024700   -0.296759400
 922   -0.950000000   -0.643288200    0.428009600
 923    4.835257000    0.828289700    0.395237800
 924   -0.950000000   -0.764687200   -0.719525500
 925   -0.950000000   -1.049600000    1.914481000
 926   -0.950000000   -1.678979000   -1.224333000
 927    5.480849000    0.615916200   -0.828364000
 928   -0.950000000   -0.995538700   -0.387550700
 929   -0.950000000   -0.053467960    1.147026000
 930    4.283483000    0.225311100   -0.885941300
 931   16.381950000    0.734373300   -1.917959000
 932    3.151111000    0.094258790    0.143916400
 933    0.046598160    0.043937710    1.280592000
 934    3.841772000    0.140461100    1.120596000
 935    4.469888000    0.561439400    0.400524500
 936    8.874840000    0.883818800   -0.675345600
 937    9.463386000    0.738474500   -0.133566700
 938   -0.950000000   -1.972566000   -0.957838900
 939   17.089270000    1.910241000   -0.469519300
 940    2.698483000    0.265843800    0.722154500
 941   -0.950000000   -1.690104000   -0.134964400
 942   19.818480000    1.628833000   -0.396952700
 943   -0.950000000   -0.933150300    0.096018280
 944   -0.950000000   -0.408227100   -0.719556000
 945   11.254650000    1.096921000    1.937772000
 946   14.587610000    1.325863000    0.138960900
 947   -0.004222697   -0.003717250    0.332137200
 948   -0.950000000   -1.576299000    0.769852700
 949   -0.950000000   -1.985693000   -0.688690100
 950   -0.950000000   -0.731018600    0.274747400
 951   -0.950000000    0.366976700    1.491358000
 952   -0.950000000   -1.138397000    0.318451200
 953   -0.950000000   -1.296073000   -0.863498900
 954   -0.950000000   -0.637174900    0.532805100
 955   -0.950000000   -0.124163200   -0.864702400
 956   -0.950000000   -0.663223800    0.868505900
 957    7.267731000    0.880214300   -0.084783650
 958    3.406065000    0.589369400    0.162575300
 959   16.228650000    1.840569000   -0.433420400
 960   -0.950000000   -0.486219300    0.489354200
 961   -0.950000000   -0.256872200    0.978894800
 962   16.249930000    1.456474000    0.790702900
 963   17.350080000    0.848553400   -1.430848000
 964   -0.475689000   -0.247538600    1.244666000
 965    8.198598000    0.093531270   -1.773651000
 966   10.325510000    0.670326900    0.455546000
 967   -0.950000000   -0.776482900    0.925811500
 968   13.943900000    0.956511000    0.898175100
 969   18.027240000    1.292004000   -0.203876000
 970   16.302060000    0.981366600   -1.347562000
 971    6.274296000    0.179529100   -1.370288000
 972    0.039261950   -0.128583400    1.786598000
 973   -0.950000000   -0.727309000   -0.861380300
 974    9.544362000    0.652415000    0.261624700
 975   15.091330000    1.107655000   -0.584335300
 976   -0.950000000   -0.669054400    0.097931820
 977   -0.950000000   -0.803041600    1.438532000
 978   11.780590000    1.152900000    0.154897700
 979    7.310739000    0.898212100   -0.609613800
 980   -0.950000000   -0.905203000    0.493261800
 981   -0.950000000    0.277557600    1.201466000
 982   -0.950000000   -1.490453000    0.812785700
 983   13.502780000    1.517234000   -0.009069862
 984   -0.950000000   -1.299452000   -0.130972200
 985    6.766572000    0.638531200   -0.933591000
 986   -0.950000000   -1.539755000   -0.381236800
 987   16.813420000    1.263286000   -1.688492000
 988   -0.950000000   -0.483415000   -1.982358000
 989    3.644550000    0.425325300   -0.209636000
 990   -0.950000000   -0.872522700   -0.588979800
 991   -0.950000000   -0.648710600   -0.129650200
 992   -0.950000000   -0.218246600    0.101383600
 993   -0.950000000   -0.164349600   -0.230304900
 994   -0.950000000   -0.607833000   -1.192932000
 995   -0.950000000   -0.131890300   -0.270425900
 996   -0.950000000   -0.539796600    0.864887700
 997   -0.950000000   -0.910517700   -1.081354000
 998    4.184747000    0.740652500   -0.951161800
 999   17.103460000    1.817070000   -0.228929400
1000   -0.950000000   -1.379287000   -0.111511400
1001   -0.950000000    0.068258670   -1.554027000
1002   -0.950000000    0.724197600    1.621757000
1003   -0.950000000   -0.985175700   -1.169327000
1004    0.113669200    0.524672400    1.271183000
1005   -0.950000000   -0.609878100    0.556402300
1006    1.804955000   -0.504496800   -0.882874100
1007   19.813490000    1.160805000    0.310261600
1008    2.853209000   -0.155155100    0.164107800
1009   -0.950000000   -1.088368000   -0.043398640
1010   -0.950000000   -1.125981000    0.885997100
1011    5.871844000    0.000510749    0.874809300
1012    9.855454000    0.518111600    0.036042990
1013   -0.950000000   -1.140849000    1.336244000
1014   -0.950000000    0.517261100    1.936680000
1015   17.304360000    1.087310000    0.009230353
1016   13.203480000    0.594270700   -0.400539900
1017   21.715190000    1.608328000    0.654373200
1018    1.315219000   -0.517692400    1.166143000
1019    7.886613000    0.393542100    0.496238900
1020   -0.497471500   -0.465657300    0.269254600
1021    7.195871000    0.304500700    0.031664050
1022    7.493992000    0.608602100    0.192201500
1023   16.331540000    1.380584000    1.280357000
1024   -0.950000000   -0.905094500    0.835636800
1025    1.067094000   -0.114412800    1.054546000
1026   11.888000000    0.869809500   -0.280728700
1027   -0.950000000   -0.995171800   -0.753700400
1028    1.190904000   -0.525604000   -1.433614000
1029   -0.950000000   -0.897051500    0.497583500
1030   -0.769473200   -0.358886800   -0.471857400
1031   -0.950000000   -1.139829000    0.436999100
1032    7.781411000    0.800685800    0.209142100
1033   -0.950000000   -0.122685200    1.230721000
1034   -0.950000000   -0.306164900   -0.164428300
1035    5.732620000    0.718323400    1.409903000
1036    1.260440000   -0.308928300   -1.273931000
1037   -0.950000000   -1.280290000   -0.608407500
1038    6.643673000    0.061309780   -1.955240000
1039    0.746872700    0.640648200    1.815900000
1040    6.194472000    0.641413300    0.185377000
1041    1.128884000    0.146819800    0.124804800
1042   14.204850000    1.730717000    0.011375500
1043   -0.950000000   -0.186090100   -1.074359000
1044   20.312440000    1.671744000    0.336526700
1045    8.095122000    0.780802600   -0.388016700
1046   10.799780000    0.707505700   -1.260439000
1047    1.206535000    0.004882083    0.165349100
1048   -0.950000000   -0.447886800   -0.068761070
1049   -0.950000000    0.093807480    0.650162600
1050   -0.950000000   -0.466766800   -0.063662330
1051   -0.950000000   -1.547090000   -0.261569600
1052   11.615480000    1.527804000    0.544360900
1053   -0.950000000   -0.627345500   -0.099092800
1054    3.616449000    0.344433900   -0.475369900
1055   -0.950000000   -0.510280400   -0.374098900
1056    1.615692000   -0.183654200   -1.526892000
1057   -0.950000000   -0.711761200    0.755837600
1058   -0.950000000   -0.952630800    0.601278400
1059    8.375852000    0.625221500   -0.648996600
1060   -0.950000000   -1.081681000    1.327752000
1061    0.140992800    0.280563200    1.286564000
1062   10.317990000    0.942555900    0.587660300
1063   -0.950000000   -1.078790000    0.356703300
1064    7.226803000    0.962290700    0.800552600
1065   -0.950000000   -1.382880000   -1.272467000
1066   -0.950000000   -0.799179900   -0.663954800
1067   -0.950000000   -1.174145000   -1.244388000
1068    3.116567000    0.341375000    0.002335582
1069   -0.950000000   -0.413782400    1.127596000
1070    0.372414400    0.159451000    0.812749500
1071   -0.950000000   -1.461517000    1.100352000
1072   -0.950000000   -0.558609500   -1.013103000
1073    6.596719000    0.952105600    1.255958000
1074    1.345570000    0.456948000    0.846332000
1075   -0.950000000   -1.206581000    0.680562300
1076   11.591380000    1.212443000   -0.509303800
1077   11.889170000    1.699688000    0.861284700
1078   -0.950000000   -0.707790200   -0.098562440
1079   -0.950000000   -0.343702700    0.765533500
1080   -0.950000000   -0.938740000   -0.864676500
1081   -0.950000000   -1.238270000   -0.501674500
1082    3.829432000    0.376040200    0.085068790
1083   -0.950000000   -0.268977500   -0.830455600
1084   12.347200000    1.512615000    1.119348000
1085   -0.950000000   -1.315069000   -0.338308000
1086   -0.950000000   -1.436710000    1.209381000
1087    3.353601000    0.422536900    0.266130000
1088   -0.950000000   -0.378822300    0.584291300
1089   -0.950000000   -1.563857000   -0.307684800
1090    0.150799200   -0.015665050    0.242075400
1091   -0.950000000   -0.533600700    0.758664700
1092   -0.950000000   -1.341842000   -0.151950200
1093   -0.950000000   -0.662685300    0.373229100
1094   -0.950000000   -0.331360000   -0.423310200
1095   -0.950000000    0.073603190   -0.738811900
1096   22.590300000    1.390985000   -1.918840000
1097   -0.950000000   -0.889141900   -0.541803600
1098   -0.950000000   -0.958485800    0.906602800
1099   -0.950000000   -0.392840800   -1.210081000
1100    7.043788000    1.040728000   -0.655615100
1101   -0.950000000   -0.714651800   -1.295857000
1102   -0.950000000   -0.074518890    0.119516700
1103   12.633440000    1.633885000    0.157582600
1104   -0.950000000   -1.794151000   -0.936981900
1105    0.164909300    0.011240520   -0.688978800
1106   -0.788645000    0.161202800    0.435890200
1107   10.856830000    1.023787000   -0.204757400
1108    0.331266400    0.265357000    1.413723000
1109   20.830520000    1.814885000   -0.212301100
1110    2.252832000    0.530133000   -0.364341100
1111   -0.950000000   -0.327688600   -0.962982400
1112    5.093189000    0.497794600   -0.043873230
1113   11.758250000    0.743148900   -1.842175000
1114   15.800950000    1.106034000   -0.361994500
1115   -0.950000000   -0.441750500   -0.544316600
1116    2.065462000    0.137445200   -0.056594420
1117   -0.950000000   -0.654268100    1.297535000
1118   -0.950000000   -1.572209000   -0.896793700
1119   -0.950000000   -0.480743600    0.716079000
1120   18.048720000    1.744001000    0.447176500
1121   14.902310000    1.561699000   -1.385155000
1122   10.002390000    0.780005500    1.418412000
1123   15.219150000    1.037485000   -0.255211000
1124   -0.950000000   -1.310816000    1.662810000
1125   -0.950000000   -1.503684000   -0.726102200
1126   16.163870000    1.582689000    0.693465600
1127    9.351084000    0.328596400    1.095949000
1128   13.057880000    0.714731800   -1.702045000
1129    4.289879000    0.024238220   -0.116777100
1130    8.882328000    0.402433000   -0.460299200
1131   -0.950000000   -1.529116000    1.552059000
1132   14.987460000    1.125644000   -0.703730100
1133   -0.950000000   -0.455757500    1.544988000
1134    5.861397000    0.389179100    0.499745800
1135   -0.950000000   -1.334582000   -0.097886340
1136   -0.950000000   -0.646380200    0.395072600
1137   30.595100000    1.825922000   -1.651484000
1138   15.475800000    1.310536000   -0.327904800
1139   -0.950000000   -1.166170000    1.618257000
1140   12.657350000    0.956333100    1.103827000
1141   20.149790000    1.746604000   -1.204167000
1142   -0.950000000   -0.114436400   -0.198847400
1143    5.526100000    1.509438000    0.346959400
1144    6.837906000    0.555656900   -1.176723000
1145   -0.950000000   -1.930307000   -0.352022800
1146   -0.950000000   -1.084887000    0.777570200
1147   -0.950000000   -1.861655000   -1.221314000
1148   -0.950000000   -0.905738800   -0.671348800
1149   -0.950000000   -0.576490600   -0.832773100
1150   -0.950000000   -0.669955900    0.930807700
1151   -0.950000000   -1.264732000    1.409109000
1152    9.052947000    1.843839000   -0.378125200
1153   -0.950000000   -1.660859000    0.671808000
1154   18.165140000    1.918036000    1.199292000
1155   -0.950000000   -1.129414000    1.461008000
1156   -0.950000000   -0.296356000   -0.611260500
1157   -0.950000000   -0.838028500   -1.483100000
1158   -0.950000000   -0.422412300    0.717764600
1159   -0.950000000   -1.330621000   -0.372777900
1160    1.102509000    0.474885100    0.390712600
1161   -0.950000000   -0.570569900   -0.507220800
1162   16.835070000    1.200769000   -0.400831300
1163   -0.950000000   -1.198717000    0.194196600
1164    0.287300500    0.094380540   -0.061142440
1165    1.991559000    0.012558670   -0.639080900
1166   12.045300000    0.921122200    0.287044400
1167    1.601770000    0.372023100    0.540756100
1168   -0.950000000   -0.691608700    0.191834700
1169   -0.950000000   -0.270838200    1.962600000
1170    3.706162000    0.270870900   -0.558163700
1171    8.975511000    1.267115000    0.737788600
1172   -0.950000000   -0.002701258    0.152324500
1173    4.935140000    0.521833900   -0.823841800
1174   -0.850973700    0.548153800    0.603340000
1175   -0.950000000    0.042127800    1.087601000
1176   -0.950000000   -1.402114000    0.923540900
1177   -0.950000000   -0.238437100   -0.884648600
1178    2.502454000    0.327302400   -0.807702600
1179   -0.950000000   -0.353073200    0.794190300
1180   -0.950000000   -0.516876300    0.849270200
1181   -0.950000000   -0.163116400   -1.403497000
1182   -0.950000000   -0.677721600   -0.081594040
1183   -0.950000000   -0.809223000    0.970873200
1184    7.074905000    0.675862600   -0.126449700
1185   -0.950000000   -1.224983000   -0.420860900
1186   -0.950000000   -0.906944400    0.688855400
1187   -0.424035800   -0.056175050    1.260084000
1188   11.534070000    0.889036400    0.864246000
1189   -0.950000000   -0.521902400    1.889124000
1190   14.184790000    1.286466000    0.644502100
1191    8.320678000    0.659494700    0.926831600
1192   12.409550000    1.000245000   -0.706043700
1193    1.982115000   -0.073709830    0.812536200
1194    1.713190000   -0.319031900   -0.037582600
1195   -0.950000000   -1.765023000   -0.023240070
1196   -0.950000000   -0.686568200   -0.989033400
1197    5.058906000    0.248465900   -0.051415520
1198    6.436449000    0.371353700    0.138484100
1199   -0.950000000   -0.708810200   -0.204267400
1200    2.079231000   -0.173277100   -0.498117300
1201    3.565853000    0.233217500    0.090708090
1202   18.423040000    1.238731000   -0.483136400
1203   -0.707511300   -0.473083200   -0.619297700
1204   16.668300000    1.224208000    0.090089850
1205   -0.950000000   -1.731241000    0.460803200
1206    7.858537000    0.341302200   -0.770174600
1207    8.662141000    0.454124400   -0.216892900
1208   -0.950000000   -1.107767000    1.274205000
1209    2.099908000    0.211694500    0.477043600
1210    1.788835000    0.298817000    0.520947800
1211    7.075415000    0.480390600   -0.582807700
1212   21.411350000    1.636828000   -0.606054300
1213   -0.950000000   -0.273535900    0.513436600
1214   20.502010000    1.971507000    0.426978900
1215   -0.950000000   -0.584808400   -1.390177000
1216   -0.950000000   -0.885017800    0.264249100
1217    3.043629000    0.249262300    0.490309100
1218   10.757470000    0.724322700   -1.584366000
1219    7.790622000    0.715129200    0.382108000
1220   -0.950000000   -0.553940600   -0.782911800
1221   19.460740000    1.939194000    1.136415000
1222    0.863213500    0.127798500    0.857299600
1223    3.779372000    0.366368300    0.337540900
1224   -0.950000000   -1.718410000   -0.675821700
1225   -0.950000000   -1.127511000    0.451271500
1226   -0.819804700   -0.264886000   -0.117944000
1227    7.649987000    0.484285500    1.176810000
1228   -0.950000000   -0.700053900    0.203363400
1229   -0.950000000   -0.246548800    0.039530530
1230    6.818303000    0.281961600   -0.876314800
1231    7.949090000    0.721142100   -1.496186000
1232   -0.950000000   -1.884364000    1.517123000
1233    2.206611000    0.331003900   -0.323084200
1234   -0.950000000   -1.208610000   -0.426253500
1235   -0.950000000   -0.253745300   -0.677069400
1236    5.899698000    0.682540900   -0.744033800
1237    5.605109000    0.667234800    0.325706300
1238   -0.950000000    0.042528000   -0.323097100
1239   -0.950000000   -1.589627000   -0.851564200
1240   -0.950000000   -0.672311500    1.575714000
1241    3.295259000    0.322651300   -0.641971400
1242    0.303050500    0.400560700    0.217228400
1243   -0.950000000   -0.744912700    0.541636000
1244   -0.950000000   -0.039551880    0.860282100
1245    2.651863000    0.342058400   -0.116811400
1246    3.200246000    0.359281300   -0.464491700
1247   -0.950000000   -0.622590300   -0.266699900
1248    2.502332000    0.135019600   -0.659019200
1249    8.303106000    0.991606800    0.557547300
1250    0.053466270   -0.273020400   -0.882992200
1251    3.255593000    0.604396500    0.310100000
1252   -0.950000000   -0.934804100    1.767682000
1253   -0.950000000   -0.984774100    0.942948400
1254   -0.950000000   -0.733285100    0.235040800
1255    5.125404000    0.299115800   -0.722906900
1256    0.543184300   -0.023064210   -0.150614500
1257    3.571459000   -0.081168350   -1.062638000
1258    1.659313000    0.192741500    0.289944200
1259   -0.950000000   -1.559489000    1.040210000
1260    6.521085000    0.398049700    0.409171600
1261   19.644940000    1.386993000   -1.235834000
1262   15.036620000    1.173945000   -0.729482800
1263   -0.950000000   -0.905760000   -0.337773500
1264   -0.950000000   -0.627259400   -0.712220100
1265    5.661491000    0.065286820   -1.644851000
1266    8.005506000    1.318908000    1.132452000
1267    2.048464000   -0.021017440   -0.273474400
1268   -0.950000000   -0.890561100    0.696645200
1269    7.608875000    0.514687100    0.163644100
1270   -0.950000000   -0.246686800    0.826187800
1271   -0.950000000   -0.215309600    0.052874520
1272   22.385740000    1.985507000    0.314814500
1273   13.430280000    0.972526700   -0.239134800
1274    7.454017000    0.446762700   -0.005083990
1275    2.084075000   -0.023699900   -0.577894100
1276   11.071680000    1.173089000   -0.377737800
1277    5.230473000    0.487707100    0.253523600
1278   -0.950000000   -0.551347000   -1.471896000
1279   -0.761497300    0.366376200    0.990121000
1280    9.621402000    1.077601000    0.041595000
1281   -0.937977200    0.118222400    0.303093000
1282   -0.950000000   -1.218461000   -0.571236900
1283   -0.950000000   -0.402995000    0.334499400
1284   -0.950000000   -0.942207200   -0.103092200
1285   -0.950000000    0.105319000    1.701026000
1286    1.623296000   -0.046896970   -1.670956000
1287    8.921971000    0.982925900    0.642794700
1288    5.963023000    0.544432300   -0.471341100
1289   10.469460000    1.003670000   -1.125238000
1290   -0.950000000   -0.594193900   -0.314417300
1291   15.880390000    1.038467000   -0.926719800
1292   -0.950000000   -0.797165700   -1.172667000
1293    6.054335000    0.259056200   -0.171741200
1294   -0.950000000   -0.389758500   -0.036676730
1295    6.654232000    0.373327500   -0.799311800
1296   -0.950000000   -1.596016000    1.477040000
1297    9.918804000    0.894289100    0.296616100
1298   21.222140000    1.509747000    0.787469000
1299   25.982760000    1.761023000   -1.906502000
1300    8.565205000    0.721908300    0.048000920
1301   -0.950000000   -0.247050800    1.013073000
1302    6.801370000    0.437339100   -0.188898500
1303   -0.950000000   -1.320268000    1.038678000
1304   -0.950000000   -0.871143500   -0.894166800
1305    0.634978600    1.051579000    1.778992000
1306    9.572238000    0.462524200    1.005173000
1307    6.668770000    0.304414300   -1.068532000
1308    0.222143300   -0.198801500   -0.406548000
1309   10.802640000    0.742919300    0.692498300
1310   -0.950000000   -0.172101300    0.167614900
1311    1.733892000   -0.115340900   -1.150069000
1312   -0.950000000   -1.579725000   -0.512575400
1313    9.317830000    0.876446400    0.103426100
1314   13.649490000    1.438731000    0.381912700
1315    6.895411000    0.631094100   -0.043053150
1316   -0.950000000   -0.890365500   -0.227060100
1317   -0.950000000   -0.161918700    0.798965500
1318   12.645380000    1.034235000    0.334027700
1319   -0.950000000   -0.750329300   -0.855569800
1320   21.372750000    1.992365000   -1.110837000
1321    1.345278000    0.069664180    1.288247000
1322   -0.950000000   -0.841585200    0.951524400
1323   -0.950000000   -1.133996000   -0.283162900
1324   -0.950000000   -0.535834300    0.674396600
1325    6.590151000    0.324560500   -0.754729600
1326    8.483370000    0.774162100    0.516067200
1327    4.826685000    1.150368000    0.597974200
1328   -0.950000000   -0.565765300    1.443467000
1329   -0.950000000   -0.329307000    1.107006000
1330    5.039840000    0.577906700    1.082141000
1331   -0.520203700    0.285361800    0.791466600
1332    5.865593000    0.406684500   -1.565253000
1333    8.518680000    0.412489100    0.806646800
1334   -0.950000000   -0.859445700   -0.054651500
1335    1.650004000    0.295274500    0.413617200
1336   10.203810000    0.906002700   -0.237405100
1337   10.505910000    1.024493000    0.404196400
1338   -0.950000000   -0.687972900    0.350715700
1339    0.061006400   -0.118724000    0.746952000
1340    8.900988000    1.027042000    0.541929400
1341    7.502080000    0.609747100   -0.442278200
1342   -0.950000000   -1.395472000    0.156242500
1343   13.721630000    1.068511000   -1.197569000
1344   -0.950000000   -0.504220300    1.327327000
1345   14.044680000    0.909838400   -1.036748000
1346   -0.950000000   -1.846098000    0.400036900
1347   -0.950000000   -1.485541000   -1.816042000
1348   -0.950000000   -0.334471700   -0.279439900
1349   16.293000000    1.872157000    0.075088990
1350    4.851486000    0.229747200   -1.106403000
1351   13.237300000    1.484978000    0.654981000
1352   -0.950000000   -1.162524000    1.217311000
1353    5.397652000    0.560070800    1.189672000
1354    6.077889000    0.678678500   -1.130924000
1355   -0.950000000   -1.729463000   -0.548134500
1356    9.520328000    0.583112900   -1.284316000
1357    5.887330000    0.242498000   -0.564624800
1358   11.079800000    0.517723200   -1.564001000
1359    7.936856000    0.642454500   -0.689781600
1360   -0.950000000   -0.715358500   -0.324296700
1361    5.390034000    0.489288900   -0.404677000
1362    7.059601000    0.683927100    0.592834400
1363    5.286346000    0.444567100    0.462178000
1364    3.592174000    0.230827900    0.750573800
1365    4.645481000    0.691684100   -0.036934360
1366   -0.950000000   -1.267026000   -0.732664400
1367   -0.950000000    0.087723430    1.867639000
1368   -0.950000000   -0.135817400   -0.604053800
1369   -0.950000000   -0.438593100   -0.883963300
1370   -0.885144600    0.260206700    0.634196900
1371   -0.950000000    0.136823200   -0.482414200
1372   -0.682322400    0.200357300   -0.718570000
1373   -0.950000000   -1.380937000    1.538490000
1374   -0.950000000   -0.600697300   -0.871121300
1375   -0.950000000   -0.780074000   -0.764454400
1376    3.527765000    0.498671400   -0.562845500
1377   -0.950000000   -1.400252000   -1.295275000
1378    3.580656000    0.699592900   -0.481295200
1379   10.059390000    1.043063000   -0.678506400
1380   -0.950000000   -0.627257500    0.672960700
1381   -0.950000000    0.216855300    1.220300000
1382   -0.950000000   -1.399735000   -0.332434600
1383    7.117207000    1.040001000    0.127087900
1384    4.903312000    0.595667400   -0.346091700
1385   -0.950000000   -0.189179200    1.889780000
1386    7.076045000    0.916672800    0.350345600
1387   -0.950000000   -1.858759000   -1.062845000
1388    4.676182000    0.579940900   -0.172201600
1389   -0.950000000   -1.092968000   -0.697612600
1390   -0.950000000    0.123555700    1.269559000
1391   -0.950000000   -0.308416200    0.137010100
1392   -0.950000000   -1.238390000    0.211708900
1393    3.333168000    0.287037000   -1.142426000
1394   -0.950000000   -0.583335400   -0.756223600
1395   -0.950000000   -0.527978900   -1.181029000
1396   18.851990000    1.526345000   -0.112128600
1397    5.858796000    0.172834300   -1.177862000
1398    2.371856000    0.156049800    0.495867800
1399    9.982074000    0.448762500   -0.966426800
1400   10.990090000    1.385227000    0.823610800
1401    7.941955000    0.649751400    0.152354300
1402    7.625928000    0.024346840   -1.871886000
1403   -0.950000000   -0.508263800    0.926627500
1404    6.776170000    0.339678800   -0.434102100
1405   -0.950000000   -0.663091200   -1.193764000
1406   -0.950000000   -0.971030600    1.584862000
1407   11.937270000    0.883797100   -0.656901500
1408    5.799113000    0.277700200   -0.213798400
1409   -0.950000000   -0.747708300    0.381317600
1410   11.729280000    0.743607100    0.256798600
1411    2.761890000    0.585690300   -1.079136000
1412   -0.950000000   -0.976010000   -0.393808400
1413    1.583669000    0.875917300    1.683462000
1414   -0.950000000   -0.999240400   -0.430012600
1415   -0.950000000   -1.730212000    0.379093700
1416   -0.950000000   -0.921776100   -0.096141190
1417   -0.950000000   -0.675413300    0.462177300
1418    6.445125000    0.745948700   -0.394810100
1419    1.609371000    0.678023700   -0.574871300
1420   -0.950000000   -1.291464000    1.787281000
1421   -0.950000000   -1.195818000    1.815524000
1422   -0.950000000   -1.406794000   -0.000227959
1423   -0.950000000   -1.469899000   -1.060854000
1424   -0.950000000   -0.465181100   -0.144754500
1425   -0.773494200    0.268139900    0.187623200
1426   -0.950000000   -1.654334000    0.204364300
1427    0.721190500    0.465234800   -1.563744000
1428    3.045254000    0.553556900   -0.979788700
1429    7.667103000    1.124691000   -0.371948200
1430   -0.950000000   -0.870593200   -0.274155700
1431   -0.950000000   -0.049110960   -0.971689300
1432   -0.950000000    0.126860400    0.828255100
1433   -0.950000000   -1.531095000    0.629837400
1434    0.335513600    0.198214700   -0.363248300
1435   10.067480000    1.384950000   -0.287169600
1436   -0.950000000    0.223383300    0.997718800
1437    4.290684000    0.585383000   -1.365032000
1438   -0.950000000    0.113158200    0.005245501
1439   -0.950000000   -0.524607000   -1.154461000
1440   -0.950000000   -0.873344200    0.726295100
1441   -0.950000000   -1.070871000   -0.122758600
1442    7.052389000    0.659438900   -0.706356800
1443   -0.950000000   -1.088849000    0.210208100
1444    0.605020600    0.180081600    0.441659600
1445    4.072438000    0.581872700    0.255721500
1446   -0.281785600   -0.361004000    1.291308000
1447   -0.950000000   -0.626204200    0.128930900
1448   -0.950000000   -1.285773000    0.193916700
1449    7.650685000    1.326623000    1.592371000
1450   15.970050000    1.293192000    1.139803000
1451   -0.780030100   -0.217145900   -0.997203600
1452   -0.270790600   -0.151745300   -0.273774800
1453    7.168177000    0.841031900   -0.422687600
1454   -0.950000000   -0.538800100   -1.564595000
1455   -0.950000000   -1.240869000    0.044926250
1456    3.020666000    0.195542600   -1.486681000
1457    1.238488000    0.300253900   -0.377861500
1458   -0.461627200    0.237902100    0.482037700
1459    0.715213300    0.298095500   -0.652851000
1460   -0.950000000   -1.253416000    0.255868000
1461    8.316314000    1.130672000    0.090206520
1462   -0.950000000    0.177189000   -0.299021400
1463   -0.950000000   -0.292801400    0.716637000
1464    2.600429000    0.357134200   -0.896972600
1465    5.116362000    0.589400000   -0.261967900
1466   -0.950000000   -1.322153000   -1.014781000
1467   -0.950000000   -0.710566600    0.059898310
1468   -0.950000000   -0.735513000   -0.234534000
1469    8.443291000    1.000462000    0.483033500
1470   -0.950000000   -0.285971200   -0.689540900
1471    3.841665000    1.189460000    1.866674000
1472    5.580134000    1.264101000   -0.006286412
1473   -0.950000000   -0.349768200   -0.277987900
1474   -0.950000000   -0.921760400   -0.512083200
1475   -0.950000000    0.027439630   -1.093258000
1476   -0.950000000   -0.559523300   -0.777913500
1477   -0.950000000   -0.803982600    0.825197200
1478   -0.950000000   -0.864232100    0.565560400
1479    1.959262000    0.512852800   -0.785999900
1480    8.450498000    0.913960500   -1.548114000
1481   -0.950000000   -0.593941500   -0.189363700
1482   -0.950000000    0.162041700   -0.436733500
1483   -0.950000000   -1.363401000   -1.479560000
1484   -0.950000000   -1.515645000    0.577647900
1485   -0.950000000   -0.390584800   -0.869715100
1486   -0.950000000   -0.544718100    0.422586400
1487    7.706927000    1.113192000   -0.148608600
1488   -0.950000000   -1.233388000    0.546690300
1489   -0.950000000   -1.399037000    0.544782700
1490   21.376080000    1.933623000   -0.885850200
1491   -0.950000000   -0.608428500    1.169487000
1492    3.496730000    0.199748600   -1.190825000
1493   -0.950000000   -1.083467000    0.695821600
1494   -0.950000000   -0.340255700    0.087432260
1495    1.481151000    0.276848300    0.212469800
1496   -0.225340600    0.133865900   -0.305682800
1497    6.525119000    0.607897200    0.216798200
1498   -0.950000000   -0.665025400    0.828359200
1499   11.605570000    1.122566000   -0.255209800
1500    1.784513000    0.047632920   -0.430074600
