*y  x1  x2
   1    5.514523000    0.457107800    0.198479800
   2   -0.950000000   -0.568896600    0.784130800
   3    9.046223000    0.864067900    0.247885000
   4   -0.950000000   -1.760606000   -0.744077300
   5   -0.950000000   -0.331163200    1.251016000
   6   16.737210000    1.481912000   -0.294522500
   7   -0.950000000   -0.142477000    0.761583100
   8   -0.950000000   -1.526194000    0.902677300
   9   -0.950000000   -0.684091900    1.581479000
  10   -0.950000000   -0.214588900    0.329267700
  11   -0.950000000   -1.035542000    0.761793900
  12   20.690640000    1.610440000   -0.600494000
  13    4.248366000    0.394819700    0.552484700
  14   -0.950000000   -0.664037800   -0.903691400
  15   10.441990000    0.934627200   -0.593083000
  16   -0.950000000    0.236155900    1.514344000
  17   -0.950000000   -0.571362400    0.856426000
  18    0.704843900   -0.135658500   -0.116010100
  19   -0.950000000   -1.056267000   -0.590401300
  20   -0.950000000   -0.430068800   -0.416747500
  21   14.468530000    1.170689000   -1.180121000
  22   15.768160000    1.549350000   -0.286386300
  23    3.343882000    0.035075060   -0.312585100
  24   -0.950000000   -1.187940000    0.056461560
  25    9.271861000    1.049975000    0.084995340
  26   -0.950000000   -0.757300600    1.705843000
  27    9.331970000    0.745833200   -0.111674800
  28    2.076918000    0.144731100    0.296150600
  29    2.734426000    0.913645200    1.982995000
  30   -0.950000000   -0.403456600    0.889765500
  31   -0.950000000   -0.979199500   -0.661205900
  32    2.684596000    0.187158300    1.220012000
  33   18.315850000    1.324402000   -1.013844000
  34   -0.950000000   -0.604808500   -0.923179100
  35   -0.950000000   -0.298510600    0.044253170
  36   12.382360000    1.561031000    1.283771000
  37    4.608724000    0.040672960   -1.310165000
  38    1.023689000   -0.169882600    1.662801000
  39    1.270251000    0.114378800   -0.026805170
  40    5.401892000    1.319435000    1.308622000
  41   -0.950000000   -0.786029200    0.215600400
  42    9.025181000    0.696919300   -0.650231400
  43   13.909680000    0.747363700   -1.205159000
  44   23.902450000    1.606535000   -1.077558000
  45    6.849131000    0.365891900   -0.091429670
  46   -0.950000000    0.420827700    0.384927800
  47   -0.202982000    1.356690000    1.529510000
  48   -0.950000000   -0.945739600    0.873269400
  49   -0.950000000   -0.688147900   -0.887801700
  50   11.124370000    1.234219000   -0.251781000
  51    5.694328000    0.513984500   -1.454765000
  52   -0.950000000   -1.363010000    0.300748800
  53    4.333452000    0.539625100   -1.380889000
  54   -0.950000000   -0.637444800   -0.635737900
  55   -0.950000000    0.131108300    0.441465200
  56   11.874570000    0.691336400   -1.969704000
  57   -0.950000000   -1.381901000    0.744791500
  58   -0.950000000   -0.950978500    1.222993000
  59   10.928030000    1.123071000    0.327484300
  60   -0.950000000   -1.623133000   -1.021328000
  61    5.365213000    0.506528100   -0.121541900
  62   -0.950000000   -0.872510500    0.481966500
  63   -0.950000000   -0.515960300   -0.718344300
  64   -0.950000000   -1.083509000    0.151097500
  65    0.530572300    0.150071700    0.285666200
  66    1.864307000    0.230218100   -0.493822100
  67   -0.950000000   -0.864226700   -0.484056500
  68   -0.950000000   -1.268104000    1.267223000
  69   -0.950000000   -1.140352000    0.051614780
  70   -0.950000000   -0.636487200   -0.240811700
  71    2.181773000    0.211036900   -0.670473200
  72   20.816600000    1.746874000   -0.480438300
  73   -0.950000000   -1.562123000   -0.248544300
  74   -0.950000000    0.442615200    0.809749400
  75    9.236641000    0.585266100   -1.210071000
  76    9.044041000    0.783774600   -0.283513600
  77   -0.950000000   -1.934576000    0.373503000
  78   -0.950000000   -0.275134200    1.333749000
  79    2.414731000    0.098071410   -0.730385600
  80   -0.950000000   -0.649005400   -0.690835600
  81   -0.950000000   -0.433739800   -0.357082600
  82   -0.950000000    0.093250670    0.777828500
  83   -0.950000000   -1.216481000    1.147023000
  84   17.096040000    1.414939000   -1.401730000
  85   -0.950000000   -0.570764200   -1.079430000
  86   -0.950000000    0.406938800    1.483057000
  87   -0.950000000   -1.125302000    0.632721300
  88   13.494800000    1.446368000    0.562300100
  89   10.827070000    1.005906000    0.078311600
  90   -0.950000000   -0.673413600    0.786015700
  91   11.925120000    0.555091000   -1.154489000
  92    1.867223000   -0.169354800    0.204257000
  93   15.325710000    0.613687600    0.128250800
  94   -0.950000000   -0.364418100    1.511457000
  95   -0.950000000   -1.042571000   -0.514176800
  96   10.363850000    0.921847800    1.237089000
  97    2.599201000   -0.098050090    0.928336200
  98    6.171209000    0.061091550    0.150730000
  99    8.715345000    1.096461000    1.858444000
 100    6.288884000    0.479190000    1.384366000
 101   -0.950000000   -0.980393200    0.720626500
 102   10.185600000    0.744093800    0.421258700
 103   10.176810000    0.788793500    0.644573700
 104   -0.950000000   -1.308197000   -0.629556200
 105   16.384650000    1.385691000    0.986647000
 106   -0.950000000   -0.908866800   -0.384925000
 107   -0.950000000   -0.394875200    0.676554900
 108   22.171010000    1.564776000    1.180058000
 109   -0.325406600   -0.006083468    0.456941900
 110   -0.950000000   -0.642778800   -1.320022000
 111   -0.720373000   -0.285288000   -0.381712500
 112   -0.950000000   -1.311343000    1.520733000
 113   -0.950000000   -1.168592000    0.387770300
 114    2.836383000   -0.034960110   -0.336820800
 115    0.799507700   -0.055078110    0.577868700
 116   -0.950000000   -0.879391700    0.661685400
 117   -0.000681634    0.533065000    1.995902000
 118   11.794390000    0.497845700   -1.336984000
 119    7.003654000    0.585883800   -1.121051000
 120   12.158440000    0.794482600    1.041440000
 121   11.296530000    0.694721500   -1.031802000
 122   -0.950000000   -0.860362000    0.159941900
 123   -0.950000000   -0.184532200    1.024199000
 124   -0.950000000   -0.943201000    1.029266000
 125   -0.950000000   -0.655012400    0.109289100
 126   17.692780000    1.451971000    0.046111180
 127   23.300050000    1.564995000    0.306690600
 128    1.816730000    0.353284600    0.643804900
 129   -0.950000000   -1.175954000    1.879051000
 130   23.206670000    1.394956000   -1.711664000
 131   11.533500000    0.904505000    0.324431900
 132   -0.950000000   -0.570393400    0.163568600
 133    9.092629000    0.472562000   -1.611516000
 134    2.016589000   -0.065879490   -0.774943800
 135    5.537655000    0.373119100   -0.094840280
 136   -0.950000000   -1.206592000   -0.083590620
 137    1.797498000    0.422970800    1.409431000
 138   13.454310000    1.729456000   -0.374450700
 139   -0.950000000   -0.908143300    1.431780000
 140   -0.950000000   -1.453437000   -1.293335000
 141   -0.950000000   -0.610786400    0.132407900
 142   -0.950000000   -1.017119000   -0.101540800
 143   -0.950000000   -0.558345500   -0.155469900
 144    5.123530000    0.388564500   -0.237860600
 145   -0.950000000   -0.614960300    1.088893000
 146   -0.950000000   -0.573721000    1.196047000
 147   17.381700000    1.382462000   -0.244673000
 148    5.816851000    0.251051600   -0.964203800
 149    1.434158000    0.236898300    0.938196700
 150    9.482994000    0.642625900   -1.101946000
 151    9.258006000    0.571311500   -0.637143700
 152   13.515070000    1.332016000    0.436833500
 153   -0.950000000   -1.348145000    0.121603400
 154   -0.950000000   -0.561340100   -0.842279700
 155    5.473289000    0.221772900   -1.122933000
 156   -0.950000000   -1.973119000    1.236788000
 157    6.166830000    0.546579000    1.584915000
 158   14.445330000    1.250320000    1.438475000
 159    2.379158000   -0.167277800   -1.909678000
 160   -0.950000000   -0.734011000    0.884192300
 161    1.922035000    0.407739600    1.025670000
 162   12.778740000    0.896155400   -0.361398600
 163   17.108040000    1.379330000   -0.630061800
 164    0.208567400   -0.243143700   -0.912389900
 165   -0.950000000   -1.477804000   -0.764343400
 166   16.292460000    1.543694000    1.418495000
 167   -0.950000000   -0.768233500    0.909781600
 168    1.372372000   -0.123269800   -0.444959900
 169   13.712080000    1.390763000    0.677705600
 170   10.424820000    0.808591400    1.150588000
 171   -0.950000000   -0.920207300   -1.170923000
 172   15.280240000    1.446482000    1.461131000
 173   -0.950000000   -0.627019500   -0.070758240
 174   -0.950000000   -0.809790400    0.446702600
 175   11.487280000    0.789949100    1.400881000
 176   -0.950000000   -1.402942000   -0.031830420
 177    0.989274800   -0.154425900    0.414597500
 178   -0.950000000   -1.058783000   -1.411914000
 179    7.043475000    0.405078100   -0.158945200
 180   -0.143530900   -0.028370010    0.361937100
 181    9.504450000    1.025495000   -1.193417000
 182   -0.950000000   -1.021281000    0.285039400
 183   -0.950000000   -0.247486400   -0.769308100
 184   -0.950000000   -0.451056600    0.455746900
 185   -0.950000000   -1.634399000    0.198426400
 186   -0.950000000   -0.393800800   -1.390277000
 187    6.364586000    0.662834700   -1.844571000
 188   -0.950000000    0.447190600   -0.441668300
 189   -0.950000000    0.055376750    1.953153000
 190   -0.950000000   -1.518661000   -0.606737000
 191   -0.950000000   -1.194019000   -1.143754000
 192    2.053568000    0.430197600    1.337830000
 193   -0.950000000   -0.228706800   -1.087473000
 194   -0.950000000   -0.778731600   -0.591243100
 195   -0.950000000   -0.220581500   -1.135920000
 196    2.865389000    0.410074500    0.184196700
 197    3.753337000    0.719459000    0.184836700
 198    4.706773000    0.089201090   -1.683864000
 199    3.774099000    0.870127000   -1.492504000
 200   -0.950000000   -1.415831000    0.918180000
 201   -0.950000000   -1.035551000   -0.850573800
 202   -0.950000000   -0.115139800    0.538308600
 203   -0.950000000   -1.366117000   -0.113252000
 204   -0.950000000   -0.810186400    0.792969100
 205    4.185049000    0.505056800   -0.975110100
 206   -0.950000000   -1.506982000    0.062404640
 207   -0.950000000   -0.010289240   -0.031559840
 208   -0.950000000   -0.597503300   -0.820093500
 209    7.635064000    0.922165800    0.546183700
 210    3.715355000    0.519666300    0.305266100
 211   -0.950000000   -0.820786500   -0.818420900
 212   -0.950000000   -0.545446200    0.637718700
 213    7.557487000    0.714917400   -1.147984000
 214   -0.950000000   -0.985629100   -0.637852400
 215    9.506785000    0.841078700   -0.033451130
 216    3.640393000    0.698819400    1.595161000
 217   -0.950000000   -0.757789100    0.804044100
 218   -0.950000000   -0.393704200   -0.361193700
 219   -0.950000000   -0.970954600    0.497985600
 220   -0.950000000   -0.225404600    0.512841300
 221    3.081266000    0.540478800    1.777995000
 222    6.715884000    0.288098900   -1.601583000
 223    4.332851000    0.454268700   -0.421157900
 224   -0.950000000   -0.725086200    0.899456900
 225   -0.950000000   -0.698056500    0.588062900
 226   -0.950000000   -0.257987600    0.263322000
 227    8.296573000    0.864478000   -0.445798900
 228   -0.950000000   -0.388755700   -1.602514000
 229   -0.950000000   -0.420444800    0.981841700
 230   -0.950000000   -1.451873000    0.507474600
 231    3.405545000    0.786934700    0.631996100
 232    5.175334000    0.692001800    1.786700000
 233   13.120040000    1.187679000    0.112129700
 234    2.228433000    0.328536300   -0.554264800
 235    0.418856400    0.189705900   -0.552140600
 236   -0.950000000   -1.385322000   -1.637456000
 237   -0.950000000   -1.311417000    0.094387740
 238   13.162010000    1.122546000   -0.880135500
 239   -0.950000000   -1.056965000   -1.422286000
 240   -0.950000000   -0.203829100   -0.276700400
 241   -0.950000000    0.440590500    0.286404500
 242    7.495120000    0.618949100   -0.544619100
 243    4.596354000    0.926235100   -0.316553200
 244   -0.950000000   -1.664781000   -0.477216700
 245   -0.950000000   -0.923744300    0.025113240
 246   -0.950000000   -0.437913300   -0.337687100
 247    4.057021000    0.601583100   -1.005536000
 248    1.749166000    0.458604500    0.425754500
 249    8.127739000    0.868192900   -0.301859500
 250    0.080662300    0.165741400   -1.991096000
 251   -0.950000000   -0.369215300    1.383124000
 252    1.826741000    0.087543630   -0.911128900
 253   -0.950000000   -1.322650000   -0.011075110
 254   -0.950000000   -0.353819600    1.065428000
 255   -0.950000000   -1.315685000    0.271263400
 256    0.632980500    0.490552300    0.028926250
 257    3.741578000    0.594233400   -0.730834500
 258   -0.950000000   -0.219179000   -0.768408900
 259    7.336014000    0.951142600   -1.554108000
 260    4.592395000    0.503020500   -0.802151900
 261   -0.950000000   -1.575821000    0.174135300
 262   -0.950000000    0.097020170    0.240499700
 263    0.030014610    0.050095320   -1.491868000
 264    0.260019400    0.222169800   -1.175637000
 265    0.137480300    0.119613000   -0.998296400
 266   -0.950000000   -0.193428100    0.467992800
 267   -0.950000000   -0.264750800   -0.515735300
 268   -0.950000000   -1.555819000   -0.564137300
 269    3.862411000    1.327543000    0.806122800
 270   -0.950000000    0.003842452   -0.268697600
 271   -0.950000000   -1.153501000    0.680301700
 272    7.669089000    0.487818000   -1.698749000
 273    2.714316000    0.812016200    1.410348000
 274   -0.950000000   -1.011656000   -0.100651000
 275   -0.950000000   -0.646796200    0.260935700
 276   13.679280000    1.116383000   -1.296902000
 277    6.520418000    0.458944400   -0.010862610
 278   26.536620000    1.354746000   -0.924536400
 279   -0.950000000   -1.001307000   -0.268530300
 280   10.483180000    0.710499000   -0.088353110
 281    8.568197000    0.557647700    1.710742000
 282    2.405310000    0.484189500    0.489014100
 283   11.981080000    0.682720200   -0.848541100
 284    0.154060800   -0.023786730    0.050668160
 285    5.473026000    0.310900600    0.008705065
 286   -0.950000000   -0.731708400   -1.941563000
 287   -0.950000000   -0.594359100   -1.752385000
 288   -0.561437800    0.211577100    0.718742600
 289   -0.950000000   -1.828448000   -1.003576000
 290   -0.950000000   -0.135106700   -0.287327600
 291   13.650110000    1.638645000    0.133942400
 292   14.268530000    1.600466000    1.223391000
 293    1.294931000    0.156587500   -0.847943800
 294   -0.950000000   -1.765709000   -0.217800200
 295   -0.950000000    0.251238300    0.360068600
 296   11.234120000    1.778052000   -0.444771500
 297   -0.950000000   -1.094423000    0.206246200
 298    2.565442000    0.502074000   -1.538036000
 299    0.108870000    0.027652080   -0.822344500
 300   -0.950000000   -0.199492300   -0.053922740
 301   11.606190000    1.287411000    0.146219500
 302    9.384305000    0.988488100    0.217897500
 303   -0.950000000   -0.625670700   -0.858088100
 304   -0.950000000   -0.532540100   -1.784366000
 305   -0.950000000   -0.614596900   -1.451478000
 306   -0.950000000   -0.918015700   -0.837697000
 307   10.951920000    1.106532000    0.438330600
 308   15.360890000    1.519209000    0.614488900
 309   15.454900000    1.620785000   -0.647867600
 310   -0.950000000   -0.874904900   -0.525381100
 311   -0.950000000   -0.282121200    0.102655200
 312    8.176490000    1.040848000    0.325801400
 313   -0.950000000   -0.620509700   -1.960394000
 314   -0.950000000   -0.588524100   -0.057513320
 315   -0.950000000   -1.027530000   -0.270524700
 316   -0.950000000   -0.154852500    0.272407700
 317   -0.950000000   -0.767947900   -0.673100900
 318   -0.950000000   -0.270616800    1.331892000
 319    5.267507000    0.473272900   -1.365770000
 320    2.761911000    0.178287000   -1.621187000
 321   -0.950000000   -0.418914100    0.034331990
 322   -0.950000000   -0.026995200   -0.633641500
 323    0.616684200    0.036807760   -0.847337800
 324    6.913397000    0.880523000    1.336859000
 325    5.749750000    0.663975600   -0.696314500
 326   -0.950000000   -0.431450300    1.829902000
 327    7.187908000    0.655464000    0.739830400
 328    3.748334000    0.334325400    0.267120800
 329   -0.950000000   -0.367105800   -0.584292700
 330   -0.950000000   -0.312187100    0.642140700
 331   -0.950000000   -0.967144800    0.309765200
 332    0.867334000    0.154920000    0.503626700
 333   -0.950000000   -1.040736000    1.222904000
 334    5.133689000    0.567439500    0.243916600
 335    2.134669000    0.050676610   -0.677388500
 336    3.204244000    0.267025200   -0.789127100
 337   14.818920000    1.482242000   -0.447409600
 338    5.838383000    0.508456800   -1.315518000
 339   -0.950000000   -0.169124200   -0.223292400
 340   -0.950000000   -1.095225000   -0.101798900
 341    0.228742300   -0.059511250   -1.350479000
 342   -0.950000000   -0.398069100   -0.839432400
 343   11.534490000    1.050913000    0.178801800
 344    6.239079000    0.692599100   -0.241734800
 345   -0.950000000   -1.047742000    0.220105800
 346    1.375613000   -0.013660870   -0.883759000
 347    6.348218000    0.096365620   -1.360851000
 348   -0.939726400   -0.318517500   -0.521710400
 349   -0.950000000   -0.463010400   -0.839678900
 350   -0.950000000    0.197779400    0.848625400
 351    9.928867000    0.729324200    0.212341200
 352    8.849513000    0.875144500   -1.171012000
 353    0.114769800   -0.271314100   -0.479909800
 354   -0.950000000   -1.429350000   -0.339671300
 355   -0.950000000   -0.389165100    0.111276100
 356   -0.950000000   -0.341252700    1.475508000
 357   -0.334932800    0.068148950    0.318543700
 358   18.573060000    1.359624000    1.778116000
 359   17.970760000    1.985750000    0.094645760
 360   -0.950000000   -0.853769300    0.335637600
 361   -0.950000000   -0.635449100    0.331432700
 362   17.503730000    1.087117000   -0.200231900
 363   -0.950000000   -0.537912800   -0.728069800
 364   -0.950000000   -0.771685800    1.096720000
 365   12.084230000    0.707382200   -0.041358760
 366   13.224400000    1.422444000    1.277565000
 367   15.772940000    1.265814000   -1.413023000
 368   17.953510000    1.228014000   -1.226947000
 369   26.686740000    1.760364000    0.210910500
 370   -0.950000000   -0.537828800   -1.362047000
 371   19.809720000    0.932185600   -1.350058000
 372   26.518960000    1.648242000    1.011676000
 373    0.883729700   -0.046933480    1.010832000
 374   -0.950000000   -0.552067200   -0.173806000
 375    1.665299000    0.101448700    0.528372100
 376   -0.950000000   -0.104081200   -0.910657400
 377    5.520609000    0.824640900    0.412458300
 378   14.002700000    1.684771000   -0.869280300
 379   -0.950000000   -0.746173600   -0.147485400
 380   -0.950000000   -0.905337700   -1.133534000
 381    3.009553000    0.359609100   -0.570064600
 382   17.475320000    1.961072000   -0.448575600
 383   -0.950000000   -1.948961000    0.117032500
 384   -0.950000000   -1.792960000    0.351423400
 385   -0.380206500    0.307186900    0.148512100
 386   -0.950000000   -0.446811000    0.631590600
 387   -0.950000000   -0.204976100    0.393975200
 388   -0.950000000   -1.199269000    1.293923000
 389    3.033478000    0.623446000   -0.651258000
 390   -0.950000000   -1.150006000    0.683974100
 391   11.351980000    0.940174200   -0.723373100
 392   -0.950000000   -0.496827600   -0.232057900
 393   -0.950000000   -0.577304400   -0.811085900
 394   17.520900000    1.598459000   -0.390087500
 395   -0.950000000   -0.064582210    0.573065100
 396    9.383290000    0.920085500   -0.711021600
 397   -0.950000000   -0.044662920   -0.606118600
 398   -0.950000000    0.033224200    1.837009000
 399    6.576418000    0.669108600   -1.882822000
 400    0.697939100    0.366202200    0.759288400
 401   -0.950000000   -0.352224200    0.550497000
 402   -0.950000000   -1.565275000   -0.482520400
 403   -0.950000000   -0.788861800   -1.134996000
 404    5.853345000    0.776994000   -0.041005070
 405    3.714812000    0.400427000   -0.383627400
 406   11.479760000    0.935215100    0.070108810
 407    1.671507000    0.117670100    1.097821000
 408   20.320770000    0.989007700    0.282111300
 409    2.131768000   -0.058181520    0.606069500
 410   -0.950000000   -1.739959000    1.806339000
 411   15.569530000    0.950515100   -0.316844500
 412   21.234980000    1.395725000   -0.568415200
 413   -0.950000000   -0.871810300   -0.444825700
 414   23.130610000    1.965824000    0.242088700
 415    9.970808000    0.774841400    0.573784500
 416    6.259915000    0.006134858    0.339222900
 417    5.001199000    0.056959290    0.355826700
 418    0.909689200   -0.312178000    0.412821900
 419   -0.626646600   -0.572926000    0.549769900
 420    9.632853000    0.292016200    1.199609000
 421   -0.950000000   -0.837838100   -0.509571500
 422    4.039417000    0.726157200   -0.115288300
 423   -0.950000000   -0.769952100    1.010281000
 424    9.581893000    0.995774700   -1.085465000
 425   -0.950000000    0.285008600    0.676101000
 426   -0.950000000   -0.069774090   -0.858919200
 427   -0.950000000   -0.264581900   -0.917224600
 428   -0.950000000   -0.833005600    0.215869000
 429   -0.950000000   -1.051390000   -0.559012400
 430   -0.950000000   -0.882126600   -0.509962000
 431   15.035100000    1.670178000   -0.990061100
 432   -0.950000000   -1.409908000    1.104668000
 433   -0.950000000   -0.599797000   -0.485372200
 434   -0.950000000   -0.317650200    0.626937000
 435    7.239464000    1.002500000   -0.914103900
 436   -0.950000000   -1.109454000   -0.218065300
 437   13.834000000    1.289278000   -1.062372000
 438   19.013440000    0.992647800   -1.954911000
 439   -0.950000000    0.050599740    0.693269200
 440   21.928780000    1.839405000   -1.082843000
 441    4.347665000    0.246959900   -0.046121730
 442   -0.950000000   -1.291602000    0.223757700
 443    0.685394000   -0.009591708   -0.348088200
 444    7.738281000    0.594901300   -0.705992000
 445   -0.950000000   -0.289784900    0.772351600
 446    6.513369000    0.802245700    0.279925100
 447   -0.950000000   -0.714499900    1.259296000
 448    5.013951000    0.311385900   -1.047913000
 449    1.517567000    0.357412600    0.594596600
 450   11.397050000    0.770001100   -0.278174000
 451   11.630570000    1.454474000   -0.772747000
 452   -0.950000000   -1.588388000    0.246507000
 453    7.599024000    1.397557000    0.742664700
 454   -0.950000000   -0.326036000    0.429467600
 455    8.712857000    0.968369700   -0.270888600
 456   -0.950000000   -0.429438200    0.145759000
 457    3.506158000    0.575193300   -0.022101000
 458    9.746177000    0.942209600   -0.971953000
 459   -0.950000000   -0.912219300   -0.454538600
 460   -0.950000000   -0.723694600   -0.940647300
 461   -0.950000000   -1.685377000    0.841539400
 462   -0.950000000   -1.102027000   -0.879266300
 463   -0.950000000   -0.412607400    0.342626700
 464   -0.950000000   -1.205646000   -0.541818300
 465   -0.747742500    0.307457700    0.976000200
 466   -0.950000000   -1.721278000    1.129266000
 467   -0.950000000   -1.185141000    0.839743200
 468   -0.839096800   -0.105353700   -0.017737210
 469    6.142113000    0.632428400    0.219533900
 470    2.948996000    0.016325750   -1.238661000
 471   -0.950000000   -0.511000800   -0.891738800
 472   -0.950000000   -0.251341800    0.207898000
 473    2.509795000    0.325779100   -0.106917600
 474    4.755931000    0.614559900   -0.145247600
 475   -0.950000000   -0.693281100   -0.097304740
 476   -0.917849200   -0.209695700   -0.245644700
 477   -0.950000000    0.020552110    1.322109000
 478   -0.950000000   -1.028734000   -0.515515900
 479    4.102579000    0.579584300    1.480269000
 480   11.399820000    1.662137000    1.545396000
 481   20.043750000    1.497918000   -0.715179700
 482   -0.950000000   -0.442543800   -1.561648000
 483   24.890270000    1.798938000    1.181309000
 484    0.474745800    0.050749610    0.123985500
 485   -0.950000000   -0.526588300    0.738649300
 486   18.347240000    1.545982000   -0.326536400
 487    6.537587000    0.814594700   -0.524459700
 488    4.598241000    0.153584700   -0.752585400
 489    4.579947000    0.399333800    0.262106000
 490   12.349210000    0.514137200   -1.799434000
 491   -0.950000000   -0.763018500    0.916268600
 492   -0.950000000   -0.427728600   -0.823382900
 493   -0.950000000   -0.164645100    0.500935600
 494   -0.950000000   -0.790787900    0.919504900
 495    7.678688000    0.959036900   -0.048855410
 496    6.854678000    0.358583600    0.570353900
 497   -0.950000000   -0.639784900    0.885043200
 498   13.408860000    1.049710000   -0.221241600
 499   11.451100000    1.693723000    0.926201200
 500    1.838843000   -0.367430700   -0.520955800
 501   27.645630000    1.831046000   -0.936818000
 502   -0.950000000   -1.428286000    0.258584200
 503    3.792039000   -0.008857776    0.967527300
 504   -0.950000000   -0.460967600    0.932107900
 505    0.773416800   -0.209336400    0.407679400
 506    2.807480000   -0.164648900   -0.730372800
 507    1.875633000    0.185288500    0.791814300
 508   -0.950000000   -1.253993000   -1.575364000
 509   -0.950000000   -0.871929300    1.242606000
 510   15.641300000    1.326271000    0.463392200
 511   12.302390000    1.183061000   -0.356234100
 512   -0.084829960    0.598344400    1.322179000
 513   -0.950000000   -0.976056900    0.523285200
 514   -0.950000000   -0.926786300   -0.696419100
 515   18.619750000    1.349908000   -0.765400200
 516   -0.950000000   -0.613852300    0.928694400
 517   13.066310000    1.066599000   -0.376138000
 518    4.549275000    0.420530100   -0.450083900
 519   -0.950000000   -1.068753000   -1.757542000
 520   14.163860000    0.721690200   -0.706443100
 521    0.511102700   -0.216410900   -1.089829000
 522    5.569322000    0.548063700   -0.028301680
 523   -0.950000000   -1.089497000    0.635075000
 524   11.323330000    1.092732000    0.127515900
 525   -0.950000000   -0.292612900    0.972394200
 526   16.745190000    1.410901000    0.970409600
 527   -0.950000000   -0.252594300    0.762169500
 528   -0.950000000   -0.715707900    0.089233460
 529    3.346351000    0.091166670   -0.910680000
 530   -0.950000000   -0.532496200   -0.485515300
 531    0.544335900   -0.059551610   -0.400011900
 532    6.536462000    1.048085000    1.262724000
 533    3.778217000    0.160263500   -0.303720600
 534    1.282333000    0.371069200    0.879041600
 535   -0.950000000   -1.296523000    0.537945200
 536    0.794568600    0.321095000    0.909776900
 537   -0.327193600   -0.226418900   -0.184160900
 538   -0.950000000   -0.679619900   -0.592598500
 539   -0.950000000   -0.773691100    0.534114600
 540   -0.950000000   -0.680248000   -1.438589000
 541    2.752580000    0.449635500    1.042434000
 542   -0.950000000   -1.349092000    0.180363900
 543   10.972350000    0.500179900   -0.993077400
 544    6.677554000    0.755748800    1.104011000
 545    5.479598000    0.373472700   -0.562135900
 546   -0.950000000   -1.424959000    0.324566700
 547    7.204078000    0.519119900    0.351587100
 548   -0.950000000    0.359039100    0.968096500
 549    8.726852000    0.233650100   -1.558013000
 550    4.249880000    0.189854700   -0.227029200
 551   13.825430000    0.911469800   -0.608600200
 552    8.779501000    0.846239600   -0.021945700
 553   11.316420000    1.048922000    0.252105900
 554   13.167250000    1.270213000    0.370584300
 555    4.013193000    0.090562030   -0.585098200
 556    0.571305300   -0.078209620    0.267952800
 557   24.241840000    1.837361000   -0.493815900
 558   -0.950000000   -0.343873900    0.576067400
 559   12.514500000    0.720381900   -1.086473000
 560   11.787320000    1.157018000    0.241711500
 561   -0.950000000   -0.583384300    0.999056200
 562   -0.950000000   -0.275101800    0.296170100
 563    5.603417000    0.195531200   -0.145804500
 564   11.328970000    0.929717400   -1.052285000
 565    3.172678000    0.452674100    1.457736000
 566   -0.950000000   -0.971021200    0.155515600
 567    3.907308000    0.236268800    0.313117000
 568   11.937620000    0.548434800    0.358183300
 569   -0.950000000   -0.748962000    0.632238100
 570   -0.950000000   -0.598575100    0.421447200
 571    5.358183000    0.584240900   -0.552073800
 572   -0.950000000   -1.248177000   -1.644306000
 573   18.278820000    1.334245000   -0.571951800
 574    1.685946000   -0.306438700   -1.931003000
 575   -0.480925500    0.197348700    0.087604590
 576   -0.950000000   -0.203138300    0.720910500
 577   -0.950000000   -1.563226000   -0.554849300
 578    6.581719000    1.221707000    0.680088600
 579   -0.950000000   -1.250360000    1.098442000
 580   10.262540000    1.114866000   -1.882618000
 581   -0.950000000    0.064132300   -0.061888220
 582   -0.634468700   -0.125209400   -1.068986000
 583   -0.103996000   -0.105684200    0.787135200
 584   -0.950000000   -0.314553700    0.025554360
 585   12.658240000    1.190959000   -0.354348700
 586   -0.950000000    0.009516559    1.039794000
 587   -0.950000000   -0.748340900    0.339073800
 588   -0.950000000   -0.108970600    0.584280400
 589   13.106260000    1.031013000   -0.530928600
 590   -0.950000000   -1.844748000    0.634098900
 591   16.767120000    1.065730000   -0.946148300
 592   -0.950000000   -0.577177900    0.324682600
 593   -0.950000000   -0.809843300    1.101672000
 594    4.869855000    0.161119600   -0.767132100
 595   -0.950000000   -0.118890900    0.650597600
 596    9.533568000    0.831877400    0.018179610
 597   -0.950000000   -0.605997100   -0.298416800
 598   14.584770000    1.575189000   -0.459916000
 599    7.877838000    1.143679000    1.331488000
 600   -0.950000000   -1.659804000   -0.015521870
 601   17.343020000    1.132704000   -0.450862000
 602    3.489349000    0.789872500    1.456180000
 603    9.003663000    0.450287700    0.068117100
 604   -0.950000000   -1.135940000    0.561467300
 605   11.720830000    0.817463200   -0.764053900
 606   -0.950000000   -0.364658800    1.894895000
 607    7.889154000    0.832617700    1.001912000
 608   -0.801349700   -0.568925800    0.093512470
 609   12.755720000    0.955298600    1.305289000
 610   -0.950000000   -0.684171800   -0.803335100
 611   17.980590000    1.148451000   -0.830489400
 612    4.736728000    0.183048000    0.119832100
 613   -0.950000000   -0.415909900    0.477431200
 614   -0.950000000   -0.931628100   -1.544511000
 615    8.526732000    0.981978100    0.722092600
 616    9.548616000    0.668045600    0.949618100
 617    0.465505700   -0.051280620   -0.018655670
 618   11.657520000    0.959934600   -0.615779200
 619   11.033090000    1.377092000    0.969601300
 620   -0.603262900   -0.127146300   -0.038124510
 621    5.178724000    0.205420400    1.747621000
 622    3.111586000    0.131889300   -0.186586000
 623   -0.950000000   -1.852136000   -0.536929400
 624   -0.950000000   -1.140974000   -0.942215400
 625   17.509530000    1.463573000   -0.733601700
 626   -0.950000000   -0.417017700    0.817708900
 627   -0.950000000   -0.491562700   -0.835730000
 628   -0.950000000   -0.777437100   -0.062415720
 629    0.557960300   -0.013834770    0.928486900
 630   -0.950000000   -1.067461000   -0.443529600
 631   13.904260000    1.316363000   -0.472665300
 632   -0.950000000   -0.083817330   -0.396657600
 633   -0.950000000   -0.175841500   -1.146080000
 634   -0.950000000   -1.455071000    0.514614600
 635   12.330640000    1.250503000   -0.169505200
 636   -0.950000000   -0.691604400    1.353410000
 637   -0.950000000   -1.408761000    1.298203000
 638   -0.950000000   -0.804506600    1.408469000
 639   -0.950000000   -0.130984900   -1.058866000
 640   -0.950000000   -0.038302770    0.436975800
 641   -0.950000000   -0.971449000    1.147298000
 642    8.307068000    1.331165000   -0.559060500
 643   -0.950000000   -0.435044100   -0.242010200
 644    0.434984300    0.098862070   -1.575950000
 645    2.204494000    0.080595890   -1.535724000
 646    7.516187000    0.852579100    0.398851300
 647    8.494240000    0.627165600    0.268456600
 648   19.059900000    1.451835000   -0.109993800
 649    3.343922000   -0.317450300   -1.114562000
 650   20.429940000    1.847633000    0.507953300
 651    8.439946000    0.495517600   -0.780226900
 652   17.944500000    1.440503000    0.651303800
 653    4.127832000   -0.199041600    1.448209000
 654   10.633140000    0.651327000   -0.213309100
 655    0.182310700   -0.229873300    0.386869900
 656   15.494390000    1.427450000   -0.259797100
 657   -0.950000000   -0.551419400   -0.064402010
 658    4.336376000   -0.112840300   -0.528327900
 659   13.466690000    0.758634400   -0.616678000
 660   -0.950000000   -0.639287700    0.390975000
 661   -0.950000000    0.099081240    0.345057100
 662    3.686182000    0.390571200    0.151265100
 663   -0.950000000   -0.272157100   -0.078797020
 664    1.337550000    0.053001040    1.936562000
 665   -0.950000000   -1.286282000    0.984894200
 666   -0.950000000   -0.868435700   -0.187010100
 667   13.657030000    1.392857000    1.124637000
 668    5.354949000    0.577852000   -0.279716500
 669   -0.950000000   -1.956030000    1.779576000
 670    5.264532000    0.411930300   -1.357479000
 671   13.881200000    1.384682000    0.594695900
 672   -0.950000000   -1.305202000   -1.320183000
 673    9.921364000    0.789082000   -0.350531200
 674   -0.950000000   -1.562567000   -0.245814000
 675    2.540078000    0.066294440   -0.638690100
 676   -0.950000000   -0.723563200    1.349414000
 677   -0.950000000   -1.006176000    0.254282600
 678   -0.950000000   -0.986441900    0.239731100
 679   13.781700000    1.440718000   -1.548258000
 680   -0.950000000   -0.101331200   -0.271981300
 681   -0.950000000   -0.129952300    0.012145020
 682   13.316310000    0.633516100   -1.839742000
 683   -0.950000000    0.162474000    1.399042000
 684   23.948050000    1.957746000   -0.245125000
 685   -0.950000000   -0.094408060    0.322308700
 686   -0.950000000    0.072317080    1.231922000
 687    5.941690000    0.265201600   -0.970443100
 688   -0.261660900    0.258476800    0.762461000
 689    0.337045300    0.026393290   -0.273132100
 690    0.102478800   -0.144219800   -1.077790000
 691   -0.950000000   -1.047748000   -1.916751000
 692    5.720684000    0.746337700    0.241958500
 693   -0.950000000   -1.116345000   -1.382690000
 694   -0.950000000   -0.953123200   -0.403731100
 695   -0.939670500    0.067160410    0.311594400
 696   11.163330000    1.227786000    0.663633300
 697    3.553294000    0.532645000   -0.344054100
 698   -0.950000000   -0.072173190    0.381790700
 699    0.638157400    0.356647500   -0.590621500
 700    4.606367000    0.468927700   -0.327927600
 701   -0.950000000   -1.043771000    1.499394000
 702   -0.950000000   -0.436724300   -0.221653800
 703   -0.950000000   -0.137109700    1.567997000
 704   -0.950000000   -0.079105060    0.764346700
 705   -0.483645800    0.012417760   -0.378013100
 706    0.152030800   -0.002004168   -0.371593200
 707    2.543521000    0.333860400    0.846358800
 708   -0.950000000   -0.021782810    1.470698000
 709   -0.950000000   -1.111025000   -0.941583200
 710    1.124906000    0.048906820   -0.493605500
 711   17.016650000    1.371382000   -0.068971660
 712   -0.950000000   -1.674681000   -0.502720000
 713   -0.950000000   -1.564019000    0.119959500
 714   -0.950000000   -0.258428800    0.422055600
 715   -0.950000000   -0.568726000    0.089122490
 716    0.946198400   -0.022539940   -0.844602700
 717   11.212350000    0.905008900    0.518997100
 718    6.033403000    0.824471700    0.295979500
 719    6.569192000    0.611260000   -0.207826400
 720   -0.950000000   -0.868061000   -0.007985038
 721   -0.352265800   -0.322663000   -0.029214770
 722   21.112400000    1.879008000   -0.594701100
 723   -0.950000000   -0.641962000   -0.291470900
 724   -0.950000000   -0.496608200   -0.641824800
 725   -0.950000000   -0.528182600    0.065324180
 726   11.237120000    1.092039000    1.939235000
 727   -0.950000000   -0.466572300   -0.314532500
 728   -0.950000000   -0.516795100   -0.629756100
 729    0.395445400    0.197550000    0.830312500
 730   -0.950000000   -1.306336000   -0.900621600
 731   -0.950000000   -0.038317640    1.730896000
 732    8.476299000    0.824641900    0.973520900
 733   -0.950000000   -1.621743000   -1.089709000
 734   20.242230000    1.567285000   -0.761052200
 735   -0.950000000   -1.492231000    1.398186000
 736    8.043494000    0.701369400   -1.548255000
 737   -0.950000000   -0.233872700    0.881528800
 738   -0.950000000   -1.389894000    0.091372430
 739   -0.950000000   -1.449237000   -0.526614700
 740    7.905847000    0.860517500    0.096942390
 741    3.236903000    0.530128700    0.559137300
 742   -0.950000000   -1.795089000    0.376568100
 743   -0.950000000   -0.109615500   -0.591424100
 744    4.582742000    0.611475800    0.520465800
 745   -0.950000000   -0.707745500    0.008244893
 746   -0.950000000   -0.282795700   -0.387398700
 747   -0.950000000   -0.178873100    0.439943700
 748   -0.950000000   -0.431793100    0.114923300
 749   12.279530000    1.588044000   -0.574530400
 750   -0.950000000   -0.350695500    0.688384300
 751    5.625877000    0.510911700    1.173012000
 752    7.982347000    0.457598200   -0.254087200
 753   -0.950000000   -0.455862700    0.570092500
 754    7.831690000    0.506712000   -0.190788800
 755    3.851341000   -0.058358140   -0.441941100
 756   -0.950000000   -0.619770500    0.220150900
 757   11.656020000    1.269268000    1.373245000
 758   13.763340000    0.748351600   -0.238035800
 759    4.685376000    0.517657600    0.590526300
 760   12.929320000    0.850183000   -0.916753800
 761   -0.950000000   -0.694571100    1.226153000
 762   -0.950000000   -1.042020000   -1.532909000
 763    1.546408000   -0.081914270   -0.466106100
 764   -0.950000000   -1.862659000    0.837244400
 765   -0.950000000   -0.255062400   -0.516099700
 766   -0.950000000   -1.301661000   -0.291969500
 767    7.272424000    0.685843900   -1.277474000
 768   27.872540000    1.984679000   -1.323298000
 769   -0.950000000   -1.276174000   -0.132377500
 770   -0.950000000    0.041324380   -0.105885900
 771   -0.950000000   -0.546754000   -0.621838200
 772    3.486272000    0.494644200   -0.489572400
 773    0.593062600    0.105173100   -0.653665600
 774    2.247727000    0.287562800   -1.043320000
 775   -0.950000000   -0.528306800    0.386670700
 776    6.404082000    1.447432000    0.084865990
 777   -0.950000000   -0.668803900   -1.243765000
 778    3.011191000    0.336912200   -1.369716000
 779    8.803999000    0.970041300    0.775812600
 780   -0.950000000   -1.368348000    0.321722400
 781    9.828522000    0.785714800    0.018268000
 782   -0.950000000    0.184176100    1.085244000
 783   -0.950000000   -0.434191000    1.053420000
 784   -0.950000000   -1.155130000   -0.521458600
 785    4.959646000    0.513247800   -0.129747500
 786   -0.950000000   -0.845702500    0.021478530
 787   10.229040000    0.825168600   -0.172532000
 788   -0.950000000   -0.996951800   -0.140499800
 789   -0.910846300   -0.380783900   -0.640867700
 790    1.125474000   -0.137779900   -0.221224500
 791   22.503810000    1.577050000    0.170760500
 792    2.581418000    0.044152720   -0.401976400
 793   -0.950000000   -0.889843600   -0.897909000
 794   14.468980000    0.867601900    1.288649000
 795   22.838960000    1.782195000    0.176330900
 796   -0.950000000   -0.163910800   -0.099247170
 797    0.913411000    0.051734550    0.606337500
 798    9.875874000    0.802079400    0.701128500
 799    3.427013000    0.385991900   -0.216134300
 800   -0.950000000   -0.454487600   -0.113854800
 801   -0.950000000   -1.098098000    0.289210900
 802    1.421359000    0.354229700   -0.055216860
 803   -0.950000000    0.266573000    0.424729900
 804   -0.950000000   -0.505495100    0.339756400
 805    1.680811000    0.052255680   -0.007506829
 806   -0.950000000   -1.373649000   -0.245086200
 807    8.219788000    0.556062100   -0.612602900
 808   15.219820000    1.361634000   -1.063185000
 809    6.576885000    0.318522200    0.758322400
 810   -0.950000000   -0.346685200    1.112300000
 811   -0.950000000   -0.333754600    0.795454700
 812   -0.950000000   -0.421822700   -1.290718000
 813   -0.950000000   -0.491392100    0.450505800
 814   -0.950000000   -0.594125000   -0.521035800
 815   -0.950000000   -0.857310700    1.628481000
 816   14.923010000    1.313582000   -0.728833900
 817    0.395086400    0.172110200    0.980071000
 818   -0.950000000   -0.699611300   -0.337291600
 819   -0.950000000   -1.094416000    0.060531590
 820   -0.950000000   -1.438727000   -1.832107000
 821   -0.950000000   -1.085065000    0.857272800
 822   -0.950000000   -0.445221600    0.347007700
 823   -0.950000000   -0.955536900    1.972176000
 824    0.113460100    0.827377000    1.234075000
 825   -0.950000000   -0.347122200    0.245871900
 826   -0.950000000   -0.413050300   -1.743433000
 827    4.249393000    0.837432700   -0.670671300
 828   -0.950000000    0.359010600    0.697342100
 829   -0.950000000   -0.775577500   -1.303188000
 830   -0.950000000   -0.819682600   -0.941030000
 831   -0.950000000   -1.130312000   -1.100794000
 832   -0.950000000   -0.636074500   -1.453797000
 833   -0.950000000   -0.007285466   -0.753599100
 834   -0.950000000   -0.119809900   -1.741178000
 835    3.037479000    0.894483900   -0.023093790
 836   -0.950000000   -0.468867000    0.085930170
 837    3.190762000    0.952567700   -1.029828000
 838   -0.950000000    0.251607400    0.097334110
 839   -0.950000000    0.300958000   -0.412045500
 840   -0.950000000   -0.108639200    1.434292000
 841   -0.950000000   -1.149590000    0.003658399
 842   -0.950000000   -1.011289000   -0.148262100
 843   -0.950000000   -0.831050300    0.440245600
 844   20.536690000    1.900115000    1.375203000
 845   11.163480000    1.347711000   -1.238686000
 846   -0.950000000   -1.480547000    1.301905000
 847    9.326163000    0.726660300    0.474342500
 848   15.032600000    1.928985000   -0.558581300
 849    3.809864000    0.261680600   -0.600308300
 850   -0.950000000    0.234188900    0.500651800
 851   -0.950000000   -0.434364100    1.461903000
 852   -0.950000000   -1.104672000   -0.047821940
 853   -0.950000000   -1.486887000   -1.878727000
 854    7.738453000    0.807444100   -0.453370400
 855   -0.950000000   -1.953030000   -0.895225500
 856   14.112990000    1.529816000    0.450116400
 857    0.597857900    0.410426400    1.055221000
 858   -0.950000000   -0.105874400    0.214554100
 859   -0.950000000   -1.770328000    0.694176000
 860   -0.950000000   -1.411197000    0.118019700
 861   -0.950000000   -0.595171400    0.984689600
 862    2.505677000    0.055495710   -0.235443100
 863    2.559519000    0.093896170   -0.171675000
 864   -0.709296600   -0.120618700   -0.655424500
 865    2.908265000    0.334532500    0.392437300
 866   -0.950000000   -1.103208000   -0.874400100
 867   -0.950000000   -0.904577900    0.336663600
 868   21.679820000    1.802615000   -0.247755400
 869   -0.950000000   -0.270787400    0.136934200
 870   14.482670000    1.328718000   -0.416616400
 871   12.742380000    0.917964700    0.024366200
 872    2.253430000    0.183205900    0.757953400
 873   -0.950000000   -0.683633700    0.784765100
 874   14.755820000    1.117663000   -0.194018200
 875   -0.950000000   -0.031377570    1.804590000
 876   -0.950000000   -1.195319000    0.149370700
 877    4.809992000   -0.186653600   -1.076088000
 878    6.226816000    0.431573600    0.129981500
 879    5.319291000    0.424832000    1.166717000
 880    3.849980000    0.391420300    0.157085300
 881   11.082060000    0.715473300   -0.901073000
 882   -0.950000000   -1.701924000   -0.314508900
 883   -0.950000000   -0.004063540    1.666495000
 884    5.926432000    0.135745800   -1.174568000
 885   12.815650000    0.895005700   -1.264917000
 886   -0.950000000   -0.095323750   -0.318021700
 887   -0.950000000   -0.502712900   -0.610558200
 888    5.317671000    0.971997700    0.086937220
 889   -0.950000000   -0.187053200   -0.095134180
 890   -0.950000000   -1.124390000   -1.404341000
 891   -0.950000000   -0.967211800    0.068953790
 892    4.547896000    0.826479300   -0.132097500
 893    3.791085000    0.520512300   -1.236658000
 894   -0.950000000   -0.583899400   -1.047347000
 895   -0.950000000    0.394038300    1.284814000
 896   -0.950000000   -0.035682200   -0.292659400
 897   -0.950000000   -0.710396500   -1.556595000
 898   -0.950000000   -0.066574280    0.091541440
 899   -0.950000000   -0.000487672    1.102385000
 900   -0.950000000   -0.679826200   -0.768947400
 901   -0.950000000   -0.101105900   -0.907930900
 902   -0.950000000   -0.178675200   -0.017618750
 903   -0.950000000   -0.880433700    1.839030000
 904    4.329852000    1.041360000    0.257618000
 905   -0.950000000   -0.092166940   -0.745460900
 906   -0.950000000   -0.238758900    0.745107400
 907    3.458723000    0.760370300    1.137205000
 908   13.859200000    1.607364000   -0.050854810
 909   -0.950000000   -0.989430400   -0.263293900
 910   -0.950000000   -1.314356000   -1.182407000
 911   -0.950000000   -0.182330100   -0.261871100
 912   -0.950000000   -0.995200800   -0.285613600
 913   -0.950000000   -0.078647060   -0.926684300
 914   -0.950000000   -0.258538900   -1.523823000
 915   -0.950000000   -0.270743200   -0.884554300
 916   -0.950000000   -1.697311000   -0.937674700
 917   -0.950000000   -1.387132000   -0.317219600
 918   -0.950000000   -0.407274000   -1.054763000
 919   -0.950000000    0.198091400    0.723354800
 920   -0.950000000   -0.865825300   -0.063902080
 921    1.178375000    0.778374900    0.554490100
 922    3.761600000    0.263929600   -1.256468000
 923   -0.950000000   -0.376808100   -0.680252600
 924   -0.950000000   -0.047806610    1.106103000
 925    6.166682000    0.856422000    0.984585000
 926   -0.950000000    0.052151880    1.230106000
 927   -0.950000000   -0.407684600   -0.414809400
 928   -0.950000000   -1.905517000   -0.314827900
 929   -0.950000000   -0.310298700    1.076777000
 930   -0.950000000   -0.563641900   -0.466216500
 931   -0.838417900   -0.560187600   -0.356287200
 932   -0.950000000   -0.593172300    0.289235800
 933   -0.950000000   -0.564376700    0.590635600
 934   13.035670000    1.196205000   -0.423956400
 935   27.594070000    1.752527000    1.176880000
 936   14.102500000    1.162164000   -0.031405410
 937   10.697400000    0.466913500    0.109368200
 938    9.398985000    0.939782000    1.448428000
 939   -0.950000000   -1.792176000    0.936832600
 940    3.351404000   -0.187822100    1.173064000
 941   11.355790000    0.497514500   -0.641818300
 942   10.034900000    1.000605000    0.413804500
 943   12.091450000    0.898566300    0.742162700
 944    1.572769000   -0.329365000   -0.309100200
 945   11.477550000    1.000584000    1.416270000
 946   -0.950000000    0.061981330    0.787517700
 947   27.801790000    1.888830000   -1.555027000
 948    6.317828000    0.474046700   -0.417785000
 949    4.913426000    0.442479900    0.475638700
 950   -0.950000000   -0.744641100    0.014525320
 951   11.477610000    0.613577100   -1.448783000
 952   11.343440000    0.874993200   -0.963874900
 953   -0.950000000   -0.367433100   -0.047994410
 954   -0.950000000   -0.742631800   -0.426704700
 955   21.324760000    1.542946000   -0.790598400
 956    4.821547000    0.399760700    0.925480900
 957   11.810540000    1.232531000    0.544326700
 958   -0.950000000   -1.022593000    0.267685700
 959   -0.950000000   -0.394524400    0.567156100
 960    3.941576000    0.486463800    0.690544800
 961    0.012631240    0.251081900   -0.325221700
 962   -0.950000000   -0.513908500   -1.841060000
 963   -0.950000000   -0.111212300    0.589565300
 964    1.324350000    0.516851000    0.309754800
 965   -0.950000000   -0.923307900    1.049455000
 966   -0.950000000   -1.476465000   -0.005902716
 967   -0.950000000   -1.801822000   -0.884083500
 968    3.989415000    0.862411500   -0.180321200
 969   -0.950000000   -0.351360100    0.955517200
 970   -0.950000000    0.120217100   -0.333093400
 971   -0.950000000   -1.019753000    1.203847000
 972   -0.950000000   -1.591896000   -1.502161000
 973   -0.950000000   -0.723828600    1.060290000
 974   -0.950000000    0.314746100    0.052260440
 975   -0.950000000   -1.182126000    1.037510000
 976   -0.950000000   -0.681598400    1.048898000
 977   -0.160243400   -0.687210600    1.525601000
 978   17.328810000    1.366823000   -0.367873800
 979    0.699087100   -0.338028000    1.228902000
 980   -0.950000000   -0.507880900    1.432389000
 981   -0.950000000   -1.625139000    0.231377000
 982   21.212460000    1.440197000   -0.627092100
 983   16.327070000    1.196973000    0.203907400
 984    6.740145000    0.327022500    0.843188100
 985    2.617920000   -0.109295000    0.037724930
 986   19.180540000    1.417022000    0.357410500
 987   -0.950000000   -1.872923000    0.859071400
 988   -0.950000000   -0.693158300    1.198300000
 989    3.304587000    0.022318620    0.427828200
 990   19.874410000    1.339301000   -1.177783000
 991   -0.950000000   -0.215514100   -0.796461600
 992   -0.950000000   -0.371777600    0.181639900
 993   -0.950000000    0.145343400   -0.529150700
 994   -0.950000000   -0.827977300   -0.454901800
 995   -0.950000000   -1.252108000   -0.713846900
 996   -0.950000000   -0.580419100    0.196507200
 997   -0.950000000   -0.431840300   -0.659809200
 998   -0.950000000   -1.910431000   -0.317937800
 999   -0.950000000   -0.417400700   -0.008078261
1000   -0.950000000   -0.864891100   -0.629391800
1001   -0.950000000   -0.709318200   -0.451123000
1002   -0.950000000   -0.224520900    0.349535300
1003   -0.950000000   -0.420042500    1.654756000
1004   -0.950000000    0.195051000   -0.352473400
1005   -0.950000000   -0.628228300    1.096463000
1006    6.269093000    0.394251600   -1.675527000
1007   -0.950000000   -0.436050100   -0.780751500
1008    0.205082700    0.622232400    1.188482000
1009    0.862897100    0.084351230   -1.492664000
1010   15.840450000    1.837610000   -0.540029600
1011   -0.950000000   -0.578522100   -0.506206700
1012    5.462462000    0.857791500    0.475242700
1013   -0.950000000   -0.463771500   -1.614716000
1014   -0.786377600    0.162324800   -0.867212800
1015   -0.950000000   -1.096507000    0.255015800
1016   -0.950000000   -1.505497000    0.648968600
1017   -0.950000000    0.231441300    0.526280600
1018   -0.950000000   -0.484383900   -0.211517200
1019   -0.950000000   -0.256719900    0.093366080
1020   -0.950000000   -0.138356800    1.181965000
1021   -0.950000000   -0.878539000    1.107838000
1022   -0.950000000   -1.159673000   -0.158714600
1023   20.278730000    1.404564000   -1.022167000
1024   -0.950000000   -1.951108000    0.303314200
1025   -0.950000000   -0.687995800    1.379310000
1026   14.883990000    1.410198000    0.200828600
1027   -0.950000000   -0.215448500    0.781788300
1028    5.356834000    0.545565600    0.631629700
1029   -0.950000000   -1.402493000   -0.466988300
1030   10.666640000    0.823897700    0.511507200
1031   -0.950000000   -0.815715900   -0.273556800
1032    1.130427000    0.000847784   -0.444404200
1033   -0.950000000   -1.264120000    1.285218000
1034   14.643480000    0.866335900   -0.757441300
1035   23.713140000    1.455246000    1.130986000
1036   -0.950000000   -0.506086800   -1.359991000
1037   -0.950000000   -0.317618500    0.202409500
1038   -0.950000000   -1.488937000    1.055478000
1039   -0.950000000   -0.417600100   -0.525009700
1040   -0.950000000   -1.010203000   -0.600769600
1041   15.352160000    1.615236000    0.644013700
1042    2.797749000    0.628011200    0.934038300
1043   -0.950000000   -0.744510300   -0.290776300
1044   17.279520000    1.551162000   -0.743425900
1045   -0.950000000   -1.099915000    0.354597000
1046    4.612269000    1.060559000    0.358130900
1047   -0.950000000   -0.130423800   -0.691587600
1048   -0.950000000   -0.176706300   -0.766129700
1049   -0.950000000   -0.340193000   -1.104212000
1050   11.894000000    1.150533000   -1.579549000
1051   -0.950000000   -0.481721400    0.445108700
1052   16.255020000    1.214235000   -0.705186900
1053    7.355231000    0.118964900    0.268880300
1054    0.375657800   -0.450525000   -1.808507000
1055   -0.950000000   -1.258226000    0.533456100
1056    6.532158000    0.259491300   -0.800461100
1057   -0.950000000   -1.173804000    1.291667000
1058    5.074865000    0.209173900    1.292518000
1059   19.879260000    1.333839000   -0.679977300
1060    4.650098000    0.176929200    0.206445900
1061   22.630940000    1.858233000    0.243923700
1062   17.009970000    1.769237000    1.886848000
1063    2.499857000    0.130658200   -0.067193830
1064    1.678677000    0.104155500    0.175218100
1065   -0.801067400   -0.492047000    0.319295400
1066   13.186180000    1.206009000    0.060335890
1067   -0.919493800   -0.251962200   -0.273329400
1068   11.321650000    1.127976000   -1.141203000
1069    5.042860000    0.447223700   -0.837054600
1070   -0.950000000   -0.395468100    0.555030100
1071   -0.950000000    0.111618300    1.693641000
1072    3.985442000    0.444464200    0.828339000
1073   12.141220000    1.238141000    0.058050520
1074   -0.950000000   -1.262727000    0.352805200
1075   -0.950000000   -0.179713600    0.078139240
1076   -0.950000000   -1.194355000    1.104104000
1077   -0.950000000   -0.800994100   -0.559291300
1078   14.378290000    1.165897000   -1.715224000
1079   -0.344249300    0.034034080    0.185609900
1080   -0.950000000   -0.542150100   -0.966119600
1081   -0.950000000   -0.316328100   -0.655859200
1082    7.536122000    1.114749000    0.449992900
1083   -0.950000000   -0.467364800    0.673428100
1084   -0.950000000   -0.678317100   -0.092219590
1085    6.831961000    0.724089800   -1.082689000
1086    0.145075100    0.024698780   -0.245260000
1087    1.204712000    0.663340100    0.113782800
1088   -0.950000000   -0.528133600   -0.373004000
1089    4.340601000    0.835255600   -0.509559500
1090   -0.950000000   -0.830374200    0.486451800
1091   -0.950000000   -1.007878000   -1.103942000
1092   -0.950000000   -0.399328300    0.041599400
1093   -0.950000000    0.315394900    0.803470600
1094   -0.950000000   -0.737217700   -0.273861600
1095   -0.950000000   -0.454831900    0.943829100
1096   21.924600000    1.794429000   -0.941544600
1097    5.495462000    0.686721300    0.200872700
1098   -0.950000000   -0.209605500    0.959880800
1099   -0.950000000   -1.698582000   -1.398968000
1100   -0.950000000   -0.310851200    0.384022900
1101    6.650173000    0.717822500   -0.627874100
1102   -0.950000000   -0.048732630    0.831551800
1103    7.444270000    0.725663700    0.011207940
1104   -0.950000000   -0.844865000    1.737147000
1105    2.205255000    0.263407200   -0.956088400
1106   -0.950000000   -0.686228900    0.082859600
1107    9.611593000    0.769212800   -0.557207700
1108    8.658826000    0.821588400   -1.037772000
1109   -0.950000000   -1.030932000    0.000804106
1110   10.459250000    1.507814000   -0.115679300
1111   -0.950000000   -1.129898000    1.871448000
1112    2.109973000    0.440129800   -1.088140000
1113    2.894374000    0.398653400   -0.908533900
1114   -0.436397900    0.625847400    0.627268000
1115   -0.950000000   -0.489202200    0.845074700
1116   -0.950000000   -0.585522000   -0.425253000
1117   -0.950000000   -1.002890000    0.007712785
1118   -0.950000000   -0.149287300   -1.541838000
1119   -0.950000000   -1.096652000   -0.234370200
1120   -0.950000000   -1.070604000   -0.621308700
1121   -0.950000000   -0.940581600   -0.362146000
1122   -0.950000000   -0.632866900    0.887541300
1123   -0.950000000   -0.381076000   -1.747373000
1124   17.264380000    1.924189000   -0.709112900
1125   -0.950000000   -0.841104900   -1.268815000
1126   -0.950000000   -0.413055200    0.114381500
1127   -0.950000000   -1.334603000   -0.343729200
1128    9.671001000    0.861265200   -0.059134180
1129   -0.950000000   -1.206370000   -1.412679000
1130   -0.950000000   -0.677629300    1.623133000
1131   -0.950000000   -1.092722000    1.485842000
1132   -0.950000000   -0.279001100    0.056130270
1133   16.690340000    1.001385000   -0.662680700
1134    0.895369100    0.176787600    1.163799000
1135   -0.950000000   -1.269670000   -1.710398000
1136    6.256138000    0.774710700    0.902952700
1137   -0.950000000   -0.688122400    1.403701000
1138   -0.950000000   -0.952617900    0.468991100
1139    1.961638000   -0.045372370    0.945788500
1140    1.386827000    0.100149800    0.109118100
1141    2.770116000   -0.516216800   -1.598177000
1142   -0.950000000   -1.486598000   -0.507711500
1143   -0.950000000   -0.635588400    1.444415000
1144    4.173408000    0.199827100   -0.101430500
1145    1.116937000   -0.627556900   -1.400743000
1146   14.503100000    0.982045700    0.739334700
1147    9.188289000    0.777991100    0.152708800
1148   16.322220000    1.834455000    1.181592000
1149   -0.950000000   -0.451871700    0.490395500
1150   -0.228229800   -0.450919300   -0.842152200
1151   -0.950000000   -0.167854300    1.887317000
1152    0.785949800   -0.590194300   -1.243033000
1153    0.151478600    0.042312350    0.976845600
1154   -0.950000000   -0.636608900    1.138401000
1155    2.140140000    0.158869700    0.868903500
1156   19.871880000    1.369309000   -0.423527800
1157   14.914130000    1.571523000    0.659561600
1158    6.900976000    0.298896200    0.533100100
1159   -0.950000000   -0.678520300    1.374397000
1160   -0.950000000    0.256752600    1.614820000
1161    8.846265000    0.397351800    0.917136500
1162    7.875176000    0.264591000   -0.126116000
1163    1.127983000   -0.541524600   -0.647923300
1164   -0.950000000   -0.604333500    1.176873000
1165    0.171055300   -0.439406700    1.127023000
1166   14.884500000    1.104080000    0.103363200
1167    9.866386000    0.518919200    0.153168100
1168   -0.950000000   -0.893322400   -0.485197600
1169   -0.950000000   -0.833249800   -0.797020100
1170    8.585127000    0.731766800    1.063116000
1171   -0.950000000   -0.430873800   -0.274049100
1172    5.171092000    0.728474500    0.820006700
1173   15.476970000    1.806683000    1.068243000
1174   14.548700000    0.975390600   -0.542675900
1175    8.447244000    0.989911700    0.232259600
1176    3.974459000   -0.300189200   -1.760852000
1177    5.673274000    0.266952000   -0.916204800
1178   -0.950000000   -0.982963500    0.750666700
1179   12.207550000    1.239427000    1.496867000
1180   -0.950000000   -0.491890000    0.430344300
1181   -0.950000000   -1.954841000    0.267228400
1182    6.012091000    0.470527400    0.955827900
1183   -0.950000000   -0.315730100   -0.233113100
1184    9.315819000    0.934772800    0.752972700
1185   -0.950000000   -1.302051000   -0.981817100
1186    4.082422000    0.249484200   -1.038922000
1187   -0.773279800    0.045270570   -0.551570000
1188   -0.880130200   -0.208758100    0.018263210
1189   -0.950000000   -0.062811910    0.035274150
1190   -0.950000000   -0.901867400    1.440478000
1191   -0.950000000   -1.719729000    0.233965100
1192    7.509852000    0.747125900   -0.901995600
1193   -0.950000000   -0.214720400   -0.208526100
1194   -0.950000000   -0.839531000    0.191569100
1195   -0.950000000   -0.354869700    1.017104000
1196   -0.950000000   -0.082489250   -0.895133600
1197   -0.950000000   -0.630133200    0.796187400
1198    0.337608100    0.025574950   -0.787132400
1199    2.260787000    0.277709700   -0.498137600
1200   -0.950000000    0.202326100    0.471148300
1201   -0.950000000   -1.167601000   -0.598654200
1202   -0.950000000   -0.367928600    0.181124900
1203   -0.950000000   -1.445806000    0.146572100
1204    1.537641000    0.366105300   -0.547521200
1205   -0.950000000   -0.424796300   -0.590031800
1206    4.600087000    0.780456800   -1.023915000
1207   -0.950000000   -1.397549000    0.526475900
1208   -0.950000000   -1.531184000   -0.904823500
1209   -0.950000000   -0.035098670    1.028838000
1210   -0.950000000   -0.653757500    1.098086000
1211   -0.950000000    0.143113200    1.088072000
1212    4.106615000    0.883382400    0.558977700
1213   12.138500000    1.025829000   -0.379565900
1214   -0.950000000   -1.174620000   -1.173020000
1215   -0.950000000    0.308184400    0.674438400
1216    9.607075000    0.355024700    1.057273000
1217    1.887884000   -0.868112600   -0.850739700
1218   20.895640000    1.710007000    0.155720600
1219   10.824370000    0.641482800    0.760553700
1220    4.091240000   -0.442352500   -0.576957800
1221   27.689510000    1.824248000    0.018652530
1222    3.719072000   -0.306731500    1.166479000
1223    7.582768000    0.309174700    0.994286500
1224    8.097958000    0.028017940   -0.131512200
1225   18.657430000    1.202271000    0.773690300
1226   11.006650000    0.156337600   -0.157175900
1227   16.407120000    0.839202800    0.188815000
1228    2.811196000   -0.340324200   -0.059455420
1229    1.797520000   -0.669072400   -0.841312400
1230    7.013637000    0.541929900    0.736194400
1231    7.451105000    0.338830800    0.752487900
1232   24.665900000    1.804170000   -0.276457400
1233    9.738342000    0.568881200   -0.437631100
1234    0.166132300   -0.386093700   -0.621554100
1235   -0.950000000   -0.296086500    0.549569800
1236   -0.137506600   -0.390897100    0.104091900
1237    6.206212000    0.616421100    0.677906600
1238   -0.950000000   -0.326191300    0.878456800
1239   14.612760000    1.176751000    0.725865500
1240   22.223760000    1.757252000   -1.996049000
1241   -0.950000000   -1.083799000    0.368761900
1242    6.476052000    0.377382500    1.359089000
1243    1.108782000   -0.363045500   -0.213748200
1244   -0.950000000   -1.116988000    0.169405000
1245   -0.950000000   -0.683460200    1.442271000
1246   -0.950000000   -0.305119700   -0.401043100
1247    2.673768000    0.229601300   -0.171363300
1248    5.076625000    0.353495700    0.015655000
1249   13.667380000    1.250467000   -0.387581000
1250   -0.950000000   -0.378152500   -1.550282000
1251   -0.950000000   -0.770693100   -0.026235170
1252   -0.950000000   -0.702739800   -0.403050600
1253   17.146790000    1.108636000   -1.855072000
1254    4.880433000    0.245077300    0.076114710
1255    4.104710000    0.287263200   -0.881650500
1256   12.970280000    1.095215000   -0.478449600
1257   -0.950000000   -1.007355000   -0.466696700
1258    9.187996000    0.825207700   -0.319719100
1259   22.784110000    1.655074000    0.517050000
1260    5.258471000    0.929236200    1.245685000
1261   -0.950000000   -0.932889200   -0.915802100
1262    3.126535000    0.430665500   -1.663313000
1263    3.079214000    0.504261000   -0.145425400
1264   -0.950000000   -0.235443100   -0.090098260
1265   -0.950000000   -0.100800100   -0.667867400
1266   -0.950000000   -0.272023800   -0.162048200
1267   -0.950000000   -0.587891200    0.717066000
1268   -0.950000000   -1.601221000    0.251496500
1269   -0.648305500    0.374638800    0.150886000
1270   -0.783779500    0.214114200    0.579931700
1271   -0.950000000    0.040799950    0.651336200
1272    2.709518000    0.720021100   -0.045733130
1273   -0.950000000   -0.722133400   -0.584119700
1274   -0.665633900    0.234674600    0.629642000
1275   -0.950000000   -0.810846600   -0.570932300
1276    6.329070000    0.729625600    1.177826000
1277   11.400490000    0.874813200    1.651529000
1278    6.184299000    0.048796450   -1.684067000
1279   14.901760000    1.629848000    0.288401900
1280    1.394471000   -0.065049020    0.168019300
1281   -0.118428600   -0.166468500   -0.765557100
1282   15.704710000    0.964019900   -1.186643000
1283   -0.950000000   -1.121935000   -0.103765100
1284   -0.950000000   -1.354570000    0.648795600
1285   -0.950000000   -1.142769000    0.681578900
1286    1.901467000    0.343462600    0.850883900
1287   12.592950000    1.100317000   -0.552734600
1288   -0.950000000   -0.512963900    0.733220800
1289   -0.950000000   -0.355059600    0.909112400
1290   -0.774453400   -0.371345100   -0.693790100
1291   -0.950000000   -1.773572000    1.257388000
1292    7.664908000    0.728588400   -0.846945400
1293   -0.950000000   -0.011291850    1.687134000
1294   19.725830000    1.552839000    1.262746000
1295   -0.950000000   -0.395297300    1.225334000
1296    3.558905000    0.306220800   -0.100320300
1297   -0.950000000   -1.021697000   -0.467623600
1298   -0.950000000   -0.326007300   -0.750220400
1299    2.114763000    0.101125100    0.572738900
1300   15.073530000    1.278540000   -0.767769900
1301   -0.950000000   -1.168857000    0.112323700
1302   -0.950000000   -0.992261200   -0.162654900
1303   15.467010000    1.848058000    1.206718000
1304    4.965341000    0.261396500   -1.570821000
1305    3.204328000    0.133773600    0.622219900
1306    0.103953500    0.075076990   -0.731202600
1307    6.968913000    1.284882000    0.548123900
1308   11.701640000    1.247151000    0.212866500
1309    4.276867000    0.429502700   -0.120761000
1310   -0.950000000   -0.223880500    1.151001000
1311   -0.950000000   -0.855623500    0.086961270
1312    5.353622000    0.629225500    0.508924500
1313   -0.950000000   -1.374188000   -1.247220000
1314   -0.950000000   -0.295718100    0.591137800
1315   -0.950000000   -1.021502000   -0.557912700
1316    4.007305000    0.644113400    0.473529800
1317   -0.950000000   -0.615776700   -1.910883000
1318   -0.950000000   -1.099851000   -1.885289000
1319   -0.950000000   -0.099546190    1.363916000
1320    2.240234000   -0.127206600   -1.396971000
1321   -0.950000000   -1.893318000   -0.113627000
1322   -0.950000000   -0.695542400    0.533853500
1323   -0.950000000   -1.084689000    0.102718500
1324   21.128820000    1.720425000   -0.549896100
1325   -0.950000000   -1.299070000    0.040989430
1326   -0.950000000    0.337743700    1.738776000
1327   -0.950000000   -0.110718600   -0.167478000
1328   -0.950000000   -0.107381200    0.842784700
1329    0.954198700    0.265480900    0.731468000
1330   -0.950000000    0.019498240   -0.313499400
1331    4.533254000    0.900333600    0.116980800
1332    8.206796000    0.900482100   -0.416581800
1333   -0.950000000   -0.385634200    0.068483240
1334   -0.950000000   -0.870140100   -1.025845000
1335    1.839493000    0.417984100   -0.398483000
1336   -0.950000000   -1.108226000   -0.380523300
1337   -0.950000000   -0.388163000   -1.402457000
1338   -0.950000000   -0.102786000    1.081675000
1339    6.769582000    0.897407500   -0.862018700
1340    9.598095000    1.214652000    0.502661800
1341   -0.950000000   -0.367072100    1.482215000
1342   -0.950000000   -0.716342700    0.565137600
1343   -0.950000000   -0.052963050    0.230338200
1344   -0.950000000   -0.851452400   -1.383818000
1345   -0.950000000   -0.560877000    0.098083110
1346   -0.950000000   -0.047647330    0.013605530
1347   -0.950000000   -1.529222000   -0.633952000
1348   18.845150000    1.495234000   -1.738704000
1349   -0.950000000   -0.201615200   -1.917483000
1350   -0.950000000   -0.341917800   -0.083534920
1351    2.963981000   -0.011612600    1.289757000
1352   24.268820000    1.924706000    0.527167900
1353    4.708193000    0.120163100   -0.703996500
1354    9.341337000    0.399728300    0.358150000
1355   -0.950000000   -0.872038100   -0.975166200
1356    4.941259000   -0.115892300   -0.436643100
1357   10.989790000    1.151141000    0.033156370
1358   10.026420000    0.410205700   -0.429010100
1359    3.850325000   -0.154900000    1.150502000
1360    7.138695000    0.080495390   -0.501875800
1361   -0.950000000   -0.427595200    0.090044500
1362   14.038140000    0.988333300   -0.218856700
1363    8.467669000    0.765969600    0.216426600
1364    7.092461000    0.623015600    0.407209700
1365   14.520560000    1.363791000    0.558461800
1366   -0.950000000   -1.055028000    0.726542400
1367    7.245558000    0.712550100    0.475319300
1368    4.041774000    0.348840500   -0.348582800
1369   22.949090000    1.565929000   -0.081638920
1370   -0.950000000   -0.230722000    0.942892600
1371   -0.950000000   -0.506731900   -0.023633850
1372   -0.126690500   -0.200427700   -0.533523500
1373   -0.950000000   -0.594601700    0.804914000
1374    2.266844000   -0.023247340   -0.601280700
1375   11.197540000    0.515597600   -1.265540000
1376   11.420970000    1.106404000   -0.823176400
1377   15.267640000    1.409388000    0.118362700
1378   20.097420000    1.338129000   -1.215539000
1379    6.818477000    0.641769600    0.022180330
1380    3.411666000    0.134002900   -0.249708700
1381   -0.950000000    0.281306300   -1.460088000
1382   -0.950000000   -1.068512000   -1.537558000
1383   -0.950000000   -0.847985500   -1.745432000
1384   -0.950000000   -0.766794000    0.513878100
1385   -0.950000000    0.232019500    0.498854900
1386   -0.950000000   -1.043312000    0.404383800
1387   -0.950000000    0.088964710   -1.222721000
1388   -0.950000000   -0.653765700    0.704618700
1389   -0.950000000    0.410602000   -0.185986900
1390   -0.950000000    0.253551500   -0.733213000
1391   -0.950000000   -1.112026000   -1.775048000
1392   -0.950000000   -0.459337200   -1.698039000
1393   -0.950000000    0.423002000   -0.130974300
1394   -0.950000000   -0.103860200   -0.045889660
1395   -0.950000000   -1.506064000   -1.437375000
1396    4.784928000   -0.142836400   -0.491424800
1397    6.850304000    0.169388700   -0.244865600
1398    1.221667000   -0.256139600    0.208118600
1399    3.952459000   -0.164357900    0.032044020
1400    8.325087000    0.462562600    0.134940600
1401   -0.950000000   -0.599326100    0.090375950
1402   12.508250000    0.564396300    1.936400000
1403    9.662001000    0.537252200   -0.664814900
1404   -0.950000000   -0.569087800    1.149009000
1405    2.833990000   -0.446295500   -1.204678000
1406   -0.950000000   -0.638341600   -0.049282980
1407    8.996070000    1.134950000    1.960522000
1408   -0.950000000   -0.650041200    1.290730000
1409    4.825180000    0.154264500   -0.055244450
1410    0.161162200   -0.124495300    0.231718200
1411    1.333297000   -0.027969790    0.867131900
1412   13.968560000    1.364716000   -0.450961800
1413   11.349360000    0.743971700   -0.385749400
1414   -0.950000000   -1.596538000   -0.028099280
1415   13.710030000    1.636908000    0.671583300
1416    7.219583000    0.404954100   -0.297643500
1417   -0.950000000   -0.071773710    0.712600600
1418    2.387231000    0.086508130    0.033272970
1419   25.679260000    1.583212000   -1.695562000
1420    1.045405000   -0.066845750   -0.352990900
1421   14.032570000    1.763201000   -0.171027200
1422   -0.950000000   -1.005592000   -0.018517380
1423    6.831516000    0.214066800   -1.199671000
1424   13.262320000    1.200952000   -0.955775700
1425   -0.950000000   -0.391261400   -0.304932300
1426   -0.950000000   -0.201449000    0.628649000
1427    2.323856000    0.384580100   -0.670681300
1428    2.083904000    0.439702200   -0.824919600
1429   -0.950000000   -0.909630200   -1.703276000
1430   -0.950000000   -0.824613100   -1.859103000
1431   -0.950000000   -1.187226000    0.963957800
1432   -0.950000000   -0.046935290    0.588663300
1433    6.070628000    1.057272000   -0.212309900
1434   -0.538025100    0.377287100   -0.074486640
1435   -0.950000000    0.021355080    0.320284300
1436   -0.950000000    0.143694100    1.023715000
1437    2.266688000    0.341582700   -0.619781800
1438   -0.950000000   -1.570434000   -0.630678400
1439   -0.950000000   -0.374953900   -1.023862000
1440    4.671649000    0.858041700   -0.677012300
1441   14.488180000    1.297465000   -0.600303400
1442   -0.950000000    0.360436800   -0.295648200
1443   11.668370000    1.315881000    0.467602900
1444   -0.950000000   -1.888158000   -0.104475600
1445    8.127963000    1.380340000   -0.446277000
1446   -0.950000000   -0.300015700   -0.462579300
1447   -0.950000000   -0.453743200   -1.376567000
1448   -0.950000000   -0.655052900   -0.353722800
1449   -0.950000000   -0.179651300   -0.314251100
1450   -0.950000000    0.270108800    1.120442000
1451    6.367222000    0.976863800   -0.827976600
1452    0.460331300    0.445995000   -0.803721500
1453   -0.950000000    0.011174830   -0.127003700
1454   -0.950000000   -1.713763000    1.699270000
1455   -0.950000000   -1.517373000   -0.361831500
1456   -0.950000000   -0.819065100   -1.849099000
1457   14.084770000    1.153173000    0.339910300
1458   18.172940000    1.371782000   -0.509773900
1459   -0.950000000   -0.045652660    1.156183000
1460    5.838678000    0.188755700    1.340749000
1461    6.618319000    0.483123200   -0.138756300
1462   -0.950000000   -1.200873000   -1.001983000
1463    1.268643000   -0.090850420    0.418728300
1464   -0.950000000   -0.992870300    0.159303700
1465    4.374701000    0.638744800    1.278248000
1466   -0.950000000   -1.095331000    1.020672000
1467   -0.950000000   -1.858475000   -0.084066960
1468    6.643796000    0.460883900    0.934429400
1469    6.732093000    0.785232100    1.951665000
1470   10.548020000    0.604588000   -0.798765400
1471   -0.950000000   -0.963026000    1.599065000
1472    7.090243000    0.627464500   -0.994321400
1473    8.029739000    1.257590000   -0.158197200
1474    4.720347000    0.937970400    0.852945800
1475   -0.950000000   -0.942694700   -1.628379000
1476    7.753596000    1.521145000    0.707253800
1477   -0.950000000   -0.760474500    0.667338000
1478   -0.950000000   -0.915024500    1.085349000
1479   -0.950000000   -1.619620000   -0.651177500
1480   -0.950000000   -0.799673400   -0.835473500
1481   -0.950000000   -0.733152200   -1.091363000
1482   -0.950000000   -0.381457900   -0.892473200
1483    6.426097000    1.048968000   -0.070987980
1484   -0.950000000    0.372065600    0.987358600
1485   -0.950000000    0.211982300    1.159575000
1486   -0.950000000   -0.982155900    1.162423000
1487   -0.950000000   -0.401696300    0.680900300
1488   -0.950000000   -0.464934700    0.605874600
1489   -0.950000000   -0.389316100   -0.142342900
1490   -0.950000000   -0.573384800   -0.385173200
1491   -0.950000000   -0.132507300    1.357084000
1492    3.108968000    0.021597530   -0.042125910
1493   -0.950000000   -0.451521800    0.337351700
1494    9.759764000    0.923873600    0.366078100
1495   -0.172250900    0.856390500    1.600522000
1496    8.202909000    0.618656200    0.300704900
1497   -0.950000000   -1.537098000   -0.196618400
1498   -0.950000000   -0.782073600    0.156480700
1499   -0.950000000   -1.287122000    0.315884400
1500   18.223350000    1.289805000   -1.280858000
