*y  x1  x2
   1   -0.950000000    0.085146220    1.614032000
   2   -0.950000000   -0.610040700   -0.390262300
   3    4.774340000    0.022291710   -1.120805000
   4   -0.950000000   -0.699458200    0.559449400
   5    7.089752000    0.410857000   -0.628388000
   6   -0.950000000   -0.777706200   -1.260379000
   7   13.899320000    0.971670000   -0.214485200
   8   -0.950000000   -0.576885500    0.247553200
   9   -0.950000000   -0.311039200    0.465900300
  10    3.025374000   -0.012144230   -0.284005200
  11   12.677040000    0.885641200    1.153254000
  12    3.889696000    0.039430400   -0.407435100
  13   -0.950000000    0.329932900    1.490953000
  14    6.015314000    0.376623800   -0.085154760
  15   22.920370000    1.615961000    0.448296400
  16   23.785530000    1.777558000   -0.273200000
  17   -0.327985400   -0.325876000   -0.996179800
  18   -0.950000000   -0.166952100   -0.316590000
  19   -0.950000000   -1.161914000   -0.318844300
  20   -0.950000000   -0.584146000    0.353048400
  21   12.665640000    1.854508000    1.090778000
  22   -0.950000000   -1.461928000   -0.727784700
  23    8.595721000    0.903968700    1.082072000
  24   17.016630000    1.442630000    0.746068600
  25   10.686130000    0.856572500    0.798677800
  26   14.116290000    1.356314000    0.067274260
  27   -0.950000000   -0.229120300    0.535456100
  28   -0.950000000   -1.659072000   -0.976764500
  29   -0.950000000   -1.978327000    0.195080400
  30    2.270286000    0.371686400    0.342954300
  31    2.380966000    0.645012200    1.197177000
  32    5.769134000    0.568096600    0.143234700
  33   -0.950000000   -0.097707820    1.078648000
  34   -0.950000000   -1.036426000   -1.151953000
  35   -0.950000000   -0.897273300   -0.165196700
  36   17.215470000    1.433494000   -0.701946800
  37    4.131667000    0.494575300    0.318052000
  38   -0.950000000   -0.386442600   -0.590350500
  39   -0.950000000   -0.047358360    1.648760000
  40    1.498024000    0.048227250    0.661209200
  41   -0.950000000   -1.672993000   -0.241802900
  42   -0.950000000   -1.298061000   -0.031454460
  43   12.623850000    0.786474500   -1.793021000
  44    8.487485000    0.665516100    0.707701200
  45   -0.950000000   -0.488540300   -1.386359000
  46   -0.950000000   -0.729944200    0.835300100
  47   -0.950000000   -0.676546400   -0.109405300
  48   -0.950000000    0.368813700    0.163920300
  49   -0.950000000   -1.081432000   -1.343284000
  50   -0.950000000   -1.308715000   -0.850248200
  51   -0.950000000   -0.779439200    0.290758800
  52   -0.950000000   -0.478783500    0.055735390
  53   -0.950000000   -1.200549000   -1.798056000
  54   -0.950000000   -1.511589000    0.629828700
  55   -0.950000000   -0.680916800   -1.399188000
  56    9.122843000    1.837405000    0.662974900
  57    0.035463860    0.736027100    0.172957400
  58    4.202936000    0.892125500    0.287893400
  59   -0.950000000   -0.116989200   -0.366496000
  60   -0.950000000   -0.244055100   -1.081421000
  61   11.200860000    0.544180600   -1.305550000
  62    6.984583000    0.122993200   -1.246545000
  63    2.461609000    0.253623500    1.635710000
  64   10.840630000    0.093505910   -1.689297000
  65   13.635270000    1.144892000    1.157964000
  66   11.331570000    0.935574100    0.303006000
  67    8.294537000    0.499473200   -0.080950630
  68    8.704958000    0.184001400   -1.723492000
  69   17.629380000    1.736198000    0.552422000
  70    7.480648000    0.861161400    0.863597000
  71   13.216070000    0.831078500    0.493535500
  72   17.970570000    1.715442000    0.351152000
  73   11.435090000    0.635849600    0.172109900
  74   -0.950000000   -1.565318000    1.246943000
  75   -0.950000000   -0.746236600    0.455103800
  76   -0.950000000   -0.380174100   -0.146332700
  77    3.662629000    0.634201700    1.111226000
  78   -0.467004700   -0.038931680    0.750397600
  79    4.160068000    0.405048000   -0.642089100
  80   -0.590574700   -0.072934650   -0.888989300
  81   17.964020000    1.629436000   -0.457554600
  82    0.614364300   -0.037163360   -0.753766200
  83   -0.950000000   -0.161044600    0.226791300
  84   -0.950000000   -0.324185600    0.425990400
  85    6.421457000    0.544452000   -1.140778000
  86   -0.950000000   -0.804925100   -0.300439500
  87    1.314954000    0.144023000   -0.893428200
  88    6.412983000    0.790279600   -0.084399900
  89    0.413732100   -0.016853000   -0.515544900
  90   -0.950000000    0.024337590    0.913733500
  91    7.113923000    0.924040300   -1.468761000
  92   -0.950000000   -0.570105200   -0.216922300
  93   -0.950000000   -0.240195000    0.448138400
  94   -0.950000000   -1.336942000   -0.121883600
  95   -0.950000000   -1.879199000   -0.212373300
  96   -0.950000000   -0.512337300   -0.412486900
  97    4.212943000    0.962414100    0.956998800
  98   -0.593932700    0.483709800    0.278536600
  99   -0.950000000   -0.806854900   -0.333491900
 100   -0.950000000   -1.623225000    0.916561300
 101   -0.950000000   -1.621531000    1.151813000
 102   -0.950000000   -0.562043800   -0.530457900
 103   -0.950000000    0.295788000   -0.082422650
 104   -0.950000000   -0.362761000   -1.094260000
 105    9.862119000    1.207154000   -0.689000200
 106   -0.950000000   -0.849341300   -0.717929200
 107   13.599280000    0.921234700   -0.709810700
 108   -0.950000000   -1.804403000    0.187902400
 109   11.523460000    0.835494700   -0.809851900
 110   -0.950000000   -0.427100700    1.261548000
 111    4.267595000    0.708507500    1.365631000
 112    6.351821000    0.429341500   -0.216685600
 113    3.548512000    0.426474300    1.429863000
 114   -0.950000000   -1.379180000   -0.449688400
 115   -0.950000000   -0.665909400   -0.923230700
 116    3.287157000    0.761082100    1.190079000
 117    8.482522000    0.893768100   -0.126624600
 118   -0.950000000   -0.465923400    0.635759300
 119    3.592849000   -0.315795700   -1.585843000
 120    2.151543000    0.649996700    0.855900300
 121   -0.950000000   -0.436229900    0.834304400
 122   -0.950000000   -0.199626800   -1.671368000
 123   -0.950000000   -0.819007500    0.208904000
 124   -0.950000000   -1.621950000   -1.385105000
 125   -0.950000000   -0.204446900    0.392099100
 126   -0.950000000   -1.924196000    0.636628000
 127   -0.950000000   -0.248647300    0.601338700
 128   -0.950000000   -0.663648900    0.815513800
 129   -0.950000000   -0.836477700    1.562398000
 130   -0.950000000   -0.852614700   -0.874293900
 131   -0.950000000   -0.205356900   -1.593625000
 132   -0.950000000   -1.919490000   -0.429997600
 133   -0.950000000    0.491984400    0.640468700
 134   -0.950000000    1.283600000    1.326248000
 135   -0.950000000   -0.662112500   -0.233165300
 136   -0.950000000   -0.734229100   -1.360559000
 137   -0.950000000   -0.971995800    0.680923100
 138   -0.950000000   -0.747884100    1.542724000
 139   -0.950000000   -0.863308900    0.243194500
 140   10.265070000    1.772054000    0.263690300
 141    6.703458000    0.647863300   -0.488435200
 142   -0.950000000   -1.186407000   -1.084682000
 143    2.649655000    0.775714900    0.224607600
 144   -0.950000000   -0.406145700   -0.483577600
 145   16.580750000    1.376573000   -1.929882000
 146   -0.950000000   -0.762592400    1.115775000
 147   -0.950000000   -0.457291900   -0.133539800
 148   -0.950000000   -0.284814800   -0.643257600
 149   -0.950000000   -0.488196900   -0.729995900
 150    3.399252000    0.582275400   -0.945805100
 151    5.749946000    0.667421500   -0.295081000
 152   -0.950000000   -0.555676700   -1.333560000
 153   13.776790000    1.013800000   -0.846557400
 154   -0.950000000   -0.170040000   -1.602764000
 155   -0.950000000   -0.281199700   -0.295508900
 156    0.089034070    0.105204600   -0.268542900
 157    7.074098000    0.725011500   -0.335480000
 158   -0.950000000   -1.136141000    0.490237000
 159   18.462530000    1.874889000    0.509244900
 160   -0.950000000   -0.247442600   -0.221590500
 161   -0.950000000    0.170221400    1.484992000
 162   -0.950000000   -0.515436100    0.769368900
 163   -0.950000000   -0.747281300   -0.106265400
 164   -0.950000000   -0.677986600   -1.284751000
 165   10.655660000    0.733046000   -0.275381900
 166    7.428297000    0.634120800   -0.495451900
 167    4.192860000    0.475690200    0.092784670
 168   18.423310000    1.768484000   -0.247024100
 169   -0.950000000   -0.684709300   -1.729771000
 170   -0.950000000   -0.439141100    0.014533260
 171    0.377423700    0.129874800   -0.013378850
 172   -0.950000000   -0.442970900   -1.525854000
 173   -0.950000000   -0.619543200    0.606248300
 174    3.669915000    0.782498700    0.862792200
 175   -0.950000000   -0.723584400    0.679941000
 176   13.786230000    1.492276000    1.001636000
 177   -0.950000000   -0.721164400    0.742324800
 178   -0.950000000   -0.623855300   -1.180324000
 179   -0.950000000   -0.091241990   -0.426828400
 180   -0.604215100    0.146353100    0.013451860
 181   -0.950000000    0.347006700    0.855741200
 182    8.504739000    0.863010900   -0.539607700
 183   -0.950000000   -0.597944300   -1.059339000
 184   -0.950000000   -1.773614000    0.691204400
 185    0.387742100    0.275920000    0.448441400
 186    2.481407000    0.193565400   -0.937599200
 187   -0.950000000   -1.483393000   -1.389270000
 188   -0.950000000   -0.928501500    0.191033500
 189   -0.950000000    0.321014200    0.663004700
 190   -0.950000000   -0.892406000   -0.105482300
 191   17.271910000    1.445400000    0.875299800
 192    7.770149000    0.757753300   -0.886336300
 193   -0.950000000   -0.382613400   -0.280502000
 194   -0.442230300    0.135822100    0.470955600
 195    5.290884000    1.444501000    0.750397900
 196    0.168765300   -0.027127570    0.709448400
 197   -0.950000000   -1.614393000   -0.981151400
 198   18.562170000    1.899459000    1.507697000
 199    0.806495200   -0.168549300   -1.391527000
 200   -0.950000000   -1.980991000    0.447390100
 201    2.551006000    0.086860550   -0.276545200
 202   -0.950000000   -0.225637800    0.222524200
 203   -0.950000000   -0.244893400   -1.019591000
 204   -0.950000000   -0.271678800    0.610052600
 205   -0.211919800   -0.081930170    0.248482900
 206    6.239136000    0.642710200    0.969997900
 207   -0.950000000    0.311078200    1.285258000
 208    2.619632000   -0.176220200   -1.026155000
 209    9.341358000    0.639536900   -1.155385000
 210    4.738676000    1.198426000    1.083195000
 211    3.724615000    0.520859900   -1.951902000
 212    0.680923300   -0.243958900   -1.046335000
 213    1.560178000   -0.426789100   -1.507393000
 214    5.859514000    0.376383600   -0.783861300
 215   -0.950000000   -0.411253500   -0.218913600
 216   -0.950000000   -0.050743750    1.472907000
 217   10.392910000    0.848259700    0.640573500
 218    5.700684000    0.909731600    1.064452000
 219    5.144472000    0.949586800    1.369260000
 220   -0.950000000   -0.725969100   -0.777234800
 221   -0.950000000    0.083712110    0.706327300
 222    6.027334000    0.683720200    0.845413400
 223   17.245580000    1.359649000   -1.990185000
 224   -0.950000000   -0.998676100    0.275056400
 225    1.479094000    0.002935069    0.207626700
 226    8.635311000    0.933297900    0.747043000
 227   13.719070000    1.545688000    0.961668300
 228   -0.950000000   -1.253697000   -0.822331500
 229    7.990340000    0.676013800    0.241981600
 230   16.051960000    1.042530000   -0.885769400
 231    3.374848000    0.222627800    0.009028264
 232   10.976620000    0.753808900   -0.276891700
 233   -0.950000000   -0.267504400    1.605940000
 234   11.432410000    0.834156500    0.225739500
 235   -0.950000000   -0.839130600    0.894582500
 236    3.488918000    0.182869600   -1.623653000
 237   -0.950000000   -0.767903100   -1.413163000
 238    8.814322000    0.524489500    0.204742500
 239   -0.950000000   -1.281530000    0.576156100
 240   -0.950000000   -0.236517900   -0.005663448
 241   -0.950000000   -0.969598900   -0.940161900
 242    3.473670000    0.270576200   -1.404830000
 243   -0.950000000   -0.327688300    1.512624000
 244    1.547962000   -0.123394200   -1.839644000
 245    9.408335000    0.838248400   -0.948192600
 246   -0.950000000   -0.970619200   -0.288321300
 247   10.185240000    1.335961000    1.065663000
 248   -0.950000000   -0.747875400    0.619026700
 249   10.569370000    0.767113600    0.399407400
 250    1.545500000   -0.077330370   -1.934847000
 251   -0.950000000    0.017968370    1.601917000
 252    8.730010000    0.767813500   -0.332898000
 253   -0.950000000   -0.118074200    1.352147000
 254   -0.950000000   -0.046217540    0.470191600
 255    0.683363000    0.112856000   -1.079021000
 256   -0.950000000   -1.522230000   -0.544031300
 257   -0.950000000   -0.123257000    1.060831000
 258    3.544085000    0.373974900   -0.863837000
 259    1.972702000    0.186612400   -0.605700700
 260   -0.950000000   -0.265466800   -0.724218000
 261    4.270544000    0.308322700   -0.957598200
 262   -0.950000000   -1.663632000   -0.129676000
 263   12.435570000    1.388073000    0.527533700
 264    2.876451000    0.382432900   -0.092157990
 265   -0.950000000   -0.974907100   -0.621011700
 266    5.440979000    0.890810600    0.024945560
 267   -0.950000000   -0.484084800    1.853975000
 268   -0.950000000   -0.017358400    0.343194300
 269   -0.950000000   -1.473143000   -0.119149800
 270    3.697750000    0.346022000   -0.700082200
 271    5.709225000    0.383164600    0.103533200
 272    2.767207000    0.242738800   -0.766433000
 273   -0.407125500    0.178213900    1.130076000
 274   14.200810000    1.193196000   -0.990202100
 275   -0.950000000   -0.473007500    0.234595200
 276   -0.950000000   -1.352778000    1.483516000
 277    2.567931000    0.613782600    1.461343000
 278   -0.950000000   -0.582671300   -0.455559400
 279   -0.950000000   -1.017525000    0.308934400
 280   -0.950000000   -1.941551000    0.492844800
 281   10.979110000    1.001706000    0.070525330
 282   -0.950000000   -0.208314700    1.321421000
 283   -0.950000000   -1.801634000    0.162182700
 284   -0.950000000   -0.805203300    1.779363000
 285   -0.950000000   -1.163503000    0.563397000
 286    1.197184000   -0.085452080    0.229680100
 287    8.465708000    0.595650400   -1.130529000
 288   -0.761952600    0.020115810    0.896381700
 289   -0.950000000   -1.341832000    1.450803000
 290   -0.950000000   -1.145933000   -0.347623000
 291    6.104091000    0.421249800    0.485623000
 292   13.788880000    1.280173000    1.611249000
 293    4.094586000    0.325982600    0.070037450
 294    9.379852000    0.683870200   -0.269952100
 295    0.348225400    0.064531340    1.407667000
 296   -0.950000000   -0.361342900    0.160850600
 297    6.814033000    0.618940100    0.017634320
 298    3.692462000    0.235938300    0.135119400
 299   -0.950000000   -1.464173000   -0.803104900
 300    2.255996000    0.198285800    0.269567400
 301   -0.950000000   -0.081909360    0.454803500
 302    4.789608000    0.658034800   -0.185787700
 303   -0.950000000   -0.216657300   -0.110205900
 304   -0.950000000   -0.172936600   -1.880994000
 305    2.769982000    0.369785600    0.196249400
 306   14.290730000    1.245254000   -0.632336600
 307    0.909875700    0.148088900    0.293443300
 308   -0.950000000   -0.712565400   -1.878519000
 309   -0.749279600    0.207130100    1.071393000
 310   16.414180000    1.179403000   -1.674966000
 311    1.294143000    0.097520610    0.014805630
 312    5.280454000    0.854265400    1.668399000
 313    3.673514000    0.297682500   -1.018565000
 314   -0.950000000   -0.645762000    0.387288800
 315   -0.950000000   -0.354495800    0.103414500
 316   -0.950000000   -0.385033400   -0.151760100
 317   -0.950000000   -1.113504000    1.727442000
 318   23.901810000    1.990014000    0.959489000
 319   -0.950000000   -0.064826530    0.629045300
 320    0.991895100    0.132435500   -0.364107000
 321    7.251950000    0.353524800   -1.098298000
 322   -0.950000000   -0.030619020    1.065489000
 323    9.867452000    0.728760800   -0.967132800
 324   -0.950000000   -1.418618000   -0.406007600
 325   -0.950000000   -0.562257900   -0.462469100
 326   -0.950000000   -0.547644200   -0.058532560
 327   -0.950000000   -0.512827100    0.650462500
 328   -0.950000000   -0.868661100    0.454164800
 329    7.206075000    0.534419200   -0.299063300
 330    9.488705000    0.554413500   -1.244534000
 331   17.719410000    1.056323000   -1.259664000
 332    0.335169000    0.292862700    0.901801200
 333    5.212875000    0.243863100   -0.429842700
 334    0.318685400   -0.078123760    0.406977200
 335   -0.950000000   -0.604267700    0.524277100
 336   12.031970000    1.058309000   -1.722012000
 337   -0.950000000   -0.589798400    0.940249100
 338   10.843030000    0.553535300   -0.245199900
 339   -0.217188500   -0.359077200   -0.359912600
 340   -0.950000000   -0.615048100    0.352261000
 341   -0.950000000   -1.423112000    0.451150900
 342   13.930310000    1.004870000   -0.923318500
 343   11.607670000    1.132287000   -0.482532400
 344    4.526343000    0.308711500    0.101907200
 345    8.823680000    0.782348100    0.170295200
 346   -0.950000000   -0.845282700   -1.858809000
 347   16.407240000    1.891862000   -0.128153700
 348    1.837352000    0.227289800    0.530284800
 349   -0.739360900    0.043657800    1.211565000
 350   11.189730000    0.706941400   -0.250646900
 351    1.874688000   -0.041900670   -0.502046300
 352    7.480194000    1.448391000    1.274150000
 353   -0.950000000   -0.749134400    0.752569700
 354    3.830650000    0.551836900    0.870037800
 355   -0.950000000   -0.982590700   -0.559287600
 356    1.497070000    0.148642500   -0.130126200
 357   -0.950000000   -0.941217900   -0.671009900
 358   -0.950000000   -1.250839000   -0.298198300
 359    6.967726000    0.570327700   -0.386480900
 360    4.287398000    0.309224400    0.267934000
 361   -0.950000000   -0.155602000    0.108640800
 362    9.559960000    1.002857000   -0.221068700
 363   -0.950000000   -0.722960600    1.418244000
 364   -0.950000000   -0.102075200   -0.280794300
 365    5.562351000    0.631205500    0.776346500
 366   -0.950000000   -1.239080000   -1.205337000
 367   -0.950000000   -0.856887900    0.457934700
 368   -0.163768000    0.078476530    0.270261600
 369    6.088803000    0.864806000    0.376651600
 370   -0.950000000   -1.862521000    0.126040600
 371    2.193576000    0.621519200    1.353200000
 372   -0.950000000   -0.134470300   -0.136689300
 373    0.864837200    0.095759400    0.025625480
 374   -0.950000000   -1.136394000    0.279736300
 375    6.676545000    0.412307400    0.267055400
 376   10.655470000    0.780622200    0.538450800
 377   18.329260000    1.654070000    0.610836900
 378    1.657853000    1.448557000    1.713236000
 379    0.167228700   -0.176234400    0.140297200
 380   -0.950000000   -1.392157000    1.172262000
 381   10.825300000    0.797263500    0.168813700
 382   -0.950000000   -0.839430200    0.066008600
 383   -0.950000000   -0.449674600    0.295895500
 384   -0.950000000   -1.003123000    1.022320000
 385   23.154190000    1.672605000   -0.846456100
 386    0.699318100   -0.065605370    0.013984660
 387    4.360763000   -0.227850400   -1.745147000
 388   -0.950000000   -1.186552000   -0.806701300
 389   13.427900000    1.318790000    0.059998940
 390   -0.950000000   -0.165712600    0.607101400
 391   -0.950000000   -1.072828000    0.725899500
 392    9.040256000    0.562933700    0.056221430
 393    7.410191000    0.351906900   -0.039790480
 394    6.426524000    0.628050700   -1.962179000
 395   13.545450000    0.871097700   -1.155650000
 396    8.848114000    0.446525000   -0.190073100
 397   -0.950000000   -0.989288700   -0.630651400
 398   -0.950000000   -0.632827600    1.776347000
 399    3.527031000    0.056393060    0.143530600
 400   15.900400000    1.017296000   -1.019114000
 401   17.796760000    1.414736000    0.864565800
 402   -0.950000000   -1.688588000    0.269454100
 403   -0.464466400    0.446295700    1.078509000
 404   -0.513828300   -0.094454930    0.249430900
 405    7.988755000    0.471438200   -1.592198000
 406   -0.950000000   -0.621144600   -0.239231500
 407   19.501000000    1.404093000   -1.125297000
 408    4.094272000   -0.022611520   -1.041843000
 409   -0.950000000   -0.766267000    0.278013400
 410   -0.950000000   -0.926297200    1.310476000
 411    4.981000000    0.448540000    0.742477000
 412   -0.950000000   -0.582521100    0.994531000
 413    7.958549000    0.378939400    1.139703000
 414    8.044184000    0.229051700   -1.369401000
 415   17.571390000    1.427649000   -1.551965000
 416   10.619220000    0.719500900    0.466738400
 417    0.120193300    0.039602830    0.559148100
 418    8.424685000    1.396777000    0.958114700
 419   12.263730000    0.779900500    0.004169119
 420   11.401630000    0.626250600   -1.512815000
 421    6.261547000    0.271576200   -1.768279000
 422   -0.184980400   -0.142543700   -0.089567410
 423    8.423825000    0.519260100   -0.564608000
 424   -0.950000000   -0.412134700   -1.736495000
 425    0.739333300   -0.084071870   -0.574881500
 426    8.949008000    0.708232100   -0.303032300
 427    7.482230000    1.020642000    0.515449800
 428    4.713488000    0.259061700    1.125840000
 429    8.845952000    0.997799100    0.580848300
 430   -0.950000000   -1.539636000   -0.873242400
 431   11.806130000    1.267478000    0.672451000
 432    3.309868000    0.428666200   -0.194783700
 433   -0.950000000   -0.342622300    1.019761000
 434   12.812330000    1.313704000    0.552010200
 435   -0.950000000   -0.361517500    0.408926700
 436   -0.138011700    1.304305000    1.762389000
 437   -0.950000000   -0.940427000   -0.390506300
 438    4.005329000    0.559216100    0.176493500
 439   -0.950000000   -0.907749000    0.378926500
 440   -0.950000000   -0.275735300   -0.561591200
 441   12.144500000    1.214551000   -0.741648400
 442   -0.950000000   -0.183593700   -0.789935000
 443    5.100059000    0.898879100   -0.548808200
 444   -0.950000000   -0.320304100    1.739994000
 445    1.446175000    0.044378460   -0.436392600
 446   -0.841074100   -0.315718900   -1.367521000
 447   11.273880000    1.615924000    0.638834700
 448   -0.950000000   -1.403871000   -0.886070600
 449   -0.950000000   -1.073424000   -0.008963798
 450   -0.950000000   -1.870021000    1.100946000
 451   -0.950000000   -0.300716500    0.015303030
 452   13.689610000    0.936500000   -1.618960000
 453   13.198720000    1.061050000   -0.413222500
 454    1.703362000   -0.059420940    0.110918100
 455   24.205440000    1.968618000   -1.208967000
 456    5.850225000    0.719148600    0.153397600
 457   22.716130000    1.488700000   -1.507635000
 458   -0.950000000   -0.410756800    0.191405200
 459   -0.950000000   -0.161814900    1.305995000
 460   -0.950000000   -0.500097600   -0.305625500
 461   -0.950000000   -0.689456300   -0.006858365
 462   -0.950000000   -0.744221900    0.043739470
 463   -0.950000000   -0.601777800    0.453944400
 464   -0.950000000   -0.680143000    0.784657300
 465   -0.950000000   -1.229837000   -0.396539100
 466    6.091066000    1.168068000    0.920355500
 467    1.128245000    0.003057209   -0.226073000
 468    4.774448000    0.277464500   -1.360425000
 469   -0.950000000   -0.939052500   -0.082664630
 470   -0.950000000   -0.136358100    0.591617400
 471   -0.950000000   -0.442591800   -1.023064000
 472   -0.950000000   -0.592991100    1.136089000
 473    4.116536000    0.418412400    0.630801100
 474   -0.079952820   -0.051775810    0.427354900
 475   -0.950000000   -0.691129900    0.404707800
 476    2.699861000    0.292446100    0.352436100
 477   11.075010000    1.686950000   -0.814932100
 478   -0.950000000   -1.277038000   -1.236003000
 479    4.876603000    0.416793900   -0.029854280
 480    3.747054000    0.220281500   -0.981012600
 481    0.887381600    0.234017800    0.710005500
 482   -0.950000000   -0.893496100    0.030665080
 483   -0.950000000   -0.919403700   -0.874112100
 484    2.930525000    1.558569000    1.455102000
 485   -0.950000000   -1.034671000    0.519789200
 486   11.039550000    1.116302000    0.252189700
 487    6.651992000    0.914160000    0.879046200
 488   -0.950000000   -0.437613500    0.179361200
 489   -0.950000000   -0.116524600    0.398121500
 490   -0.950000000   -0.388275300    0.705864200
 491   -0.950000000   -0.621568900   -0.213720500
 492    9.574082000    0.818279500   -1.101264000
 493   -0.950000000   -0.194108800   -0.047094350
 494   -0.950000000   -0.845690900   -1.622437000
 495   -0.950000000   -0.810794400   -0.584159600
 496    5.753824000    0.869063000   -0.865995500
 497   -0.950000000   -0.412620900    0.421570200
 498   -0.950000000   -0.190883900    0.266810500
 499   -0.950000000   -1.857498000   -1.765351000
 500   -0.950000000   -0.381082800    0.303409300
 501   11.346670000    1.235831000   -0.263643200
 502   -0.950000000   -0.335139100    0.052862580
 503   -0.950000000   -1.031520000   -0.313476100
 504    8.801406000    0.534397300   -1.163612000
 505   -0.950000000   -0.423878700   -1.267456000
 506   -0.950000000   -0.994276500    0.637239300
 507   -0.950000000    0.401646600    1.012822000
 508    0.489438900    0.114894600   -0.699003800
 509   -0.950000000   -1.695337000    0.327704900
 510   -0.950000000   -0.357668900    0.040213830
 511   -0.950000000   -0.560162800    1.114994000
 512   16.778080000    1.706861000    1.532062000
 513    4.544864000    0.339167100    0.465239100
 514   -0.950000000   -0.554099700   -1.207327000
 515   -0.950000000    0.551156900    1.920047000
 516   10.293620000    1.064547000    0.206046200
 517   -0.950000000   -1.288585000    0.704509000
 518   -0.950000000   -1.067759000   -0.534038200
 519    9.635212000    0.744117900   -0.073030130
 520   12.718710000    1.493853000    0.535290800
 521    5.505462000    0.209702900   -0.248160300
 522   -0.950000000   -1.203851000   -0.038268640
 523   23.294890000    1.737091000   -0.440449400
 524   11.549340000    0.577314800   -1.134485000
 525    0.840112400   -0.047737290    0.474965600
 526   -0.950000000   -0.406255200   -0.707266200
 527   -0.950000000   -0.410854900   -0.957429800
 528   -0.950000000   -0.423009900   -0.069271980
 529   -0.950000000   -0.491431600    1.977874000
 530   -0.950000000   -0.564839000   -0.566571900
 531   18.183430000    1.302378000   -0.165464600
 532   -0.950000000   -0.351903500    0.823075300
 533   -0.950000000   -0.975063000   -0.223901400
 534   -0.950000000    0.126764600    1.514532000
 535   12.032370000    1.690277000    0.323443900
 536   -0.950000000   -1.862743000   -0.523101000
 537   -0.950000000   -0.356988600    1.955706000
 538    2.473942000    0.148971900    1.203121000
 539   -0.950000000   -0.428477900   -0.269916600
 540    0.690828900    0.024516170    0.069541260
 541   -0.950000000   -0.418952200    0.775319700
 542   -0.950000000   -1.130554000   -1.158289000
 543   -0.950000000   -0.859320100   -1.416433000
 544   -0.950000000   -0.245279300   -1.001916000
 545   -0.950000000   -0.727616400    0.300219600
 546   -0.950000000   -1.169768000    0.347751500
 547   -0.950000000   -0.520218100   -0.884644900
 548   -0.950000000   -0.691090300   -0.431409100
 549   -0.950000000   -0.938260700    0.279597200
 550   -0.950000000   -0.736782800   -0.098842600
 551   -0.950000000   -1.787678000    0.875271500
 552    9.638050000    1.225649000   -0.230597600
 553   -0.950000000   -0.877736100   -0.460948400
 554    2.115945000    0.610125400   -0.391446100
 555    0.282970600    0.180402200   -1.559052000
 556   15.582760000    0.861880800    0.139177200
 557   18.127480000    1.640430000    1.062070000
 558   12.346260000    1.001565000    0.849473600
 559    8.888287000    0.563293900    0.429236100
 560   17.459000000    1.093280000   -1.069205000
 561   19.584980000    1.229076000    0.220070900
 562   -0.950000000   -1.515119000    0.188105100
 563   12.296490000    1.083888000    1.209617000
 564    4.348169000   -0.265358900   -1.146615000
 565   15.215640000    0.676389600   -0.890745400
 566   15.084840000    1.279564000    1.063252000
 567   -0.950000000   -1.550160000   -1.479793000
 568    5.303918000    0.221654300    1.347977000
 569   28.226760000    1.723002000   -1.240167000
 570    6.082464000    0.076602060    0.180929700
 571   -0.950000000   -0.222533000   -0.619431900
 572    8.315266000    0.890509700   -0.677754500
 573   -0.950000000   -0.569931600   -1.786686000
 574    4.285131000    0.668557700    0.046407980
 575   11.253810000    1.437714000   -0.500425800
 576   -0.950000000   -0.958583200   -1.806240000
 577   -0.950000000   -1.209810000    0.584538600
 578   -0.950000000   -0.976129400    1.781890000
 579   -0.950000000   -1.564438000    0.812205500
 580   -0.950000000   -0.435659500   -0.362427800
 581   -0.950000000   -1.126524000    1.408664000
 582    8.931094000    1.639741000   -1.386284000
 583   -0.950000000   -1.400939000   -0.864007100
 584   -0.950000000   -0.829365600    0.796795400
 585   -0.950000000   -1.318637000    0.729645700
 586   -0.950000000   -0.130854100   -0.278146100
 587   -0.526942100   -0.364646700   -1.838786000
 588   -0.950000000   -1.420523000   -0.499598300
 589   -0.950000000    0.536876000    1.429639000
 590   -0.950000000   -1.395698000    0.552236400
 591    7.288095000    0.806832400   -0.875622300
 592   -0.950000000   -0.273329400    0.027214450
 593    1.680244000    0.570229500   -0.011582640
 594   -0.950000000   -0.397712900   -0.482162100
 595   -0.950000000   -0.011991310    0.073908860
 596   -0.950000000   -0.730306700    0.269364800
 597   14.211310000    1.475334000   -1.099990000
 598    0.360233100    0.291466700    0.579101000
 599   -0.950000000   -0.875676700   -0.248277000
 600   -0.950000000   -0.205398800   -1.110097000
 601   15.249660000    1.323666000   -0.557194700
 602   -0.950000000   -0.330251800    1.141290000
 603    8.095966000    0.028046110   -1.673264000
 604    3.820184000    0.008381289    1.496155000
 605   10.386630000    0.879703200    1.909132000
 606   12.980070000    0.885201700    0.517655000
 607    2.353998000    0.269072500    1.372820000
 608   11.833030000    0.734096200   -0.693930100
 609    3.779224000    0.028654410   -0.150586600
 610   -0.950000000   -1.239174000   -0.241260000
 611   -0.950000000   -0.330849500   -0.046364550
 612    3.106959000    0.195005800    0.712100700
 613   -0.950000000   -0.683906200   -0.074565670
 614    9.266754000    0.369964000   -0.336171600
 615    4.598773000    0.765340500    1.695325000
 616   -0.950000000   -1.821165000    0.484551800
 617   13.751940000    1.308466000    0.854450000
 618   -0.950000000   -0.245790900   -1.039406000
 619   -0.950000000   -1.320263000   -0.507985100
 620   -0.950000000   -0.427783400   -0.939449000
 621   -0.950000000   -0.534545700    0.596221300
 622    8.221782000    1.255714000   -0.160974400
 623   -0.950000000   -0.356907100   -1.266913000
 624   -0.950000000   -0.614117200   -0.132377700
 625   14.613200000    1.880388000    0.128710600
 626   -0.950000000   -1.417748000    0.329953200
 627   -0.950000000    0.205565700    0.816065100
 628   16.241850000    1.971081000   -1.692699000
 629   -0.950000000   -0.824859100    0.162846200
 630   -0.950000000    0.130292100    0.734240400
 631   -0.950000000   -0.861275900    0.639073500
 632   16.906740000    1.192574000   -1.346291000
 633   -0.950000000   -0.950350500    1.574497000
 634    2.653207000    0.094375140   -0.916144100
 635    0.782200500    0.010045300   -0.094340550
 636   22.385460000    1.622041000   -0.047998030
 637   -0.950000000    0.223706800    0.991045700
 638    4.490305000    0.194218400   -0.210114400
 639    4.341294000    0.233830300    0.445675400
 640   27.490020000    1.717201000   -1.182447000
 641   -0.950000000   -0.855279300   -0.282920400
 642   -0.950000000   -0.291239100   -0.250102900
 643   19.821790000    1.313780000   -1.613755000
 644   10.438660000    0.954817000   -0.162798500
 645   -0.950000000   -1.541042000   -0.641446200
 646   13.885270000    0.569753500   -1.226451000
 647   -0.950000000   -1.039814000   -1.499324000
 648    6.173943000    0.369983300   -0.082628560
 649   19.885840000    1.396852000   -1.252254000
 650    8.073048000    0.348007600    0.638067800
 651   15.556030000    1.177855000   -0.391132800
 652   19.516880000    1.411959000   -0.265186700
 653    3.277354000    0.092048190    1.563741000
 654   -0.950000000   -0.718963800    0.226416100
 655   -0.950000000   -0.330612900    0.826904800
 656   13.203200000    0.979986800   -0.041154710
 657   -0.950000000   -0.397569600    0.696887400
 658    8.084719000    0.931547500    0.739859500
 659    4.686374000    0.245853100    1.801047000
 660    4.029311000   -0.096979870   -0.853949900
 661   -0.950000000   -0.088266380    0.610372600
 662   -0.950000000   -0.328685100    0.863276800
 663   -0.950000000   -0.833349900    0.432226800
 664   -0.950000000   -0.988924800    0.257520100
 665    9.482972000    0.761943600    0.533989800
 666   -0.950000000   -1.584483000    0.159747500
 667    9.532128000    0.748472800   -1.650252000
 668   -0.950000000   -0.880505000    0.417649200
 669   -0.950000000   -0.812077600    0.820730100
 670   -0.950000000   -0.352945700    0.854544900
 671   -0.950000000   -0.112639700    0.646169900
 672   -0.950000000   -0.678236400    0.448505400
 673   -0.950000000   -0.546075400   -0.454140700
 674    2.720079000    0.880580100    1.485937000
 675   -0.950000000   -0.396482700   -0.160873100
 676    0.878484400    0.123587500    1.558848000
 677   -0.894188100   -0.281870600   -0.304134500
 678   -0.950000000   -1.383941000    0.568274900
 679   -0.950000000   -0.320107200   -0.423302700
 680   -0.950000000   -0.954141100   -0.206274800
 681    0.437845600    0.093670420    0.004063364
 682   -0.950000000   -0.465738200    0.516551600
 683   -0.950000000   -0.658059700    0.249486600
 684   -0.950000000   -0.670624100    0.427689200
 685   13.409380000    0.848362300   -1.549673000
 686    6.824821000    0.657178000    0.669961300
 687    7.286652000    0.725203000   -0.047346170
 688   10.261820000    0.825909300   -0.280478200
 689   18.170330000    1.372913000   -0.714690300
 690    1.795281000   -0.020106990   -0.617399100
 691    6.214476000    0.665055200   -0.905071000
 692   10.275570000    1.138447000   -1.533553000
 693    4.630327000    0.640716900   -1.020161000
 694   -0.950000000   -1.897369000   -0.643696000
 695   -0.950000000    0.186211200    0.675406900
 696   -0.950000000   -0.138688300    1.370838000
 697   -0.950000000   -1.268958000    0.823450300
 698    1.531203000    0.357225600    1.050997000
 699   -0.950000000   -1.016454000   -0.859834800
 700    6.228366000    0.624734700   -1.431631000
 701   -0.950000000   -0.189466300   -0.535771700
 702   -0.950000000   -1.555158000   -0.360863200
 703   -0.950000000   -0.864103600    1.918048000
 704    3.075649000    1.005640000    1.736141000
 705    7.068705000    0.613737600   -1.789288000
 706    2.519304000    0.339832300    0.984820900
 707    8.409367000    0.913293400   -0.198374300
 708   -0.950000000   -0.620516800    1.335998000
 709   -0.950000000   -1.419737000    0.419883700
 710    8.468955000    0.928472500    0.352844500
 711   -0.950000000   -0.721563900    0.213657300
 712    4.203489000    0.374590700    0.653188300
 713    3.520915000    0.270597800    0.100893000
 714    0.170184100   -0.038494270   -0.341758300
 715    4.455618000    0.146678600   -1.087927000
 716   -0.950000000   -0.284974200    0.638501400
 717   -0.950000000   -0.405729900    0.556508000
 718    8.793223000    1.028143000   -0.774431500
 719   -0.950000000   -0.754432800   -0.642442700
 720   18.222500000    1.351192000   -0.881369300
 721   12.433650000    1.367270000   -0.234021600
 722    2.787912000    0.296769800   -0.763796500
 723    2.688210000    0.547074800   -0.102555700
 724    1.985880000    0.109695600   -1.835005000
 725   -0.950000000   -1.084102000   -1.464588000
 726    4.192052000    0.484792500   -0.795401700
 727   -0.950000000   -0.489695300    0.475652300
 728   -0.950000000   -1.244889000   -0.153211500
 729    3.103821000    1.206963000    1.150452000
 730    9.129426000    0.953508100   -0.824366300
 731   10.085500000    1.482815000    0.179697300
 732   -0.950000000   -1.679614000   -0.474103400
 733   -0.950000000   -1.032310000   -0.508187900
 734   -0.950000000   -0.658503400   -1.827747000
 735   -0.950000000   -0.086647160    0.706973700
 736   -0.950000000   -0.567728300    0.545061700
 737   12.203900000    0.908488900   -0.311512600
 738   -0.950000000   -1.492760000   -1.132452000
 739    4.436207000    1.025924000    1.522554000
 740    7.804911000    0.900563000    1.990559000
 741   11.504390000    0.950094100   -1.663862000
 742    2.398241000    0.548611600    1.391927000
 743   13.401610000    1.194509000    0.680560500
 744   -0.950000000   -1.738096000    1.354565000
 745    5.835148000    0.397809100   -0.407566300
 746    5.526599000    0.480487500    0.095939140
 747   12.207180000    0.937492100    0.006081183
 748   -0.950000000   -0.507719100    1.937724000
 749    8.051771000    0.413524700   -1.471691000
 750   -0.950000000   -1.139988000   -0.445468400
 751    7.961093000    0.435362800    0.337674000
 752    7.400294000    0.467996000    0.773418300
 753    5.934780000    0.196022600   -0.036323400
 754   10.943700000    0.890373300    0.002805369
 755    5.153466000    0.478739200    1.026027000
 756   19.818770000    1.295957000    0.593344500
 757   -0.603833400    0.158701100    1.285908000
 758   -0.950000000   -0.340697500    0.058796630
 759   12.745490000    0.695771500   -0.254516000
 760    1.118847000   -0.119316300   -0.368420600
 761   -0.950000000   -0.303976600    0.655790600
 762    6.604730000    0.312135300   -1.188419000
 763   13.638450000    0.892713700   -1.317305000
 764   -0.950000000   -1.650551000    0.942213000
 765   -0.632897800   -0.292619300    0.577339100
 766   -0.743361200   -1.045315000   -1.446548000
 767   -0.950000000   -0.808303300    0.006787115
 768    9.920221000    0.426649100    0.251025300
 769    4.104524000    0.043596550    1.737776000
 770   12.155220000    0.809691000    0.515963200
 771   14.471330000    0.809532500   -0.208646200
 772   20.788490000    1.655028000    0.172407700
 773   -0.950000000   -0.805665300    1.450007000
 774   13.631050000    1.013997000    0.399782300
 775   12.286300000    0.561252300   -1.041019000
 776   28.310830000    1.681319000    0.187426200
 777    0.999124100    0.100656600    1.408602000
 778   -0.950000000   -1.263401000    0.364532200
 779   14.135000000    1.323635000    0.459702900
 780   -0.950000000   -0.880960200    0.861273500
 781   -0.950000000   -0.193997200    0.683436600
 782   12.220490000    1.351321000    0.021609410
 783   -0.950000000   -0.159034900   -1.228273000
 784   -0.950000000   -1.211680000   -0.562708700
 785    3.310579000    0.120376400   -1.808908000
 786   -0.950000000   -1.223616000   -0.558992400
 787    0.874295900    0.313643600    0.416155400
 788    0.059117940    0.311703000    0.025261420
 789    4.591935000    0.448724000   -0.892928500
 790   -0.950000000   -0.277156600    0.939728800
 791   10.487280000    1.112277000   -0.504568000
 792    2.402698000    0.370247300   -0.539846000
 793   -0.950000000   -1.261329000    0.191429800
 794   -0.950000000   -1.793484000   -1.138544000
 795    1.072868000    0.274586800    0.115637400
 796    1.933432000    0.104432900    0.228563900
 797    7.848453000    0.675531800    1.120467000
 798   -0.950000000   -0.406737300    0.707022300
 799    5.723785000    0.543764600    1.232657000
 800    2.453101000    0.049022160    0.079165190
 801   -0.950000000   -0.314553200    0.801259100
 802    3.155484000    0.223339800    0.070510830
 803   -0.950000000   -1.085158000   -0.704607800
 804   -0.950000000   -1.469382000   -0.715708500
 805   -0.950000000   -0.494808600   -0.994909500
 806    9.135429000    0.493674400   -1.137377000
 807   21.036110000    1.861619000   -0.851431500
 808   -0.950000000   -1.718329000    0.648239300
 809    0.193711900    0.252518600    1.878453000
 810   22.888760000    1.744323000   -1.053130000
 811    3.965096000   -0.021764820    0.190240500
 812   -0.950000000   -0.951518000    1.608019000
 813   -0.950000000   -1.340631000    0.316602100
 814    5.011380000    0.380050700    0.777309700
 815   -0.122391000   -0.481760700   -0.839223300
 816   -0.950000000   -1.408463000    1.480752000
 817   12.117610000    1.125692000   -0.558879500
 818   10.068600000    0.547309700    1.614164000
 819    5.224368000    0.239774600    0.961450300
 820    5.202400000    0.459738900    1.206088000
 821   -0.950000000   -0.484825900    0.200782100
 822   -0.950000000   -1.079538000   -0.924586600
 823   18.799360000    1.619472000   -0.056859840
 824    5.754813000    0.417942400    0.307221900
 825   10.755170000    0.570541500    0.673241700
 826    3.043614000    0.362291500    1.072110000
 827   -0.950000000   -1.361672000   -1.030217000
 828   -0.950000000   -1.272312000    0.915970000
 829    5.696180000    0.515726100   -0.092431040
 830   -0.950000000   -0.344843800    0.414861100
 831   -0.905000700    0.433259500    1.976433000
 832   14.117130000    0.844046000   -0.975573900
 833   -0.950000000   -0.294546500    1.361192000
 834   -0.950000000   -0.238773400   -0.088490030
 835   27.558860000    1.617442000    1.107972000
 836   -0.950000000   -0.611374700   -0.387656100
 837    4.586135000    0.268205300    1.034786000
 838   20.387660000    1.842517000   -0.814006800
 839   -0.950000000   -0.260375500    0.729445300
 840   -0.950000000   -0.563146000   -1.095588000
 841    1.800705000    0.775155000   -1.055359000
 842   -0.950000000   -1.138503000   -0.287623000
 843    7.020588000    1.140310000    0.185047800
 844   -0.950000000   -1.460412000    0.704816200
 845   -0.950000000   -0.729199200    0.359071200
 846   -0.950000000    0.108970100   -0.261556800
 847   -0.950000000   -0.349628200   -0.466036700
 848   -0.950000000   -1.041918000   -0.487150500
 849   -0.950000000   -0.910055800    0.625795200
 850   -0.950000000   -1.190393000   -1.117433000
 851   13.189640000    1.852755000    0.181716000
 852   -0.950000000   -0.831683000   -1.241913000
 853   -0.950000000   -1.587603000   -0.855950600
 854    3.424707000    1.254189000   -0.607943700
 855   -0.950000000   -0.993564200   -0.042244200
 856    9.721340000    0.718149400   -0.157735800
 857    9.142672000    0.290746700   -1.785555000
 858   -0.950000000   -1.663294000    0.137133100
 859    1.288956000    0.417202300    1.017881000
 860    0.801715400   -0.355188300   -0.460378200
 861   -0.950000000   -0.072601370    1.992403000
 862   -0.950000000   -1.361168000    1.009390000
 863   10.184920000    0.783444700    0.227570800
 864   -0.950000000   -0.641691400    0.644606700
 865    3.194317000   -0.299411300   -1.962244000
 866    5.005651000    0.667422400    1.450769000
 867    9.142939000    0.975737900    0.426143800
 868   15.323430000    1.206745000    0.921843800
 869   -0.950000000   -0.501500200   -0.598152600
 870   17.197760000    1.765434000   -0.519454500
 871   -0.950000000   -0.705134300   -1.028814000
 872   -0.156129600   -0.335428600   -0.167504600
 873    8.666101000    0.258158500   -1.657078000
 874    7.024866000    0.226496000   -1.011384000
 875   12.052670000    1.117981000    0.433122300
 876    4.748324000    0.582634500    0.915854500
 877   -0.950000000   -1.635771000    0.930913700
 878    6.881741000    0.340295800   -0.316701000
 879   10.898980000    0.781801700   -0.877380800
 880   16.535220000    1.436948000   -0.232753200
 881    3.350184000    0.222341800   -0.163533300
 882    9.246307000    1.352617000    1.172428000
 883   -0.950000000   -1.155621000    0.228377600
 884    9.486966000    0.634381600    0.750930900
 885    6.842618000    0.138870300   -0.571290900
 886    4.645976000    0.542411600    0.012962970
 887   -0.950000000   -1.015645000   -1.043674000
 888   -0.950000000   -0.528941100   -0.799513600
 889   -0.950000000   -0.327972300   -0.521618200
 890   11.249940000    0.778518400    0.127948300
 891   12.470950000    1.456319000    0.621795000
 892   -0.950000000   -0.323521900    1.834381000
 893    8.181280000    0.637794200    0.412668300
 894   -0.950000000   -0.667064400   -0.080090270
 895   -0.950000000   -0.598290400   -0.561983500
 896   -0.950000000   -1.076916000   -0.156080000
 897   -0.950000000   -1.351523000   -0.112397500
 898   -0.950000000   -0.590539400    0.262211100
 899   -0.950000000   -0.646732100   -1.550968000
 900   10.290950000    0.994416400    1.626511000
 901   21.356140000    1.839973000    0.765066000
 902   -0.950000000   -1.298083000   -0.839005600
 903   -0.950000000   -1.031547000   -1.644158000
 904   -0.950000000   -1.783246000    0.325982900
 905   10.794580000    1.016169000   -0.559016800
 906   -0.950000000   -0.063597190    0.521908200
 907   23.460760000    1.944046000   -0.851048100
 908   -0.950000000   -0.992008100    0.344669200
 909    5.425256000    0.493642600    1.070823000
 910   -0.950000000   -0.651845700   -1.115303000
 911   -0.950000000   -0.185700500   -0.245635800
 912   -0.950000000   -1.471933000    1.682082000
 913   -0.950000000   -0.386462600    0.985750300
 914    6.958127000    0.653139400   -0.267211200
 915   -0.950000000   -1.247353000    1.630888000
 916   11.277740000    1.535030000    0.687561000
 917   -0.950000000   -0.192947700   -0.924610400
 918   -0.950000000   -1.060104000    0.403588900
 919    5.139162000    0.443771600   -1.638265000
 920   -0.950000000   -0.287926300    0.023184350
 921   -0.950000000   -0.048911710   -1.879152000
 922    0.250051100    0.006848693   -0.992304000
 923   11.041950000    0.947258300    0.057133860
 924    1.991541000    0.489210500   -1.177155000
 925    4.406209000    0.836242200    1.237366000
 926   -0.767584700    0.493510000    0.461060300
 927    8.877807000    0.814504700   -1.442556000
 928   -0.950000000   -0.599103400   -0.136742700
 929   10.895830000    0.678461400   -1.883973000
 930   -0.950000000   -1.437634000    0.352521200
 931    0.588420100    0.040756930   -0.990939200
 932   -0.950000000   -1.518502000    0.774977100
 933    4.927981000    0.270237000   -1.864186000
 934   -0.950000000    0.397017600    1.232895000
 935    5.612004000    0.616905400   -1.294684000
 936   -0.950000000   -0.448079600   -0.343982600
 937    3.004773000    0.721979800    0.439088600
 938   -0.950000000   -0.117724200   -0.119069800
 939   -0.950000000   -0.976616600   -0.616332700
 940    1.190332000    0.216926000    0.577284300
 941   -0.950000000   -0.434149300    0.466774700
 942   -0.950000000   -0.554924100    1.018149000
 943   -0.950000000   -0.326560800   -0.851511900
 944   -0.950000000    0.932476700    1.542810000
 945   -0.950000000   -1.232146000   -0.026285300
 946   -0.950000000   -0.449310600   -0.017515400
 947   16.437800000    1.744170000    0.720142800
 948   18.105260000    1.425192000    0.440603300
 949   14.305100000    0.881249800    1.053430000
 950   -0.950000000   -1.776960000    0.009587635
 951   -0.950000000   -0.262755500    1.057005000
 952    4.743175000    0.159395900   -0.944573700
 953   -0.950000000   -0.635137500   -0.495001700
 954    1.840527000    0.079884960    0.003896813
 955   -0.950000000   -0.716441200    0.114590500
 956   -0.950000000   -0.125295600    0.777411500
 957   -0.950000000   -0.739131500   -0.016987220
 958    5.368683000    0.361785100   -0.466201200
 959   -0.950000000   -1.159970000    0.739900200
 960    4.624752000    0.380897500   -0.170153600
 961    3.082865000    0.787660700    0.875177500
 962    2.629507000    0.584091400    1.165995000
 963   14.228380000    1.941393000    0.313667000
 964   -0.950000000   -0.942380400   -0.634187200
 965   -0.950000000   -0.278332000    0.556562600
 966    7.298145000    0.840784900   -0.377499700
 967   -0.950000000   -0.109479100   -0.542468100
 968   -0.950000000   -0.666849600   -0.843325500
 969   -0.950000000   -0.363469600   -1.416740000
 970   -0.950000000   -1.180888000    0.211971400
 971    0.451947800    0.283631500    0.189308100
 972   -0.950000000   -0.456833600    1.124017000
 973   -0.950000000   -0.287079400    0.651163100
 974   -0.950000000   -1.114621000   -1.540291000
 975    2.620490000    0.292569800   -0.348953700
 976    4.449201000    0.396556700   -0.889481900
 977   -0.950000000   -1.146712000   -1.367234000
 978   12.550900000    1.173718000   -0.258061900
 979   15.616920000    1.889531000   -0.749972500
 980    4.770541000    0.443792400    1.192657000
 981   -0.950000000   -0.446284700    0.031839460
 982   18.568400000    1.654321000    0.153983300
 983   -0.950000000   -1.345483000   -0.713897900
 984   14.874940000    1.718017000    0.511025800
 985    2.427209000    0.164407000   -0.129994700
 986   -0.950000000   -0.903937800   -0.826215500
 987    0.431356100    0.481755400    1.183557000
 988    9.483777000    0.890098600   -0.230082000
 989   -0.950000000   -1.317104000    1.161665000
 990   12.263890000    0.595462800   -1.536433000
 991   -0.950000000   -0.798351800   -1.246774000
 992    7.202110000    0.849814800   -0.502617700
 993   -0.950000000   -0.140528700    1.064581000
 994   -0.394580000    0.100316100   -0.757562900
 995   -0.950000000   -0.498171200    0.763639100
 996   -0.950000000   -0.189297000    0.159575200
 997   -0.950000000   -1.316944000   -0.262847100
 998    3.543334000    0.623333000    0.251433500
 999   -0.950000000   -0.594558500    1.470216000
1000   -0.950000000   -1.362837000   -1.221483000
1001   -0.950000000   -0.194891600   -0.467137100
1002   -0.950000000   -0.776192700    0.200547900
1003   -0.950000000   -0.759952400    0.738532600
1004   -0.950000000   -0.148607400   -0.040716210
1005   -0.950000000   -0.135008400   -0.527500700
1006   -0.950000000   -1.399067000    0.565555200
1007    7.064116000    0.332369900    0.146891600
1008   -0.950000000   -0.883499400    0.164788600
1009    2.278736000    0.211538400    0.729524900
1010    8.805099000    0.858235200    0.209152300
1011    7.942643000    0.689085200    0.685295400
1012   14.820450000    0.967540400   -1.319029000
1013   -0.950000000   -0.922349700    0.570154000
1014    9.871658000    0.878183000    0.845803600
1015   -0.950000000   -0.649409400   -1.174960000
1016    3.667431000   -0.136501500    1.218435000
1017   -0.950000000   -0.462396600    1.003668000
1018   -0.950000000   -1.207930000   -1.479401000
1019    0.391768000   -0.140896000    0.598338600
1020    2.938993000    0.436362500    0.847980400
1021    1.615534000   -0.298659400   -0.716206600
1022   -0.950000000   -1.034106000   -0.281199800
1023    3.748932000    0.310433600    1.218772000
1024   10.612960000    0.722229200   -0.843062700
1025   -0.950000000   -0.698406000   -0.222605800
1026   16.889640000    1.064835000   -1.253029000
1027   -0.950000000   -0.818490000   -0.178242400
1028   -0.950000000   -0.240845100    1.311159000
1029   -0.950000000   -1.112833000    0.514090200
1030   -0.950000000   -1.002658000   -0.335461000
1031   18.768350000    1.776719000    0.702882400
1032   -0.950000000   -1.500174000    1.490778000
1033    7.947729000    0.695340200    1.241710000
1034   13.610000000    1.054826000    1.117273000
1035   -0.748101200   -0.274738900   -0.094473230
1036   -0.950000000   -0.669852000    0.200507900
1037   -0.950000000   -1.655925000    0.045020000
1038   11.736480000    1.151194000   -0.779657900
1039   -0.950000000   -1.635740000   -0.861279700
1040   -0.950000000    0.125365900    0.755185700
1041   -0.950000000   -0.220715800   -0.152197800
1042   -0.950000000   -0.931812600    0.171168800
1043   -0.950000000   -0.050510140    1.114369000
1044    4.064021000    0.925294600    1.225036000
1045   -0.950000000   -0.385937500   -1.198998000
1046   -0.950000000   -0.976144300    1.016450000
1047   -0.950000000   -1.212075000   -0.089997910
1048   -0.950000000   -0.766017700   -0.503481300
1049   -0.720126200    0.324366500   -0.583678500
1050    3.286716000    0.638558400   -0.775343400
1051    1.841753000   -0.011749380   -0.514312000
1052    0.939903700   -0.037078090   -0.215184500
1053    7.120584000    0.823679600    0.603455900
1054    8.804516000    1.021408000   -0.218901600
1055    2.320015000    0.051924180   -0.045312570
1056   -0.950000000   -1.975982000   -1.450633000
1057    6.733270000    0.088545090   -1.242737000
1058   10.261430000    1.533439000   -0.042756780
1059    4.475106000    0.420180100    0.490793200
1060   -0.950000000   -1.123352000    1.780316000
1061   -0.950000000   -0.174837300   -0.846350400
1062   20.307350000    1.888860000    0.706941400
1063   -0.950000000   -0.448706600    0.578079200
1064   12.700570000    1.522760000   -0.915843000
1065    9.165163000    0.756319200    0.153430500
1066   12.519770000    1.360175000   -0.455530800
1067   12.823480000    0.983385200   -0.082958220
1068   -0.950000000   -0.618603300   -1.893871000
1069    9.139212000    1.406032000    1.912504000
1070   -0.950000000   -1.200589000    0.346986100
1071    5.353548000    0.360503300   -0.664849700
1072    2.783276000    0.058341870   -0.169850600
1073   -0.950000000   -0.999890000   -1.649030000
1074   -0.950000000   -0.630233400    1.120548000
1075   16.116620000    0.905806700   -0.070402240
1076    8.431528000    0.438479300   -0.666918600
1077    7.881639000    0.654543000    0.266702800
1078    4.055075000    0.268630800    0.485476400
1079   -0.950000000   -0.941006700    1.213645000
1080   -0.950000000   -0.914655400    1.524573000
1081   16.475230000    1.634702000   -0.293757400
1082   -0.950000000   -0.196950000    0.179230800
1083    3.575126000    0.526424500    0.326177100
1084    5.937901000    1.209467000    1.123285000
1085   -0.950000000    0.163727400    1.511523000
1086    1.133321000    0.067136960   -0.191637100
1087   -0.950000000    0.254336800    1.173604000
1088   -0.950000000   -0.171850800    0.069050940
1089   -0.693150400   -0.561275200   -1.792123000
1090   -0.950000000   -0.828313500    0.384125000
1091    5.109177000    0.976284700    1.708332000
1092   -0.950000000   -1.011765000   -0.711601700
1093   -0.950000000   -0.639023900   -1.873547000
1094   -0.861095000    0.131324500    1.027380000
1095   -0.950000000   -0.590396400   -0.691288700
1096    0.498549600   -0.097092780   -1.365134000
1097   -0.950000000   -1.439754000    1.241429000
1098   -0.950000000   -0.909203500   -0.994178600
1099   -0.950000000   -1.596305000   -0.660301100
1100    2.691744000    0.098748080    0.066309010
1101    9.016722000    0.980928000    0.669222500
1102   -0.950000000   -0.502440700    0.960812200
1103   16.377380000    1.302063000    1.419208000
1104   12.620500000    1.658949000   -0.343240800
1105   -0.950000000   -1.130282000    0.160451900
1106   12.161880000    1.233836000    0.285211300
1107    1.616988000    0.027391160   -0.601288900
1108    6.393357000    0.244598000   -1.635591000
1109   -0.950000000   -1.024636000    1.799914000
1110   -0.950000000   -0.495357800    0.962276200
1111   19.740890000    1.628215000   -0.644397100
1112    8.108321000    0.524145600   -0.431247400
1113   12.799220000    1.046988000    0.066019610
1114   -0.950000000   -1.717852000   -0.744741900
1115   -0.599831300    0.135047000    1.696928000
1116    5.538876000    0.432265400    0.717677100
1117   14.488310000    1.621534000   -0.198240200
1118   -0.950000000   -0.714989600   -0.696463300
1119   13.160530000    0.643201800   -1.462379000
1120    5.890081000    0.368410600    1.425156000
1121   -0.950000000   -0.826743400   -0.103496900
1122   10.284050000    1.166520000    0.288498600
1123   -0.950000000   -0.092943150    1.689102000
1124   -0.950000000   -0.514755200   -0.586559200
1125    2.199734000   -0.486455000   -1.646836000
1126   -0.950000000   -1.377976000    1.257388000
1127   -0.224194100    0.516185100    0.138393400
1128    7.388479000    0.992746700   -0.427811100
1129    5.131963000    0.700607100    0.643255500
1130    6.142269000    0.875741800   -0.233575000
1131   -0.950000000   -0.453198100   -0.852568900
1132    1.034531000    0.362524100   -1.491234000
1133   -0.950000000   -1.703090000   -0.610883100
1134   -0.950000000   -0.910213700   -0.284089100
1135    2.546319000    0.533276700   -0.492560000
1136   -0.950000000   -0.139749900   -0.985263700
1137   -0.950000000   -0.269827500    0.946125900
1138   -0.950000000   -1.246541000   -0.060995560
1139   -0.950000000   -1.062888000   -1.370503000
1140   -0.950000000   -0.837359000    0.325774700
1141   -0.950000000   -0.773571000   -0.761505600
1142   -0.950000000   -0.312855400   -1.366047000
1143   16.252160000    1.811841000    0.020261840
1144   -0.950000000   -0.686427900    0.466475300
1145   11.441410000    0.734203300   -1.209101000
1146   -0.950000000   -1.245001000   -1.375034000
1147   -0.950000000   -0.804929900    0.279313600
1148   -0.157139300    0.019136980   -1.319793000
1149    6.120600000    0.617354000   -0.349264500
1150   -0.950000000   -0.145035300    0.357111500
1151   -0.950000000   -1.276169000    0.920275600
1152    0.537752100    0.128823100   -0.892396600
1153   -0.950000000   -0.068969800   -0.614223800
1154   -0.580877600    0.190343300    0.549359900
1155    5.825317000    0.775326400    0.271424900
1156   11.450000000    0.589692200    0.310963500
1157   -0.950000000   -0.487622600    0.961896700
1158   -0.950000000   -0.271331600    0.839118300
1159    3.088337000    0.202396300    1.020347000
1160    3.070499000    0.127626800    0.039278750
1161   -0.950000000   -1.041025000   -0.603779300
1162   -0.950000000   -0.688406900   -0.217960900
1163    4.020701000   -0.050280330   -1.107147000
1164   -0.950000000   -0.506551900    1.201818000
1165   16.502410000    1.657609000   -0.309911800
1166   14.525290000    1.644705000    0.569100400
1167   12.072880000    0.898927300   -0.425655000
1168   14.754600000    1.144874000    0.603050200
1169   -0.950000000   -1.345005000    1.855883000
1170   -0.950000000   -0.774767600   -0.413575500
1171   -0.538315500   -0.382040600    0.214878400
1172    3.866769000    0.409200600    0.393884100
1173   22.458830000    1.617570000    0.980592700
1174    5.438709000    0.310016000   -0.031330640
1175    2.383278000    0.209800700    0.648686600
1176   -0.950000000   -0.800867500   -1.215617000
1177   -0.950000000   -0.664270200   -0.115779400
1178    0.743065800   -0.141362200    0.887225900
1179   11.986390000    1.028992000   -0.028707720
1180   13.956730000    1.304775000    1.061519000
1181    0.339694800   -0.214782100    0.447046400
1182   -0.950000000   -1.151701000    1.507846000
1183   -0.950000000   -0.386174200   -0.084665700
1184   -0.950000000   -1.404091000    1.416155000
1185   12.655570000    0.483206400   -1.315906000
1186   -0.950000000   -1.936399000   -1.340016000
1187    0.981502500    0.016748320   -1.347836000
1188   -0.950000000    0.113133100    0.339691100
1189   -0.950000000   -0.093502940    0.353195800
1190   -0.950000000   -1.247124000    0.143839400
1191   -0.950000000   -0.811234000   -1.762300000
1192   14.447120000    1.448891000    0.195888100
1193   -0.950000000   -0.953756300   -1.091716000
1194   -0.950000000   -0.905557200    0.620298100
1195   -0.336781900    0.135122700   -0.043496870
1196   -0.950000000   -0.754500300    0.329299600
1197    9.473428000    1.271285000   -0.198273100
1198   -0.950000000   -1.058899000   -0.061970230
1199   -0.950000000   -0.886867700    0.886316300
1200   13.777430000    1.438797000   -0.149942600
1201    4.140283000    0.476689600   -0.030419980
1202   10.697780000    1.132605000   -0.817738400
1203    2.613586000    0.460410700   -0.650870000
1204   -0.950000000   -1.079251000   -0.697361700
1205   -0.950000000   -0.602918800   -0.395547000
1206   -0.950000000   -0.727615000   -0.112505000
1207   -0.950000000   -1.306295000    0.507970800
1208   -0.950000000   -0.638419000   -1.350712000
1209   -0.950000000   -0.873067000    0.287060800
1210   -0.950000000    0.028592360   -0.042997150
1211    0.584208500   -0.268357500   -1.455733000
1212    8.965269000    1.384392000   -0.120466400
1213    7.204375000    0.653916800   -1.930257000
1214    1.267469000    0.511978400    0.464645700
1215   -0.950000000   -0.524431100    1.453436000
1216    1.431728000    0.148006400    0.612435500
1217    7.880831000    0.491292000   -1.374988000
1218    8.542435000    0.503221100    1.558192000
1219   13.859060000    0.927140200    0.153809000
1220    9.522094000    0.783548100    0.716493300
1221   -0.950000000   -1.005711000    0.785545200
1222   -0.950000000   -1.742933000   -0.389322400
1223    8.504023000    0.689058000   -0.414106700
1224   -0.950000000   -0.648448600   -1.478251000
1225   11.132350000    0.708843800    0.114241900
1226    2.731837000   -0.008186432    0.709666200
1227    2.867555000    0.144970500    0.157148200
1228   -0.950000000   -0.847004300    0.246119600
1229    6.405208000    0.243642200    0.567050100
1230   -0.950000000   -0.444804900    0.892683100
1231    0.527454600   -0.253373700    0.006898286
1232   10.873220000    0.477042100   -1.830586000
1233    5.406614000    0.647284200    1.484888000
1234   -0.950000000   -0.774247700    0.668070000
1235    7.560595000    0.118541500   -1.455659000
1236    4.880843000    0.350198700    0.452361600
1237    4.314618000    0.174512900   -0.095388730
1238    3.349767000   -0.068001380   -0.487678400
1239   12.332080000    1.057228000   -0.883921400
1240    7.451361000    0.246763900   -0.672815900
1241   -0.950000000   -0.882013600    0.583009500
1242   -0.950000000   -0.275335000    1.742468000
1243    3.720729000    0.436659700    0.725757500
1244    5.652043000    0.590964900    0.688670000
1245   11.872640000    0.965322500   -0.485511400
1246    5.624952000    0.481126700    0.623674400
1247    0.182556000    0.872908400    1.977922000
1248    6.268346000    0.364121500   -1.335661000
1249   -0.950000000   -0.278235100    0.156847000
1250   -0.720271700   -0.311671800   -0.523542700
1251    0.581699400   -0.052804760    0.182230100
1252    6.969080000    0.688250400    0.591800900
1253   -0.950000000   -0.913185600    0.091879680
1254   -0.950000000   -0.522003700   -0.956589800
1255   -0.950000000   -0.587497700    0.993312700
1256   14.267190000    0.809526200   -1.582352000
1257   -0.692595200    0.380095600    1.531995000
1258    5.148909000    0.395093000   -1.027232000
1259   -0.950000000   -1.629910000   -0.313596600
1260   -0.950000000   -1.423648000    0.161937200
1261   -0.950000000   -1.261889000   -0.269327400
1262    0.821390700    0.334839300    0.423813400
1263   -0.950000000   -0.796673300   -0.446619200
1264   -0.950000000   -0.498060800    0.456862700
1265   10.078860000    0.843895100   -0.377644900
1266   -0.950000000   -0.439909100    0.672789500
1267    4.618388000    0.345158100   -0.944242800
1268   -0.950000000   -0.683483200   -0.881341500
1269   -0.950000000   -0.752825700    1.919322000
1270    8.886042000    0.954749100   -0.215289500
1271   -0.950000000   -0.339246600   -0.103404000
1272   -0.950000000   -1.091317000    0.714215400
1273   -0.713626400   -0.113254200   -1.315477000
1274   -0.950000000   -1.092550000   -0.118808200
1275   14.529640000    1.620219000    0.054439860
1276   -0.103266600   -0.495632600   -1.475001000
1277   12.977520000    1.033451000   -0.524039000
1278   -0.950000000   -0.467155600   -0.119858200
1279   -0.682643700   -0.358402900   -0.138642100
1280   11.501930000    0.785070000    1.375772000
1281   17.551220000    1.647936000   -0.373429900
1282    9.676946000    0.719897700   -1.649572000
1283   15.416090000    1.376873000   -0.406354900
1284   -0.950000000   -0.356283500    0.814901800
1285   -0.950000000   -0.966161600   -0.688838100
1286   -0.950000000   -0.551405800    1.386633000
1287    1.226190000    0.106453400    1.669124000
1288    8.944766000    0.700555300    0.452050600
1289    9.813030000    0.541232100   -0.947075600
1290    6.762477000    0.283818600   -1.195351000
1291   12.723730000    1.456919000    0.439890600
1292   -0.950000000   -0.815709000   -0.149731800
1293    0.304358600   -0.133851700   -0.640674200
1294    3.759735000    0.493531500   -0.055686340
1295   -0.950000000   -1.052331000   -1.893432000
1296    7.976188000    0.814836100    0.216609300
1297   -0.605860900   -0.012605260    0.036864940
1298   -0.950000000   -0.876901800    1.369022000
1299   -0.950000000   -0.395982600   -0.023767120
1300   -0.950000000   -0.473917500   -0.296591300
1301    3.346651000    0.082614920   -1.488140000
1302    4.491133000    0.165250300   -1.008719000
1303   10.948630000    0.872307700   -0.741979300
1304    6.163675000    0.549588000   -0.532510900
1305   -0.950000000   -0.474151100    0.661143500
1306   -0.950000000   -1.035113000   -1.014379000
1307   -0.950000000   -1.933618000    0.203695900
1308   -0.683368200   -0.029319850    1.550615000
1309   -0.950000000   -0.424743100    0.946348600
1310   -0.950000000   -0.438046200   -1.041481000
1311    7.267891000    0.612826100    0.543023400
1312   20.077130000    1.278002000   -0.042444940
1313   -0.950000000   -1.351134000   -0.046692400
1314   12.304390000    0.970221600    0.194705100
1315   -0.950000000   -0.202756300   -0.023537920
1316   -0.950000000   -0.200723700    1.670454000
1317   13.015320000    1.905192000    0.064427840
1318    3.981367000    0.339516400   -0.146473000
1319    5.517698000    0.359575700   -0.673735900
1320   -0.950000000   -1.618667000    0.779228300
1321   14.910760000    1.147135000    0.090393380
1322   12.199390000    1.335483000   -0.207411400
1323   -0.950000000   -0.740951700    0.387688200
1324   -0.950000000   -0.695755700   -0.619502500
1325   -0.950000000   -1.779113000    0.456295400
1326   -0.950000000   -0.593566400    0.066225210
1327   12.978540000    1.172964000    0.055897650
1328    1.710883000   -0.028704330   -1.299601000
1329   10.646060000    0.956794600   -1.726857000
1330   10.928150000    1.496445000    0.305537300
1331   -0.950000000   -0.233774600    0.612938900
1332   10.970780000    0.993108800   -1.264338000
1333    2.056406000    0.309941700    0.053365280
1334   -0.950000000   -0.372044900    0.092151290
1335   -0.950000000   -1.253971000    0.461259800
1336   -0.950000000   -0.914926600   -0.312247700
1337   -0.950000000   -0.551063600    0.097073620
1338   19.925950000    1.572277000   -1.179346000
1339    2.330002000    0.132539900   -1.085361000
1340   -0.950000000   -0.498171600   -0.591463800
1341   -0.950000000    0.162327400    1.505146000
1342   -0.950000000   -0.791343300    0.720713300
1343   -0.950000000   -0.311864600   -0.127304800
1344   -0.950000000    0.171078600    0.477745400
1345   -0.950000000    0.058666440    1.608875000
1346   14.616710000    1.468803000   -1.320062000
1347    1.433463000    0.488538000    0.251322000
1348   -0.950000000   -0.337293800   -0.709361000
1349   -0.950000000   -1.675916000   -0.047116510
1350   -0.950000000   -1.301475000   -0.361493500
1351   17.536890000    1.412969000   -0.418358200
1352   26.253900000    1.907870000   -0.089347700
1353   28.240470000    1.770977000   -0.486299700
1354   16.372870000    0.906763500   -0.443952000
1355   16.632350000    1.465140000    0.947145600
1356   10.572640000    0.791063900    0.135777900
1357   -0.950000000   -0.907407400    1.088727000
1358    3.853600000    0.184370300    0.758467300
1359    5.668234000    0.044901850   -0.759732200
1360    0.468348800   -0.700671700   -0.939259100
1361    9.856764000    0.837090800    0.739755200
1362   12.519360000    0.935375900   -0.477928700
1363    2.049179000   -0.176791200   -0.272210700
1364   12.443680000    0.273722700    1.848598000
1365   -0.950000000   -1.475969000    1.101702000
1366    4.614303000    0.583469300    1.045997000
1367    7.861862000    0.986247800   -0.029380260
1368    7.610561000    0.879370100   -0.481846700
1369   -0.950000000   -0.200679700    0.473998300
1370   16.465270000    1.383118000    0.431542800
1371   -0.950000000   -1.802691000   -1.859178000
1372   -0.950000000   -0.623752200    0.276412200
1373   -0.525857300    0.092135590    0.374885900
1374    1.137099000    0.072517060    0.613082000
1375   20.834110000    1.690643000   -1.286205000
1376   -0.950000000   -0.790823300    0.648692600
1377   16.399480000    1.033003000   -1.528137000
1378   -0.950000000   -0.309943200   -0.738356900
1379   -0.950000000   -0.733057700   -0.587320800
1380   -0.950000000   -0.728487500    1.093368000
1381    4.916347000    0.355180300   -0.258030900
1382   -0.950000000   -0.696144100   -0.654660100
1383   -0.950000000   -0.300882100    0.900801300
1384    5.123557000    0.530238500   -0.277748100
1385   -0.950000000   -0.053900110    1.371827000
1386    4.476278000    0.533903800   -0.976603400
1387   -0.950000000   -1.610174000   -0.210590400
1388   -0.950000000   -1.486318000   -0.921767500
1389    1.821869000    0.135197700   -0.781890900
1390   -0.950000000   -0.771324600    1.194291000
1391   15.173880000    1.323966000    0.805836000
1392   -0.950000000   -1.665506000   -0.263821300
1393   -0.950000000   -1.264784000    1.358676000
1394   13.710420000    1.090682000    0.317349500
1395    0.630878100    0.088443370   -0.097377260
1396   -0.950000000   -0.833916800    1.577344000
1397    4.822574000    0.612816300   -0.108972500
1398   -0.950000000    0.174829600    0.289150900
1399   -0.950000000   -0.618837900   -0.185525600
1400    5.356004000    1.281569000    0.643509900
1401    0.794838300   -0.103984500   -1.215252000
1402   -0.950000000   -0.921548700   -0.773152600
1403   -0.950000000   -1.083364000   -0.946748400
1404   -0.950000000   -1.753302000    0.368959200
1405    3.268010000    0.113361900   -1.380789000
1406   -0.950000000   -0.537408500   -1.977721000
1407   -0.950000000   -0.767655600    1.157683000
1408   -0.752992800    0.587671800    1.207517000
1409    9.509969000    0.732793100   -0.476746400
1410   -0.950000000   -0.208889700   -1.091416000
1411    3.654573000    0.365901100   -0.383767000
1412   -0.950000000   -0.300547600   -0.673993900
1413   13.411730000    1.119307000   -1.343314000
1414    8.653209000    0.969452000   -0.669829500
1415   -0.950000000   -0.345327300   -0.485291000
1416    8.910452000    0.336535300   -1.921791000
1417   -0.950000000   -1.047700000   -0.197308100
1418    4.039647000    0.172241400   -0.788692900
1419   -0.950000000   -0.899965800    0.604037800
1420   -0.220900400   -0.203159100   -0.950592300
1421    6.140509000    0.390499700   -0.109962800
1422    5.366651000    0.437446700   -1.754242000
1423   -0.950000000   -0.754321800    0.594050600
1424    7.931085000    1.413829000    0.071605270
1425   -0.950000000    0.009591404    0.161045100
1426   -0.950000000   -1.307197000   -1.820637000
1427   -0.950000000   -0.327096500   -0.366038500
1428   -0.950000000   -0.971383700    0.440988900
1429   14.018960000    1.730875000   -0.936790000
1430   -0.950000000   -0.384272800   -1.179768000
1431   -0.950000000   -0.657237100   -0.761844200
1432    1.505977000    0.249028600   -0.086374410
1433    8.372184000    0.972041200   -0.041745350
1434   -0.950000000   -1.397158000   -1.052228000
1435   -0.815869600    0.311364400    0.508056100
1436    5.578787000    1.167305000    1.761652000
1437   11.631360000    0.996516600   -0.724947900
1438   10.456450000    1.321960000    0.861203300
1439   11.270620000    0.550996600   -1.936206000
1440   -0.457406500    0.530891100    0.942749900
1441    4.461493000    0.222924400   -0.254830000
1442    6.287188000    0.433482600   -0.079629690
1443   -0.950000000   -0.632641100    0.143030400
1444   -0.950000000   -0.782587300   -0.302708400
1445    4.270972000    0.345650700   -0.610983000
1446    8.615183000    0.681515000   -0.646017800
1447   16.720140000    1.358752000    0.333890200
1448    9.649195000    0.744871600   -0.916807600
1449   24.878430000    1.729254000   -1.243628000
1450   -0.950000000   -0.797761900   -1.033509000
1451   -0.950000000   -0.121486800    0.987795200
1452   -0.950000000   -0.278507900   -0.887900300
1453    4.000762000    0.333286100   -0.308136300
1454   -0.499092400    0.259219400    0.839453000
1455    7.257655000    1.047264000    0.740454300
1456   -0.950000000    0.342224300   -0.010050030
1457    3.499007000    0.797569000   -0.545438600
1458   -0.950000000   -1.319749000   -0.196456700
1459   -0.950000000   -0.782534700   -0.866693000
1460   -0.950000000    0.394842800   -0.799256800
1461   -0.950000000   -0.275616800   -0.898109600
1462   -0.950000000   -0.317323000   -1.375850000
1463   -0.950000000   -0.122124200   -0.246363200
1464   -0.950000000   -0.029264020    1.446745000
1465   -0.950000000   -1.258676000    1.003814000
1466   -0.950000000   -1.517465000   -1.645618000
1467   -0.950000000   -0.269602100    0.444833400
1468    2.331749000    0.464767200   -0.808798400
1469    7.239151000    0.530465900   -1.889619000
1470    5.614109000    0.948404900   -1.004549000
1471    7.013534000    0.527709100    1.840948000
1472   -0.950000000   -0.953862300    0.118744000
1473    1.806669000   -0.196412300   -0.160410100
1474    4.114729000   -0.054550910   -0.218168200
1475   -0.439659100   -0.621879200   -0.465395700
1476   -0.950000000   -1.495164000    1.967857000
1477   11.855660000    1.012047000    0.448813800
1478    5.711136000   -0.163979000   -0.721629900
1479    3.964052000   -0.118297300   -0.873929100
1480   -0.950000000   -0.736300700    1.574982000
1481   -0.950000000   -0.553679000    0.936182700
1482   15.382250000    1.279237000    0.499841300
1483   -0.950000000   -0.635921500    1.137661000
1484   29.551740000    1.776342000   -0.130390300
1485    2.384911000   -0.502779600   -1.250098000
1486    0.389346400    0.113646800    0.159050900
1487    8.225271000    0.766923300   -0.432867000
1488   -0.950000000   -0.302775800    0.554397700
1489   10.852180000    1.151925000   -0.589254800
1490    6.328958000    0.358959600   -0.619551100
1491    0.699652900   -0.190013500   -1.429284000
1492    5.224238000    0.749370600    0.949036800
1493   -0.950000000   -0.346425100    0.924184500
1494   11.558490000    1.246906000    1.330452000
1495   -0.950000000   -0.359156900   -0.826685700
1496   13.602120000    1.339955000   -0.125406600
1497   13.674070000    0.899946300   -0.978007600
1498   -0.950000000   -1.193395000   -1.145393000
1499    4.257671000    0.382483100   -0.446631600
1500   -0.950000000   -1.171449000    0.091294200
