*y  x1  x2
   1   -0.950000000   -0.499403000   -0.212702100
   2   -0.950000000   -1.021061000    0.145151900
   3   -0.950000000   -1.914989000    0.337482200
   4    5.260083000    0.387431800   -0.161365000
   5   -0.950000000   -1.812751000    1.651562000
   6   17.699920000    1.621935000    0.300400900
   7   -0.950000000   -0.436902800    0.608281500
   8   -0.950000000   -1.098176000   -0.141949200
   9   -0.950000000   -0.323839000   -1.080422000
  10    5.396823000    0.330502600   -1.102823000
  11   -0.950000000   -0.260979100   -0.048613290
  12    5.128913000    0.308192700    0.797390500
  13    7.686261000    0.733828800    1.933767000
  14   -0.950000000    0.060578100    0.332235500
  15   -0.950000000   -0.426677800   -0.777039500
  16   -0.950000000   -1.053038000   -0.217179500
  17   -0.860282900    0.039495250    0.103812400
  18    2.405172000    0.164801400   -0.857907000
  19    2.760002000    0.527902600   -0.546402500
  20   -0.950000000   -0.454828300   -0.224739200
  21   -0.950000000   -0.934651100   -0.349798000
  22   12.527420000    1.461528000    0.090024500
  23   12.492370000    0.748093400   -1.635911000
  24    5.457752000    0.551768100   -1.380172000
  25    5.763445000    0.528533400   -1.354872000
  26   -0.950000000   -0.657980800   -1.089627000
  27   -0.950000000   -1.066106000    0.909408400
  28   -0.950000000    0.430254100    1.422723000
  29    2.949956000    0.195108700   -1.111097000
  30    5.141311000    0.621134100   -0.785350300
  31    1.632775000    0.073291630    0.659129500
  32   -0.950000000   -0.352845800    0.151869600
  33   -0.120754700    0.091131710    1.780812000
  34    3.782697000    0.736788700    1.181173000
  35   -0.950000000   -0.526944500    0.258590000
  36   25.271920000    1.728999000   -1.738706000
  37    1.045293000    0.121786500    1.334067000
  38   -0.950000000   -0.633240100   -1.671972000
  39   10.522390000    0.502150300   -0.877617200
  40   -0.516406900   -0.227694200   -0.136214100
  41   22.890920000    1.470820000   -1.243953000
  42    5.357366000    0.311855900    0.259083400
  43   -0.950000000   -1.256790000    1.380669000
  44    8.300505000    0.760992500    0.742586700
  45    6.749322000    0.273554900   -1.139495000
  46   -0.950000000   -0.602662500   -1.024067000
  47   -0.950000000   -0.877653000    0.541138700
  48    8.699558000    0.762324700   -1.136312000
  49   10.601120000    1.494862000   -1.174806000
  50    0.202013000    0.447903300    0.494498900
  51   -0.950000000   -1.178552000    0.406769900
  52   -0.950000000   -0.871865800   -0.757586700
  53   -0.950000000   -1.227182000   -1.358323000
  54    9.942291000    1.403129000    0.612410000
  55   -0.950000000   -0.356413200   -0.090666050
  56   -0.950000000   -0.920877200    0.902475000
  57   -0.950000000   -0.898555900    0.672103100
  58   -0.950000000   -1.344381000   -0.402226200
  59    7.066145000    1.343052000   -0.433201600
  60   10.799230000    1.295311000    1.208475000
  61   -0.950000000   -0.716409700    1.027860000
  62    2.681178000   -0.462234000   -1.207583000
  63   10.906230000    0.789404800    1.088621000
  64    5.140268000   -0.124966700   -1.314755000
  65    8.942742000    0.837172700    1.072638000
  66   10.904320000    0.552251200    1.468903000
  67   -0.950000000   -1.607191000    1.441165000
  68   13.854330000    1.029766000    0.241472800
  69   -0.950000000   -0.836582200   -0.971874700
  70   13.221380000    0.814166400    1.306783000
  71   12.370480000    0.562671600   -0.997917600
  72    4.273347000    0.040032620   -0.280404700
  73    1.738240000   -0.145071500    0.319900600
  74    5.013954000    0.484666400    0.312187900
  75   22.796880000    1.609404000   -0.325183500
  76    3.503199000   -0.026071800   -0.662297800
  77    3.884407000    0.038726870   -0.505787000
  78   13.321750000    0.944845200   -1.213157000
  79    0.439266200    0.367664300    0.726564300
  80   -0.950000000   -1.019632000    1.214343000
  81   15.715710000    1.412973000    0.228715400
  82    6.336578000    1.219507000    0.760047000
  83   -0.950000000   -0.618560700   -0.551987000
  84    5.430218000    0.047724020   -1.461432000
  85    1.247691000    0.099683360    0.865455200
  86    8.175886000    0.645574200   -0.502083700
  87   12.706420000    1.020316000    0.275894000
  88   -0.950000000   -1.273991000    1.478583000
  89   13.926870000    1.154864000    0.360809100
  90   -0.950000000   -0.553213600   -0.369908400
  91   17.008630000    1.089472000   -1.051442000
  92    5.495438000   -0.353312300    1.032281000
  93    5.089765000   -0.055884180    0.862606500
  94   18.070750000    0.853242000    0.492864200
  95   24.397460000    1.788886000    0.990965600
  96    3.776183000   -0.407415900   -0.650574600
  97    7.949042000   -0.065727490   -1.082403000
  98   11.964980000    0.896174700    1.355008000
  99   27.571390000    1.961673000   -0.262490200
 100   10.516740000    0.260878500   -0.576259100
 101    2.545713000   -0.774247300   -0.843597400
 102   18.941070000    1.389864000    1.021804000
 103   23.720350000    1.391387000    0.219681400
 104    5.404882000    0.121399800    0.397850300
 105   18.488760000    0.935832000    0.164140800
 106   -0.950000000   -0.538842000    1.547256000
 107    2.308422000    0.764148500    0.912634200
 108   13.764680000    0.995577000    0.231625600
 109    5.383554000   -0.106350100   -1.113686000
 110    6.947603000   -0.025655630   -1.274316000
 111    4.179884000   -0.185755000   -1.604910000
 112   -0.950000000   -0.579320100    0.147673900
 113   14.721450000    1.258183000    0.666012300
 114   11.455960000    0.723887400   -0.695338300
 115    4.121874000    0.130450500    0.354294800
 116    5.922502000    0.198731700    0.113222800
 117    4.607543000    0.462418000    1.352030000
 118   -0.950000000   -0.992826200    1.658872000
 119    3.244677000    0.549836400    1.226815000
 120   -0.950000000   -1.876917000    1.616068000
 121   -0.950000000   -0.388187700    0.754518100
 122   -0.950000000   -0.529634100   -0.517620200
 123    2.939567000    0.413186300    0.155467600
 124   -0.950000000   -0.381379200   -0.403948300
 125   -0.950000000   -1.453624000   -0.405431600
 126   -0.950000000   -0.911107000    0.061567110
 127   -0.950000000   -1.023071000    0.429303600
 128   -0.950000000   -1.868209000    0.169694100
 129    5.438110000    0.807736900    0.257790900
 130   -0.950000000   -0.238686200    0.630762200
 131    9.955869000    0.971592400   -0.126812200
 132    0.040130830    0.180513700    0.710184100
 133    1.406845000   -0.126909700   -1.063880000
 134   -0.950000000    0.129572100   -0.250914500
 135   -0.950000000   -0.279015300    1.353424000
 136   -0.950000000   -0.967662700    1.033347000
 137   15.840050000    1.003236000   -0.664732000
 138   -0.950000000   -0.958642400   -1.531881000
 139   11.060980000    0.863071800   -0.274733400
 140   12.451460000    1.032268000    0.538771300
 141    1.332581000    0.172341200    0.466747300
 142   11.973690000    0.544127600   -0.853036100
 143   -0.669182200   -0.524391000   -0.339096700
 144    5.886622000    0.220882700   -0.354690600
 145   -0.950000000   -0.336974200    1.361476000
 146    6.522380000    0.124620100   -1.387170000
 147   17.505640000    1.297221000   -0.088406940
 148   -0.950000000   -0.536460900    1.627074000
 149   -0.950000000   -0.518726700    0.660485700
 150    3.661808000    0.311787700    1.509682000
 151   -0.950000000   -0.224070800    0.456521400
 152    5.669192000    0.428780300    0.369000800
 153    6.668825000    0.410977800    0.096551180
 154   13.103330000    0.964994700    0.807497200
 155   -0.950000000   -1.158544000    0.994125800
 156    7.547283000    0.392908600   -0.734796800
 157    1.208845000    0.111327200    0.659298000
 158    8.958738000    0.470359000   -0.407426200
 159    1.136510000   -0.210168600    1.168287000
 160    0.819247300   -0.284324900   -0.653497800
 161   -0.796118800    0.040913670    1.149703000
 162   -0.950000000   -0.987656500    0.175495800
 163    8.028621000    0.391855400   -1.617738000
 164   -0.950000000   -0.581349300    0.969852300
 165   -0.950000000   -0.042493230    1.744006000
 166    6.094777000   -0.025651300    0.139817600
 167    2.607589000   -0.147805000    0.287831600
 168   -0.950000000   -0.316357000    1.544656000
 169   12.109450000    0.512813900    0.145550100
 170   14.785050000    0.724992100   -1.077106000
 171   -0.950000000   -1.128882000   -0.326196400
 172    3.343604000   -0.683659300   -1.969178000
 173   -0.950000000   -0.303555300    1.690345000
 174   11.861320000    0.868658900    0.544882500
 175   10.785320000    0.539081900    1.024466000
 176    4.901781000    0.910815300    1.976845000
 177    7.390613000    0.541354000    0.896040100
 178   10.320780000    0.817534300    0.913331100
 179   17.125070000    1.355752000    0.333202400
 180   -0.554508600   -0.599786300    0.113303900
 181    1.732809000    0.595786000    0.651503800
 182   -0.950000000   -0.229397500    0.107862900
 183    7.655010000    0.511283500   -1.787758000
 184   -0.266844600   -0.087332030   -0.412172100
 185    1.815563000    0.092477590   -0.847665000
 186    4.836458000    0.703314500    0.724543700
 187   12.591200000    0.949095900   -1.003343000
 188   -0.950000000   -1.193751000   -0.955652400
 189   10.029470000    1.061051000    0.025484540
 190   15.659510000    1.384106000   -0.697647700
 191   -0.950000000   -0.644062200   -0.026626980
 192   -0.372736900    0.273492300    1.079605000
 193   -0.950000000   -1.970406000   -0.345439700
 194    2.889092000    0.358480000    0.021333630
 195   -0.950000000   -0.448421700    0.535912500
 196   15.215280000    1.288124000   -0.540820400
 197   14.421270000    0.815266300   -0.136197500
 198    2.000374000    0.358234600    1.539389000
 199   10.959890000    0.906142900   -0.370526500
 200   -0.950000000   -1.420396000    0.843274400
 201    7.448989000    0.448880200    0.265142500
 202    3.358078000    0.061366440    0.157607200
 203   10.594040000    0.661200600   -0.229192700
 204   -0.950000000   -1.245350000   -1.585036000
 205   13.263670000    0.798502000   -0.717227500
 206    4.194970000    0.213033100    0.712388800
 207    7.351980000    0.281909900   -0.697076900
 208   -0.950000000   -0.639358900   -1.001955000
 209   12.376590000    1.504805000    0.875422600
 210   17.729610000    1.587119000    0.838544400
 211    0.382865200    0.022443080   -1.645317000
 212   -0.950000000   -0.971842800    1.857223000
 213   -0.950000000   -0.974099100    0.816457400
 214   -0.950000000   -0.177952800    0.737299000
 215   -0.950000000   -0.351799600    0.236293900
 216   -0.950000000   -0.017210370    1.137715000
 217   -0.950000000    0.030500040    0.518604100
 218   -0.950000000   -1.235123000    0.555557600
 219   -0.950000000   -0.583691100   -0.523716200
 220   -0.950000000   -0.061783180    0.162456000
 221    5.341412000    0.509946100   -0.601455200
 222    4.947009000    1.046073000    0.978529400
 223    1.002088000    0.244675400    0.967849100
 224   -0.950000000   -0.539809700   -0.418386300
 225   -0.950000000   -0.619558500   -0.993649600
 226    6.839429000    0.541947800   -1.283957000
 227   -0.950000000    0.138306000    1.450021000
 228    4.310975000    1.060189000    1.226141000
 229   -0.950000000   -0.873637500   -1.292202000
 230    0.594630400    0.170079400   -0.394691800
 231    1.494682000    0.251263700   -0.708191400
 232   10.411640000    0.755142200   -1.152373000
 233   -0.950000000   -0.347065200   -0.677476800
 234   10.042370000    1.011108000   -1.685250000
 235   11.419140000    0.546978900   -1.701439000
 236   -0.950000000   -0.685138400   -0.253730200
 237   15.523360000    1.985791000    0.542051900
 238   -0.950000000   -0.506312400   -0.060748920
 239   -0.950000000   -0.313828600    0.163416900
 240   -0.950000000    0.037864900    1.610355000
 241   -0.950000000   -0.491835300   -0.298722500
 242   -0.950000000   -0.535520200   -0.738777100
 243    3.025809000    0.633165500    1.210309000
 244    5.265877000    0.828872600   -0.348798400
 245   -0.950000000   -0.569342400   -0.602556200
 246    5.652708000    0.994609800   -1.405973000
 247    4.378930000    0.601512600   -1.480779000
 248    0.515131400    0.346509000   -0.389041300
 249   -0.950000000   -1.148252000    0.588873200
 250   -0.950000000   -1.181188000    0.890920500
 251    6.050124000    0.893318400   -1.174847000
 252   -0.950000000   -0.370392500   -1.559850000
 253    5.701508000    0.448950600   -1.585228000
 254   -0.950000000   -1.253201000   -0.008597096
 255   -0.950000000   -0.440698600   -0.182885000
 256    3.555758000    0.643768900    0.816586400
 257    9.044983000    0.662270900   -0.108802500
 258    2.839787000   -0.188504600   -0.435325700
 259   -0.451229500    0.495811800    0.628954400
 260    2.619023000   -0.557363300   -1.787463000
 261   -0.950000000   -0.488372800    0.152595200
 262   14.885240000    0.982907000   -1.479851000
 263    4.453912000    1.416618000    1.547971000
 264    8.903944000    0.681083200    0.418020000
 265    4.820402000    0.000953693   -0.551935100
 266    3.952947000    0.098015120    1.353399000
 267   -0.208477800   -0.462112200   -1.121066000
 268   -0.950000000   -0.994641700    1.114067000
 269   -0.950000000   -1.219885000   -1.068908000
 270    6.815995000    0.580770700    0.651775600
 271   23.238250000    1.552868000   -1.338296000
 272   -0.923541300   -0.332176600    0.112509100
 273   11.663280000    1.481030000    1.112529000
 274   -0.950000000   -0.941459600   -0.010092030
 275    7.399480000    0.553712900   -0.219404000
 276   -0.950000000   -1.387145000   -0.840015500
 277   13.410030000    1.133482000    0.628487300
 278    0.618669000   -0.111275500    0.469710500
 279   -0.950000000   -1.121271000    1.904506000
 280    9.120328000    0.863484800    0.337370700
 281    5.699091000    0.589997800    1.640270000
 282    3.642822000    0.032668830    0.445621900
 283    0.915935200   -0.261358000   -0.393048100
 284   17.522690000    1.669613000    0.950453600
 285   -0.950000000   -0.920088100    0.195371000
 286   -0.950000000   -1.618468000    1.564129000
 287    1.286212000   -0.097359010   -0.789646500
 288   -0.950000000   -0.509198000   -1.379779000
 289   -0.950000000   -1.099128000   -0.647504100
 290    3.876151000    0.372480900   -0.165213300
 291    7.503695000    0.896975100    0.107716300
 292   -0.950000000   -0.315508500    0.076049810
 293    2.664554000    0.471888700    0.470176200
 294    6.773681000    0.719853900   -1.016178000
 295   12.344620000    1.237823000    0.732262300
 296   -0.950000000   -0.571986300    0.594770000
 297   -0.950000000   -0.582770400    0.977158600
 298   -0.950000000   -0.829876300    1.435435000
 299   -0.950000000   -1.788896000   -0.422389100
 300   -0.950000000   -1.155474000    1.637329000
 301   -0.950000000   -0.422727000   -0.216571600
 302   -0.950000000    0.186245300    0.319388100
 303   -0.950000000   -1.202087000    0.441766200
 304   -0.950000000   -0.945618800    0.008048737
 305   -0.950000000   -0.163327700    0.024818440
 306   -0.950000000   -0.288553300    0.001140156
 307    2.968159000    0.260649400   -0.475376100
 308    7.360054000    0.692085700   -0.366609900
 309    0.445766800    0.084948230   -0.728078500
 310   -0.858816600    0.261039800    0.636085400
 311   15.746870000    1.589140000    1.314723000
 312   -0.950000000   -0.952134500    0.109399100
 313   -0.950000000   -0.448461800   -1.527669000
 314   -0.950000000   -0.761099800    0.290305600
 315   12.545890000    1.405544000   -0.378918300
 316   19.003730000    1.751802000   -0.936337500
 317   11.089900000    1.096707000    1.135559000
 318   -0.950000000   -0.805574300    0.822394900
 319    3.111560000    0.295084800    0.106997300
 320   -0.768239800    0.123121000    1.793294000
 321    9.347064000    0.879030700   -1.930117000
 322    5.819288000    0.379624600    0.060481000
 323    7.594906000    0.905794300    0.551372900
 324   -0.950000000   -1.851481000    0.991280700
 325   -0.950000000   -1.090401000   -1.031859000
 326    5.237694000    0.754771000    0.849857300
 327    9.967426000    0.615336900   -0.726208700
 328    7.884474000    0.327602000   -1.107476000
 329    0.041399890    0.137529800    0.463789800
 330   -0.950000000   -1.848734000    0.204380800
 331    9.788564000    0.696005600   -0.941603000
 332   -0.950000000   -0.310532900   -0.011224110
 333   -0.950000000   -0.461687800   -0.363724700
 334    0.007783037   -0.020963990    0.513375100
 335   15.645230000    1.346532000    0.170603000
 336    4.285163000    0.303227800    0.354378300
 337   10.460250000    1.142214000    1.184023000
 338    3.858807000    0.032361310    1.358333000
 339   20.072800000    1.635171000    1.255362000
 340    2.128900000    0.001207403   -0.672943100
 341    0.548442900    0.070573660    0.278046100
 342    4.315394000    0.199039300   -1.207978000
 343   -0.950000000   -0.808478800   -0.622383200
 344    6.891817000    0.691005200    0.112588300
 345    5.620204000    0.203559300   -1.143177000
 346   -0.035160410    0.097863170    0.107585800
 347    7.341147000    0.860732000   -0.063840660
 348   -0.950000000   -0.649360700   -0.996089700
 349    0.267294300   -0.178633900   -0.955029100
 350    1.994750000    0.152588800   -0.395384000
 351   -0.950000000   -0.322881300    0.179666800
 352   -0.950000000   -1.442358000   -0.292247800
 353    8.675256000    0.728690800   -1.325151000
 354   -0.950000000   -1.476254000    0.174015200
 355   10.362890000    0.871735000   -1.051249000
 356   -0.950000000    0.042340940    1.179862000
 357    0.680034800    0.341862800    1.143114000
 358   15.965910000    1.508151000   -0.061508020
 359   -0.950000000   -1.077063000   -0.740484300
 360   10.767290000    1.090717000   -0.031846980
 361    7.344628000    0.786567000    0.460899600
 362   -0.950000000   -1.375648000   -0.276629300
 363   -0.950000000   -0.232209500    0.243047600
 364   12.548370000    0.757388300   -0.709315200
 365   -0.950000000   -0.856292200    1.391009000
 366   -0.950000000   -1.028268000    0.612219200
 367    9.927856000    0.713637400   -1.105924000
 368   15.422140000    1.108071000    0.083620680
 369   -0.950000000   -1.685660000    0.205493300
 370   -0.950000000   -0.850284900   -0.054182900
 371    9.934454000    0.629968400    1.677165000
 372   -0.950000000   -0.630039800    0.216552600
 373   -0.950000000   -0.222392200   -0.429089900
 374   -0.501269500   -0.153534000    0.302833600
 375    8.282956000    0.713268700   -0.213712300
 376   -0.950000000    0.025932370    1.007604000
 377    5.420478000    0.415465800   -0.333725800
 378   -0.950000000   -1.296833000   -0.822215000
 379    5.644969000    0.537587400   -0.219728500
 380   19.253820000    1.563564000   -0.292739200
 381   -0.950000000   -1.087840000    0.556274800
 382   -0.950000000   -0.473915400    1.036976000
 383    7.228473000    0.574299100   -1.054782000
 384   -0.950000000   -1.128940000   -0.703450700
 385    0.668832100    0.207638200    0.643918200
 386   -0.950000000   -0.992018000    0.828172400
 387    7.921306000    0.768237300   -1.100187000
 388    5.589087000    0.631783200    0.156748000
 389   12.425400000    1.370801000   -0.315496800
 390    6.780980000    0.386210900   -1.043822000
 391   -0.950000000   -0.563086600   -1.104250000
 392    2.360742000    0.463708300    0.472610400
 393   -0.950000000   -0.707873500    0.946664600
 394   -0.950000000   -0.346790400    0.100921600
 395   -0.950000000   -0.697618300   -0.850222700
 396   -0.950000000    0.456431600    0.562758400
 397   -0.630563800    0.356581600    0.036572820
 398   -0.950000000   -0.317292700    0.984021600
 399    5.243374000    1.020360000   -0.722549300
 400   -0.950000000   -0.787468400    1.158120000
 401   -0.950000000   -0.554196300   -0.727757000
 402   -0.950000000   -0.366019600    0.558750500
 403   -0.950000000   -0.618222500    1.174982000
 404    7.490372000    1.011375000   -1.116455000
 405   -0.950000000   -0.163092300   -0.681721800
 406    3.067433000    0.368549400   -0.001382470
 407    8.514524000    0.803753500   -1.374983000
 408   13.383680000    1.692228000    0.514729300
 409    3.367858000    0.391124500    0.124941500
 410   -0.950000000   -0.568392900    0.930494500
 411   -0.950000000   -0.551789000   -0.284919900
 412   17.044140000    1.433889000   -1.774926000
 413   -0.950000000   -1.231377000   -1.623292000
 414   15.635450000    1.745659000    0.186283800
 415   -0.950000000   -0.901874600    0.803405300
 416   12.784650000    0.839145100    0.227243500
 417   -0.950000000   -1.645408000    0.702585300
 418   -0.950000000   -0.873690000    0.661333600
 419   -0.950000000   -0.083564990    0.134988400
 420    0.355228400   -0.056999760   -0.998640100
 421    7.251038000    0.286708700   -0.250576700
 422    5.543612000    0.202185000   -0.627248600
 423    5.272205000    0.195077100   -0.006057287
 424    9.692702000    0.956107300   -0.680866700
 425   -0.950000000   -1.876209000   -1.136987000
 426   -0.950000000   -0.411268400    0.701528600
 427   -0.950000000   -1.830449000    0.052277900
 428   24.312710000    1.690766000   -0.569481500
 429   24.276530000    1.748219000   -0.138923000
 430   -0.950000000   -1.237000000    0.013513190
 431   -0.950000000   -0.303352700    0.251887200
 432   -0.950000000   -1.049642000    0.391261700
 433   19.308400000    1.293218000   -0.977794300
 434   16.602190000    1.610383000    1.363524000
 435   12.212330000    1.114413000    0.152791100
 436   -0.950000000   -0.328873600    0.490290100
 437   -0.950000000   -0.114987400    0.497549700
 438   -0.950000000   -0.405482000   -1.017994000
 439   -0.950000000   -0.049825340   -0.316231200
 440    0.253112100   -0.053304570   -1.885487000
 441   -0.950000000   -0.522547000    1.175541000
 442   -0.950000000   -1.700544000    0.262325100
 443   21.736000000    1.860210000   -1.804222000
 444   -0.950000000    0.099054210   -1.109284000
 445    9.551711000    1.105316000    0.151647100
 446   -0.950000000   -1.078712000    0.619364100
 447   -0.950000000   -0.572246000   -0.268004300
 448   -0.950000000   -0.886170000   -0.298738200
 449    0.907860800    0.432949400    0.074984760
 450   -0.950000000   -0.392844800    0.327429900
 451   -0.950000000   -1.007083000    1.119465000
 452   15.188070000    0.867807600   -0.246623100
 453   -0.950000000   -0.541966900   -0.411325000
 454    7.408925000    0.488250200    0.696283100
 455   -0.950000000   -0.665403700    1.790160000
 456    5.695950000    0.089540510    0.712395600
 457    8.039354000   -0.162335000   -1.992124000
 458   -0.950000000   -1.117619000    0.419832600
 459    6.090338000    0.263332800   -0.066960720
 460   13.647050000    1.381068000    0.422105500
 461   25.471520000    1.974872000   -0.697952000
 462   25.145080000    1.557864000   -1.169611000
 463    1.555870000    0.040454020    1.632009000
 464   -0.950000000   -0.955019400    0.771419100
 465    4.355859000    0.856762500    0.769217800
 466   -0.950000000   -0.765544000   -0.387268400
 467   -0.793061900   -0.419888800   -1.413693000
 468   -0.950000000   -0.518991600   -1.022520000
 469    3.694669000    0.209256100   -1.030481000
 470   -0.950000000   -0.681338300   -0.700943800
 471    6.963332000    1.250983000    1.292866000
 472   -0.950000000   -0.911538200   -0.953319200
 473    0.293145900   -0.052354100    0.110931000
 474   -0.950000000   -0.044030310   -0.203302400
 475   -0.950000000   -0.916131700   -0.615650000
 476    9.698517000    0.912505100   -0.365762800
 477    3.482554000    0.422823400    1.396439000
 478   -0.950000000   -0.135552500    1.132714000
 479   -0.950000000   -0.074480660    1.242130000
 480   14.278480000    0.943017600   -1.353678000
 481   11.582410000    1.264366000   -0.974741200
 482   -0.950000000    0.250853100    0.114504700
 483    3.776921000    0.510526400   -0.672190000
 484    3.803447000    0.642793600   -1.863661000
 485    4.580179000    0.724662500   -0.740774000
 486   10.974820000    1.547649000   -1.533046000
 487   -0.377238400    0.265974200   -0.542633800
 488    8.923223000    0.946843500   -1.698252000
 489   -0.950000000   -0.016398450    0.579171400
 490   -0.950000000   -0.065676620    0.297129000
 491   -0.950000000   -1.835484000   -0.638363500
 492   -0.950000000   -0.994807400   -1.276631000
 493   -0.950000000   -0.401094700   -0.052569600
 494   -0.950000000   -1.596536000    0.878297000
 495    0.116478000    0.342730000   -0.220473300
 496    1.895294000    0.585152400    1.589219000
 497    8.455096000    0.860327300    0.168661200
 498    7.072686000    0.268034900   -1.163351000
 499    3.564678000    0.039143700    0.145978000
 500    0.373440500   -0.170073200   -0.005888557
 501   18.240430000    1.544916000    0.120844300
 502    0.602485800    0.019887690    0.580103200
 503    3.230634000    0.064376780    0.625040200
 504   13.828020000    0.826196900   -1.473997000
 505    6.580737000    0.424775200   -0.897446400
 506    5.162306000    0.585178400    0.973598800
 507    4.303382000    0.261822100   -0.514306900
 508   -0.950000000   -1.053008000   -1.020940000
 509   -0.950000000   -0.744420200   -0.442263000
 510    3.694265000    0.252253200   -0.093995760
 511   11.309930000    1.050958000    1.010057000
 512   -0.950000000   -0.614408300    0.327195600
 513   -0.950000000   -1.872004000    0.432668900
 514    0.236437900   -0.001045850    0.969035700
 515   -0.950000000   -0.312125600    0.692884300
 516   -0.950000000   -1.137852000   -0.693129900
 517   16.480900000    1.427668000    1.247589000
 518    1.037503000   -0.444372100   -1.009289000
 519   -0.950000000   -0.891255000   -0.330897900
 520   -0.950000000   -1.373110000   -0.938895000
 521   10.790410000    1.316822000   -0.004811166
 522    3.461087000    1.840415000    1.572868000
 523    5.514463000    0.535482300    0.168281200
 524    7.826573000    0.424030300   -0.470169300
 525   -0.950000000   -1.261758000    0.249918600
 526    8.754535000    0.789145200    0.241205200
 527   -0.950000000   -1.353049000   -0.904423600
 528   -0.950000000   -0.918227900    0.085585910
 529   17.260330000    1.811549000    0.862537800
 530    8.850987000    0.745239100    0.870146900
 531    3.128305000   -0.017618100    0.523991100
 532    3.878543000    0.092596590   -1.033180000
 533   -0.950000000   -0.463757800    1.685259000
 534    0.306078900   -0.109086600    0.378218100
 535   -0.950000000   -1.118779000   -0.680892600
 536    2.671722000    0.024892090   -0.178305900
 537    7.283867000    0.746004700   -0.986354300
 538   -0.950000000   -0.884976600   -0.616301500
 539   14.341030000    1.156437000    0.903344900
 540   -0.950000000   -1.885507000    0.047094820
 541   -0.950000000    0.296300800    1.782574000
 542   -0.819427300   -0.409400600   -1.044315000
 543   -0.950000000   -0.662205900   -0.047432270
 544    1.386061000   -0.382344900   -1.760237000
 545   -0.950000000   -1.116883000    0.271801900
 546   -0.950000000   -1.748267000    1.252157000
 547   -0.950000000    0.012312270    1.398810000
 548   18.370060000    1.592908000    0.643523200
 549   -0.950000000   -0.610243900    1.643179000
 550    9.393167000    1.161371000   -0.155831600
 551   -0.950000000   -0.969015500    0.906334200
 552    7.534882000    0.786164100    1.645605000
 553   -0.950000000   -0.949797800   -0.568312400
 554   -0.950000000   -0.640662400    1.545968000
 555   16.160290000    1.185500000   -1.577816000
 556   -0.950000000   -0.244511900    1.419753000
 557    2.431703000    0.331039300   -0.910475900
 558   -0.950000000   -0.653924500   -1.175956000
 559    6.439082000    0.377957000    1.119903000
 560   -0.950000000   -0.512594900   -0.483455100
 561    5.236790000    0.695901500    0.625322200
 562   13.194080000    1.224568000   -0.467408100
 563   -0.950000000   -1.281255000   -0.416457200
 564    7.637949000    1.457698000    0.429423700
 565   14.211680000    1.276992000    0.484326500
 566   -0.950000000   -0.320963000   -0.887040200
 567   -0.950000000   -0.108546200    0.203985600
 568   -0.950000000   -0.995179400    0.065952090
 569   -0.950000000   -0.754488500   -1.408175000
 570   -0.950000000   -0.383895300   -1.512340000
 571    5.546422000    0.752029700   -1.156872000
 572   -0.950000000   -0.532425000   -0.153190200
 573    4.615385000    0.412188300    0.146892100
 574    3.092946000    0.246402900   -0.186433200
 575    1.865398000    0.144428600    1.083998000
 576   -0.950000000   -1.153823000    0.426640700
 577   -0.950000000   -0.391115900    1.062762000
 578   -0.950000000   -0.823177300    0.454165000
 579    0.448920400   -0.141237100   -0.524607100
 580    1.543116000    0.160476300    0.688285000
 581    2.500487000    0.119816800    0.100242400
 582   -0.950000000   -0.131712000    0.822282600
 583    2.658140000    0.575313400    0.812715100
 584   -0.950000000   -0.925199400   -1.747946000
 585   -0.950000000   -1.285713000   -0.018602750
 586    8.589610000    0.182598500    0.580226700
 587   18.599480000    0.990006300   -1.182889000
 588   14.419790000    0.819177300   -0.109522000
 589   14.859270000    0.760223600   -1.172033000
 590   -0.950000000   -1.071365000   -1.615261000
 591   11.919510000    0.752664100   -0.367309200
 592   14.644340000    0.713529800   -0.796021900
 593    7.348915000    0.158987200    0.565588100
 594   11.576720000    1.150181000    1.927121000
 595   -0.950000000   -0.658398000   -0.127461700
 596   10.724650000    0.738496600    0.455677300
 597   -0.136743800   -0.326250100    0.508293900
 598   10.905400000    0.728577700    1.492962000
 599    5.436347000    0.048993460   -0.165184500
 600   17.075170000    0.858226000   -0.336445400
 601    0.086465370   -0.398387700   -0.239817300
 602   -0.950000000   -0.966852800   -0.619616800
 603   16.274210000    1.452191000   -0.238083200
 604   -0.950000000   -1.231614000    0.800807400
 605    3.812204000    0.400524800    0.801622400
 606   -0.950000000   -0.760300000    0.703278700
 607    2.142038000   -0.119374000    1.086711000
 608    4.118157000    0.112415000    0.243369100
 609    0.886738400    0.171161600    1.268647000
 610   -0.950000000   -1.112037000    0.223444800
 611    9.679006000    1.234892000    0.277562400
 612   -0.283388000    0.225364200    0.853799800
 613   18.312650000    1.477962000   -0.297637900
 614   -0.950000000   -0.940299300   -0.804081500
 615    4.638387000    0.221466500    0.843748700
 616    4.321489000    0.028522590    0.224861300
 617   -0.950000000   -1.033983000    0.760587400
 618   -0.950000000   -0.567687300    0.372615100
 619   14.815910000    0.925240300    0.739593900
 620   -0.562838500   -0.715617000   -1.489304000
 621   -0.950000000   -0.935504900    0.081257940
 622   25.458040000    1.894782000    0.012557960
 623    2.096392000   -0.309260200   -1.098168000
 624   -0.950000000   -1.526492000   -0.023059450
 625   15.947840000    1.443101000    1.053149000
 626   12.763920000    1.015527000    1.441222000
 627    4.925417000    0.702271200    1.263739000
 628   -0.950000000   -0.194725100    0.159354700
 629    0.848667400    0.984629600    1.990185000
 630    3.517377000   -0.103675700   -0.523916600
 631   -0.950000000   -0.487119400    0.592587400
 632   -0.950000000   -0.697184700    0.163431200
 633   -0.950000000   -0.679833300   -0.048071350
 634   -0.950000000   -0.642946900    0.400409900
 635   -0.950000000   -0.955972700   -0.364138100
 636   -0.950000000   -0.734711700   -1.356131000
 637   -0.950000000   -0.353109000    1.257589000
 638   18.898550000    1.144503000    0.253131900
 639   -0.950000000   -1.748933000    1.461569000
 640    2.089349000    0.054372180   -0.397882000
 641    8.491268000    1.144482000    0.199035100
 642   11.722960000    1.239877000   -0.703617400
 643    7.353448000    0.946000700    0.940704300
 644   -0.950000000   -0.605426700    0.242689700
 645    6.102443000    0.809140700    0.617362900
 646    6.457555000    0.742377200   -0.679209700
 647   -0.950000000   -0.923787100   -0.466955300
 648    2.152810000    0.649720400   -0.708289200
 649   -0.950000000   -1.546590000   -0.607589600
 650    0.266148100    0.357928400   -0.258602400
 651   -0.950000000   -0.407809800   -1.692967000
 652    0.118165400    0.295433100   -0.007395062
 653   -0.950000000   -1.702967000   -0.355981400
 654   -0.950000000   -1.434028000   -0.223877100
 655   -0.950000000    0.162845900    0.304834100
 656   -0.950000000   -0.737272000    1.038983000
 657   -0.950000000   -0.490902000   -0.256301000
 658   -0.950000000   -0.201896200    0.864888200
 659    6.437200000    0.928677500   -1.030944000
 660   -0.950000000   -0.800323100   -0.099087620
 661   -0.950000000   -0.347478800   -0.282515700
 662    5.464846000    0.589549000   -0.488335700
 663   -0.527419300    0.116697100    0.687694500
 664    0.965358300    0.142350000   -0.088935490
 665   -0.950000000   -0.547733700   -0.273041400
 666   -0.950000000   -1.836099000    1.180425000
 667   -0.950000000   -0.414789600    0.865123500
 668    3.755902000    0.448044400    0.194267200
 669   -0.950000000   -1.503877000    1.094228000
 670    9.529435000    0.746583600   -1.440952000
 671    0.081243540    0.020240840   -0.780640200
 672    7.840379000    0.696377300    1.917925000
 673   -0.950000000   -1.040210000    0.209809900
 674   -0.950000000   -1.083793000   -0.778308100
 675    6.965383000    1.237110000    1.160724000
 676   -0.038081310    0.327170700    1.518974000
 677   -0.950000000   -0.511518800   -0.073826330
 678   13.158100000    0.830526700   -0.143518000
 679   -0.950000000   -0.411982100    1.062910000
 680   -0.950000000    0.094055190    1.425418000
 681    0.273193000   -0.328850800   -0.494024200
 682   -0.433603600   -0.304346200   -0.517287800
 683   -0.950000000   -0.740168600    0.601111700
 684    2.263665000   -0.126335100    0.458536700
 685    8.761472000    0.684601500   -0.427974000
 686   11.479570000    0.907410000    0.069786200
 687   -0.950000000   -1.344031000   -0.855826300
 688   -0.950000000   -0.500184100    0.443007300
 689   -0.950000000   -0.600331900    0.927654800
 690   15.004160000    1.503476000   -0.665888700
 691   10.036460000    0.419230700    1.263966000
 692    1.774331000   -0.390634700    0.231430600
 693   26.171720000    1.502280000    0.378422900
 694    2.337329000   -0.059953290    0.671521700
 695   -0.950000000   -1.861333000   -0.067231640
 696   26.023700000    1.674456000   -0.015497630
 697   -0.950000000   -0.977618500    1.735316000
 698    3.613050000   -0.163364000    0.523174500
 699   -0.950000000   -1.177396000   -0.576587200
 700   23.700340000    1.223734000    1.760842000
 701   11.209500000    0.552284400    1.099940000
 702    3.489109000   -0.376482700   -0.087757260
 703    1.491937000    0.011343290    1.125704000
 704   23.737430000    1.265326000    0.272918800
 705   -0.950000000   -0.742331000    0.581732000
 706    8.460226000    1.316230000    1.481373000
 707   -0.201894700    0.312559700    1.271781000
 708   -0.950000000   -1.016582000    0.227890600
 709   -0.208540400    0.326738800    0.138085900
 710   -0.950000000   -1.011167000   -0.874278700
 711   -0.950000000   -1.088750000   -0.142073300
 712   -0.625582700    0.096858260    0.513194000
 713   -0.950000000   -0.174466500    0.274996100
 714    5.316756000    0.664173300    0.850940300
 715    7.875756000    0.730058100   -0.189898100
 716    2.467780000    0.493635400   -0.141251800
 717   -0.950000000   -1.023569000   -0.211236700
 718   -0.950000000   -1.856848000   -0.024599620
 719   -0.950000000   -1.136710000   -0.924767400
 720   -0.950000000   -0.137351600    0.360175700
 721    6.365688000    0.328514500   -0.813721600
 722   -0.950000000   -1.167282000    0.933306600
 723   -0.950000000   -1.311606000    0.874101500
 724    4.546786000   -0.028678060   -0.401215000
 725    6.260825000    0.104193600    1.372078000
 726   10.605800000    0.638717900    0.238290400
 727    3.501147000   -0.229826000    1.108648000
 728    4.781355000    0.021045230    0.185322000
 729   10.948870000    0.878922900    0.475730800
 730    3.692221000   -0.193578000   -0.868661000
 731   -0.950000000   -0.791436600    0.256759800
 732   10.703700000    0.945165000    0.390955300
 733    8.207167000    0.990694000    1.083785000
 734    5.677367000    0.326036200    1.210698000
 735    6.205653000    0.017512040    0.598898900
 736   -0.950000000   -0.435827300   -0.136915100
 737   10.045630000    1.018293000   -0.283473200
 738   -0.950000000   -0.752954300    0.044877720
 739    8.102612000    0.573228700   -0.422271400
 740   -0.950000000   -0.254275000    0.319352900
 741    8.329953000    0.736470400   -1.250834000
 742   11.452430000    0.842062700   -1.316408000
 743   -0.950000000   -1.720803000    1.303767000
 744    5.610457000    0.273217100    0.266471800
 745    5.341378000    0.525987900    0.728311400
 746    2.436681000   -0.254569200   -1.122232000
 747   -0.950000000   -1.092069000   -0.470902300
 748    4.915059000    0.253636000   -0.283173400
 749   18.141520000    1.661693000    0.593974000
 750    0.258652800    0.401695500    1.378612000
 751   -0.950000000   -1.562123000   -1.200742000
 752    8.172531000    0.884512900   -0.088777550
 753   -0.950000000   -1.200969000    0.765595000
 754   -0.950000000    0.502772300    1.600249000
 755   -0.950000000   -1.297334000   -1.031665000
 756   -0.782125900    0.332610300   -1.111930000
 757   -0.950000000   -0.985475100    0.865719400
 758   -0.950000000   -0.231653200    0.201970900
 759   -0.950000000   -0.409531700   -1.343194000
 760   -0.950000000    0.201807300    1.160234000
 761   -0.950000000   -1.407078000    0.339940400
 762   13.153050000    1.441415000    0.838229500
 763   -0.950000000   -0.316741100    0.016934620
 764   -0.950000000   -1.557041000   -0.010529650
 765   -0.950000000   -1.223065000   -1.158412000
 766    2.014332000    0.081674470    0.581269100
 767   15.759210000    1.551960000   -1.417974000
 768   -0.950000000   -0.398725100    0.965331500
 769    7.050587000    0.753288400    0.004954111
 770   11.711860000    1.082716000   -0.651449600
 771   12.537440000    0.717359300   -1.421927000
 772   -0.950000000   -0.335792300    0.739480000
 773   -0.950000000   -1.342383000    0.578384600
 774    3.300017000    0.057533350    0.732936900
 775    4.925401000    0.121764900   -1.352888000
 776    7.851799000    0.718202000    0.319936300
 777   -0.950000000   -0.873651500    0.432093000
 778    4.865933000    0.797632100    1.695196000
 779   -0.950000000   -1.272108000   -0.705437900
 780    8.676014000    0.949036200    0.592782800
 781   -0.950000000   -0.656561900    0.754830500
 782   15.888830000    1.389939000    0.876923200
 783   25.138160000    1.682349000    1.386766000
 784   -0.950000000   -0.661811400    0.335862100
 785   23.765870000    1.743945000    0.031723160
 786    5.057840000    0.181117000    0.446978700
 787    6.009603000    0.586605900    1.493095000
 788   22.514230000    1.950716000    0.464532100
 789    0.909596400   -0.129921200    0.898011300
 790   -0.950000000   -0.439759100    1.463713000
 791   -0.021351150   -0.124753800    1.698709000
 792   -0.950000000   -1.573455000   -0.792893300
 793    0.399520700   -0.465917600   -0.558231300
 794    7.549177000    0.175965900   -0.433192400
 795   -0.950000000   -1.627273000   -0.332841500
 796   -0.950000000   -0.298779300    1.182907000
 797    8.196305000    0.761463400    0.525793900
 798    7.695771000    0.807534300    0.286398500
 799   14.271940000    1.971388000    0.346088800
 800   -0.950000000   -1.163465000    0.669237800
 801   -0.950000000   -0.469961400    0.250814200
 802   -0.950000000   -1.544920000    0.473620900
 803   14.219970000    1.285175000    0.347963800
 804    1.770690000    0.004385730   -0.437653900
 805    3.281271000    0.266172300   -0.859129700
 806   -0.950000000   -1.549881000    0.721217000
 807   -0.950000000   -1.420498000    0.392626100
 808   -0.950000000   -0.813801300    1.160312000
 809   -0.950000000   -0.337463100   -0.981026100
 810   -0.950000000   -1.461141000    0.630817600
 811   -0.950000000   -1.401183000    0.872427300
 812   10.146460000    0.889327800    1.178902000
 813   17.043360000    1.237710000    0.675910800
 814    1.536981000    0.120469100   -0.384026300
 815   -0.950000000   -0.463465100    1.147946000
 816   -0.950000000   -0.354906000    0.042967780
 817   -0.950000000   -0.130405300   -0.640417100
 818   -0.950000000   -1.402829000    0.060334340
 819    9.027366000    1.065630000   -0.192445100
 820    9.501926000    1.233631000    0.353250700
 821   -0.950000000    0.043016100    0.879820200
 822   -0.950000000   -1.792942000   -0.489567000
 823   11.424460000    0.999398600   -0.806060300
 824   -0.950000000   -1.699146000   -0.618452300
 825   -0.950000000   -1.858745000   -0.672525800
 826   17.765880000    1.241059000    0.929796800
 827   17.041880000    1.833502000   -0.346411300
 828   13.637240000    0.657602300   -0.926601300
 829    3.666018000   -0.149128500   -0.476375600
 830   14.733430000    1.050233000   -0.539078000
 831   -0.950000000   -1.245427000    0.470783000
 832   -0.950000000   -1.048819000    0.995642000
 833   -0.950000000   -0.970667200    0.919003800
 834    5.270351000    0.179555900   -0.044167770
 835   12.579080000    0.775826900   -0.222267700
 836    9.539561000    0.613735200   -0.118846100
 837   16.368120000    1.259154000   -0.309527200
 838   13.534310000    1.008046000   -0.323867400
 839   -0.950000000   -1.105188000   -0.841084600
 840   13.673510000    1.385452000    0.314461200
 841   -0.950000000   -0.734395300    0.065868010
 842   -0.950000000   -0.701323100   -0.901683500
 843    7.086596000    0.487272900   -1.509803000
 844   -0.950000000   -0.046890860    0.219068000
 845    7.288694000    0.904313600   -0.169122600
 846   -0.950000000   -0.285399900   -1.122111000
 847    7.982241000    1.151697000    0.468885500
 848    6.482824000    0.834732400    0.308832300
 849   -0.950000000   -0.337488600    0.019585680
 850   -0.950000000   -0.023637130    0.598565000
 851   -0.950000000   -0.357306600    0.243502800
 852    8.612984000    0.671583500   -1.041873000
 853   -0.950000000   -0.411511700   -0.100175200
 854    9.879886000    1.020042000   -0.382230100
 855   -0.950000000   -1.750754000   -1.210662000
 856    8.385843000    0.587094400   -0.986284000
 857   -0.950000000   -0.020158350    1.639404000
 858    3.859312000    0.205468900   -0.714262400
 859    4.938926000    0.093315900   -0.675338900
 860   -0.950000000   -0.311646100   -0.350736500
 861   -0.950000000   -0.117764500    1.501829000
 862   -0.950000000   -0.606082200   -0.659665900
 863    2.489507000    0.213207800   -0.209303900
 864   -0.950000000   -1.216912000   -0.594361000
 865   11.757210000    1.396843000    0.785614900
 866   -0.950000000   -0.977282600   -0.525285400
 867    6.989594000    1.158897000    0.903994500
 868   -0.950000000   -0.528793900    0.436420200
 869   -0.950000000   -0.193755800    0.997450800
 870   10.129810000    0.751151200   -0.184045100
 871   -0.950000000   -1.850208000    1.169116000
 872    1.867006000   -0.031609140   -1.967728000
 873   12.001480000    1.510244000   -0.815517800
 874   -0.950000000   -0.849982300   -0.152265700
 875   -0.950000000   -0.568387200    1.478751000
 876    7.622518000    1.685005000    0.505226100
 877   16.857980000    1.840888000   -0.713281600
 878   20.539550000    1.640939000   -1.625563000
 879    3.421798000    0.373386000   -0.724790600
 880   -0.950000000   -0.843023300   -0.152514600
 881   -0.950000000   -1.407230000    0.093370310
 882   -0.950000000   -0.309090000   -0.150392400
 883   -0.950000000   -1.087751000   -0.103151900
 884   -0.950000000   -0.372961400   -0.610045600
 885   -0.950000000   -1.760902000   -0.824341600
 886   -0.567803200   -0.236326600    1.608525000
 887   -0.950000000   -1.138122000    0.787473100
 888   15.173830000    0.579063300   -0.612106700
 889    6.926712000    0.163383000   -0.369167600
 890    5.724941000   -0.056575600   -0.111917900
 891    1.437083000   -0.453245700   -0.296998900
 892    6.060151000    0.448214400    0.973564400
 893   32.398570000    1.948666000    1.173805000
 894   26.559470000    1.599190000   -0.575144600
 895   13.027710000    0.788287000   -0.247816700
 896    3.464244000   -0.084533890    0.236164700
 897    1.198508000   -0.456070000   -0.340764000
 898   24.867530000    1.866672000   -1.859065000
 899    2.277927000    0.010789250    0.349687800
 900    9.107108000    0.558788100    0.326021400
 901   -0.950000000   -1.248999000    0.590368600
 902    2.153613000    0.117164200    0.047430130
 903    1.359922000   -0.390568800   -0.870712400
 904    1.165555000    0.223483900    0.716779000
 905   -0.950000000   -1.191442000    0.161274300
 906   -0.950000000   -1.130919000    0.828003000
 907   -0.950000000   -0.910247000    1.081276000
 908   -0.950000000   -0.254645700    1.106820000
 909    4.741129000    0.025801880   -0.228054500
 910    2.483131000    0.170366100   -0.169522800
 911    4.603192000    0.274386200    0.212706300
 912    5.516381000    0.650825900    1.375646000
 913   -0.950000000   -1.583982000    1.777435000
 914   -0.950000000    0.004807056    1.724761000
 915   12.897940000    0.618421000   -1.464946000
 916    7.264801000    0.903691000    0.387297800
 917   -0.950000000   -0.355045900   -0.278251200
 918   -0.950000000   -0.963846200    0.844451000
 919   10.809540000    1.103914000   -0.740205300
 920   13.649050000    1.139862000   -1.310124000
 921    9.158572000    0.742102900    1.546965000
 922   15.580810000    1.035311000   -1.216485000
 923   -0.950000000   -0.241228100    1.514937000
 924    5.744318000    0.105405700   -1.901438000
 925   -0.950000000   -0.134759000    0.964878200
 926   22.810530000    1.551765000   -1.364804000
 927    0.186438500   -0.160423200   -0.479589400
 928    4.888079000    0.476864400    0.315199300
 929   12.524920000    1.234167000    0.418109700
 930   -0.950000000   -0.140398300    0.370435600
 931   -0.950000000   -0.690045000   -1.506610000
 932   -0.950000000   -1.322179000    0.837415900
 933    1.581501000    0.232379000    0.335913200
 934    1.225828000    0.114981800   -0.491091500
 935   -0.950000000   -1.141744000    0.050505850
 936   -0.950000000   -0.229160800    0.373710700
 937   -0.950000000   -0.814018400    0.842848000
 938   13.178270000    1.406698000   -0.576358300
 939   -0.950000000   -0.904099300   -1.201642000
 940    4.296438000    0.726415800    0.130873300
 941   -0.950000000   -0.206412000    1.928985000
 942    2.108323000    0.247899800   -0.638266800
 943   -0.950000000   -0.265229900    0.052935450
 944   -0.950000000   -0.441254100    0.982534200
 945   -0.950000000   -0.388753700   -0.978902000
 946   -0.950000000   -1.424456000   -0.502698300
 947   13.902890000    1.672106000    0.707374800
 948   -0.355716300    0.074912000   -1.420592000
 949   -0.950000000   -1.171767000    0.736227000
 950   -0.950000000   -0.308409900    0.986696100
 951   -0.950000000   -0.574614500    0.671451200
 952   -0.950000000    0.015944460   -0.565489600
 953   -0.950000000    0.143847700   -0.212977700
 954   -0.950000000   -0.781044600   -0.228864100
 955   -0.950000000    0.203427200   -0.228034500
 956    3.683769000    0.436657700   -1.681658000
 957   -0.607324300    0.400561700    0.372539200
 958   -0.950000000   -1.028027000    0.027280480
 959    9.837775000    1.240153000   -0.172460700
 960   -0.950000000   -0.215390900   -1.407162000
 961   14.474230000    1.487961000    0.766969900
 962    9.948501000    0.716262900   -0.138143300
 963    6.493860000    0.533774500    0.198102100
 964   -0.950000000   -1.247363000    0.475013700
 965   -0.950000000   -0.449336700    1.290750000
 966   14.968020000    1.175177000   -0.894595600
 967    7.213969000    0.414279600   -0.017167130
 968    9.913079000    0.462698100   -0.097337780
 969   18.923710000    1.172036000   -1.651500000
 970   -0.950000000   -1.619494000    0.029340550
 971    3.923672000    0.286428300    0.642103000
 972   21.845250000    1.702467000   -0.057713630
 973    3.038396000    0.180398100    0.369533400
 974   -0.950000000   -0.969279200    1.085134000
 975    8.650649000    0.790676700    0.403126600
 976   -0.950000000   -0.948522200   -0.472607600
 977   -0.950000000   -0.382478600   -0.215478500
 978   14.083880000    1.267234000    0.084565170
 979   12.362310000    1.172501000   -0.297774200
 980   -0.950000000   -1.020027000    1.188155000
 981    2.585661000    0.431596800    1.322932000
 982   11.799760000    1.188679000    1.044100000
 983    1.271359000   -0.180488900    0.313320400
 984   -0.950000000   -0.471954500    0.862931300
 985    1.886227000   -0.017948560   -0.482093700
 986    9.531579000    0.559805600   -1.127731000
 987   -0.950000000   -0.634927300   -0.393688500
 988    1.448704000    0.038505110    0.218725000
 989   -0.950000000   -0.318028900    1.126896000
 990    4.833167000    0.347156600   -0.418075300
 991   -0.950000000   -0.493796100    0.050801840
 992    0.968974700   -0.140064100    0.077169160
 993   -0.950000000   -0.562103400    0.730174500
 994   -0.950000000   -1.058116000    0.166994900
 995    6.780372000    0.489805800    1.575571000
 996    5.322105000    0.246627600   -0.215634400
 997   -0.950000000   -0.583585200    1.264456000
 998    2.769475000   -0.334196000   -1.248881000
 999    3.255303000   -0.379113300   -1.437223000
1000    7.196319000    0.617760600   -0.147120100
1001    9.530565000    0.535436700   -1.609557000
1002   -0.272840500   -0.198996800    0.962751100
1003   -0.950000000   -0.503474900    0.424920100
1004    0.535794900   -0.187059000   -0.050870810
1005    5.784759000    0.573116500    0.489539000
1006   -0.950000000   -0.140938000    0.044269730
1007   -0.950000000   -1.897106000    0.042850310
1008   -0.950000000   -0.907575200    0.379575900
1009   -0.950000000    0.233483500   -0.442596900
1010   -0.950000000   -0.012137780   -1.798648000
1011   -0.950000000    0.137996700    0.089665670
1012    1.947095000    0.409040200   -0.126124000
1013    0.955971900    0.643692200   -0.007274865
1014   -0.950000000   -0.812534800   -0.884180800
1015   -0.950000000   -0.469195200   -1.443466000
1016   -0.950000000   -0.797534500   -1.691662000
1017   10.825120000    1.519047000    0.284938000
1018   -0.950000000   -0.121477400    1.553249000
1019    0.698838400    0.442448600   -0.545690000
1020   -0.680876800    0.507624200   -0.659060600
1021   -0.950000000   -0.521782700   -0.129300800
1022   -0.950000000    0.349643600    0.773975900
1023   -0.950000000    0.105155900   -0.035297370
1024    7.545702000    1.128016000   -1.087655000
1025   -0.950000000   -0.601308800   -0.782035400
1026   -0.950000000   -0.312341300   -0.620857000
1027   -0.950000000   -1.046952000   -0.152463400
1028    2.989129000    0.124827800   -1.740349000
1029    1.557958000    1.153952000    0.424501300
1030    2.122356000    0.490347900   -0.339947800
1031   -0.950000000   -0.774837800    0.024136770
1032    5.740367000    0.651203700   -1.405134000
1033   -0.950000000   -0.026956580   -1.110874000
1034   -0.950000000   -0.504327700   -1.067468000
1035   -0.950000000   -1.131786000   -0.116680700
1036    8.331981000    0.711743800    0.160568000
1037    2.308912000    0.619446400    0.750005300
1038   -0.950000000   -0.715012000    0.720442200
1039   -0.950000000   -0.378780500   -0.136227000
1040    2.436763000    0.006818398   -1.453860000
1041   -0.950000000   -0.949797900   -0.000044800
1042    2.793263000    0.087825400   -1.949315000
1043   -0.950000000   -0.476894600    1.401657000
1044   10.054470000    1.059730000    1.089746000
1045   10.512970000    0.597208900   -0.704132300
1046   -0.950000000   -0.597568500   -1.434732000
1047   -0.950000000   -0.956095700   -0.191694200
1048   -0.950000000   -1.527146000    1.195795000
1049   14.328970000    1.212725000    1.947316000
1050    4.273186000    0.770094600    0.920407400
1051   11.838140000    0.786759700   -0.186048300
1052   -0.950000000   -0.442355200    0.955977900
1053   -0.950000000   -0.722624300   -0.164442800
1054   21.227880000    1.334539000    1.261307000
1055    8.073918000    0.214093600    0.914209300
1056    6.138357000    0.397316800    0.945872200
1057    7.802937000    0.673248500    0.208828100
1058    6.792962000    0.011142800   -0.363377000
1059   16.913160000    1.050983000   -0.369585100
1060    8.277405000    0.323810400   -0.999560600
1061   16.149290000    1.112816000   -1.614683000
1062   12.272210000    0.741034300    0.846456800
1063    7.845031000    0.479677300    0.619027800
1064   -0.950000000   -0.895974500    0.139174100
1065    6.903015000    0.573135300    0.821881600
1066    1.211045000    0.103126300   -0.521812900
1067   12.580490000    1.021145000   -1.728096000
1068   17.354090000    1.541239000    0.186328900
1069   -0.950000000   -1.505496000   -0.902365500
1070   -0.950000000   -0.114557600    1.174679000
1071    0.355674800   -0.111958400   -1.337806000
1072   -0.950000000   -0.233921900    0.626997900
1073    1.158860000    0.207251900    0.134197800
1074   -0.950000000   -1.013951000    1.027136000
1075   -0.950000000   -1.222729000    0.071669530
1076   -0.950000000   -0.226340100   -0.000609927
1077   -0.950000000   -0.210516200   -0.587007300
1078   13.118510000    1.369252000    1.352845000
1079    7.994776000    0.718907800   -0.019442750
1080    3.047519000    0.517329700    1.435595000
1081   11.481750000    0.875487000   -1.656710000
1082    3.199252000    0.601036900   -0.203636500
1083    7.611405000    0.838165000   -0.031735090
1084    1.751930000    0.370404500    0.706443100
1085   -0.950000000   -0.006227287    1.025334000
1086   -0.950000000   -0.452834900   -0.264989300
1087   -0.950000000   -0.433496400    0.168788000
1088    6.333900000    0.777489100   -0.133976500
1089   -0.950000000   -0.996927300   -0.068893770
1090    1.190449000   -0.192183500   -1.128847000
1091    6.093837000    0.593958000   -0.649477500
1092    5.303803000    0.462748100   -1.070119000
1093   -0.950000000   -1.054295000    0.927320900
1094    3.816668000    0.003277715   -1.526032000
1095    9.662796000    1.064186000    0.279384200
1096   -0.567544100   -0.436114100   -1.355020000
1097   -0.950000000   -0.471471500   -0.257586400
1098   13.862420000    0.864050200    0.190090200
1099   11.373390000    0.781824000   -0.970228600
1100    6.305790000    0.391090600    1.764033000
1101    7.799822000    0.732917500   -0.170216900
1102   -0.950000000   -0.614292900    0.348920600
1103    7.541973000    0.489384200   -0.412651400
1104   -0.950000000   -0.662712500    0.647144300
1105    5.384932000    0.433371400    0.158620000
1106   -0.950000000   -1.175375000   -0.141454900
1107    6.014812000    0.274340200   -0.498426800
1108    6.594101000    0.430753100   -0.733605300
1109   -0.950000000   -0.586293200    0.562510400
1110   -0.950000000   -0.212555500    0.439203300
1111    0.560698800    0.246250500   -1.317453000
1112   -0.950000000   -0.598749000    0.025703000
1113   -0.950000000   -0.037220040   -0.438408500
1114   -0.950000000    0.183158900   -0.888931900
1115   -0.950000000    0.638379700    0.110468100
1116   -0.950000000   -0.810797100    0.239079400
1117    0.067010490    0.461773600   -0.000595818
1118    4.479687000    0.530558000   -1.639596000
1119    1.118330000    0.149345100   -1.791795000
1120   -0.950000000   -1.479856000   -0.603987400
1121    0.921786900    0.507826200   -0.938060600
1122   -0.950000000   -1.413389000    1.805750000
1123   -0.950000000   -1.101350000   -0.975362900
1124    9.004916000    1.904375000   -1.288288000
1125   -0.950000000    0.119433900    1.137737000
1126   -0.950000000   -0.163069900   -0.686994400
1127   -0.950000000   -0.837384700    0.068970980
1128   -0.950000000   -1.287441000   -0.358519800
1129    8.844614000    0.736804200   -0.184812000
1130    3.899651000    0.515756300    0.954422500
1131   -0.950000000   -1.374918000   -0.418814600
1132   -0.950000000   -0.218794100    0.890024200
1133   21.503510000    1.814634000    0.808802200
1134   -0.751393200    0.001568103    0.941119700
1135   10.366930000    0.731425900   -1.062355000
1136   -0.950000000   -0.586117800   -0.218664200
1137   13.163400000    1.282079000   -0.707806600
1138    4.138830000    0.212540600   -0.346947800
1139   -0.950000000   -0.886420900    1.614098000
1140   -0.950000000   -0.049748690    0.373034100
1141    9.065423000    0.761752100   -1.591069000
1142   -0.950000000    0.535709400    1.099906000
1143   -0.950000000   -0.804561000   -0.753287600
1144   -0.950000000   -1.010190000   -1.641999000
1145    8.063060000    0.871032700   -1.139698000
1146    0.220258800    0.440721700   -0.455349900
1147   -0.950000000    0.563734700    1.016964000
1148   -0.950000000   -1.957088000   -1.275559000
1149    0.478364900    0.288331300    0.000146953
1150   -0.950000000   -0.080901000   -0.089009570
1151   -0.950000000   -1.361442000    0.025531350
1152    0.909789800    0.059729310   -1.754390000
1153   -0.950000000    0.505857300    0.997321100
1154   -0.950000000    0.426395100    0.767992000
1155   -0.652869200   -0.028040510   -0.430403100
1156   -0.950000000   -0.159054600   -1.067753000
1157    9.208952000    1.202989000    0.175747000
1158   -0.950000000    0.073329360    0.717053200
1159    2.730337000    0.514678600    0.686459600
1160   -0.950000000    0.336153900    0.831291800
1161   -0.950000000   -0.286530700    0.617654500
1162   -0.950000000   -0.411358200   -0.088693340
1163    2.257311000    0.570830000    0.160094900
1164   -0.950000000   -1.199659000   -0.140886600
1165   -0.950000000   -0.846103800   -1.872931000
1166   -0.950000000   -1.575976000   -0.795881400
1167   -0.950000000   -0.106477000    0.155486800
1168   -0.950000000   -0.029296680   -0.289610500
1169   -0.950000000   -1.155978000   -0.225228800
1170    7.266011000    0.576197800   -1.542807000
1171   -0.950000000   -0.357304500   -0.568075200
1172   -0.950000000   -0.804251600    0.629236600
1173   -0.950000000   -0.423556300    0.431082600
1174   -0.950000000   -0.896194200   -0.839517700
1175    8.643759000    0.837317900   -0.036040740
1176    9.318085000    0.737497600   -0.695794800
1177   -0.950000000   -0.202232900   -0.443606500
1178    5.556194000    0.816786700    0.459766300
1179   -0.950000000   -1.431507000   -0.258236000
1180   -0.402512300    0.586578200    1.654973000
1181   -0.950000000   -0.541473200    0.073412000
1182    3.777867000    0.231056700   -0.096508270
1183   -0.950000000   -0.350688500    0.259807600
1184    9.356171000    0.725718500   -0.622395300
1185   11.056140000    0.997270300    0.471508700
1186    6.781360000    0.310458400   -0.558774900
1187   14.561150000    0.954798100    0.354150300
1188    5.269896000    0.498971700    1.027372000
1189   -0.110462000    0.062233910    0.528286400
1190   -0.950000000   -0.409815600    0.481992700
1191   13.448040000    1.328730000    1.051487000
1192   -0.950000000   -0.976987200   -0.065709140
1193    8.344812000    1.107482000    0.739495200
1194    6.839876000    0.408656000    0.049467560
1195   -0.950000000   -0.940326700   -0.371564500
1196    7.727379000    0.785759600    0.303226900
1197   -0.950000000   -1.321514000    0.043823450
1198   -0.950000000   -1.359196000    0.412087000
1199   -0.950000000   -0.549556500   -1.769110000
1200    9.289140000    1.198930000    1.467273000
1201    5.475417000    0.345762300   -0.310914400
1202    7.714444000    0.704451500    0.423562100
1203    4.725517000    0.299922000    1.183387000
1204    7.437517000    0.439413200    0.146753300
1205    9.747678000    1.064695000    0.673561100
1206   10.966570000    0.560247300   -0.786432700
1207   17.009120000    1.246170000   -0.617656600
1208   -0.950000000   -1.446268000    0.127518600
1209    0.997794300   -0.078441790    0.573208300
1210    5.467738000    0.212698600   -0.208239600
1211   -0.950000000   -0.650792700   -0.739506600
1212   11.499220000    0.590484800   -0.726636900
1213   10.814490000    0.521832400   -0.817617000
1214   -0.950000000   -1.742258000    0.126822400
1215   17.672360000    1.759555000   -0.416304500
1216    6.140839000    0.450666200    0.597507800
1217   16.072070000    1.115913000    0.697941900
1218    7.483897000    0.371922300   -1.983066000
1219   -0.573203300   -0.054387190    0.087879890
1220   22.835580000    1.875629000    0.249086100
1221   -0.950000000   -1.303173000   -1.708026000
1222   12.777350000    0.866628400   -1.200805000
1223    2.896133000    0.385758400    0.610579200
1224   15.854250000    1.945177000   -0.620489600
1225   -0.950000000   -1.276985000    0.040345000
1226   -0.950000000   -0.558207500   -1.372914000
1227    1.375339000    0.502780500    1.179532000
1228    1.488648000    0.449169100    0.287202200
1229   -0.950000000   -0.095523290   -0.274988800
1230    7.859759000    0.601993400   -1.813472000
1231   15.176060000    1.459333000    0.998914600
1232   13.878980000    1.316290000   -0.826627700
1233   -0.950000000    0.238730800    1.067714000
1234   13.553510000    0.909637400    0.321894200
1235   -0.950000000   -1.968645000   -1.460302000
1236   13.320510000    1.357046000    0.763896600
1237    1.781945000   -0.041126270    0.043906230
1238    7.249259000    0.066011740   -1.308800000
1239    1.892514000    0.236310900    1.023813000
1240   -0.950000000   -0.492800400    0.760808200
1241   -0.950000000   -0.609397600    0.652377200
1242   -0.741892900   -0.320438900    0.439237900
1243    0.113516400   -0.466976000   -0.795715300
1244    8.039135000    0.763276700    0.203323600
1245   -0.950000000   -0.996749000   -0.452625700
1246    8.197973000    0.583924300   -0.795438400
1247   -0.950000000   -0.918306100    0.527288700
1248   11.897090000    0.964762500    0.834455600
1249   -0.950000000   -0.850403300    0.016089240
1250   13.472180000    1.130047000   -0.592250600
1251   -0.950000000   -1.224757000    1.119445000
1252   -0.950000000   -0.457514800   -0.306498400
1253    3.278453000    0.021258170   -1.718223000
1254    2.405840000    0.204439800    0.495303600
1255   -0.950000000   -1.307154000    1.198705000
1256   18.016860000    1.825571000   -1.415034000
1257    3.738651000    0.621983300    0.293927300
1258    4.620332000    0.136938200   -0.845183400
1259    7.536813000    0.501946500   -0.426142400
1260    9.255080000    1.287938000    0.379829500
1261   -0.936107700   -0.203097600   -0.093595390
1262   -0.950000000    0.416053600    0.434792200
1263    6.559411000    0.966096000   -0.186829600
1264    6.636392000    0.622822800   -0.609698800
1265    3.377997000    0.062684700   -1.634287000
1266   -0.950000000   -0.441742400    0.946686800
1267    5.892482000    0.472889100   -0.441354200
1268    1.229375000   -0.040479040   -0.784447300
1269   -0.950000000   -0.660654300   -0.425817800
1270    4.990748000    0.554809800   -0.028734010
1271   -0.950000000   -1.177027000    1.318855000
1272   -0.950000000   -0.295799700    0.195664600
1273   -0.950000000   -0.375807900    0.290768500
1274   16.248040000    1.587922000    0.411121700
1275   -0.950000000   -1.705956000    0.615587200
1276   -0.950000000   -0.249973000    0.996442400
1277    6.085571000    0.515189600    0.522678700
1278    9.805186000    1.022009000   -0.718682800
1279   12.172740000    0.985365800   -0.369292800
1280    1.848077000   -0.204466400   -1.678308000
1281    0.116961700   -0.171901600   -0.898111700
1282   16.591450000    1.467166000    1.454694000
1283   -0.950000000   -0.506566500    0.875928800
1284    1.123055000   -0.265230500   -1.437103000
1285    6.912120000    0.775350000   -0.155441100
1286    8.579229000    0.658279300   -0.547367700
1287   10.361720000    0.535147600   -1.650279000
1288   12.595860000    1.100609000    0.485736500
1289   -0.950000000   -1.766010000   -0.950945900
1290   11.340660000    0.915067100   -0.096647790
1291   -0.950000000   -0.284697800    0.593452600
1292    7.836800000    0.547412400   -0.345661800
1293   -0.950000000   -0.684867400   -1.414301000
1294   -0.950000000   -0.552257800    0.933945400
1295   10.482860000    0.973469900   -0.380389000
1296   10.917830000    0.889612500   -1.913061000
1297   -0.182012100    0.110953200    0.974886200
1298    3.813794000    0.141296800   -0.503462600
1299    1.862335000    0.212255400    0.848373000
1300    0.661892600    0.006126919   -1.244983000
1301   -0.950000000    0.003500579    1.496679000
1302    0.538828500    0.828369200    1.411552000
1303    3.286331000    0.173824000   -0.368424000
1304    7.730011000    0.489454500   -1.277436000
1305   15.736610000    1.866818000   -0.071242310
1306   -0.950000000    0.405360500    0.043725160
1307   -0.950000000   -1.047208000   -1.275145000
1308   -0.950000000   -0.903689900   -0.587349800
1309    0.012491400    0.607392500    0.046674720
1310   -0.950000000   -1.224013000   -0.205261300
1311   -0.950000000   -0.186879000    0.505680800
1312    6.437242000    0.672311700   -1.326859000
1313   -0.950000000    0.094817680   -0.678750100
1314   -0.950000000   -1.440096000   -1.015789000
1315   -0.950000000   -1.276572000    0.641508600
1316    4.008503000    1.262571000    0.890380000
1317   -0.950000000   -0.542324600    0.473962700
1318   -0.950000000   -1.790576000    0.012879720
1319   -0.950000000   -1.580253000    1.441146000
1320   -0.950000000   -0.725285400    0.714468100
1321   -0.591556200   -0.101555100    0.955169900
1322    2.904801000    0.423567600    0.515960100
1323   -0.950000000   -1.731623000    1.945514000
1324   15.897250000    0.930171900   -0.425508600
1325   12.520980000    1.534240000   -0.278283100
1326   -0.950000000   -1.407780000   -0.217341600
1327    3.694920000    0.385327600    0.620738000
1328   -0.950000000   -0.281312600   -0.261384900
1329   12.657900000    0.926427900   -0.119304500
1330    2.936813000    0.157847100    0.123819500
1331   15.633140000    1.276162000    0.206684000
1332    2.647428000   -0.030922210   -0.913221700
1333   -0.950000000   -0.958750300   -0.345888200
1334   -0.950000000   -0.439990500    0.774039100
1335   -0.950000000   -0.359298600    0.411141000
1336    1.672783000   -0.119098300   -0.279225000
1337   -0.950000000   -0.389197400    0.256187100
1338   -0.950000000   -0.992925600    0.084404990
1339   14.945960000    0.941522000    0.380802500
1340   13.008970000    0.625485700   -1.381172000
1341    1.064553000   -0.320652300   -0.709243200
1342    9.330906000    0.900671800    1.066085000
1343    6.621142000    0.251849100   -0.007508537
1344   16.907290000    1.152759000   -0.253404700
1345   -0.950000000   -0.621664800    1.646346000
1346    0.943652000    0.313810700    0.987849800
1347    8.596188000    0.504128600   -0.414795700
1348   20.949620000    1.916462000   -0.463550700
1349   -0.950000000   -0.165780500    1.362062000
1350    2.631509000    0.020338980   -0.562421700
1351   13.768250000    1.067623000   -0.120307300
1352    1.385782000    0.111697600    1.166710000
1353   16.340940000    1.298697000   -0.495748900
1354   -0.950000000   -0.886095700    1.416396000
1355   -0.401487000    0.196730500    1.363414000
1356   13.912420000    1.134221000   -0.236775500
1357   -0.950000000   -0.712064600   -1.157741000
1358   -0.950000000   -0.683472300    1.949320000
1359   -0.950000000   -1.208515000    0.497751600
1360   -0.950000000   -1.066024000    0.602351800
1361   -0.950000000   -0.505843800    0.864335500
1362   -0.950000000   -0.348867300   -1.392111000
1363    4.973353000    0.345027100   -0.445168800
1364   -0.950000000   -0.637093800   -1.532036000
1365   12.522530000    1.259113000    0.090736630
1366    4.668038000   -0.220258800   -0.610436700
1367    5.623995000    0.077244680    0.819854000
1368    1.600174000   -0.212926000    0.900526700
1369   15.485830000    1.073041000   -0.195630100
1370    8.349454000    0.574380000    0.110702600
1371   -0.950000000   -0.960956200    1.375276000
1372    0.391064000   -0.344778700    0.874003300
1373   -0.950000000   -0.632113400   -0.453018100
1374   -0.950000000   -0.963693400    1.215834000
1375    3.378382000   -0.092932940    1.902223000
1376   13.166920000    0.905291200    0.247984200
1377    8.289828000    0.374452900   -0.520180600
1378   -0.138877200   -0.398024900    0.631905100
1379    9.101574000    0.562836400    0.609521800
1380   11.511220000    0.627915500   -0.150626500
1381   23.220670000    1.749299000   -0.550738500
1382   -0.950000000   -0.193406300    0.633601400
1383    6.045140000    0.745310800    0.082628010
1384   -0.950000000   -0.366876200   -0.126145100
1385   -0.950000000   -0.341535400   -0.596571500
1386   -0.950000000   -0.541176200   -0.380344800
1387   -0.950000000   -0.313840300    1.026021000
1388   -0.950000000   -0.203844400   -0.274116300
1389   -0.950000000   -0.423222400    0.268543900
1390   10.362160000    1.009061000    0.595464300
1391   -0.950000000   -1.057929000   -0.815490500
1392   11.317280000    1.204485000    1.824887000
1393    2.882733000    0.115986700   -0.546876300
1394    0.262165200   -0.060218660    0.984667400
1395   -0.117495100   -0.075767980   -0.695767400
1396    1.382311000   -0.478956500   -0.068550820
1397   -0.780038100   -0.473320000    0.693356000
1398    2.189867000   -0.139619300    0.479059600
1399   -0.950000000   -0.909121700    1.782198000
1400   -0.950000000   -1.182745000    0.329315500
1401   10.489600000    0.811589300    0.729145900
1402   16.991860000    0.979693100   -0.443064300
1403   12.375500000    0.601179800    0.213316300
1404   21.178210000    1.515025000    0.678012600
1405    6.177920000   -0.009339291    0.804578300
1406   -0.950000000   -0.580793100   -0.039983730
1407   20.935150000    1.937498000    1.105634000
1408    9.017803000   -0.088992940    1.343536000
1409   -0.950000000   -0.711939400    1.014232000
1410   18.068630000    1.159468000    0.454777900
1411    8.460887000    0.156967900   -1.814344000
1412   18.113340000    1.506223000   -0.675641400
1413   11.645550000    1.287045000    1.853443000
1414   13.178880000    0.699020400   -0.864027500
1415    5.600321000    0.314140900   -0.309063500
1416    3.883932000   -0.207070700   -0.838422300
1417   11.077160000    0.728209800   -0.371872300
1418    8.333011000    0.368276700   -1.115871000
1419   12.719150000    1.287817000    1.188422000
1420    3.022283000    0.097994980   -0.169027100
1421    0.332030800    0.269262400    0.612732000
1422    2.170632000    0.040258950    1.436264000
1423    4.999623000    0.083333600   -0.217370000
1424    7.029037000    0.193786900   -0.322700100
1425   14.963510000    1.241688000   -0.069255700
1426    7.391889000    0.233286500   -1.278708000
1427   20.141770000    1.680724000   -0.549058300
1428   -0.950000000   -0.941599600    0.157371000
1429    0.752897300    0.725594000    1.177563000
1430   -0.950000000   -0.542313000    0.492582900
1431    3.166936000   -0.058178560   -1.522323000
1432   -0.950000000   -0.203832800   -0.316108400
1433   -0.256342100    0.173415800    1.861437000
1434   -0.950000000   -0.857484900    0.681803300
1435    1.378867000   -0.032772010   -0.448200700
1436   11.924880000    1.220533000    0.006367831
1437   -0.950000000   -1.287896000   -0.790307100
1438   -0.950000000   -1.021139000    1.846341000
1439    0.827293500    0.235159400    0.187416600
1440    4.083890000    0.425209600   -0.491046300
1441   -0.950000000   -1.121480000   -1.413924000
1442   -0.950000000   -1.225207000    0.393320100
1443    6.119930000    0.799024800   -0.157430500
1444   11.190460000    1.101004000   -1.540620000
1445   -0.950000000    0.455502100    1.282789000
1446   -0.950000000   -0.753041100    0.199445800
1447    1.595456000   -0.006331133   -1.900435000
1448   -0.950000000   -0.348223700    0.015712710
1449    3.254296000    0.223237700   -0.912583000
1450    4.907240000    0.581286900   -0.937274700
1451    4.455991000    0.607833800   -1.466145000
1452   -0.950000000   -1.452128000    0.481075700
1453    0.649966200    0.395000600    0.394985100
1454   -0.950000000   -1.545411000   -0.885288100
1455   16.878210000    1.402375000   -0.848095600
1456   18.452090000    1.624050000   -0.093000220
1457   -0.950000000   -0.616235100   -0.189887700
1458    1.877591000    0.100593400   -0.229447400
1459    4.882196000    0.564232800    0.329768000
1460   -0.950000000   -0.324250000    0.268757000
1461   13.543320000    0.417675000   -1.899529000
1462   -0.950000000   -0.461280800    0.407567000
1463   17.431290000    1.659376000    0.953350800
1464    2.452565000    0.092997610   -0.293933400
1465   -0.950000000   -0.217014000    0.244681700
1466   -0.950000000   -0.638944900   -0.226980600
1467   -0.950000000   -0.050963970    0.310653900
1468   -0.950000000   -1.403624000   -0.166294800
1469   -0.950000000   -0.543854000    1.136895000
1470    2.041430000    0.159234300    0.902071000
1471   -0.950000000   -0.488065200    1.041638000
1472   11.440490000    0.735575000    0.070683490
1473   -0.950000000   -0.515935200   -0.939671200
1474    8.498027000    0.582267000   -0.203639600
1475   -0.950000000   -0.134953600    0.732629500
1476   16.065100000    1.025608000    0.235001100
1477    7.539183000    0.573556500    0.467398400
1478    3.703724000    0.302090300    0.280170400
1479    8.340389000    0.392014100   -0.409255400
1480   -0.950000000   -0.631219800    0.946006300
1481   -0.950000000   -0.935020000    0.295086900
1482   -0.950000000   -0.833626100   -0.598924400
1483    1.381898000   -0.104132900   -1.818316000
1484    1.876564000   -0.135068700   -0.947852100
1485   15.499800000    0.489613200    1.809423000
1486   -0.950000000   -1.344924000    0.375111600
1487   -0.950000000   -1.132446000   -0.645105800
1488   -0.950000000   -0.288407200    1.105841000
1489   -0.950000000   -0.464643200    0.728357100
1490   -0.950000000   -1.200557000    0.080921920
1491   10.871730000    1.195158000   -1.011583000
1492   -0.950000000   -0.652079300    0.514841100
1493   -0.950000000   -0.445031000   -0.849671700
1494    9.395664000    1.215802000   -0.009083745
1495    4.972682000    0.786632500    0.244130600
1496    8.361290000    0.938158300   -0.484133800
1497   -0.950000000   -1.438479000   -0.085844430
1498   -0.950000000   -0.217043500   -0.147355400
1499    0.134030900    0.134730000   -0.374618700
1500   -0.950000000   -0.976016400   -0.651491600
