*y  x1  x2
   1   -0.950000000    0.111621600    0.060406920
   2   -0.950000000   -0.431897800    1.170015000
   3    5.154356000    0.366791800   -1.189567000
   4   -0.950000000   -0.457456200   -0.696703100
   5   -0.950000000   -0.238130600   -1.136027000
   6   -0.950000000   -0.854200200    1.024361000
   7   -0.155154400    0.441810900    0.535671600
   8   -0.950000000   -1.052853000   -1.689571000
   9   -0.491199900    0.211249600   -0.116288700
  10   -0.950000000   -0.127673100   -0.675211000
  11   16.289710000    1.876995000   -0.174592000
  12   -0.950000000   -0.625597800   -0.958274100
  13   -0.950000000   -0.861204700   -0.102129500
  14   -0.950000000   -0.526617500    0.444509000
  15   -0.950000000   -0.154412600   -1.050021000
  16    1.466891000   -0.513484800    1.509505000
  17    3.508655000    0.017882610    0.970088500
  18    2.596507000   -0.121569900    0.658576300
  19    2.754972000   -0.253472500   -0.495430400
  20    7.103525000    0.828573600    0.943231200
  21    6.214417000    0.384296500    0.626043100
  22   17.362080000    1.414643000   -0.091956750
  23   11.178590000    0.693507400   -0.156647700
  24   13.159970000    0.984656200    0.891969500
  25   -0.950000000   -1.085128000    0.835873500
  26    2.230495000   -0.235058600   -0.149626200
  27    4.179810000    0.006284819    1.123804000
  28   12.483510000    0.505945600   -0.583543500
  29    3.324007000    0.091718660    1.574320000
  30    0.688510300   -0.404371500    0.372429900
  31    4.355946000    0.458777000    1.113230000
  32   -0.563502700   -0.360221700    0.458982800
  33   18.089590000    1.737846000   -0.161701900
  34   12.640840000    0.957025700    0.265248300
  35   -0.950000000   -1.606456000   -0.080311290
  36   18.863880000    1.652028000    0.682784800
  37   -0.950000000   -0.686437800    1.406350000
  38    5.492871000    0.176828600    0.143749200
  39   -0.950000000   -1.109037000    0.861460000
  40    4.927346000    0.332795000    0.882527900
  41    0.355098000   -0.260146700   -0.100096100
  42   17.192570000    1.182081000    0.641492700
  43   13.982850000    1.277553000    0.265800400
  44   -0.950000000   -1.606918000    0.040127680
  45   -0.950000000   -1.544303000   -1.154809000
  46   -0.950000000   -0.570467000    0.478795400
  47    5.042463000    0.820339600   -1.427841000
  48   -0.950000000   -0.839222500    0.585263000
  49   -0.950000000   -1.613326000   -0.730381700
  50   -0.950000000   -0.537439300   -0.720411400
  51   12.424790000    1.266104000   -0.308954100
  52   -0.950000000    0.161137900   -0.369608000
  53   -0.950000000   -1.281684000    0.466552800
  54   -0.950000000   -0.372777600   -0.428371700
  55   -0.950000000    0.415935400    0.879958600
  56   -0.950000000   -0.921035700    1.556417000
  57   -0.950000000   -0.913550000   -0.413942400
  58   -0.950000000   -0.520750600   -0.313865400
  59   -0.950000000   -0.697796800   -1.035852000
  60   -0.950000000    0.255353300    1.368190000
  61   -0.950000000   -1.653951000   -0.099753980
  62   -0.950000000    1.044778000    1.104555000
  63   -0.950000000   -0.446756900    0.033051190
  64   -0.950000000   -0.305057700   -0.177778100
  65   -0.950000000    0.008577039   -1.497536000
  66    0.700334900   -0.090848990   -1.626629000
  67   -0.950000000   -0.553233700    0.077231680
  68   -0.950000000   -0.599800200   -1.114282000
  69   -0.950000000   -0.568361100   -1.057748000
  70   -0.950000000   -1.137290000    0.506019200
  71   -0.950000000   -0.039989550    1.071985000
  72   -0.950000000    0.371506900    0.305622700
  73    6.858144000    1.445392000   -0.280503800
  74   -0.950000000   -0.984411800    0.496100900
  75   -0.950000000   -0.839419400   -1.269237000
  76    3.904872000    0.986589100    1.337353000
  77   -0.950000000   -0.541330300    0.917146400
  78   -0.950000000   -1.400231000   -0.199752200
  79   -0.950000000   -0.202534000    0.521050400
  80   -0.950000000   -0.225259700    0.294474000
  81   13.314010000    1.119656000   -0.474119800
  82    6.722500000    0.868526200    0.581703300
  83    6.903876000    0.424830800    0.833218500
  84    0.593029900   -0.052111950   -0.288860000
  85    7.027815000    0.711037100    0.883226800
  86   13.348220000    1.000746000   -0.280468200
  87   -0.950000000   -1.054633000   -0.316350800
  88   -0.950000000   -0.506329600   -0.463822200
  89   -0.950000000   -0.902965600    0.127313600
  90   -0.950000000   -1.273495000   -0.787610700
  91    0.310279300    0.900917700    1.780209000
  92   -0.950000000    0.002921208   -0.426932000
  93   -0.950000000   -1.527280000   -0.632189700
  94   -0.950000000   -1.154832000   -0.034115730
  95   -0.950000000   -1.617980000   -0.704505400
  96   -0.950000000    0.287151800    0.808684400
  97   -0.950000000   -0.943088000    0.186085600
  98    1.567500000    0.182848700   -1.831835000
  99   -0.950000000    0.103247400    0.594353000
 100   -0.950000000   -0.514515400    1.970371000
 101    2.847689000    0.313465500   -1.321618000
 102   -0.950000000   -0.907133200   -0.629746200
 103   -0.950000000    0.168114800    1.057001000
 104   -0.950000000   -0.804500900   -0.325753100
 105   -0.950000000   -1.290556000    0.106448900
 106   -0.950000000   -1.522872000   -1.136351000
 107    9.882505000    1.039794000    0.447727800
 108    1.087976000    0.006159074    0.374500900
 109    6.117705000    0.381069000    0.409690700
 110   -0.120118100   -0.085461430   -0.250231100
 111    7.943671000    0.154442200   -1.254408000
 112   -0.950000000   -0.201533700    0.384244800
 113   -0.950000000   -0.754604600   -1.438293000
 114   -0.274960700   -0.303387000   -0.065987130
 115    7.453542000    0.577654600    0.440279800
 116    2.731810000    0.240990800    1.697298000
 117   14.084550000    0.934623900   -0.791382700
 118    6.802627000    0.437637800   -0.142392400
 119   -0.950000000   -0.285745400    0.265572200
 120   21.143930000    1.595265000   -0.459564100
 121   -0.950000000   -0.898921300    0.109151500
 122    3.809364000    0.156276000   -1.506990000
 123   12.985620000    1.133430000   -0.568215400
 124    5.661878000    0.370529400   -0.004168286
 125   -0.950000000   -0.202226400    1.091505000
 126   -0.950000000    0.188413200    1.770309000
 127   29.887460000    1.820683000    0.321321600
 128   -0.950000000   -0.217420300    0.963682000
 129    4.555716000    0.177059200    0.215792000
 130    1.285740000   -0.210845500   -0.397089700
 131    2.756781000    0.113107500    0.037991800
 132   -0.950000000   -0.478284300    0.347215000
 133   22.290880000    1.559425000   -0.233032800
 134   -0.950000000   -0.501680400    0.297899800
 135   13.320740000    0.999132300   -0.805198300
 136    1.506524000   -0.032371030   -0.664814300
 137    4.293137000    0.872365800    1.657177000
 138    0.829663500   -0.071454520   -0.109867200
 139    5.521522000    0.334896800   -0.899555300
 140    7.347640000    0.867767600   -0.212004600
 141   -0.950000000   -1.243405000   -0.772488700
 142   -0.950000000   -0.617180400    0.071671130
 143    0.097120730    0.130337400    0.102580500
 144   -0.950000000   -1.100303000   -0.152942600
 145   -0.407209900   -0.056880050   -0.098993870
 146    8.010621000    0.948005000    0.443915000
 147   16.790900000    1.495673000    0.856203700
 148   10.280220000    0.941520800   -0.101007900
 149   -0.950000000   -1.103737000   -0.983340200
 150    6.739549000    0.200085500   -1.361510000
 151   -0.104659800   -0.007295474   -0.184798300
 152   -0.950000000   -1.512112000   -0.102826500
 153   -0.950000000   -1.664902000    0.411732500
 154   -0.950000000   -0.202369100   -0.761087000
 155   -0.950000000   -1.013607000    0.420559700
 156   -0.950000000   -0.164478800    0.267997400
 157    9.324583000    0.700656700   -1.011199000
 158    4.017304000    1.318739000    1.131018000
 159   -0.950000000   -1.252239000   -0.312870900
 160   -0.492985500    0.035218350   -0.094283660
 161    7.580018000    1.306012000   -0.184353300
 162   -0.950000000   -1.956824000    0.123235100
 163    3.795552000    0.570260500   -0.892015500
 164   11.719590000    1.313560000    0.837373700
 165   -0.950000000   -1.199530000   -0.804425000
 166   -0.950000000   -0.686399000    0.403324700
 167   -0.950000000   -0.765407300    0.583365100
 168   21.382630000    1.705594000   -0.481964300
 169   15.289450000    0.666504700   -1.834251000
 170   -0.950000000   -0.441207900    0.257249500
 171    5.752380000    0.828698200    0.036515110
 172    2.066105000    0.448447300    0.673672100
 173    4.553147000    0.432807400   -0.983415100
 174   12.140800000    0.921657900   -1.039517000
 175    2.816852000    0.574531400    0.027217430
 176    0.941828000    0.187309600   -1.466674000
 177   13.646910000    0.990626900   -0.872248300
 178   -0.950000000   -0.538481200   -1.314889000
 179   -0.950000000   -0.558901200   -1.546374000
 180    7.864765000    1.265256000    0.529189100
 181   -0.950000000   -0.431488300    0.202727400
 182   -0.950000000   -0.326934700    0.655208900
 183   -0.950000000   -0.579097900   -1.057099000
 184   -0.950000000   -0.718370900   -0.402459400
 185    6.888393000    0.476075300   -0.861629200
 186   -0.842383000    1.236641000    1.204842000
 187   -0.950000000   -0.737966300    1.163501000
 188   -0.950000000   -0.537241500   -0.163254400
 189    3.624062000    0.684372900   -0.836177700
 190    8.449867000    1.028867000   -0.196419000
 191   13.795600000    1.186962000   -0.969319700
 192   -0.950000000   -0.069527390   -0.012937100
 193   -0.950000000   -0.223868300   -0.510514100
 194    0.162148100    0.090096160    0.123679800
 195    1.522780000   -0.074794480   -1.511779000
 196   21.028660000    1.752815000    0.382534700
 197    1.363095000   -0.107410600    0.498018800
 198   -0.950000000   -1.954887000   -1.542298000
 199   -0.368221200   -0.379508700   -0.697279200
 200   -0.950000000   -1.029818000    0.183748100
 201   -0.950000000   -0.600051700    1.365656000
 202   24.172010000    1.341701000   -0.940236200
 203   -0.950000000   -0.628321900    0.198478700
 204   20.058620000    1.562769000    1.068786000
 205   -0.950000000   -0.767540300   -0.321398000
 206    6.333435000    0.388406300    1.001325000
 207    2.898783000   -0.153161900   -0.449499400
 208   -0.950000000   -0.671852600   -1.108444000
 209   20.866310000    1.790123000    0.620302800
 210   20.623190000    1.710851000    0.075834070
 211    2.183611000   -0.033007380   -0.948893500
 212   16.652810000    1.873017000    0.793636400
 213   -0.950000000   -1.984726000   -0.615859100
 214    4.169975000    0.549393600    0.787245100
 215    9.550125000    0.590492800   -0.133653900
 216   -0.921669100    0.162417300    0.124635900
 217   -0.950000000   -1.292373000    0.076346560
 218    7.624134000    0.520942900   -1.829906000
 219    5.851966000    0.680368900    0.261561000
 220   22.123280000    1.523439000   -0.977188300
 221   -0.950000000   -0.502907000    0.946770800
 222   15.919970000    1.605246000   -0.931077400
 223   -0.950000000   -0.728660100    0.471636800
 224   -0.950000000   -1.902177000    0.892404200
 225   15.629280000    1.687501000    0.935792500
 226   10.479700000    1.194993000    0.726565500
 227   -0.950000000   -0.362769800    0.792097900
 228   -0.950000000   -0.410432100    0.009762942
 229   -0.950000000   -0.791963800   -1.897939000
 230   -0.950000000   -0.691440300    1.706438000
 231   -0.950000000   -0.682109500    0.209113100
 232   -0.950000000   -1.344953000   -1.228282000
 233   -0.950000000   -0.733329400    0.644934600
 234   -0.950000000   -0.244377800    1.094814000
 235    2.803391000    0.398424800   -0.907411100
 236    5.503331000    0.838288900    0.437516700
 237   -0.950000000   -1.434256000   -0.273466300
 238   10.230370000    1.161593000   -0.630653100
 239    0.056526260    0.031869700   -0.796505100
 240   -0.950000000    0.553156300    0.028263010
 241   -0.950000000   -1.102939000    0.307577200
 242   -0.950000000   -0.804365100    0.642862800
 243    6.168332000    0.430275700   -1.303297000
 244   -0.950000000   -0.208383800   -0.386799700
 245   -0.950000000   -1.788327000    1.067119000
 246   -0.950000000   -0.661240500    0.265408700
 247    4.889450000    0.601365800    0.466078500
 248   -0.950000000   -0.075681780    1.145710000
 249    1.464043000    0.235879500    0.663935000
 250   -0.950000000   -0.283723900    0.747774300
 251   -0.950000000   -0.621153600    0.269451600
 252    0.476073500    0.015680400   -0.918465300
 253   12.785860000    1.462669000   -1.408263000
 254    1.359701000    0.210907500   -0.396882700
 255   -0.950000000   -0.685377800    0.281339500
 256   12.271360000    1.093126000    0.007335612
 257    2.531090000    0.151289400    0.184455600
 258   -0.950000000   -0.645524900    0.216346700
 259   -0.950000000   -0.892005600   -0.231846600
 260    8.331728000    0.587438700   -0.580068500
 261    7.593492000    0.369224300   -0.606734400
 262    0.131002000   -0.118268000    0.576002000
 263    8.958890000    1.048209000    1.140137000
 264   -0.950000000   -1.372597000    0.405484100
 265   -0.950000000   -0.965689000    0.629925300
 266    4.007027000    0.036735330   -1.164905000
 267    2.142044000   -0.235073700   -1.202924000
 268   18.484290000    1.815073000    1.151111000
 269   14.494780000    1.496699000    0.782068200
 270   -0.950000000   -1.409601000    0.972636000
 271   -0.950000000   -0.563796800    1.524803000
 272   -0.950000000   -0.072753640    0.488008900
 273    4.581692000    0.502113900    0.520729600
 274    6.599199000    0.402417700   -0.862328800
 275   -0.950000000   -0.883493000    1.697804000
 276   -0.950000000   -1.098186000    0.433995800
 277   -0.950000000    0.104345800    1.331574000
 278   -0.950000000   -1.348322000    0.076206240
 279    5.431141000    0.171938400   -0.074988360
 280   -0.950000000   -1.185797000   -0.817236800
 281   -0.950000000   -0.841526500   -0.906777000
 282   -0.950000000   -0.636095400    0.325651600
 283    5.526762000    0.254153600   -1.029829000
 284   -0.950000000   -0.287975900    1.970390000
 285   -0.950000000    0.057794440    1.105757000
 286    9.914696000    0.856466800    0.268931400
 287   16.020880000    1.082751000   -1.361938000
 288   12.852110000    1.440402000    0.201924300
 289   -0.950000000   -0.396048800    0.086471710
 290    0.380390500   -0.324498200   -1.362830000
 291    0.072086550    0.258427400    0.781215400
 292   -0.950000000   -0.938326500    0.308373700
 293   -0.950000000   -1.855866000    0.407642500
 294   -0.950000000   -1.702519000    0.374673300
 295   -0.950000000   -0.435170600    0.186832100
 296   15.083150000    1.814566000    0.771762300
 297   16.944880000    0.991165800   -1.340007000
 298   -0.950000000   -0.333163500   -0.593649100
 299   -0.950000000   -1.364146000    0.231657700
 300    3.654636000    0.338205400    0.407924400
 301   -0.950000000   -1.581419000    0.681185900
 302    6.938481000    1.064438000    0.624842300
 303   -0.950000000   -0.821314200    0.401624600
 304   10.880170000    1.057533000   -1.325941000
 305   18.461060000    1.341561000   -0.344854000
 306    4.148411000    0.217690800   -1.373719000
 307    1.924523000   -0.055611340   -1.242631000
 308   -0.950000000   -0.972661900   -1.568730000
 309   -0.950000000   -0.312815300    1.288854000
 310    6.276318000    0.488784800    0.732322700
 311   -0.950000000   -1.034795000   -1.260956000
 312   11.218210000    1.219262000    0.641575100
 313   -0.950000000   -0.830654700   -0.701698000
 314   -0.950000000   -0.472075700    0.726296200
 315   -0.950000000   -0.470571000    0.050975270
 316    9.879634000    0.653841900   -0.231954500
 317   -0.950000000   -1.713993000    0.030179740
 318   12.345290000    0.793784200    0.609597100
 319   -0.950000000   -1.649766000   -0.592174100
 320    7.066497000    0.221172500   -1.234794000
 321    7.135072000    0.622100000   -0.178237500
 322    1.249784000    0.104406300    0.012317990
 323    9.820532000    0.702673400    0.790256300
 324    9.794160000    0.331809900   -1.364269000
 325    4.202568000    0.470245900    0.359844400
 326    1.656931000    0.042713430    1.066758000
 327    1.244321000   -0.742474000   -1.647003000
 328    1.423445000    0.666019700    1.591768000
 329   10.678340000    0.925790000   -0.000232085
 330    2.989523000    0.127740600    1.181666000
 331   23.940950000    1.451988000   -0.037963440
 332    7.982373000    0.496920500    0.572386200
 333    0.648857000   -0.383589200   -0.857081300
 334    0.336950400   -0.482709900   -0.261203900
 335   17.952830000    1.080260000    1.285835000
 336    3.377422000   -0.062292290   -0.149825500
 337    9.079938000    0.601362600    0.291293100
 338   10.454250000    0.296107100   -1.270389000
 339    8.970520000    0.582870100    1.185236000
 340   -0.950000000   -0.617670200    1.316757000
 341    9.160697000    0.611979200    1.675093000
 342   15.622120000    1.160369000    0.760318900
 343   -0.950000000   -0.520675000    1.279744000
 344   -0.950000000   -0.625080100   -0.022212270
 345   -0.000412305   -0.699016200   -1.176250000
 346   14.607790000    1.443022000   -1.168639000
 347    6.891562000    1.063101000   -0.082764620
 348   -0.950000000   -1.814675000    0.238130600
 349   -0.950000000   -1.260133000   -0.163049700
 350   -0.950000000   -1.124933000   -0.049205090
 351    7.064973000    1.331028000    1.256557000
 352    5.568755000    0.811069200   -1.036587000
 353    7.348101000    1.206146000   -0.128458400
 354    1.805841000    0.386191800    0.300391300
 355    8.451319000    1.352775000   -1.842934000
 356   -0.950000000   -1.410291000   -0.201785200
 357   -0.950000000   -0.416329300   -0.155960200
 358   10.609940000    1.226225000   -1.703477000
 359   -0.950000000   -0.745253000   -1.457719000
 360   11.435270000    1.431261000    0.999410600
 361    1.054941000    0.084863560    0.386417700
 362    2.674917000    0.084661780   -0.584072500
 363   -0.950000000   -1.210668000   -0.780930500
 364   -0.950000000   -0.708604800   -0.808206300
 365    6.367599000    0.517286100    0.172925700
 366   -0.276279100   -0.074363160    0.237873500
 367   -0.950000000   -0.169617700    1.033048000
 368    0.919275000   -0.133809900    0.099619120
 369   -0.950000000   -1.245045000   -0.593634900
 370    8.665266000    0.971001400    0.082608320
 371   -0.950000000   -0.377710800    0.491141300
 372    2.651560000   -0.268422900   -1.300711000
 373   -0.950000000   -0.059667440    0.902855400
 374    3.052256000    0.796589600    1.203415000
 375   -0.950000000   -1.439398000    0.795701800
 376   -0.950000000   -0.589387200    0.133651000
 377   -0.460253800    0.455783900    1.481885000
 378   15.789880000    1.552838000    0.020871540
 379    6.925806000    0.610424400    0.070259670
 380    4.875901000    0.388288300   -0.582268200
 381   12.760840000    1.240801000   -1.204354000
 382    0.802217500    0.115106200    0.464257900
 383    5.666252000    0.337375000   -0.777116900
 384    2.702893000    0.140945200    0.074118360
 385   -0.950000000   -1.429832000    0.925892100
 386   -0.950000000   -1.153110000    1.741175000
 387    0.679075700   -0.365680900   -1.992164000
 388   14.485520000    1.089036000   -0.008684748
 389   -0.950000000   -0.666629800    0.401238100
 390   -0.950000000   -0.381862400    1.322552000
 391   -0.950000000   -0.169239300   -1.009476000
 392    4.169246000    0.487951200   -1.898727000
 393    3.891280000    0.762689100   -0.206621500
 394   -0.950000000   -0.490347500   -1.795563000
 395   -0.950000000   -0.672490900   -0.202059200
 396   10.300670000    0.968804000   -0.577760500
 397    1.432364000    0.738876600    1.240252000
 398    4.967989000    1.523116000    0.983869600
 399    1.078568000   -0.024520380   -1.715563000
 400   -0.950000000   -0.238770600   -0.464132400
 401    7.136669000    1.142736000    0.479394700
 402   13.824820000    0.912311300   -1.918638000
 403   -0.950000000   -0.312567700   -0.159025100
 404   -0.950000000   -1.326797000    0.511192800
 405   -0.950000000   -1.057245000   -0.647233300
 406   27.782140000    1.986592000   -0.939553900
 407    4.954160000    0.225150900    0.925040200
 408   -0.950000000   -0.631945600   -0.063163200
 409   -0.950000000   -0.607949900    0.096119700
 410   -0.950000000   -1.250773000    1.446261000
 411    1.625090000   -0.094813790   -1.248699000
 412   -0.950000000   -0.381511600   -0.649227700
 413   -0.950000000   -1.012822000    1.421217000
 414   -0.950000000   -0.808244200   -0.272701600
 415   17.451660000    1.263494000   -0.846100800
 416   -0.950000000   -0.592350500    1.860445000
 417    0.723265300   -0.207677100   -1.188130000
 418   -0.492740500   -0.187997700   -0.622248600
 419    1.291197000    0.034905710    1.110148000
 420   -0.950000000   -0.438997700    0.337791200
 421   -0.950000000   -1.409596000    0.993813500
 422    2.850361000    0.132077900    0.931129000
 423    4.442609000    0.233640300    0.323717100
 424   12.086750000    0.409036100   -1.666330000
 425    9.964144000    0.867746600    0.961694800
 426    4.828237000    0.132243800    0.860089500
 427   -0.950000000   -0.706304800   -0.430997300
 428    7.030869000    0.888521100    0.740540600
 429   -0.950000000   -1.456756000   -0.268949500
 430   -0.950000000   -0.465714800    0.086934150
 431    9.976449000    0.529508700   -0.501493200
 432   20.855680000    1.727318000    0.544500900
 433   -0.950000000   -0.899023200    1.558853000
 434   -0.950000000   -0.820276200   -1.854921000
 435   -0.950000000   -0.051219540    1.114417000
 436   -0.950000000   -0.458624200    0.698971800
 437    2.212626000    0.021333500    0.712268200
 438    5.034520000    0.161275200   -0.461513300
 439   11.209300000    0.675704600    0.443709900
 440    0.204049300   -0.250796900    1.063208000
 441   10.883430000    0.534163300   -0.006730493
 442    2.534465000   -0.375799100   -0.754075300
 443    5.734242000    0.541163400    0.326250900
 444   13.692300000    0.863980600   -0.951715600
 445   23.023960000    1.846721000    0.141972900
 446    5.737555000    0.091286580   -0.321078700
 447   16.664300000    1.177220000    0.652250200
 448    0.827347800   -0.079184420    0.421542800
 449    9.282550000    0.538417000   -0.284031400
 450    0.842418900   -0.060862220    0.788975800
 451   -0.950000000   -0.110510300    1.001480000
 452   17.527730000    1.590121000   -1.385283000
 453   12.934670000    1.073720000    0.313235200
 454   13.963270000    1.081887000   -0.280118700
 455   13.774690000    0.945772700    0.430038700
 456   -0.950000000   -0.656075800    0.125910500
 457   -0.950000000   -0.909174700    0.068408120
 458   23.076410000    1.709123000   -1.783628000
 459    1.749660000    0.003662918   -0.100923800
 460   -0.950000000   -1.329294000   -0.563620500
 461   -0.950000000   -0.122657900    1.446773000
 462   -0.950000000   -1.026871000    1.043001000
 463   -0.950000000   -0.017954600    1.160029000
 464   -0.950000000   -0.233629100    0.599479200
 465   -0.950000000   -1.485080000    0.505731800
 466    3.967990000    0.431334200    1.011781000
 467    8.780404000    0.783551300   -0.937140300
 468   -0.950000000   -1.185074000   -0.207876200
 469   16.038310000    1.123573000    0.518895300
 470    6.654120000    0.873524200    1.156878000
 471   -0.950000000   -0.263228200    0.629037200
 472   -0.950000000   -1.388339000    0.186833200
 473    3.930678000    0.229091600   -0.444732200
 474   -0.950000000   -1.274569000    1.077690000
 475    6.962283000    0.969386100    0.343794000
 476   -0.950000000   -0.594960700   -0.584108000
 477    1.852107000   -0.125415700   -0.920832600
 478   -0.950000000   -0.064657060    1.172599000
 479    5.191029000    0.211861100    0.025275410
 480    2.734206000    0.232846100    0.156917600
 481   -0.950000000   -0.340118800   -1.873776000
 482   -0.950000000   -0.518754500   -0.506644700
 483   -0.950000000   -0.529352900    0.729973900
 484   -0.950000000   -1.246385000    1.492933000
 485    1.370640000    0.413426200    1.123637000
 486   -0.522739200    0.414891900    0.773959200
 487   -0.950000000   -1.690939000   -0.112871300
 488   -0.950000000   -0.925165600   -0.989327300
 489   -0.648134600   -0.085613220   -0.635929800
 490   10.832420000    1.134730000   -0.591583400
 491   -0.950000000   -1.778483000    0.618083600
 492   -0.950000000   -0.050556840    0.360588700
 493   -0.950000000   -0.167005800   -0.938750600
 494   -0.950000000   -0.755467700   -1.145454000
 495   17.095730000    1.743330000   -0.673936600
 496   -0.950000000   -0.576522200   -0.619822700
 497   -0.950000000   -1.049731000   -0.055702310
 498   -0.950000000   -0.176649800    0.600619000
 499    7.758483000    0.283399700   -0.544650800
 500    2.871126000    0.864657900    1.261008000
 501    5.792552000    0.388626500   -0.521746900
 502   -0.950000000   -0.981260800    0.224678700
 503   -0.356357400   -0.064181570    0.547864400
 504   16.208580000    1.401002000    0.776035700
 505    0.255036500   -0.136288800   -0.146342000
 506   -0.950000000   -0.550736100    1.174092000
 507   -0.950000000   -1.055407000    0.355486000
 508    5.808696000    0.461788400   -0.179458800
 509   17.013420000    1.113697000    0.811384900
 510   14.815760000    1.062417000   -1.434821000
 511    2.080533000    0.117473400   -1.100640000
 512   -0.950000000   -0.252937400   -0.163788800
 513   -0.950000000   -1.300060000    0.876313800
 514   -0.950000000   -0.908219100   -0.300650000
 515    4.200601000    0.426438500   -0.634951100
 516   10.282780000    1.143752000    0.017956880
 517   -0.432650000    0.075479630   -0.776551800
 518   -0.768906700   -0.026430220   -1.564620000
 519    3.425467000    0.504544500    0.773782200
 520   -0.950000000   -0.842584500    0.225895200
 521   -0.950000000   -0.157683300    1.021832000
 522   -0.950000000   -0.444566600   -0.495575400
 523   -0.950000000   -0.431043000    0.104012300
 524   -0.950000000   -1.444185000    0.964012000
 525   -0.950000000   -1.122184000    0.166557300
 526   -0.950000000   -1.275326000   -0.295879500
 527   -0.950000000   -1.544528000   -1.572078000
 528   -0.950000000   -1.748919000    1.678015000
 529   -0.950000000   -1.227763000    0.352633300
 530   -0.950000000   -0.687888800   -1.206030000
 531   -0.950000000    0.299012200    0.658848400
 532   11.088970000    1.403832000   -0.667016400
 533   -0.950000000   -0.172532700   -0.136270200
 534   -0.950000000   -0.632055200    0.519996300
 535   -0.950000000   -1.104150000   -1.090720000
 536   -0.950000000   -0.266752000   -0.492367600
 537   -0.950000000   -1.494242000   -1.181027000
 538    5.346285000    0.996403900   -1.106359000
 539   -0.950000000   -0.512361600    1.278349000
 540   -0.950000000   -0.846939000    1.286509000
 541    1.060798000   -0.118831800   -1.456930000
 542    1.034979000    0.052803150   -0.657425400
 543   -0.950000000   -0.929366800   -1.418402000
 544    6.197086000    0.431037000   -0.961803900
 545    1.913075000    0.328998500    0.099985990
 546   -0.950000000    0.518015200    1.137919000
 547    7.324248000    0.866734300    0.422809100
 548   -0.950000000    0.104031100    1.582205000
 549   -0.950000000   -0.626577300   -0.580475400
 550   -0.950000000    0.488743900    1.303144000
 551    3.475778000    0.222512300   -0.564591900
 552   -0.950000000   -1.657478000   -0.308636300
 553   -0.950000000   -1.347490000   -0.127515700
 554    6.613228000    0.612864200   -0.903789400
 555   -0.950000000   -1.915086000    0.651146500
 556    9.198669000    0.843012000   -0.652897000
 557   -0.950000000   -1.169074000    0.991902900
 558   -0.950000000   -0.308083900   -1.513597000
 559    2.115538000    0.256903600    0.284053900
 560   -0.950000000   -0.534118800   -1.960984000
 561    7.080758000    0.800606300   -0.229740900
 562    6.068770000    0.777572900   -0.366840000
 563    4.287519000    0.283361000    0.434309100
 564    1.134749000    0.269566600    0.035196510
 565   -0.950000000   -0.570873900   -0.119097700
 566    7.058203000    1.061288000    0.179000000
 567   -0.950000000   -0.107988000    1.299592000
 568    1.734699000    0.318065100   -0.031446820
 569    5.113134000    0.457259900   -0.648719700
 570   -0.950000000   -0.345130700    1.323681000
 571    2.670236000    0.475988500   -0.215695700
 572   -0.950000000    0.067731970    1.557985000
 573    3.895039000    0.122962400   -1.843622000
 574    5.845844000    1.037303000   -0.104105100
 575    2.839070000    0.438776300   -0.720115900
 576   -0.950000000   -1.037435000    0.186476500
 577   -0.950000000   -0.363831100    0.064683060
 578    6.826184000    0.739298800   -1.054228000
 579   -0.950000000   -1.888498000   -1.629390000
 580    8.287124000    1.061169000   -0.658018300
 581    2.518158000    0.325679700   -0.497607200
 582   -0.950000000   -0.042681560    0.087551970
 583    4.729811000    0.886389600    0.819555300
 584   -0.950000000   -1.125500000    1.998570000
 585   -0.950000000   -1.495900000   -1.860920000
 586   -0.950000000   -0.139852700   -0.451024500
 587   12.204030000    1.249403000   -0.560069600
 588    6.904378000    0.834414900    0.259059900
 589   18.205980000    1.823944000   -0.006633046
 590   -0.950000000   -1.739549000    1.024400000
 591   -0.950000000   -0.270335400    0.787245500
 592   -0.646532900    0.144532700    0.663468200
 593   -0.950000000   -0.940306300    0.723854400
 594   -0.950000000   -0.300626100    1.918967000
 595    4.729047000    0.792182800    0.937488400
 596   -0.950000000   -0.379681900   -0.654164900
 597   -0.950000000   -1.988632000    0.334632800
 598   -0.950000000   -0.365481100    0.236571400
 599   -0.950000000   -0.608275500   -0.217478000
 600   -0.950000000   -1.334832000   -1.322336000
 601   -0.950000000   -1.632102000   -0.370799800
 602   -0.950000000   -1.368271000    0.031013900
 603   -0.950000000   -1.278481000    0.519195500
 604   -0.950000000   -0.149458200   -0.681911800
 605   -0.950000000   -0.880625600    0.916239200
 606   -0.950000000   -0.480770600    0.474519100
 607   -0.950000000   -0.546689300   -0.706674800
 608   -0.950000000   -0.283003800    0.101380200
 609   -0.950000000   -0.741202800    0.733710700
 610    0.490262400    0.606112800   -0.092590090
 611   -0.950000000   -0.875868600    0.870446100
 612   -0.950000000   -1.089380000    0.684463500
 613    6.893838000    0.887612300   -1.044693000
 614   -0.950000000   -0.085022220   -0.467658900
 615    1.998479000    0.608084500   -0.836185500
 616    7.600980000    1.154396000    0.960172200
 617   13.005590000    0.704973500   -1.115635000
 618   -0.950000000   -0.905377500    0.309971800
 619   11.505230000    0.925151000   -0.216145400
 620    4.865789000   -0.071485610   -1.898548000
 621   19.919220000    1.395399000   -0.878471700
 622   -0.671324900   -0.317469000    0.437279100
 623    8.101626000    0.875023000   -0.211113200
 624   -0.950000000   -0.130273000    1.277361000
 625    6.068177000    0.620404000    0.130496600
 626   -0.668459500   -0.217962400    0.691771000
 627   -0.950000000   -0.982814000   -0.918161400
 628   -0.950000000   -1.201738000   -0.685493700
 629    8.062637000    0.852134900    0.555221500
 630   -0.950000000   -0.000942093    1.154240000
 631   23.095220000    1.909770000    0.246515100
 632    3.752945000    0.209984200   -0.640703900
 633    9.525254000    0.947473100   -0.344067000
 634    0.007181854   -0.120380100   -0.394622400
 635   -0.752616100   -0.020499610    0.110433400
 636    0.594475300    0.127121800   -0.240250000
 637   -0.950000000   -0.400298000   -0.652136100
 638    4.273446000    1.015152000    0.623213100
 639   -0.950000000   -0.565665300   -0.324676600
 640   -0.950000000   -0.503179800    0.686738800
 641   -0.950000000   -1.042698000   -1.639607000
 642   -0.950000000   -0.508011900    0.998000100
 643   -0.950000000   -1.017677000    1.000027000
 644   -0.950000000   -1.961239000   -0.069623530
 645    2.980975000    0.436556600    1.352179000
 646   -0.950000000    0.330856000    0.232117700
 647   -0.950000000   -1.371689000   -1.142017000
 648   15.850460000    1.473330000   -0.960074400
 649   -0.950000000    0.071982800   -0.925569800
 650   -0.950000000    0.683329700    1.342862000
 651    8.162030000    1.253840000   -0.723020000
 652   -0.950000000   -1.555094000    1.113076000
 653    2.156117000    0.456715800   -0.810582400
 654    1.585761000    0.338517300   -0.269134500
 655   -0.950000000   -0.247015700   -0.621012900
 656   -0.950000000   -0.905841900   -1.367410000
 657   -0.950000000   -1.953250000    0.214064600
 658   -0.950000000    0.377387200    0.564965400
 659   -0.950000000   -0.298062100   -0.708600700
 660    3.075976000    0.490737800   -1.121696000
 661    2.340664000    0.275337600    0.134648500
 662   -0.950000000    0.155138400    1.369309000
 663   -0.950000000   -0.349881500   -0.183208000
 664   -0.950000000   -0.203666200    1.641926000
 665    9.065911000    0.777390100    0.372471800
 666   -0.950000000   -0.487898000    0.513924400
 667    1.066265000    0.036261350   -0.700362200
 668    1.838224000    0.219557400    0.450105800
 669   -0.950000000   -1.051156000   -0.759712000
 670    3.595998000    0.190686600    1.153335000
 671   -0.950000000   -0.685162600    0.093108230
 672   -0.950000000   -0.018799880    1.133908000
 673   -0.950000000   -0.564314800   -1.020734000
 674   -0.950000000   -0.222729000   -0.268663500
 675   13.340580000    1.103232000   -1.205848000
 676    9.659072000    0.920752800   -1.396968000
 677    4.016352000    0.606792300   -0.046792230
 678    4.009124000    0.617690000   -0.012941290
 679    7.067932000    0.804141800   -0.415406500
 680    4.946021000    0.848148300    0.535659800
 681    3.727169000    0.409658300   -0.734986100
 682    6.904718000    0.750444500   -0.755356500
 683   -0.950000000   -0.387978700   -0.858169800
 684   -0.950000000    0.061861550   -0.215361500
 685   -0.950000000   -1.446400000   -0.550193800
 686   -0.950000000   -0.711991600   -0.924043500
 687   -0.950000000   -0.158781200   -0.699081200
 688   -0.950000000    0.023281120    0.557859400
 689   -0.950000000   -0.468678400    0.444893000
 690   -0.950000000   -0.500821700    1.657425000
 691   -0.950000000   -0.966918000   -0.407388600
 692    1.082262000   -0.004349582    1.524316000
 693    1.878369000    0.160773900    0.780863300
 694   -0.950000000   -0.204113500    0.434167700
 695   15.523330000    1.840055000   -0.714558400
 696   15.172060000    1.779404000    0.098323790
 697   -0.950000000   -0.890149200   -0.075750040
 698   14.548150000    1.958174000   -0.313183300
 699   -0.950000000   -1.373823000    0.330681400
 700   -0.950000000   -0.216950500    0.745825600
 701   -0.950000000   -1.259486000    0.745738000
 702   -0.088710310    0.050247060   -0.461485300
 703   -0.950000000   -0.155045600    1.219675000
 704   -0.950000000   -0.422102000   -1.126690000
 705   -0.950000000   -1.828291000   -1.789379000
 706   -0.839335100   -0.443313900   -1.145665000
 707   13.738030000    0.969675100   -1.291986000
 708    7.829318000    0.909869300    0.508570300
 709   -0.950000000   -0.433026400    0.245443000
 710   -0.950000000   -0.372497600   -0.062498310
 711   -0.950000000   -0.622507700   -1.320988000
 712   -0.950000000   -0.910701100   -1.301539000
 713   13.104310000    1.348942000   -0.033802540
 714    2.399438000    0.219063600    0.147857300
 715   -0.950000000   -0.686680600   -0.620353800
 716   -0.950000000   -0.622359600    0.201932700
 717    5.756743000    0.697351000    0.492984700
 718   13.710620000    1.673541000    0.695666200
 719    1.702239000    0.106524100   -0.504460300
 720   -0.950000000   -0.287189300    0.305367300
 721   -0.950000000   -0.593373000   -0.633759200
 722   -0.950000000   -0.695620700    1.724202000
 723   -0.950000000   -1.245691000    0.311329800
 724   11.415230000    0.652577700   -1.652879000
 725   -0.950000000   -1.798942000    0.306265700
 726   13.813050000    0.801469000   -0.753557800
 727    5.094152000    0.379699800   -0.131843700
 728   13.863480000    0.876657800    1.706914000
 729   -0.950000000   -0.585132400   -0.294077800
 730   -0.950000000   -0.624038200    0.381272400
 731   -0.808223100    0.053166550    1.554375000
 732   19.616010000    1.648938000   -0.710728100
 733   -0.950000000   -0.729087800    0.378018800
 734   -0.073548490    0.306138500    1.274072000
 735    5.127911000    0.205995000    0.490994900
 736   -0.950000000   -1.141991000    0.089840240
 737   10.594580000    0.786654300    0.364520600
 738   21.605000000    1.525655000   -0.282392600
 739   -0.950000000   -0.289052500    1.300016000
 740   -0.950000000   -0.469833700    1.183063000
 741   17.778130000    1.035701000   -0.097912420
 742    8.270449000    0.633810200   -0.159008900
 743   14.263620000    1.033896000   -0.379098600
 744   10.824130000    1.815062000    0.608441800
 745    8.270468000    0.505806000   -0.449578100
 746   -0.950000000   -1.361926000    0.717647100
 747   -0.950000000   -1.528551000    0.236296900
 748    9.392219000    0.455713800   -0.445125700
 749   -0.950000000   -1.725562000    0.875707900
 750    6.108915000    0.256772500    0.456079700
 751    5.569809000    0.516928400   -0.566035000
 752   -0.950000000   -1.420034000   -0.355616700
 753   15.937610000    1.626841000    0.526881900
 754   -0.950000000   -1.060359000   -0.622258500
 755    3.219365000    0.247763600   -1.261380000
 756    7.530648000    1.068222000   -0.007902051
 757    7.590903000    1.098087000    0.226480800
 758   -0.950000000   -0.986042700   -0.080199250
 759    1.028393000    0.028120430   -1.065165000
 760   -0.950000000   -0.349890200    0.960389700
 761   10.838750000    0.901657800   -0.612366300
 762   -0.950000000   -1.609760000    0.624546000
 763   13.203640000    1.397297000   -1.017333000
 764   -0.950000000   -0.008174803    0.102061900
 765   -0.713579300    0.892005300    1.620809000
 766    3.480711000    0.579781000    1.547076000
 767    1.193477000   -0.099139270    0.418153700
 768   -0.950000000   -0.515746200   -0.558304700
 769    5.665835000    0.198058100   -0.814074200
 770    7.103400000    0.319858800   -0.413690100
 771   -0.950000000   -1.202052000    0.639744400
 772    5.223040000    0.316441600   -0.270848600
 773   -0.950000000   -1.780924000   -1.397143000
 774   10.155310000    0.528716000   -0.775909800
 775   -0.950000000   -1.039086000    0.993105800
 776    6.027281000    0.113696000   -0.696652700
 777   24.365380000    1.868902000   -0.129091700
 778    0.041957080   -0.232730400    1.442319000
 779   17.952910000    1.616329000    0.392125000
 780    7.521706000    1.430380000    1.821714000
 781   -0.950000000   -0.740618300    1.781116000
 782   -0.950000000   -1.569211000    0.923636900
 783    0.285664900    0.471357700    0.080948450
 784   -0.365394100   -0.356611500   -1.600884000
 785    2.385961000    0.616302000    0.359227300
 786   -0.950000000   -1.419548000   -1.771917000
 787   -0.950000000   -0.177549800    0.133511700
 788    4.336385000    0.677588600   -0.259537400
 789    1.368107000    0.120184300    1.170410000
 790   -0.950000000   -1.055019000    0.273190900
 791   -0.950000000   -0.063395740   -0.998700000
 792    9.742444000    1.588338000    0.034212540
 793   -0.950000000   -0.489895900   -0.686410100
 794   -0.950000000   -0.759756900   -1.763773000
 795    6.506942000    0.921659100    0.756275300
 796   21.277660000    1.474153000    1.278911000
 797   -0.950000000   -0.984469100    1.900004000
 798   21.043850000    1.286579000   -1.904403000
 799   12.246160000    0.736920000   -0.989885700
 800    4.915068000    0.378980700    1.044256000
 801   27.489530000    1.927106000   -0.087950370
 802    8.114506000   -0.083203360   -1.301573000
 803   12.117230000    1.583478000    0.868759500
 804   11.822320000    0.551143400   -1.019017000
 805   21.995250000    1.621917000    0.737864000
 806   24.702860000    1.625605000    0.087744630
 807   -0.950000000   -1.830813000   -1.048866000
 808    8.430217000    0.386863500   -0.334686700
 809    9.733381000    0.586892700    0.489132600
 810    4.606928000   -0.146432400   -0.279359600
 811   12.867440000    1.019059000   -0.756955000
 812    8.013294000    1.379304000   -0.012775060
 813   10.979450000    1.186101000   -1.158036000
 814   -0.950000000   -0.998642200   -0.384176900
 815   -0.950000000   -1.026892000   -1.091397000
 816   -0.950000000    0.595323900    1.471454000
 817   -0.567100400    0.357807500    0.390553500
 818   -0.950000000   -1.865962000   -0.878254900
 819   -0.950000000   -0.904112800   -0.683861800
 820   -0.950000000   -0.726479700   -0.446697200
 821    0.641324900    0.391687100    0.499698900
 822   11.427190000    1.179529000   -1.607572000
 823   15.280060000    0.929731100   -1.506799000
 824    2.534486000    0.404486700   -0.561837900
 825   -0.950000000   -0.285624100   -0.566885200
 826   -0.950000000   -0.816175500   -1.517748000
 827   -0.950000000   -0.748530100    0.618399600
 828   -0.950000000   -1.707211000   -1.378771000
 829   -0.950000000   -0.591156600   -0.983001500
 830    0.748370800    0.118320700    0.504565100
 831   -0.950000000    0.054041140    0.964726400
 832    8.978202000    1.213878000    1.882408000
 833    9.959858000    0.963500500   -1.273096000
 834   19.327260000    1.642284000    0.114328400
 835   -0.950000000   -0.960302500   -0.016962220
 836    6.628535000    0.534742900   -0.433756200
 837    9.454087000    1.314951000    0.896049000
 838   -0.950000000   -0.235599000    1.695836000
 839   -0.950000000   -1.449274000   -0.805652400
 840   -0.950000000   -0.324115500   -0.385800000
 841   -0.950000000   -0.851751800    0.585352500
 842   15.948630000    0.656165700   -0.670110400
 843   -0.950000000   -1.296358000    0.046795870
 844   13.231280000    0.712768600    0.381117900
 845    4.881079000    0.079927470    0.227873500
 846    4.942409000    0.398878500    0.558724600
 847   -0.786990900   -0.300574900    0.313594900
 848    2.712107000   -0.238811800    0.011491600
 849   21.095910000    1.510161000    0.046014120
 850   -0.950000000   -0.786859600    0.587078700
 851   30.160870000    1.741302000    0.191630200
 852   11.005320000    0.935249200   -0.234913300
 853    3.257576000    0.183794900    1.086663000
 854    4.202581000   -0.148767400   -0.132196400
 855   -0.950000000   -0.762232200    1.293424000
 856   -0.950000000   -1.643967000   -1.542801000
 857    4.432050000    0.547624800    0.260045000
 858   12.599540000    1.093217000    1.082562000
 859    2.214905000    0.278568000   -0.159386300
 860    3.763669000    0.170205700   -1.854347000
 861   -0.950000000   -0.597832900    0.498991400
 862   -0.950000000   -0.684949900   -1.606515000
 863   -0.950000000    0.078743120   -0.387872000
 864    9.923338000    0.866914900   -0.508774100
 865    7.068931000    0.774898400   -0.560084800
 866   -0.950000000   -0.788653900   -0.403135000
 867    4.317571000    0.552096900   -0.114470700
 868   -0.950000000   -0.262186900    0.872934200
 869    7.241923000    1.016430000    1.714431000
 870   -0.950000000   -0.480713000    0.332044200
 871    3.449861000    0.012589120    0.114860600
 872   15.098510000    0.879592600   -0.404079900
 873   12.285810000    0.846535400    0.574579300
 874   -0.950000000   -0.842499800    0.805241800
 875   10.534760000    0.214459500   -0.773705800
 876   22.315340000    1.846512000    0.399162000
 877   -0.950000000   -0.136508100    1.772034000
 878    3.383104000   -0.107175000    0.182090400
 879    5.415152000    0.587673000    1.817532000
 880   -0.950000000   -1.271281000    1.236292000
 881   15.635980000    1.138810000   -0.437906600
 882    8.552516000    0.178250700   -0.786913200
 883   -0.950000000   -0.785887100   -0.029036010
 884   -0.103386200   -0.085056030    0.894786600
 885   -0.950000000   -0.914405100    0.294860900
 886   27.638690000    1.976003000   -0.333263600
 887   15.717490000    1.103073000   -0.806400500
 888   13.225450000    0.937478200    0.398094700
 889   11.822570000    0.822040100    0.147545100
 890    4.097110000   -0.145509600   -0.558798200
 891   17.917640000    1.271213000    0.325729300
 892   -0.950000000   -0.979456400    0.008343120
 893   -0.950000000   -1.159004000   -0.313723300
 894   -0.950000000   -0.767820800    0.611808000
 895    6.015381000    0.200428900    0.960963200
 896   -0.950000000   -0.738161200    1.126974000
 897    4.851623000   -0.041998760   -0.344791000
 898   10.214720000    0.621541400   -0.403967300
 899    6.935559000    0.164865000   -1.469304000
 900   19.917230000    1.678085000   -0.992166300
 901   12.900450000    0.960880400    0.393937800
 902    8.860282000    0.715784000   -0.432380600
 903   -0.950000000   -0.035398520    1.549918000
 904   -0.950000000   -1.402484000    0.145581600
 905   -0.791659100   -0.146332000    0.564660600
 906   -0.950000000   -1.837850000   -0.576912400
 907    6.000680000    1.203074000    1.401618000
 908    9.390067000    0.896246800   -0.097736230
 909   14.727570000    1.022729000   -0.787597300
 910   -0.950000000   -0.703499400    0.394389400
 911   -0.950000000   -1.568795000    1.032573000
 912    5.680222000    0.479464300    0.017844100
 913   17.095730000    1.209747000   -0.936394200
 914    2.041750000    0.212479500   -0.754292200
 915    6.503781000    0.495915800   -0.717708100
 916   -0.950000000   -1.616445000   -0.918649400
 917   -0.950000000   -1.143914000    1.316428000
 918   14.396130000    1.402087000   -0.730941400
 919   -0.950000000   -0.222033500   -0.179397700
 920    7.079308000    0.730805100   -0.167416500
 921    4.443317000    0.334446900   -0.312021700
 922   -0.950000000   -0.742434800    1.324893000
 923   -0.950000000   -1.507815000   -0.648220400
 924   13.927200000    1.065271000    0.001001577
 925    3.902130000    0.073873240   -1.440023000
 926   -0.950000000   -0.358917100   -0.135120900
 927   -0.950000000   -1.511092000    0.516177800
 928   18.327300000    1.751561000   -1.173353000
 929   -0.950000000   -0.346717400    0.526984500
 930   11.128020000    1.006576000   -0.608040500
 931   -0.950000000   -0.982522600   -1.507868000
 932   -0.950000000   -0.456563300   -0.126593300
 933   -0.950000000    0.208979900    0.795763800
 934   -0.950000000   -0.486317600    0.656156300
 935   -0.950000000   -0.292023400   -1.845950000
 936   -0.950000000   -0.371431700   -0.226750900
 937    1.986998000    0.243861100   -1.658489000
 938    1.341199000    0.513664100    1.342918000
 939    3.157869000    0.901682500    0.511774500
 940   -0.950000000   -1.973020000    0.344439200
 941   -0.950000000   -0.231688400    0.676384800
 942   -0.950000000   -1.220288000    0.432044700
 943   -0.950000000   -0.520638600   -0.734362000
 944   -0.950000000   -0.781566500    0.741273900
 945   -0.950000000   -0.702962700   -0.525171100
 946    2.835624000   -0.206874200   -0.373077500
 947   15.550660000    1.112031000   -0.482631200
 948    4.340249000    0.412367600    0.824611900
 949   23.604040000    1.753001000    0.704543100
 950    7.369352000    1.042469000    1.152377000
 951   -0.950000000   -0.839816900   -0.195151600
 952    0.138184300   -0.301334400   -1.777433000
 953   18.597780000    1.183924000    0.045170670
 954    2.275386000   -0.130860700   -0.431883700
 955    0.738595900   -0.631204500    0.858694700
 956   23.283560000    1.827462000    0.910495700
 957    7.847406000    0.592722900    1.029108000
 958   15.483960000    1.053340000    0.434102400
 959    3.392275000   -0.246060800   -0.903313100
 960   -0.950000000   -0.360704700    1.102631000
 961    6.332761000    0.356730300    0.478813300
 962    5.823617000    0.529313800    1.590185000
 963   -0.950000000   -1.564793000    0.874405600
 964   11.733120000    0.703756500   -0.766357900
 965   17.919380000    1.538756000    0.625408500
 966    9.852764000    0.427859700   -0.132816700
 967   -0.950000000   -1.335235000    0.434412300
 968    6.620098000    0.344478700   -0.387014600
 969   -0.728337700   -0.401553500    1.724365000
 970   11.654700000    0.548145700   -0.554322700
 971    1.272393000   -0.335123500   -0.294313700
 972    1.315707000   -0.204805100    0.105974500
 973   13.664660000    1.173435000    1.435425000
 974   11.243480000    1.112384000    0.690962400
 975    7.357964000    0.293969700   -0.730039000
 976   15.647400000    1.365423000   -0.205252800
 977   -0.950000000   -1.086833000    0.583404900
 978   18.914410000    1.559159000    0.237851500
 979   -0.950000000   -0.197673900    1.708060000
 980   -0.950000000   -0.782811100    1.310588000
 981    4.707312000    0.393622700    0.648060600
 982    5.672056000    0.180919400   -0.312366100
 983    1.704134000   -0.570985300   -1.218521000
 984   23.770610000    1.987536000    0.418107300
 985   -0.950000000   -1.073717000    0.667492100
 986    0.286601800   -0.552651300   -1.262405000
 987   -0.676509500   -0.182069300    0.649350500
 988   -0.950000000   -0.878881700    0.517461100
 989   19.841870000    1.287566000   -0.562061600
 990    9.737391000    0.875471200    0.034365520
 991    5.468630000    0.468231100   -0.482590600
 992   -0.950000000   -1.380356000   -0.786341900
 993   19.128390000    1.535326000   -0.961592200
 994    4.663017000    0.258022900   -0.701754600
 995    2.099545000    0.755294600    0.058967820
 996    4.145942000    0.384352900    0.748586600
 997   -0.950000000   -0.994593800    0.736852200
 998    2.379406000    0.055093040   -1.072349000
 999   -0.950000000   -0.145194600   -0.035726260
1000    3.319908000    0.531427800    0.859309700
1001   -0.950000000   -0.124468200   -0.172155900
1002   -0.864716000   -0.037316510    1.455380000
1003   -0.950000000   -1.010215000    0.114910300
1004   11.771880000    1.256227000    0.186846100
1005   -0.950000000   -1.589743000   -1.693545000
1006   -0.950000000   -1.917199000   -0.376623900
1007   -0.950000000   -1.360091000    0.368574200
1008   -0.950000000   -0.502132000    1.141416000
1009    3.286251000    0.218916100    0.420820500
1010    3.280512000    0.149860300   -1.058810000
1011    8.352116000    0.759147900   -0.400565200
1012    6.653492000    0.696782800    0.690733000
1013    7.314857000    0.838058700   -0.349386400
1014    6.262456000    0.397201300   -0.866894000
1015    7.956142000    0.764215600    0.643002200
1016   -0.950000000   -1.654756000   -0.934491000
1017   -0.950000000   -0.651579400    0.553021300
1018   -0.950000000   -0.269862700    1.544419000
1019    0.978025500    0.107326900   -0.441887400
1020   -0.950000000   -0.615120300    0.034306620
1021   15.211020000    1.343050000   -1.276776000
1022   -0.950000000   -1.062109000   -0.765992800
1023   -0.950000000   -1.271607000   -1.099036000
1024   -0.950000000   -0.376225200   -0.526460500
1025    9.895141000    0.783215200    0.259544300
1026   -0.950000000   -0.396329600   -0.154653100
1027   -0.950000000   -0.473056400   -0.494505400
1028   18.865140000    1.645864000   -0.170400000
1029   15.668680000    1.080732000    0.655433700
1030    7.423845000    0.362056000    1.705460000
1031   -0.950000000   -0.785320400   -0.228449200
1032    1.857390000   -0.115460700    0.500732800
1033   15.553240000    1.620202000   -0.646124800
1034    0.985943600   -0.124848200   -0.197642400
1035    2.950272000    0.883342800    1.194548000
1036    3.113879000    0.081964030   -0.759816100
1037    1.681446000    0.077682950   -1.306824000
1038   -0.950000000   -0.753559300   -0.343558400
1039   -0.950000000   -0.505460000    0.334016600
1040   13.273740000    1.235861000    0.186943400
1041   -0.950000000   -0.194612200    1.060550000
1042    1.627610000    0.593181600    1.322460000
1043   -0.950000000   -0.729423500   -0.657685000
1044    1.030849000    0.435361800    1.516593000
1045   -0.950000000   -0.989396400    0.889903300
1046   -0.950000000   -0.458260600    1.625972000
1047    6.562946000    0.519217600   -0.301008300
1048   -0.950000000   -0.579604400    0.069779280
1049    0.917558100   -0.069583430    0.255007500
1050   -0.950000000   -0.239806400    1.495854000
1051   13.940650000    0.617761800   -0.865433500
1052    3.867643000   -0.090009050   -0.272873600
1053    4.382468000    0.232064300    1.861787000
1054   -0.950000000   -0.999234600    0.536196500
1055    1.073483000    0.012942700    0.698612300
1056   -0.950000000   -0.860054000   -0.126006700
1057    1.818465000   -0.087867690    0.312295300
1058   -0.950000000   -0.719181400    0.526873900
1059   -0.950000000   -0.830591600    0.462147200
1060   -0.950000000   -0.394575700    1.414713000
1061   -0.950000000   -0.986904800   -0.841473000
1062   -0.950000000   -0.806404900    0.532436100
1063    0.095966320   -0.112751800    0.351520700
1064   -0.950000000   -1.416276000    1.418888000
1065    5.910874000    0.412123200    1.092274000
1066   -0.950000000   -0.599434100    0.606682900
1067    3.064486000    0.538535900    0.916040800
1068   -0.950000000   -0.050800280   -0.089438220
1069   -0.950000000   -0.638098200   -1.121376000
1070   -0.950000000    0.124263400    1.846969000
1071   -0.950000000   -0.200246500   -0.089865490
1072   -0.950000000   -0.565320500   -0.205581000
1073   -0.950000000   -0.794394400    1.597800000
1074   -0.389480900    0.216279200    0.515236300
1075   -0.950000000   -1.238189000   -0.795358700
1076    4.680583000    0.517466100   -0.517670700
1077   -0.950000000   -0.302036700    0.403755400
1078    5.420756000    0.364471400    1.665359000
1079   -0.950000000   -1.387844000   -1.713246000
1080   -0.950000000   -0.258936900    0.739191700
1081   -0.950000000   -0.374210300    1.376918000
1082   -0.950000000   -0.361373000   -0.319687200
1083   -0.950000000   -0.684389800    1.652885000
1084   -0.950000000   -0.153219500    1.267249000
1085   -0.950000000   -0.538894500    1.253392000
1086   11.715890000    1.307466000    0.041162760
1087   -0.950000000   -0.616228500    0.121519100
1088   -0.672136900   -0.209992300   -0.517267400
1089   -0.950000000   -0.864176500    1.069632000
1090   12.379560000    1.293344000   -0.343566500
1091   -0.950000000    0.099989510    0.546807900
1092   -0.521281000   -0.033948760    0.154073900
1093   -0.950000000   -1.075370000    1.315370000
1094    3.193840000    0.282745000   -0.110337400
1095   -0.950000000   -0.699691600    0.214321500
1096    3.731289000    0.161823400    0.627255500
1097   20.919590000    1.475067000   -1.744345000
1098    1.699149000    0.335065400    0.644904100
1099   11.374850000    0.763678000   -0.064611680
1100   -0.950000000   -1.129954000    0.071870970
1101   -0.950000000   -1.992486000    1.248401000
1102   19.176040000    1.473042000    0.339314000
1103    3.956321000    0.170733300   -0.301761200
1104   14.399270000    1.072831000    0.562335600
1105   -0.950000000    0.114955100    0.703046100
1106    2.110728000   -0.046910640   -0.718659200
1107   -0.950000000   -0.735423500    1.566419000
1108    7.937082000    0.490511200   -0.900052900
1109   -0.950000000   -1.835002000   -0.107326000
1110   -0.950000000   -1.317106000    1.090891000
1111   -0.887590000    0.360097700    0.338497200
1112    3.273588000    0.746939900   -0.960911200
1113    2.773677000    0.638836000   -0.285781000
1114   11.762880000    0.945615500   -0.921186300
1115   -0.950000000   -0.896024500    0.365815300
1116   -0.950000000   -0.227220500   -0.393265400
1117   -0.950000000   -0.786053700   -0.661524200
1118    8.609910000    0.689262800   -1.315665000
1119    3.826141000    0.811258600    0.324017300
1120    6.145013000    1.054399000   -0.429859700
1121   -0.950000000   -0.846624200    0.159401600
1122   -0.950000000   -0.979652600   -0.901192700
1123   -0.950000000   -0.381564400    1.397671000
1124   -0.950000000   -0.524599300    0.336982600
1125   -0.950000000   -0.549103200   -1.356747000
1126   -0.950000000   -1.884596000   -0.070938800
1127    6.790116000    1.302644000    1.228732000
1128   -0.950000000   -1.147130000   -0.299004800
1129   -0.950000000   -0.528016600    0.506936900
1130    3.483203000    0.207935600   -0.967536900
1131    2.874743000    0.840601800   -0.251934400
1132   -0.950000000   -0.725558500   -1.038682000
1133   17.756890000    1.806058000    0.035486270
1134   -0.950000000   -0.939280200    0.869484300
1135   -0.950000000   -1.874065000   -1.005421000
1136   -0.950000000   -1.274618000    0.191937400
1137   -0.950000000   -1.228844000    1.039316000
1138   -0.950000000   -1.196841000    1.405808000
1139   -0.950000000   -1.321838000   -0.125002200
1140   10.368760000    0.782715400   -0.876343800
1141    2.537688000    0.482836000   -0.435416600
1142   -0.950000000   -1.506556000   -0.850014200
1143   -0.950000000   -1.710751000   -0.184985100
1144   10.750520000    0.884980800   -1.340674000
1145   -0.950000000   -0.162404100    0.038002200
1146   -0.950000000   -0.372991400    0.755074200
1147    0.003139038    0.466008000    0.013220720
1148   -0.950000000   -1.099767000    0.765365700
1149   -0.950000000   -1.494555000    1.530823000
1150   -0.950000000    0.175055100    0.120754600
1151   -0.950000000   -0.417242600    0.414949400
1152   -0.950000000   -0.548611600   -1.139157000
1153   -0.355755600    0.387608100    0.241702900
1154   -0.950000000   -1.084297000    0.576395900
1155   -0.950000000   -0.380143300   -1.272196000
1156   -0.950000000   -0.318287300    1.858704000
1157   10.765530000    0.648328500    0.578845300
1158    7.404623000    0.255834400   -0.946174000
1159   15.147950000    0.963470600   -0.457503200
1160   -0.950000000   -0.823305600    1.763230000
1161    6.648767000    0.695425700    0.769511300
1162   -0.950000000   -0.643595500   -0.275358300
1163   13.393950000    0.688695800   -0.490972500
1164   -0.950000000   -1.389408000   -0.762126200
1165   16.922330000    1.373789000   -0.243607100
1166    8.005857000    0.418669100    0.652540800
1167    7.547871000    0.473706400   -0.658552900
1168   12.233120000    0.792527900    0.044166990
1169   14.015930000    1.094874000   -0.368003900
1170    0.877154000   -0.219399900    0.609803300
1171    4.524074000    0.427351100   -0.313370800
1172   -0.950000000   -0.878188200   -0.486206500
1173   17.455840000    1.566797000   -0.833054000
1174   -0.950000000   -0.530541100    0.147470200
1175   26.474970000    1.875362000   -0.853635500
1176    2.416739000    0.486573700    0.485081000
1177   -0.950000000   -0.917838900   -0.667493200
1178   -0.950000000   -0.765668000   -0.111004200
1179    0.243841100    0.197412600    0.424510500
1180   -0.950000000   -1.200102000   -0.827465900
1181    2.808965000    0.062242520   -0.696158900
1182   -0.950000000   -0.898827200   -0.137239100
1183    0.762205400    0.801135000    1.670204000
1184   -0.950000000   -0.625307700   -1.240531000
1185   12.523100000    1.505659000    0.061312110
1186   -0.950000000   -0.828928200    0.447279800
1187   -0.950000000   -0.740835000   -0.029975050
1188   -0.950000000   -0.834908000    0.085418350
1189   -0.950000000   -0.271419900   -0.931624100
1190   -0.950000000   -1.812504000   -0.117178600
1191   -0.950000000    0.122667000    0.836029300
1192   -0.950000000   -0.608974100   -0.779512000
1193    1.159529000    0.437817100   -0.062245250
1194   -0.950000000   -0.240292100    0.498086200
1195    3.094687000    0.646403800    0.340534400
1196   -0.950000000   -0.237548600    0.434539300
1197    4.721059000    0.554157200   -1.024362000
1198   -0.585990700    0.069815650   -0.791159100
1199   -0.950000000    0.049310120   -0.134659900
1200   -0.950000000    0.327651200    0.652135000
1201   -0.950000000   -0.290151300    0.813956700
1202   -0.950000000   -0.775578900    0.437502100
1203    8.008737000    1.144259000    0.251488800
1204   -0.950000000   -0.974014700    0.484123300
1205    0.883464600    0.488861200   -0.067004520
1206   15.221640000    1.452557000   -1.450379000
1207   -0.950000000   -0.241592000   -0.771415800
1208   -0.950000000   -0.495384900    1.502943000
1209   -0.950000000   -1.581287000   -0.364600000
1210   -0.950000000   -0.619337600   -1.416792000
1211   -0.950000000   -1.861726000   -1.667387000
1212   -0.950000000   -1.082706000   -0.288514600
1213   -0.950000000   -0.378636700   -0.425536000
1214    2.102982000    0.347862300   -1.004908000
1215   -0.950000000   -1.485297000   -0.674117200
1216   11.722140000    0.786544900   -0.295029500
1217    5.967846000    0.042163510   -0.586006100
1218   -0.950000000   -0.140855800    1.862651000
1219   10.031860000    0.818788200   -0.548736100
1220   17.624410000    1.112382000   -1.588806000
1221   10.059510000    0.999893600    1.972035000
1222    9.071696000    0.395774800   -0.915603600
1223    1.144547000    1.548698000    1.628598000
1224    0.560809300   -0.299304900   -0.497578400
1225   21.985790000    1.870554000   -0.556969600
1226   -0.950000000   -1.776773000    1.107281000
1227    9.580337000    0.621754900    0.675466800
1228   -0.950000000   -1.503585000    1.101788000
1229    3.430207000    0.001929898   -0.596092900
1230    5.100525000    0.002149920   -1.141109000
1231   -0.950000000   -0.980165000    1.011939000
1232    9.363885000    1.091492000   -0.149828200
1233   -0.950000000   -0.768020800    0.415585600
1234    2.646374000    0.417637600    0.299632800
1235   17.058320000    1.364728000   -0.816781500
1236   -0.950000000   -1.337878000   -0.979634600
1237    6.834212000    0.451084100    0.902829200
1238   -0.950000000   -0.736093200   -1.176922000
1239   15.957320000    1.559099000    0.917372700
1240   -0.950000000   -0.309805900    0.126884800
1241    1.941897000   -0.203019300   -1.624785000
1242   10.686530000    0.823243600   -1.473455000
1243   -0.950000000   -0.264278000   -0.108942900
1244    2.441823000    0.427306700    0.468488800
1245    7.749057000    0.855163100    0.422218500
1246   -0.950000000   -0.018925330   -0.563817900
1247   -0.950000000   -1.314295000    0.440346600
1248   -0.950000000   -1.552528000   -0.859420600
1249   -0.950000000   -0.947155600    1.182846000
1250   -0.950000000   -0.369268400    0.369806900
1251    2.324923000    0.524939900    0.133674600
1252   -0.950000000    0.043144990    0.934381300
1253   -0.950000000   -1.358288000   -1.007974000
1254   -0.950000000   -0.175002900    0.973091700
1255   -0.950000000   -0.683255900   -0.682942300
1256    8.489505000    1.594041000    1.431966000
1257   -0.950000000   -0.290086200   -0.602375800
1258   13.566590000    1.262537000   -0.259066600
1259    7.771576000    0.869491400   -0.882567300
1260   -0.950000000   -0.760146500   -1.141531000
1261   -0.484154400    0.041222970   -1.798946000
1262    0.896999800   -0.248722500   -1.903225000
1263    1.408875000    0.121099700   -0.149220600
1264   11.842320000    1.001874000   -0.904958300
1265    7.456462000    1.001697000    0.697495900
1266   -0.950000000   -0.602188000   -1.044867000
1267   -0.145968000    0.013327300    0.450339200
1268    9.520617000    0.823557800   -0.107448100
1269   -0.950000000   -0.409491200   -0.864016300
1270    1.230283000    0.488850800    0.364612200
1271    8.726404000    1.015782000    0.143963800
1272   -0.950000000   -1.091298000   -0.258235200
1273   -0.950000000   -0.718274900   -0.624969800
1274   -0.704346000    0.286186800    1.171014000
1275    1.871490000    0.119555300   -0.536959000
1276   15.138140000    1.200893000    0.201960300
1277   -0.950000000   -0.854790300   -0.110626900
1278    5.086628000    0.242045100   -1.105262000
1279   -0.950000000   -0.217494600   -0.017838680
1280    7.804909000    1.037287000   -0.735868100
1281   11.574110000    1.237599000    1.045456000
1282   -0.950000000   -1.585488000    0.221424100
1283   -0.950000000   -0.520729300   -0.725900700
1284   -0.950000000   -1.632786000    1.130779000
1285   -0.950000000   -0.582111600    0.918649200
1286    1.272675000    0.272314900    1.030723000
1287    3.062429000    0.351733000    1.436180000
1288   13.221410000    1.516238000    0.550704700
1289   -0.950000000   -0.809255600    0.070265050
1290   -0.950000000   -1.487137000   -0.126534100
1291    2.472927000    0.121351200    1.371574000
1292   10.306730000    0.671502900   -0.051536510
1293   -0.950000000   -1.391249000    1.221996000
1294   -0.473371300   -0.371418800    1.722753000
1295    4.200083000   -0.214088900   -1.607469000
1296   13.339510000    0.897886400   -1.566202000
1297   -0.748269700   -0.312888300   -0.069967990
1298    7.838398000    0.575719400   -0.424302700
1299    1.356650000    0.041656630    0.545996100
1300    2.135257000    0.278475200    1.366930000
1301    5.857381000    0.248563800    0.101532000
1302   -0.950000000   -1.469136000    1.107955000
1303   -0.950000000   -1.148519000    0.001471997
1304   18.489320000    1.238582000    0.840710900
1305   19.590650000    1.424601000    0.150847600
1306    6.499030000    0.638157800    1.008278000
1307   -0.241488300    0.242857300    1.411625000
1308   -0.950000000   -0.651006700    0.306232100
1309   -0.950000000   -1.830862000    0.955831700
1310    5.509233000    0.633495000    0.059419710
1311   -0.950000000   -0.171285000    0.021727780
1312   -0.950000000   -1.813827000   -0.753277400
1313   -0.950000000   -0.939041500    0.883205000
1314   -0.950000000   -1.386329000   -1.224732000
1315   -0.950000000   -1.955144000    0.339965000
1316   -0.950000000    0.200111400    1.434833000
1317    3.628228000    0.892652800    0.401073800
1318    1.643992000    0.097084210   -0.257375900
1319    2.695565000    0.866416200    0.673069700
1320    3.910709000    1.506945000    1.468208000
1321   -0.950000000   -0.871586700    1.558454000
1322   -0.950000000   -1.875785000    0.306454600
1323    8.460937000    0.828182700    0.202152900
1324    0.540386500   -0.139188200   -0.850364200
1325   10.353130000    0.852731000    0.196061200
1326   -0.950000000   -1.247643000    0.110822000
1327   12.114260000    1.254844000    0.435347700
1328   -0.950000000   -0.376494700    0.591895800
1329    4.010019000    0.020721720   -1.314357000
1330   -0.950000000   -0.549318000   -0.736197800
1331    3.837883000    1.007877000    1.415359000
1332    6.204853000    0.364874500   -1.486813000
1333    5.176708000    0.924573600    0.700056500
1334    0.036715310    0.065458000    0.496816500
1335    2.740474000    0.244219200   -0.504500800
1336   20.902050000    1.642813000    0.256869900
1337   -0.950000000   -1.036193000    0.372879100
1338   -0.950000000   -0.358057300    1.725749000
1339   -0.219615800   -0.264277500    0.710752900
1340   -0.950000000   -1.755078000    0.017975030
1341   23.606500000    1.381195000    0.336087800
1342   13.834400000    0.566117600   -0.695118000
1343    7.400629000    0.640899400    0.977890500
1344    0.901258600   -0.210807000    0.201692900
1345    4.932642000    0.154108600    1.384683000
1346   15.826100000    1.190859000   -1.423531000
1347    2.017414000   -0.303274800    0.553921500
1348   -0.950000000   -0.492611400    0.779678200
1349   11.304460000    0.746339700    0.087806340
1350    9.816510000    0.534464900    1.564652000
1351    2.378923000    0.344535600   -1.064037000
1352   11.227670000    1.554655000    0.432283500
1353   -0.950000000    0.260320300    1.428380000
1354   -0.950000000   -0.432228800   -1.788854000
1355    0.115362000    0.074464870   -1.059108000
1356   -0.950000000   -1.956954000   -1.594709000
1357    0.130575600    0.472088900    0.632694000
1358   -0.950000000   -0.042333720   -0.996399100
1359    0.315942600    0.566030400    0.754955000
1360    0.937304900    0.122005500   -1.931727000
1361    8.999829000    0.825726200   -0.290607700
1362   -0.950000000   -0.035733640    1.224588000
1363   -0.950000000   -1.389175000   -0.798394800
1364   -0.950000000   -1.226204000   -0.468823900
1365   -0.950000000   -0.121406700   -0.444161300
1366    4.708625000    0.129678200   -0.463025900
1367   17.127250000    1.172392000   -1.605432000
1368   23.620470000    1.977297000    0.695545600
1369    1.656480000   -0.021334120    0.426576300
1370   -0.895183800   -0.063396920    0.360398700
1371    1.242059000   -0.011102750    1.379751000
1372    8.263090000    0.678256900   -0.489732900
1373   18.002470000    1.529044000   -0.636884000
1374    2.811758000   -0.025874520   -0.671539300
1375   -0.950000000   -0.472435400    1.318888000
1376    2.216003000    0.213192700    0.862923300
1377   -0.950000000   -1.115260000   -1.569065000
1378    4.038008000    0.111061100   -0.775009400
1379   -0.950000000   -0.710169700    0.554059200
1380    3.954607000    0.133066800   -0.248788400
1381    1.711636000   -0.009866655   -1.476615000
1382   -0.950000000   -1.051162000    0.527630600
1383    3.809962000    0.561933300   -0.073176410
1384   -0.950000000   -0.732028000    1.104347000
1385    2.575567000    0.389339600   -0.336834900
1386   -0.950000000   -0.225598500   -0.136286400
1387   -0.950000000   -1.842387000    0.548282400
1388   -0.950000000    0.126625300    1.045931000
1389   10.040460000    0.667965600   -1.429813000
1390    2.200765000    0.270398000   -1.292170000
1391   -0.950000000   -0.245223400   -1.005077000
1392   -0.950000000   -0.782308100    0.294213900
1393    1.979295000    0.213124500   -0.432078800
1394   -0.950000000   -0.553907500    1.361204000
1395   -0.950000000   -0.017217520   -0.421229100
1396    1.078529000    0.185539700   -0.633435500
1397   -0.478887500    0.236684400    0.126735500
1398    3.084134000    0.118882900   -1.696088000
1399   10.885410000    1.188550000    0.064163620
1400   -0.950000000   -1.210384000    1.298201000
1401   -0.950000000   -0.008226077    1.859239000
1402   -0.950000000   -0.353611700   -1.137134000
1403    4.947218000    0.463991200   -0.654673600
1404   -0.950000000   -0.477447800   -0.077191490
1405    2.951113000    0.492683100    0.676087900
1406   -0.950000000   -0.287067100   -0.365169100
1407   -0.950000000   -1.151156000    0.581120000
1408   -0.950000000   -0.907360300    0.651579200
1409    5.855331000    0.481675200    0.101038400
1410   -0.950000000   -0.976225300   -0.822854800
1411   -0.950000000   -1.657792000    1.197186000
1412   -0.950000000    0.107911500    1.455469000
1413   -0.950000000   -0.390431300    0.663076800
1414   20.613800000    1.925992000    1.671371000
1415   -0.950000000   -0.990152700   -0.491653700
1416    3.521465000    0.144912200   -0.528065100
1417   12.741520000    1.190865000   -0.251937800
1418    9.584487000    0.939502100   -0.149234100
1419    2.555302000    0.210701600    0.569836100
1420   -0.950000000   -0.294204800    0.506648200
1421    7.082810000    0.798756400    0.514052400
1422   24.174480000    1.913492000   -1.687820000
1423   -0.950000000   -0.230752500    0.099088240
1424   -0.950000000   -0.815626600    0.382125100
1425   -0.950000000   -1.174703000   -1.606115000
1426   -0.950000000    0.332227500   -0.047320510
1427   -0.950000000   -0.961704400    0.002096246
1428    5.262029000    0.947278600   -0.149858800
1429   -0.950000000   -0.825782000   -0.553509200
1430   -0.950000000    0.130295000   -0.717330800
1431   -0.950000000   -0.663659600   -1.311521000
1432   -0.950000000   -0.072595880    0.481564100
1433   -0.950000000   -0.236921600   -0.012511670
1434   -0.950000000   -0.035234280    0.234368100
1435    0.826750700    1.032976000    0.450619400
1436   -0.950000000   -0.806796500   -0.114902700
1437   -0.950000000   -0.908952900   -0.098577490
1438   -0.950000000   -1.229686000    0.951687200
1439   14.142490000    1.755629000   -1.576753000
1440   -0.950000000   -0.739924800   -1.138432000
1441   -0.950000000   -0.463429200    0.920216500
1442   -0.950000000   -1.313468000    1.170265000
1443   11.413050000    0.652097100    0.399408800
1444    1.875825000   -0.233261800    0.616590200
1445   -0.950000000   -1.227166000    1.224153000
1446    4.116377000    0.727281400    0.958008000
1447    6.260542000    0.580228000    1.867995000
1448   18.294940000    1.546496000   -1.216864000
1449    4.261590000    0.114328500    0.035810140
1450    9.832390000    0.371941600   -0.812758900
1451   -0.950000000   -1.539171000   -0.415903300
1452    7.300161000    0.488116100   -0.241456800
1453    2.582041000   -0.090508170    1.359903000
1454   -0.950000000   -1.112066000    0.486582700
1455    1.255975000   -0.204544000    0.270268600
1456    5.624951000    0.505039300    0.071264930
1457   13.128020000    1.297937000    0.448419600
1458   -0.950000000   -0.796994500    0.998317300
1459   -0.950000000   -1.298735000    0.655496000
1460   -0.766287100   -0.245594000    0.138854800
1461   -0.950000000   -0.712720900    0.500771200
1462    2.819125000    0.632011800    0.767857100
1463   -0.950000000   -1.170598000    0.560159200
1464   -0.950000000   -0.393456700   -0.662014300
1465   -0.950000000   -0.887757200   -1.831508000
1466    5.057079000    0.485547000    0.174188800
1467   -0.950000000    0.279708800    1.693743000
1468   12.575620000    0.733655900   -0.439933200
1469    1.866604000   -0.068310910    0.841440400
1470   -0.950000000   -0.365451000    1.069760000
1471   -0.950000000   -0.902070200    1.252433000
1472    0.826147400   -0.302155400    0.700135100
1473    1.004396000    0.495824300    1.119439000
1474    0.837748800    0.702847800    1.503867000
1475   -0.950000000   -1.228473000    0.297503500
1476   -0.950000000   -0.058028970    1.216692000
1477    4.527304000    0.339566600    0.303754700
1478    8.925779000    0.600774100   -0.967744300
1479    7.553617000    0.574915100    0.078550350
1480    2.207302000   -0.274877200   -0.953340800
1481    1.679708000    0.178794400    0.087238210
1482   -0.950000000   -0.525866000    0.587245700
1483    4.169137000    0.466316300    0.662320100
1484   -0.950000000   -0.215494900   -0.239339500
1485   -0.950000000   -1.907247000   -0.521369400
1486    5.412858000    0.416784400    0.735770800
1487    2.091931000   -0.226192600   -0.286612300
1488    1.550466000   -0.074473860    0.324524100
1489   -0.950000000   -1.466678000   -0.200153000
1490   16.298970000    1.377106000   -0.783860700
1491   -0.950000000   -0.490021000    0.521499600
1492   -0.950000000   -0.823433800    0.648396600
1493   22.264430000    1.610147000   -0.250192300
1494   -0.950000000   -0.718712900   -0.198419200
1495   -0.950000000    0.079674280    1.729401000
1496    9.533010000    0.671395300    0.418080200
1497   -0.950000000   -1.306969000   -0.681353800
1498   25.144500000    1.803770000   -0.763243800
1499   15.186860000    1.110538000   -1.060751000
1500    4.589685000    0.885578700    1.188621000
