*y  x1  x2
   1    1.708001000    0.491918200    0.943453300
   2   -0.950000000   -0.767639400   -0.521583700
   3   -0.950000000   -0.429822300    0.418057000
   4   14.574170000    1.709979000    0.604328200
   5    1.263744000    0.334304900   -1.089580000
   6    1.944977000   -0.024375830   -0.448035400
   7   -0.950000000   -1.187113000    0.098679920
   8    3.445272000    0.995175000    1.124571000
   9   -0.950000000   -0.891545700   -0.479324200
  10   -0.950000000   -0.280286900   -0.476259500
  11   -0.950000000   -1.736724000   -0.568726300
  12   12.292420000    1.042587000   -1.344259000
  13   -0.950000000   -1.124411000    0.288758700
  14   -0.950000000   -0.219686000   -0.366565800
  15    4.641923000    0.840984400    0.895135800
  16   11.616820000    1.896685000    0.853612000
  17   16.871920000    1.130333000   -0.108568200
  18    3.421987000    0.037823700   -0.262953400
  19   -0.950000000   -1.015859000    0.749230700
  20   16.916670000    1.201977000   -1.070313000
  21   17.732820000    1.228501000   -1.010811000
  22   -0.950000000   -0.486998600    1.564320000
  23   -0.704292500    0.190021700    1.768016000
  24   20.774980000    1.137012000   -0.172585600
  25   15.424450000    1.235884000    0.825209900
  26   15.593260000    1.528554000    0.472368200
  27   14.453640000    0.821249800   -0.015601420
  28   -0.950000000   -1.892400000   -0.292970400
  29   -0.950000000   -1.013276000   -0.974083800
  30   -0.950000000   -0.950329100   -0.231365900
  31    4.992945000    0.285524300   -0.276055300
  32    5.506776000    0.465242800    0.051683410
  33   -0.950000000   -0.191440000   -0.644656500
  34   -0.950000000   -0.459863400   -0.437435700
  35   -0.950000000   -1.533919000    1.627296000
  36    5.717598000    0.475503400    1.191777000
  37    3.934749000    0.365758700    0.205841600
  38    8.305043000    0.646098000   -0.317699200
  39   -0.206936200    0.886801000    1.547667000
  40   -0.950000000   -0.562822800   -0.280363400
  41   -0.950000000   -0.486088500   -0.085099660
  42   12.131680000    1.607909000    0.483557200
  43   -0.950000000   -0.448718400   -1.323080000
  44   -0.950000000   -0.353742000    1.141662000
  45   -0.950000000   -1.868141000    0.834162400
  46   10.111010000    1.097170000    0.582996900
  47   -0.242732700    0.179766800    0.954197000
  48   -0.950000000   -0.585400100    0.799860600
  49   -0.950000000   -0.699482400   -0.148812900
  50   -0.950000000    0.144824700    0.768678800
  51   -0.950000000   -0.457307600   -0.409553800
  52   -0.950000000   -1.749402000   -0.758791600
  53    4.496717000    0.537919900   -0.333987200
  54   -0.950000000   -1.361376000   -1.152761000
  55   -0.769200800   -0.027760840   -1.024219000
  56   -0.880796400    0.239983500    0.550582500
  57    2.160467000    0.516051200    0.195721800
  58    8.075646000    0.718231200   -0.982744800
  59    4.953738000    0.496926300    0.416870000
  60    1.429443000    0.653608900    0.859739800
  61   -0.950000000   -1.263141000   -1.047593000
  62    6.005876000    0.888383200   -0.224761800
  63   -0.950000000   -0.397373600    0.306109800
  64    0.705420600    0.097591790   -1.484530000
  65   -0.950000000   -0.402100900    0.019481880
  66    8.615623000    0.295596200   -1.941367000
  67   -0.950000000   -0.095731870    0.155339200
  68   -0.950000000   -0.787761900   -0.135000100
  69   -0.950000000    0.222241100    1.599866000
  70   -0.950000000   -0.861150100   -1.336215000
  71    1.108998000    0.181485600   -1.150189000
  72   -0.950000000   -1.913844000    0.957666600
  73    9.039802000    1.396373000    0.430596900
  74   -0.950000000   -0.564895300   -0.469624100
  75   -0.950000000   -0.029120110   -0.370042200
  76   -0.950000000   -0.463697300   -0.999873700
  77   -0.950000000   -0.425040700   -0.436460100
  78   10.867600000    1.008326000   -0.863808600
  79    2.843337000    0.648974500    0.630199400
  80    0.602021100   -0.160755000   -0.230129100
  81    7.677745000    0.659149900    0.535696100
  82    1.474072000   -0.068435610   -0.976267700
  83   -0.950000000   -0.428335600    0.544445500
  84   19.106730000    1.995188000   -0.299599600
  85    8.696487000    0.897309900    0.139903200
  86   -0.950000000   -0.640962300    0.520032500
  87   -0.950000000    0.110253200    0.961596300
  88   -0.950000000   -0.864966200   -1.337204000
  89    5.439410000    0.586262200   -0.378400200
  90    8.908892000    0.680493800   -1.039316000
  91    6.542627000    0.344397000   -0.593566000
  92    7.166828000    0.326151800   -0.711021800
  93   12.126410000    0.559572700   -1.720370000
  94   -0.950000000   -0.986044600   -0.542380500
  95    8.559318000    0.930988400    0.666534800
  96    8.254457000    0.329731100   -0.431372700
  97    6.807029000    0.493990300   -0.453665400
  98    6.881941000    0.249079700   -1.137686000
  99    4.345596000    0.461090600    1.167932000
 100   16.827690000    1.318992000    0.979327300
 101    0.161975900   -0.237467600    0.268846200
 102   -0.950000000   -0.842408100    0.127984200
 103   -0.950000000   -0.401976400    1.625310000
 104   -0.950000000   -1.434757000    0.111451600
 105   -0.950000000   -0.305852900    1.066122000
 106   -0.950000000   -0.633161600   -1.082061000
 107   -0.950000000   -0.977384900   -0.395527700
 108   -0.950000000   -0.338330500   -0.824836800
 109   -0.950000000   -0.973523700    0.521812700
 110   -0.950000000   -0.859192600    1.089923000
 111   -0.950000000   -0.392695500    0.458462700
 112    2.414342000    0.380607800    0.862742200
 113   -0.950000000    0.147337100    0.934758600
 114    6.585216000    0.259220100   -0.864842600
 115   22.141160000    1.485874000   -0.260672600
 116    3.164719000    0.048635720   -1.261369000
 117    5.368634000    0.295490300    0.122338200
 118   12.103470000    1.249696000   -0.695502500
 119   -0.140494200    0.413279800    0.801870300
 120    5.263058000    0.411237100   -0.681599800
 121   -0.950000000   -0.725881000    1.809775000
 122    9.484580000    0.978777900    0.610379500
 123   -0.950000000   -1.277604000    0.167145000
 124   -0.950000000   -1.127470000    0.518608400
 125   29.801270000    1.901387000   -1.754991000
 126    5.984242000    0.504349000    1.687071000
 127   11.799380000    1.308735000    1.064209000
 128    2.840939000    0.024494040   -1.550422000
 129   -0.950000000   -0.352615000    0.526751400
 130   -0.950000000   -0.381134700    0.404410600
 131   -0.950000000   -1.033980000   -0.652462700
 132    8.486586000    0.860220000    0.445696700
 133   16.651090000    1.844410000    0.612544000
 134   -0.950000000   -1.010906000   -1.262755000
 135   -0.950000000   -0.424328800    0.470021000
 136   -0.950000000   -0.313502600    0.740619800
 137   -0.950000000   -1.166946000   -1.507761000
 138   -0.950000000    0.004024093    0.267863400
 139   -0.950000000   -1.206301000    0.070466940
 140   -0.950000000    0.062318020   -0.116564300
 141   -0.950000000   -0.322036300   -0.357842700
 142   -0.950000000   -0.624049800   -0.611380700
 143   -0.950000000   -0.115433000    0.211129100
 144   -0.950000000   -0.607432900   -0.071424270
 145    1.783190000    0.202335100   -1.451136000
 146   11.538130000    1.396684000   -0.782366100
 147   -0.950000000   -1.402001000    1.384507000
 148   -0.950000000    0.199835800    0.166156200
 149   -0.950000000   -0.698877300   -0.165481000
 150   -0.950000000   -0.387212300   -0.014494860
 151   13.459130000    0.688027700   -1.705923000
 152    2.997909000    0.965363000    0.940347900
 153    8.111459000    0.495746500   -1.132805000
 154   -0.950000000   -0.520143700   -0.138709600
 155    8.371709000    0.616952000   -0.878442000
 156   -0.950000000   -0.213693600   -0.153187300
 157    1.543897000   -0.035392770   -0.592017200
 158   -0.950000000   -1.126361000    0.700916300
 159    4.739453000    0.600903600    0.836360800
 160   -0.950000000   -0.591198200   -0.772384700
 161    8.152627000    0.852661800   -0.093175570
 162   13.857900000    1.110634000   -1.469123000
 163    2.466258000    0.224717300   -0.213985600
 164   -0.950000000   -0.267936100    0.549757300
 165   -0.814081800   -0.027642680    1.098856000
 166   -0.950000000   -0.257037300    1.022994000
 167    0.484861700    0.104261200    1.625590000
 168   -0.900618800   -0.379464600    0.019813840
 169   12.033140000    0.933888700   -0.578463700
 170   -0.950000000   -0.256031700    0.577804300
 171   -0.950000000   -0.330730400    1.193833000
 172   -0.950000000   -0.477341200    0.315024300
 173   -0.950000000   -0.312339600    0.909180100
 174    1.459418000   -0.201754800    0.004790228
 175   -0.950000000   -1.323861000    0.111636800
 176   -0.950000000   -0.173088100    0.769753300
 177    3.689115000    0.110006900    0.038742570
 178   -0.950000000   -1.157403000   -0.797282900
 179    4.650201000    0.315384700    0.582515800
 180   19.583060000    1.468278000    0.676660900
 181   -0.950000000   -0.544693700    0.899692000
 182   -0.698680400   -0.102676700   -1.596126000
 183   -0.037441400    0.361460800    0.502988600
 184   -0.950000000   -0.930591200   -1.319679000
 185   12.730270000    0.762601600   -1.354988000
 186   -0.950000000   -0.660795300    0.656928900
 187   -0.950000000    0.264705900    1.712426000
 188   -0.950000000   -0.306121400   -1.279632000
 189   -0.101100900   -0.014886750   -0.801412200
 190   -0.950000000   -0.158181900    1.151250000
 191    5.647471000    0.675793000    0.057047650
 192    6.589898000    0.362974800   -0.958367700
 193   16.838110000    1.554135000   -1.508043000
 194   21.000380000    1.894325000   -1.376300000
 195   -0.950000000   -1.529326000    0.832887600
 196   -0.514336600    0.048697320    0.197168900
 197   -0.950000000   -0.548088300   -0.177890300
 198   -0.950000000   -0.477576000    1.307623000
 199   -0.950000000   -0.532413500    0.695859900
 200   -0.950000000   -0.024800180    0.552251400
 201   -0.950000000   -0.176455100   -0.300565900
 202    2.575612000    0.842567600    0.647991300
 203   -0.950000000   -0.620282000    0.932250500
 204   -0.950000000   -1.446203000    0.392972900
 205   -0.950000000   -1.800925000   -0.823935800
 206    4.301356000    0.692904100    0.357752600
 207   14.422250000    1.142782000   -1.798272000
 208    2.936110000    0.166286200   -0.941929200
 209   -0.950000000   -0.178401000    0.617005900
 210   18.206300000    1.479699000   -1.669231000
 211   13.050540000    1.797187000    0.559953300
 212   -0.950000000   -1.866286000   -0.086770520
 213    4.249476000    0.681100700    0.960211900
 214   23.147150000    1.360318000   -1.399762000
 215   -0.950000000   -1.387784000    0.976948200
 216    1.700099000    0.371040800   -0.689641000
 217    6.212227000    0.619915900   -1.247538000
 218   -0.950000000   -0.323813100    0.129643700
 219   -0.950000000   -0.535425000   -0.276331200
 220   -0.950000000   -0.259378400   -0.637732900
 221   -0.950000000   -0.455573300   -0.389127600
 222   -0.950000000   -1.204405000    0.901645300
 223   -0.950000000   -1.157377000    0.009697048
 224    8.257340000    0.854068900   -0.734424200
 225    7.230830000    1.033856000   -0.149507300
 226   -0.950000000   -0.002946117   -0.084547680
 227   -0.950000000   -0.398394800    0.387579200
 228   -0.950000000   -0.375540300   -1.576284000
 229   -0.950000000   -0.800129900   -0.515403900
 230    2.221284000    0.823091000    0.848360000
 231    3.303890000    0.720853900   -0.600918000
 232   -0.950000000    0.147210500   -0.148725500
 233   -0.950000000   -1.183522000    0.795129300
 234   -0.950000000   -0.349962800    0.061569330
 235   -0.950000000    0.045467410   -0.338012700
 236    0.063406910    0.306033300   -1.076212000
 237    4.585534000    1.001077000    1.362199000
 238   -0.950000000   -0.874242300   -1.151211000
 239   -0.950000000   -1.209468000   -1.160905000
 240   -0.950000000   -1.894039000   -1.163585000
 241   25.574770000    1.651703000    0.744171600
 242    0.768353900    0.022464370    1.990249000
 243   15.104470000    0.883546100   -0.225051900
 244    8.193507000    0.130451600    1.170479000
 245    9.051194000    0.243770100   -0.105995600
 246   -0.950000000   -1.427717000    0.635441300
 247    4.716527000    0.733504800    1.012519000
 248   24.910990000    1.322569000   -1.965494000
 249   -0.950000000   -0.903285000    0.270266000
 250   27.648200000    1.776539000    1.570770000
 251    1.493430000   -0.184717900    0.735621400
 252   14.716630000    0.875269600   -0.383433400
 253   22.830010000    1.836401000   -0.815422700
 254   21.946300000    1.251144000   -0.945903200
 255    0.336475100   -0.591429300    0.918220100
 256   20.077980000    1.937756000   -0.975590400
 257   -0.950000000   -0.464716800   -1.408522000
 258    7.454867000    0.445916000   -1.286630000
 259   -0.719128200   -0.245597200    0.793836600
 260   15.217510000    1.609235000    0.073891230
 261   -0.950000000   -0.980657300    0.572602800
 262    1.712149000    0.237982700    0.082332970
 263    3.007815000   -0.133263900   -1.568857000
 264   15.270230000    1.656595000   -0.182342100
 265    3.468634000    0.158237900   -0.951492400
 266   -0.950000000   -0.619743700   -0.236754600
 267   -0.950000000   -0.466835700    1.385784000
 268   13.784700000    0.947358400   -1.034387000
 269   -0.950000000   -0.796235600   -0.113747300
 270   -0.950000000   -0.872806100   -0.309492800
 271   -0.950000000   -1.447177000    0.373306600
 272    1.928698000    0.116602000   -0.308113400
 273   -0.950000000   -0.938808100   -0.007799017
 274    5.972108000    0.538743600    0.304708800
 275    2.315741000    0.038122010    0.079718230
 276    8.749382000    0.741324200   -0.195970800
 277   12.344590000    1.057801000   -0.094033940
 278    1.168731000   -0.113626400    0.332640600
 279    2.544045000    0.124148800    0.600288200
 280   -0.950000000   -1.329270000   -0.234004000
 281   -0.950000000   -0.948831200    0.025136810
 282    0.503277000    0.008655321    0.477058200
 283    6.183171000    0.374828200   -0.341439700
 284    9.087984000    0.648101000    0.532212500
 285   16.672780000    1.311062000   -0.845277400
 286   15.992150000    1.352788000    1.114502000
 287   10.973250000    0.767379000   -0.817099800
 288    5.144842000    0.726969400    0.468109100
 289   -0.950000000   -0.170042800   -0.009840150
 290   -0.950000000   -0.154752600    0.385264900
 291   -0.950000000   -1.758313000   -1.218722000
 292   -0.950000000   -1.425631000   -0.983685100
 293   -0.950000000   -1.949721000    0.294623100
 294   -0.950000000   -1.579288000    0.535480700
 295    5.123464000    0.171071200   -1.947759000
 296   -0.950000000   -0.970469800    0.784570500
 297   10.810250000    0.746714400    0.875049900
 298    7.099384000    0.692819700    0.197870900
 299   -0.950000000   -0.597189600    0.047727540
 300   12.472620000    1.327766000    0.334371500
 301    9.972040000    0.617958800    0.102353900
 302   10.101550000    0.949010000    0.519101200
 303    3.629891000   -0.152295500   -0.263004700
 304   13.752010000    1.039258000    0.255786900
 305   22.662610000    1.635994000    1.256421000
 306   -0.950000000   -1.846024000   -0.893412800
 307   10.059960000    0.614215200    0.303637300
 308   12.834160000    1.150878000    0.335785000
 309   24.825840000    1.596171000   -0.258550100
 310   -0.950000000   -1.069504000    0.611120200
 311    8.995973000    0.700605400    1.365794000
 312    1.153779000   -0.120502600    1.438362000
 313   -0.950000000   -1.331499000    0.011687140
 314   -0.950000000   -1.115097000   -0.727421000
 315   -0.950000000   -1.239308000    1.244735000
 316   -0.950000000   -1.082306000    1.021844000
 317   -0.950000000   -0.090649710    0.884442400
 318   -0.950000000   -0.517946700   -0.651128300
 319   13.728910000    1.447678000   -1.587145000
 320   -0.863617200   -0.064715020   -0.474625100
 321   -0.950000000   -1.821289000    0.511413300
 322    0.384582700    0.173376000    1.160170000
 323   19.172390000    1.873447000    0.485591800
 324   -0.950000000    0.050486440   -0.736563100
 325   -0.950000000   -1.850293000   -0.712114400
 326   -0.950000000   -0.407026400    0.873973300
 327   -0.241081700    0.101213700    0.054759110
 328    4.390670000    0.546395100    0.118331800
 329   -0.950000000    0.042149980   -0.438817800
 330   -0.950000000   -0.081842440   -0.849790000
 331    1.159931000    0.160554600    0.458110900
 332   -0.950000000   -0.338569700   -0.648431900
 333   -0.950000000   -0.697444700   -0.065058750
 334   -0.950000000   -0.596320600   -0.068386950
 335    7.827527000    1.205393000   -0.286714200
 336   -0.950000000   -0.737317100   -0.335993000
 337   11.719310000    0.832039800   -1.099301000
 338   -0.950000000   -1.186107000    0.029398540
 339    5.456145000    0.414829400   -0.001530565
 340    1.324499000    0.444382300    1.750969000
 341   -0.950000000   -0.130802100   -0.654872100
 342    5.692727000    0.398627900   -0.811767900
 343    5.853361000    0.409344900    0.321675300
 344   -0.950000000   -0.428025500   -1.386779000
 345   10.171860000    1.154785000    0.745210100
 346    4.155981000    0.098737010    0.675377600
 347   12.517410000    0.955949000    1.247609000
 348   30.847800000    1.776076000   -1.559230000
 349    0.817963800   -0.289898100    0.411661200
 350   13.231280000    0.521294400    1.684580000
 351   -0.950000000   -1.130347000    1.296451000
 352   -0.950000000   -1.145706000    0.025340810
 353   -0.950000000   -1.281297000   -0.415454300
 354    8.991289000    0.242548900   -0.913360900
 355   -0.950000000   -0.973397400    0.238744800
 356   13.445020000    1.192699000    0.695846700
 357    8.788495000    0.519059800   -0.804380500
 358   32.665950000    1.938134000   -1.041341000
 359   10.705890000    0.537896100    0.782347300
 360   15.433910000    1.016659000    0.192134500
 361   10.768510000    1.137767000    0.678501400
 362   -0.950000000   -0.507124700    0.933331200
 363    1.227610000   -0.217143100    0.652317200
 364   11.023890000    0.813071200   -0.698838400
 365   -0.950000000   -0.447496800    0.227450300
 366    1.913063000    0.449935400    0.498237000
 367   16.554040000    1.936949000    0.438921500
 368   10.355440000    0.755968600   -0.082226450
 369   -0.950000000   -1.173098000   -1.322126000
 370    0.864100000   -0.026654400    1.318443000
 371   12.268780000    1.033567000   -0.206665500
 372   -0.950000000   -1.104891000   -0.353829300
 373    5.150850000    0.320488800    0.568289200
 374   -0.950000000   -1.524535000   -0.527258100
 375    2.002085000    0.074028950    0.566938400
 376   -0.950000000   -1.915780000   -0.231856200
 377    5.310065000    0.498554000    0.156142500
 378    6.088958000    0.381879300   -1.174513000
 379    5.734913000    0.777454500    0.439110100
 380   -0.950000000   -1.531766000   -0.662890600
 381   -0.950000000   -1.428213000   -0.109229100
 382   -0.950000000   -0.119457400    0.758087400
 383    7.045651000    1.019506000    0.952816000
 384   -0.950000000   -0.372983700   -0.755842300
 385   -0.950000000   -0.930758700    0.828121600
 386   -0.950000000   -0.097132150   -0.369683600
 387    6.628524000    0.866424100    0.283693100
 388   -0.950000000   -1.234792000    0.567514700
 389   -0.950000000   -0.876707300   -0.443048900
 390    2.553104000    0.150075600   -1.039536000
 391    8.091554000    1.276393000    1.896043000
 392   -0.950000000    0.123752600    1.180136000
 393   -0.950000000   -0.751781500    0.335840800
 394   -0.950000000   -1.235646000    0.016006570
 395   -0.950000000   -0.399885400   -0.773876600
 396   -0.950000000   -1.625534000    0.964603700
 397   -0.950000000   -0.071477670   -0.896118500
 398   -0.950000000   -0.524645500   -0.232250300
 399   -0.950000000   -1.538967000   -0.518105000
 400   -0.950000000   -1.069385000   -0.312060600
 401   -0.950000000   -0.925774800   -0.829187900
 402   -0.950000000    0.095457370    0.403306000
 403   14.319900000    1.546255000   -1.023973000
 404   -0.950000000   -0.665538100   -0.367989800
 405    1.105032000    0.136015500   -0.465133600
 406    0.913423800    0.176659200   -0.148673500
 407   -0.950000000   -0.690770300    1.117378000
 408    9.491860000    0.811276800   -1.574774000
 409    8.657959000    0.579547500   -1.684454000
 410   -0.950000000   -1.060799000   -0.470844100
 411   22.629670000    1.954652000   -0.391895700
 412    2.221045000    0.609858400    0.753472700
 413   -0.950000000   -0.381407000    0.407987000
 414   -0.950000000   -1.000371000   -1.210492000
 415   11.481420000    0.867502600   -1.321916000
 416   -0.950000000   -0.214515600   -1.523778000
 417   -0.950000000    0.330436100    1.796891000
 418    8.802818000    0.748977900   -0.421716000
 419   -0.950000000   -0.298502500    0.746065900
 420   -0.950000000   -0.164827100   -0.317892900
 421   -0.950000000   -1.060052000    0.214174200
 422   -0.950000000    0.298112100    0.499444600
 423   -0.950000000   -1.658603000   -1.672829000
 424    1.556896000    0.643345500   -0.394878800
 425   -0.950000000   -1.161373000   -1.374388000
 426    5.533619000    0.894426000    0.172418600
 427   -0.950000000   -1.582676000    0.172051900
 428   -0.950000000    0.040446600   -0.600909200
 429    9.051602000    1.049091000    0.749127700
 430   -0.950000000   -0.084045350    0.181174500
 431   -0.950000000   -0.400342900   -1.181350000
 432   -0.950000000   -1.546688000   -1.478468000
 433   -0.950000000   -0.780541600   -0.506426900
 434    4.516165000    0.952929500    0.700147700
 435   -0.950000000   -0.590561500    1.125790000
 436   13.060290000    0.704752300   -0.297136400
 437   -0.950000000   -0.622590600    1.491677000
 438   14.346690000    1.266953000    0.567458000
 439   10.623770000    1.253218000    1.405138000
 440    9.250333000    0.139041300   -1.727588000
 441   -0.950000000   -1.390274000    0.000309215
 442    1.035323000   -0.474596800    1.970577000
 443    4.215982000   -0.246096400   -1.167777000
 444    8.148689000    0.767028800    0.754736500
 445   -0.950000000   -0.345942200    1.115376000
 446   -0.941963000   -0.421125400   -0.189499600
 447   -0.950000000   -1.141506000    1.086706000
 448    8.449874000    0.509262300   -0.094944510
 449   16.457480000    0.953070100   -0.774848500
 450   -0.950000000   -1.144063000    0.022274950
 451   21.511930000    1.754455000   -0.974099800
 452   -0.297458800    0.113050800    1.075024000
 453    8.922668000    0.373832800   -1.637805000
 454   -0.950000000    0.099249850    1.646186000
 455    9.032492000    0.941035900    1.325636000
 456    0.536501900   -0.111396700   -0.335315100
 457   -0.950000000   -1.169344000    0.404716000
 458   -0.950000000   -0.646920400   -1.167196000
 459   -0.950000000   -1.281178000    0.316914300
 460   12.913330000    1.233705000   -1.059044000
 461   -0.950000000   -0.351990300    1.076441000
 462    5.132676000    0.354536900   -0.309167800
 463   -0.950000000   -1.131319000   -1.443390000
 464   -0.950000000   -0.445721700   -0.402654000
 465    6.382562000    0.714628300    0.391505900
 466   -0.950000000   -1.723829000    0.275260600
 467    0.839222500   -0.301127500   -1.477698000
 468   -0.950000000   -1.192480000    1.990088000
 469    6.435180000    0.536261300    0.567713600
 470   -0.950000000   -1.143639000   -1.174926000
 471   -0.950000000   -0.803919600   -1.499890000
 472   -0.950000000   -0.780783500    1.251029000
 473    2.931080000    0.199840500   -0.292423700
 474   -0.950000000   -0.894678000    0.755984200
 475    6.865443000    0.546991500   -0.348309400
 476   12.833030000    1.203889000    0.485606400
 477   -0.950000000   -0.714881200    1.060263000
 478    4.909429000    0.856185100    0.187791500
 479   -0.950000000   -0.241806600    0.429298200
 480   16.132340000    1.857997000    0.047714710
 481   17.764250000    1.659591000   -1.444177000
 482   -0.110527600    0.119895900   -0.408631100
 483   -0.950000000   -0.589615800   -0.084654490
 484   -0.950000000   -1.264836000   -0.077070920
 485    2.911832000    0.125698000   -1.417254000
 486   -0.950000000   -1.901408000   -0.619786400
 487    4.068734000    0.585829500    1.531506000
 488   10.195870000    1.947864000    1.273688000
 489   -0.950000000   -0.978042500   -0.634352600
 490    6.903072000    1.040354000    0.253350300
 491   -0.950000000    0.338974200    1.586182000
 492   -0.950000000   -0.817004400    0.232505200
 493   -0.950000000   -0.527353900   -0.955583500
 494   -0.950000000   -0.216078700   -0.001330665
 495   13.722960000    1.255106000   -1.515358000
 496   13.103820000    1.345278000   -0.291113700
 497    6.203335000    1.032686000    0.591888400
 498   -0.950000000   -1.349730000   -0.704718300
 499   -0.568259700   -0.095012030   -0.417322500
 500   -0.950000000   -0.763924100   -0.871855200
 501   -0.950000000   -0.148150700    1.059173000
 502   -0.950000000   -0.199999300   -0.268999000
 503    4.704781000    1.108661000    1.179971000
 504   -0.950000000   -0.125370500   -0.254931700
 505    2.158690000   -0.022450230   -1.386119000
 506    2.514868000    0.099440080   -0.576136100
 507    4.055184000    0.483739700   -0.150189300
 508    6.659329000    1.480352000    0.363103700
 509    0.237268000    0.123085900   -0.519936400
 510    1.530876000   -0.003674717   -1.535948000
 511    9.342958000    0.954302800   -1.208588000
 512   -0.950000000   -1.487998000   -0.061504740
 513   -0.950000000   -1.232626000   -1.434459000
 514   -0.950000000   -1.209007000   -0.260217900
 515   -0.950000000    0.134262200    0.456285100
 516    7.693900000    0.945866900    0.345999800
 517    2.554319000    0.464120800    1.344411000
 518   -0.950000000   -0.164717200   -0.266511600
 519    3.528052000    0.283138600   -0.546679800
 520   -0.950000000    0.087562930    0.727145000
 521    2.338566000    0.465330400    1.132101000
 522   -0.950000000   -1.114204000   -1.095991000
 523   -0.950000000   -0.305828000   -0.987207600
 524   -0.950000000   -0.554941700    0.670411600
 525    3.260848000    0.417995700    0.292743300
 526    1.534012000    0.450349300    0.450995800
 527   -0.950000000   -1.596006000    0.972629700
 528    3.196894000    0.834865100    0.961416700
 529   -0.950000000   -0.446662300    0.212751900
 530   -0.950000000   -0.425242200   -0.375818700
 531   -0.950000000   -0.070977000   -0.646747500
 532   -0.950000000   -0.179356900   -0.601878500
 533   -0.950000000   -0.677023300   -0.082300220
 534   -0.950000000   -0.895006200   -0.288777200
 535    7.658928000    0.827151500    0.016986880
 536   -0.950000000   -0.793151100   -0.083987080
 537   -0.950000000   -0.522964000   -0.893439000
 538    0.463356700    0.148925300   -0.620999700
 539   -0.950000000   -1.051597000   -0.128180900
 540    3.972648000    0.692798900   -0.904388700
 541    6.351476000    0.531907900    1.168042000
 542   -0.950000000   -0.390667800    0.724251500
 543   -0.950000000   -1.795424000    0.283695800
 544   11.741480000    1.100174000   -0.786723700
 545    4.921509000    0.312283300    0.480561100
 546    3.239393000    0.071601000   -1.157631000
 547   11.334420000    1.257612000   -0.033886160
 548    6.828339000    0.753983800   -0.338320700
 549   -0.950000000   -0.301825000   -0.511776600
 550    9.927341000    0.821232800   -0.213967200
 551   32.011160000    1.776403000   -1.664254000
 552   -0.950000000   -0.701993000    0.788303700
 553    7.024471000    0.695679400   -0.364402000
 554   -0.950000000   -1.022774000   -0.962709900
 555   11.489290000    1.367586000    0.055591390
 556    6.161331000    0.267239700   -0.735783700
 557   -0.950000000   -0.741129200    1.479889000
 558   -0.950000000   -0.996482100    1.001892000
 559   -0.950000000   -1.684584000   -0.054718390
 560   24.004070000    1.791840000    0.905081400
 561    6.845727000    0.273096800   -1.109217000
 562    6.307031000    0.159317700   -1.346139000
 563   -0.950000000   -1.173578000   -0.121920000
 564    2.975120000   -0.039050210   -0.436524600
 565    3.207963000    0.104825300   -1.492504000
 566   -0.013104720   -0.010936370    1.715715000
 567   10.516770000    0.644639900    0.472784600
 568   -0.950000000   -0.296642100    0.732236200
 569   -0.950000000   -0.850402500    0.982215200
 570   13.484880000    1.054708000    0.592600400
 571    6.992656000    0.490818400   -0.812980600
 572    5.358989000    0.370532000   -0.468626100
 573    6.284523000    0.431033500    0.681484100
 574    3.991617000    0.408806100    0.006817149
 575    8.604736000    0.495150800   -0.325100800
 576   22.192490000    1.961339000   -0.993455000
 577   -0.950000000   -1.134377000    0.478197300
 578   -0.950000000   -1.450703000    0.639074700
 579   22.784360000    1.657653000   -0.634359200
 580   14.600200000    1.375057000   -0.508577800
 581    3.585089000    0.202399200    0.580321800
 582   12.581760000    1.050170000    0.088240120
 583    5.235489000    0.103868200   -1.910029000
 584    8.135908000    0.454431500   -0.814103900
 585   -0.950000000   -1.598735000    1.093864000
 586   -0.950000000   -0.890932500    0.225380400
 587   18.765910000    0.975480800   -0.355445200
 588   15.119840000    0.924131000   -0.687707300
 589   18.353440000    1.449915000    1.534015000
 590   -0.950000000   -0.929074500    0.497640100
 591   -0.950000000   -0.580119300    1.029989000
 592   15.504930000    1.290458000    0.440630500
 593    9.390491000    0.491564400    0.257069300
 594   16.001200000    0.471966100   -1.471716000
 595    4.299978000   -0.122472700   -0.355015000
 596   -0.950000000   -0.594089100    0.735360500
 597   -0.889871800   -0.429401800    0.273963300
 598   10.078310000    0.909796300    0.728509100
 599    3.328843000   -0.291233100   -0.293863600
 600    9.084903000    0.400489000    1.710801000
 601   -0.950000000   -1.324542000   -1.420011000
 602   -0.094186410    0.246053700   -1.145148000
 603   -0.950000000   -1.350352000    0.876130000
 604   -0.950000000    0.165715900   -0.422616800
 605   -0.950000000   -0.497472400    1.065227000
 606   -0.950000000   -0.455785800   -0.303423100
 607   -0.950000000    0.453904800    1.067239000
 608   -0.950000000   -0.679565900   -1.196729000
 609   -0.950000000   -1.762217000   -0.005690788
 610   -0.950000000   -0.386349900   -0.162802200
 611    7.401357000    0.945663600    0.800244300
 612   -0.950000000    0.110468000   -0.327777000
 613   -0.950000000   -0.704278100    0.470959600
 614   -0.950000000   -0.887207600   -1.090140000
 615   -0.950000000   -0.955256500    1.368601000
 616    7.660759000    0.683962900   -0.039733170
 617   -0.950000000   -0.301552400   -0.183470200
 618    9.966124000    0.917758000    1.285414000
 619    7.827048000    0.889463200   -1.022825000
 620   -0.950000000    0.115100600    0.752751000
 621    3.423808000    0.009304662   -1.420330000
 622    5.168929000    0.194780700   -1.782931000
 623   -0.950000000   -1.284094000   -1.891034000
 624   -0.950000000    0.400616200    1.443714000
 625    7.620470000    0.890895800    0.000361738
 626    3.001809000    0.314370300   -0.902806100
 627   -0.950000000    0.352742300    1.510541000
 628   -0.950000000   -0.845841000   -1.221587000
 629    4.490256000    0.423612500   -0.128907100
 630   -0.950000000   -0.204252300    0.407454600
 631   -0.950000000   -0.628186400   -1.938448000
 632    7.940433000    0.289875600   -0.674090100
 633    5.063324000    0.337131600    0.376061900
 634    4.778613000    0.141964500    0.729249200
 635    1.268828000    0.112071500    0.611156500
 636   27.316660000    1.821132000   -0.917217600
 637    3.230168000    0.445751500    0.910547500
 638   -0.950000000   -0.495449000    0.748224100
 639   16.762690000    1.087114000    1.050603000
 640    9.361791000    0.736956000   -0.301764500
 641   -0.950000000   -0.856138400   -0.217633600
 642    3.175240000    0.135632800    0.680672900
 643   -0.950000000   -0.617167800   -1.453562000
 644   -0.950000000   -0.450560400   -0.327406500
 645   -0.950000000   -0.471652100    0.399503900
 646   -0.950000000   -1.009946000   -1.932036000
 647    3.801676000    0.569723000    0.158972100
 648   -0.950000000   -0.262656600    0.266495000
 649    0.330188400    0.230389100   -0.439611000
 650   -0.950000000    0.014565630    0.318698800
 651   -0.950000000   -1.088962000   -0.539548700
 652   16.608560000    1.429977000   -0.880435400
 653   -0.950000000   -0.028662680    0.620718600
 654    3.516749000    0.689634800   -0.576964000
 655    0.375488200    0.025771500   -0.814013500
 656   12.589980000    1.835153000   -1.519821000
 657    9.763908000    1.425643000    1.371543000
 658   -0.950000000   -0.687559600   -0.832589100
 659   -0.950000000   -1.846777000   -0.052132840
 660   -0.950000000   -0.402404400   -1.121367000
 661    7.916593000    0.913823100    0.911643600
 662    7.785185000    0.142498100   -1.154443000
 663    5.435388000   -0.192340500   -1.162513000
 664   -0.950000000   -0.785136900    0.052964940
 665   10.376290000    0.750893900   -0.517835100
 666    8.982900000    0.279094300   -0.714232800
 667    5.256414000    0.562156400    0.611836000
 668   12.060870000    0.993061100   -0.336978600
 669   -0.950000000   -0.219146100    1.408722000
 670   16.754180000    1.212355000   -1.092888000
 671    7.307578000    0.534006700    0.671634900
 672    1.219000000   -0.254724400    0.469601900
 673    8.434115000    0.648874000   -0.008656811
 674   -0.950000000   -0.420999800    0.527425400
 675   -0.950000000   -0.860543600   -0.216777100
 676   -0.950000000   -1.066219000   -0.255677400
 677   -0.950000000   -1.038130000   -0.185517900
 678   -0.950000000   -1.750239000    1.578671000
 679   11.062890000    0.752019900   -1.327719000
 680    4.984212000    0.324330300    0.487643100
 681    9.272379000    0.474784000   -1.076630000
 682    0.589986000    0.059960980    0.751581100
 683    4.759889000    0.047536870   -0.660941600
 684    8.886500000    0.679290800    0.091806990
 685   -0.950000000   -0.996660800    1.777305000
 686    3.692083000    0.728281600    1.089158000
 687   -0.950000000   -0.587480400    1.338372000
 688    4.848301000    0.277809500   -0.427873600
 689    9.061440000    0.557355500   -0.967192200
 690   -0.376158200   -0.295653300   -0.059222990
 691    4.823024000   -0.089443640   -0.648770800
 692    4.932853000    0.088755330    0.546438300
 693   -0.950000000   -1.578439000   -0.329613400
 694   11.190420000    0.846253800    0.984089200
 695   -0.950000000   -1.893950000   -1.245603000
 696    6.559074000   -0.154809400   -1.180235000
 697   35.844250000    1.712555000    1.924154000
 698   17.891980000    0.914401500   -0.775577800
 699    7.328596000    0.128810900    0.225093900
 700    1.903467000    0.208489100    1.542410000
 701    3.077469000    0.584617600    1.355959000
 702   22.515730000    1.779713000    0.605604000
 703   19.722120000    1.346651000    0.427676800
 704    1.931873000   -0.309880800    0.168028900
 705   -0.950000000   -0.519028700    1.212922000
 706   12.742120000    1.605134000    1.448359000
 707    3.326926000    0.296980800   -1.173262000
 708    7.708451000    0.957600800   -0.532526000
 709   20.659050000    1.721553000   -1.038342000
 710   -0.950000000   -1.630013000   -0.255203900
 711    9.916664000    1.203929000    0.150577200
 712    3.460993000    0.221238900   -0.881016200
 713   -0.950000000   -0.591230400   -0.887773400
 714   -0.950000000   -1.111035000    0.127221700
 715    1.002185000    0.072129130   -0.696567500
 716   -0.950000000   -1.012330000   -0.224897800
 717   -0.016851710    0.038086730    0.218432300
 718   -0.950000000    0.051165530   -0.012919830
 719   10.512470000    0.777485400   -1.156717000
 720    4.101196000    0.598142300   -0.562952100
 721   -0.950000000   -0.411078400    0.284980100
 722    5.967906000    0.800117900   -0.469867800
 723    5.226243000    0.741010100    0.612900300
 724   -0.950000000   -0.358722200   -1.534615000
 725    9.114032000    0.726604500   -1.227903000
 726    5.149686000    0.629937600    0.827351000
 727   -0.950000000   -0.801149000   -0.824048300
 728   -0.950000000   -1.212188000    0.786931100
 729   -0.950000000   -0.408651700    1.232309000
 730    1.017116000    0.736180100    0.934043000
 731   -0.950000000   -0.201666300   -0.771886300
 732   -0.950000000   -0.888314700   -1.169564000
 733    2.863613000    0.126042500   -0.546754500
 734    4.741677000    0.382841200    0.292200800
 735   -0.950000000    0.059295910    1.843949000
 736    1.518773000    0.166377500    1.103842000
 737    3.813620000    0.323355300    0.700475900
 738    9.234837000    0.829681000   -0.621366300
 739   -0.950000000   -1.812137000   -0.990249000
 740   -0.950000000   -0.455133200    0.445072500
 741    8.252384000    0.837241200    0.530203600
 742    7.135172000    0.880370500    0.249554500
 743    2.345463000    0.322041100    0.129188800
 744    9.470347000    1.390787000    1.002368000
 745   -0.950000000   -0.687977200   -1.668918000
 746   -0.950000000   -1.792311000    0.143041000
 747   -0.950000000   -0.689468200   -0.117316900
 748    2.895626000    0.176216300   -0.357647500
 749   -0.136420600   -0.095696060   -0.855846200
 750   17.454460000    1.556578000   -0.574052200
 751   -0.950000000   -1.288247000    0.019072490
 752    7.338555000    0.447011100   -0.503475000
 753    1.956125000   -0.019939900   -0.190579900
 754   -0.950000000   -1.098279000    0.811047700
 755   -0.950000000   -0.662784200   -0.977989700
 756    6.300751000    0.609727500   -0.072354770
 757   -0.950000000   -0.986464800    0.931560300
 758   -0.950000000   -1.487387000   -0.447709500
 759    3.772675000    0.743925200    1.315818000
 760    8.655652000    0.438497800   -1.065902000
 761   10.793500000    0.869967100    1.575678000
 762    3.312895000    0.144616200    0.217568400
 763   -0.950000000   -0.356573700    1.202090000
 764   -0.950000000   -1.538191000   -0.961813200
 765   -0.950000000    0.206513100    1.726217000
 766   -0.950000000   -0.879734500   -0.368418500
 767   -0.950000000   -0.465991800    1.256040000
 768    6.085728000    0.551722300   -0.440313500
 769   -0.950000000   -0.811128200   -0.874911800
 770   22.623180000    1.407647000    1.493308000
 771   -0.950000000   -0.370897800   -0.435103200
 772   -0.810083400   -0.027618080    0.429436700
 773   -0.950000000   -0.582044000    0.388754900
 774    0.474787700   -0.201134800   -1.365209000
 775   10.129540000    0.800822000   -1.572367000
 776   -0.950000000   -0.494144000    0.853313800
 777    6.348489000    0.493931500   -0.599636500
 778   -0.950000000   -1.266025000   -0.986617500
 779    1.161878000   -0.007240575   -0.459216400
 780   -0.950000000    0.396947600    1.601532000
 781   14.733690000    1.583439000   -0.025042960
 782    3.977914000    0.259012600   -0.560498900
 783   -0.950000000   -0.868659000   -1.258254000
 784   -0.950000000   -1.509530000    1.185470000
 785    0.359302300    0.127310700   -0.138130500
 786    6.828925000    0.727453300    0.146960500
 787    6.777207000    0.495526300   -1.395673000
 788   11.859580000    1.226265000   -0.165169100
 789    6.173152000    0.708251000    0.172965400
 790    2.458108000    0.482051900    0.025753360
 791    6.174331000    0.899905800    1.037138000
 792   -0.950000000   -0.091882380    0.525892500
 793   -0.950000000   -0.442747300    0.285787500
 794   -0.950000000   -0.684880600   -0.556150100
 795   -0.950000000   -0.403615500   -0.487748600
 796    6.626595000    0.354144600   -0.131976300
 797    8.244383000    0.616636200   -0.380841500
 798   16.021290000    1.397192000    0.311615800
 799    2.433574000    0.072812820   -0.281144100
 800    2.659277000   -0.233507500   -1.244763000
 801   -0.950000000   -0.384537600   -1.611004000
 802   -0.950000000   -0.316931900   -0.127642800
 803   -0.115782600   -0.301255300   -0.306971400
 804    4.880982000    0.133833200   -1.777627000
 805   -0.950000000   -0.921778400    1.827076000
 806   10.731630000    0.953710600    1.961818000
 807   13.165970000    1.452619000    1.699208000
 808   -0.950000000   -0.877935600   -0.847962700
 809   -0.950000000   -0.835712600    0.534344700
 810    9.161799000    0.830983800    0.124779400
 811   -0.950000000   -1.072016000    0.488768300
 812    5.718165000    0.607127400    0.175310300
 813   -0.950000000   -0.703054500    0.424702200
 814   -0.950000000   -1.366890000    0.044450560
 815    7.933468000    0.627806400   -1.201039000
 816    9.831838000    0.825586800    0.055513210
 817   10.826490000    0.738055500   -1.266200000
 818   -0.950000000   -0.563268500    1.144013000
 819   15.915330000    1.630395000    0.818105800
 820   -0.950000000   -1.091092000    0.129132700
 821   -0.950000000   -0.734979600    1.190227000
 822   -0.950000000   -0.737506600    1.029772000
 823    7.479827000    1.001782000    1.221872000
 824   -0.950000000   -0.926923300   -0.427448500
 825   -0.950000000   -0.577583900   -0.822466800
 826   -0.950000000   -1.845733000    0.360765000
 827   -0.950000000   -0.246474600   -0.748358100
 828    6.376602000    0.671301200    0.157404100
 829    7.541833000    0.798015000    1.589132000
 830    2.228911000    0.068446680   -0.267675100
 831   -0.950000000   -0.945229500   -0.569542600
 832    1.718962000   -0.171825400   -0.019794050
 833   -0.476654000   -0.024014140   -0.216938800
 834    2.815236000    0.255812100   -0.220876300
 835    6.522239000    0.883307400   -0.881478300
 836   -0.950000000   -1.865955000    0.724710600
 837    8.419282000    0.679114900   -0.585971900
 838   14.168330000    1.529452000   -0.121681400
 839   -0.950000000   -0.912848800    0.715122900
 840   -0.950000000   -0.663029100    0.117119200
 841    2.813948000   -0.097052370   -0.641492600
 842    9.189154000    0.541190200   -0.804685200
 843    4.386526000    0.386538700   -0.173110300
 844   -0.950000000   -0.315251800    1.760258000
 845   11.986710000    0.750093300   -0.138462100
 846    9.623285000    0.787182300   -0.285236100
 847    4.399207000   -0.183594400   -1.338527000
 848   10.275420000    0.771260100   -0.434921200
 849   14.315170000    1.003791000    0.201147100
 850    5.081896000    0.279942300    0.910509200
 851   -0.950000000   -0.745187600   -0.618562600
 852   -0.950000000   -1.045351000    1.324837000
 853    4.758556000    0.518240000    0.447279400
 854    1.502149000   -0.165949100   -0.689396300
 855   27.896420000    1.901662000    0.519826100
 856   14.111160000    1.034169000   -1.735977000
 857    1.347658000    0.027439030    0.932734300
 858    6.524345000    0.325825600   -1.822449000
 859    3.649996000    0.257069500    0.317957200
 860   10.768190000    1.110175000    0.579276100
 861    1.913492000    0.295454800    0.130559000
 862    0.020355810    0.012986490    0.888215900
 863    6.371796000    0.688938800    0.107261600
 864    0.773709200    0.061543010    0.155272900
 865    3.036934000   -0.008065375   -0.723609200
 866    5.317621000    0.596889800    0.129331100
 867   -0.950000000   -0.568935500   -0.251898600
 868   -0.950000000   -1.059678000   -0.521661300
 869    9.308070000    1.124952000   -0.242156600
 870   11.512320000    0.984843400   -0.505143500
 871   -0.950000000   -1.528306000   -1.112418000
 872   -0.950000000   -1.770314000   -0.341664500
 873   -0.950000000   -1.618646000   -0.883366500
 874   -0.950000000    0.243353700   -0.906071100
 875   -0.950000000   -0.368398200   -0.698705400
 876   -0.135283700    0.576665200   -0.594974000
 877   -0.950000000    0.357108700    0.989146500
 878    6.436781000    1.182455000   -1.031502000
 879    5.129050000    0.808612000    1.062182000
 880   -0.950000000   -1.083075000    0.000475007
 881   -0.950000000   -0.431583400    0.078241740
 882    3.997302000    0.782117600   -1.023842000
 883    7.652990000    1.332745000   -0.970995100
 884   -0.950000000   -1.102660000    0.303481000
 885   -0.950000000   -0.492972700   -0.758471000
 886   -0.950000000   -0.031910510    0.193364700
 887   -0.565789400    0.053364940   -0.222979900
 888   -0.950000000   -0.091012680    0.698526900
 889    5.807331000    0.700464600    0.276543500
 890   11.975840000    0.907188000   -1.175344000
 891   -0.950000000   -1.242263000   -1.807474000
 892    1.011151000    0.177021300   -0.376980800
 893   -0.950000000   -0.801791300   -0.830510600
 894    0.482664700   -0.004841577   -0.312429600
 895   -0.950000000   -0.243676100    0.527052200
 896   -0.950000000   -0.162058900    0.472022700
 897    5.401215000    0.780608000    1.033807000
 898   12.851160000    0.659195200    1.419822000
 899    2.973264000    0.059189440   -1.402622000
 900   -0.950000000   -1.008323000   -1.114848000
 901    2.085339000   -0.008320169   -0.527291400
 902    5.433436000    0.305552700    0.155876500
 903    6.841929000    0.405394600   -0.045845270
 904    9.384315000    0.877080900    0.332386200
 905   11.258080000    0.987995200   -0.569024400
 906   -0.950000000   -0.179472200    1.863544000
 907   -0.950000000   -0.653112900    1.491951000
 908   -0.950000000    0.206716100    1.567043000
 909   14.770460000    1.158220000    0.138858900
 910    7.532305000    0.332028200   -0.704376700
 911   -0.950000000   -1.566064000    0.458074000
 912   15.097930000    0.782904800   -1.689214000
 913   16.048420000    1.164561000   -1.520220000
 914    2.038145000    0.097808140    1.127402000
 915   -0.950000000   -0.870596800    0.075204770
 916   -0.950000000   -1.022443000   -1.164921000
 917   -0.361934900    0.318063800    1.751558000
 918   -0.950000000   -1.595441000    0.972486900
 919   11.553030000    1.325776000   -0.318571700
 920    2.429320000    0.358304300    0.789775200
 921   10.044570000    1.035729000    0.231986100
 922   -0.950000000   -0.815721600   -0.839196300
 923   -0.950000000   -0.749895100    0.340348700
 924    2.416477000    0.345933000    1.037363000
 925    5.189168000    0.165544200   -0.893536500
 926   -0.950000000   -1.058183000    1.737131000
 927    0.912681300    0.077138550    0.327394800
 928    4.852375000    0.506704300    1.474419000
 929   -0.483521000   -0.376602100   -0.554999100
 930   -0.950000000   -0.284349600    0.650687400
 931    3.438177000    0.018504710   -1.449191000
 932    2.937792000   -0.044213090   -0.999080800
 933   13.558170000    1.299428000    0.276114000
 934    0.231149600    0.126025500    1.008239000
 935   10.365710000    0.663670400   -0.962061400
 936    2.158274000    0.128062900   -0.409583800
 937   12.284570000    1.057776000   -0.855989800
 938   15.378690000    1.607174000   -0.348300200
 939    9.702047000    0.940904500   -0.041536070
 940    4.205753000    0.720217900    1.168196000
 941   -0.950000000   -0.844649800    0.020004890
 942    2.517720000    0.075991080    0.147070900
 943   -0.950000000   -1.031522000   -1.048060000
 944   -0.950000000   -0.245279200   -0.666663800
 945   -0.950000000   -0.044110640    0.700694800
 946    6.433595000    0.464507300    0.274248200
 947    3.715260000    0.152707900   -0.053410930
 948   13.878120000    0.878124800   -1.140189000
 949    3.866198000    0.243720400    0.572434100
 950   -0.950000000   -1.131194000   -0.197638400
 951   -0.950000000   -1.175067000    0.385686100
 952    7.655412000    0.517447100   -0.301275300
 953   -0.950000000   -0.980404800    0.444564300
 954    7.070212000    0.383592400   -1.047205000
 955   -0.950000000   -0.978324200    1.607412000
 956    2.512367000    0.391445400    0.943844300
 957   -0.950000000   -0.611214200    1.713685000
 958    7.347225000    0.414504300   -0.973704800
 959   -0.950000000   -0.225572800    0.610929900
 960    1.122576000   -0.006907491    1.261394000
 961   -0.950000000   -1.509791000   -1.030750000
 962    9.632500000    0.926888200   -0.601017700
 963   12.607270000    1.046906000    0.863233000
 964   -0.950000000   -0.323181000   -0.061942600
 965   -0.950000000   -0.691025800    0.728471200
 966   -0.950000000   -1.169079000    0.767263100
 967   -0.950000000   -0.614828900    0.584542600
 968   -0.950000000   -0.878130600    0.495021900
 969   15.386230000    1.318299000   -0.082288190
 970   -0.950000000   -1.311736000   -0.424947200
 971   -0.950000000   -0.836943000    0.799509100
 972   -0.950000000   -1.306607000   -1.353375000
 973    5.050996000    0.473905200   -0.345531900
 974    9.969047000    1.497974000    0.340659700
 975    9.390008000    1.129009000    0.804998100
 976   15.842690000    1.610565000    1.160655000
 977    0.606856300    0.108478300   -0.567309100
 978    8.387999000    0.769359400    0.462493200
 979   -0.950000000   -0.254556200    0.763909700
 980   -0.950000000   -0.206959700   -0.647825800
 981   -0.950000000   -0.912614700   -1.615664000
 982   -0.950000000   -0.300153000    1.725229000
 983   -0.950000000   -0.759823100   -0.658946400
 984   -0.950000000   -0.521515500    0.488056000
 985    0.153937000    0.545467000    0.871585800
 986   -0.950000000   -1.179807000   -1.592493000
 987   -0.950000000   -0.081971410    0.208030800
 988   -0.950000000   -0.092405140   -0.309408000
 989   -0.950000000   -1.191974000   -0.918489800
 990   -0.950000000   -0.488532400    0.549554600
 991    8.568880000    0.554883800    0.217290800
 992    7.733800000    0.220188100   -0.852035000
 993    0.859270900    0.075230730    1.179371000
 994   -0.914278600   -0.063515110    0.975320700
 995    3.308321000    0.276423600    0.155427700
 996    7.183512000    0.141205900   -0.974709600
 997   17.292500000    1.193025000   -0.303856100
 998   -0.950000000   -0.938285700   -0.943436100
 999    6.148979000    0.411401400    0.626239400
1000    4.207271000    0.218923500    1.392556000
1001   -0.950000000   -0.090522580    1.930934000
1002   19.134660000    1.546972000    0.332084400
1003    5.638131000    0.006107095   -0.567740400
1004   -0.950000000   -0.932471700    0.019007350
1005   16.597300000    1.344005000   -0.223935100
1006   -0.950000000   -0.460751500    0.656341600
1007   -0.950000000   -0.591956600   -0.646678200
1008    6.438736000    0.610058900    0.049938120
1009   -0.950000000   -0.679311300   -0.384671700
1010   -0.950000000   -0.391322200   -0.456952500
1011   12.663670000    0.990119700   -0.061552420
1012    3.549768000    0.122253400   -0.866645400
1013   -0.950000000   -0.254128200    0.322281600
1014   -0.950000000   -1.846493000    0.138475000
1015   10.612910000    1.035544000   -0.441994200
1016    6.222310000    0.622244300   -0.011021460
1017   12.367050000    1.390732000    1.594950000
1018    1.278199000    0.125893200    0.060974360
1019    2.420074000    0.074754000   -1.009813000
1020   14.065760000    1.331490000   -1.055884000
1021   18.836380000    1.669768000    0.124782000
1022   17.616480000    1.004585000   -1.857934000
1023   -0.950000000   -0.037755030    0.780503300
1024    0.441407800   -0.126165800    0.234539800
1025   -0.561199900   -0.135080200    0.246877100
1026    0.366289800   -0.200600800   -0.426529800
1027    0.571576200    0.194911200    0.696729800
1028   10.291410000    0.738663600   -0.239161300
1029    5.163022000    0.042078610   -0.821948900
1030   -0.950000000   -0.461819300   -0.317180900
1031    1.143870000   -0.304060700   -1.140284000
1032   -0.008444465   -0.234180500   -0.519857800
1033   16.000560000    1.302602000   -0.362815300
1034    7.509515000    1.062933000    0.665276100
1035    0.164675200   -0.182846000   -0.713886400
1036   10.585070000    0.478262400   -0.300142200
1037   -0.950000000   -1.709051000    0.465485700
1038   16.756130000    1.070592000   -1.064399000
1039   24.902560000    1.455839000   -0.618121000
1040   -0.950000000   -0.755352200    0.482889300
1041    8.529240000    0.769945800    0.184980900
1042    7.596824000    0.546638000    0.619479800
1043   19.921490000    1.226482000    1.136191000
1044    4.446212000   -0.087098360   -0.509000000
1045   10.079460000    0.560886200   -0.400118700
1046    8.280143000    0.382783900    0.678686900
1047   -0.950000000   -0.539629900    1.284561000
1048    7.029602000    0.179916100   -1.136017000
1049   23.234590000    1.456643000    0.890639400
1050   12.468010000    0.991620200    0.201384900
1051   -0.400001400   -0.268263700   -0.551456000
1052   20.454760000    1.444104000   -0.622461300
1053   -0.950000000   -1.131207000    1.129683000
1054    2.809321000    0.139339600   -0.249214200
1055   -0.950000000   -0.461704700   -0.493779100
1056   -0.950000000   -0.422418900    0.714718100
1057   14.852900000    1.240878000   -0.569488600
1058   -0.950000000   -0.501614300    0.131579700
1059    4.968794000    0.541487400    0.867895100
1060   -0.950000000   -0.747075400    0.284498700
1061   10.635760000    0.695664500   -0.310126200
1062   -0.950000000   -1.583571000    1.925634000
1063   -0.950000000   -0.352587800    0.925829100
1064    9.286054000    0.683015400   -0.884438300
1065   -0.950000000   -0.825039900   -0.643580900
1066   -0.950000000   -0.275672700    0.327730500
1067    3.414418000   -0.001505972   -0.764118900
1068   -0.950000000   -0.430652900   -0.120619500
1069   23.564070000    1.724183000    0.435297400
1070    5.243552000    0.278460800   -0.039879500
1071   13.009130000    0.837009200   -1.334985000
1072   24.100080000    1.966150000   -1.493388000
1073    7.243921000    0.477201600   -0.409560800
1074   11.253160000    0.978340800   -0.379319200
1075    6.733763000    0.617714300   -0.035413370
1076    5.404846000    0.320675900    0.917693600
1077   -0.950000000   -0.487328000   -1.190437000
1078   -0.950000000   -0.163438400    0.685775700
1079   -0.950000000   -0.822294900   -1.357186000
1080    4.722075000    0.357809300    1.686869000
1081   -0.950000000   -0.770082900    0.065064720
1082   -0.950000000   -1.458736000   -0.488540000
1083    6.285044000    0.708963600    0.381226100
1084    1.499915000    0.149471900    0.152760400
1085   -0.950000000   -1.990895000    0.788534500
1086   -0.950000000   -0.358632500    0.203831000
1087   -0.950000000   -1.156445000    0.750978100
1088   -0.950000000   -1.590241000    1.035979000
1089   -0.950000000   -1.841129000    1.411539000
1090   -0.950000000   -1.115721000    0.612734200
1091   -0.950000000   -0.360168400    1.039079000
1092   -0.950000000   -0.235532800    0.351763900
1093    9.977540000    0.618191800   -1.295551000
1094    7.265550000    1.341985000    0.973353700
1095   16.758250000    1.868525000    0.377223500
1096    2.875271000    0.203573700   -0.051863430
1097    2.266410000    0.300606500    0.186581500
1098    3.972540000    0.213354400   -0.915811100
1099   12.693330000    1.281025000   -0.950771900
1100   13.746220000    1.071517000    1.114365000
1101   13.905130000    1.465164000   -0.465321000
1102    8.457052000    1.113110000    0.001321212
1103   -0.950000000   -1.073519000    0.845256500
1104   -0.950000000   -0.872653800   -0.049473780
1105   -0.950000000    0.244771300    0.312006300
1106    5.103909000    0.166935800   -1.189525000
1107   11.136210000    0.693335300   -1.486190000
1108   -0.457543300   -0.156144200   -1.293920000
1109    2.050311000    0.332689700    0.661668500
1110    0.203534900   -0.222231600   -1.042456000
1111   -0.950000000   -0.559459900    1.219372000
1112   -0.950000000   -0.843788400   -0.462623100
1113   10.166400000    0.775267700    0.859638100
1114   15.767160000    0.842367200    0.026710590
1115    5.341100000    0.379582400    1.822522000
1116   -0.950000000   -1.062725000   -0.571096900
1117   -0.950000000   -0.513104000    1.093932000
1118   -0.950000000   -1.284259000   -0.318714100
1119   13.085430000    1.151184000    0.031153850
1120    7.845461000    0.217987100   -0.425753500
1121   13.069010000    1.311882000   -0.104411000
1122   15.373640000    1.156308000   -1.242900000
1123    4.164792000    0.082379770    0.470449900
1124   -0.950000000   -1.154563000    0.488780700
1125   17.796670000    1.450105000   -0.041098810
1126   21.032180000    1.584912000    0.354503200
1127    5.743791000    0.532045400    0.395338400
1128   -0.950000000   -1.284623000    1.122100000
1129    8.641479000    0.686806900    0.397968000
1130   11.501480000    1.192099000    0.134911700
1131   -0.950000000   -0.571735200    1.399854000
1132    1.274951000    0.167631400    1.779946000
1133    3.286055000   -0.072248940   -0.371147800
1134   -0.357386500   -0.250990800   -0.236088600
1135   -0.950000000   -1.086340000    1.047764000
1136   -0.950000000   -0.800957800   -0.501532400
1137   -0.950000000   -0.840125000   -0.983990700
1138    4.130737000    0.286558900    0.330871500
1139    5.615633000    0.179498200   -0.178738500
1140   -0.950000000   -1.328029000    0.156924000
1141   24.077420000    1.813726000    1.792785000
1142   10.785990000    0.390080700   -0.519870600
1143   17.271980000    0.653532000   -1.513366000
1144   21.329810000    1.529001000    0.332099600
1145   14.744000000    0.658722500   -0.560946200
1146   -0.950000000   -1.677029000   -0.447663300
1147   17.512890000    1.389744000   -0.784240700
1148   14.620700000    0.748774200   -0.887862100
1149   15.412340000    1.005151000   -1.485076000
1150   -0.930269900   -0.833981400   -1.629112000
1151   23.118770000    1.663212000    0.413809900
1152   13.732650000    1.219143000    1.404738000
1153   12.300380000    0.549826300   -0.430232800
1154   15.602030000    1.187169000    1.750750000
1155    2.568075000   -0.341309900   -0.403001100
1156   -0.950000000   -1.496144000   -1.380626000
1157    8.664661000    1.126801000   -0.716114700
1158    2.925265000    0.457284200   -0.681688400
1159    5.467498000    0.853174100   -0.105103500
1160   10.794030000    0.991173300    0.478083900
1161    4.274674000    0.294859500   -1.146587000
1162   -0.950000000   -1.645067000   -0.143943900
1163   -0.950000000   -0.046175540   -0.392025000
1164   -0.950000000   -1.607748000   -0.656989700
1165   -0.950000000   -0.954064600    1.179181000
1166   -0.950000000   -0.436798100    0.007187645
1167    9.307245000    0.843736700   -0.867700600
1168   -0.950000000   -0.117966900   -0.178864200
1169    8.855483000    1.131348000    0.837827500
1170    8.384120000    1.086757000    0.487410600
1171    3.800465000   -0.066731720   -1.137529000
1172    0.455365400   -0.273931500   -0.324917200
1173   10.205480000    0.813025200   -0.827087800
1174   19.049080000    1.532845000   -1.231543000
1175    3.537232000    0.415291300    1.335689000
1176   -0.950000000   -0.858890500   -1.534049000
1177   18.434810000    1.752931000   -0.110064900
1178   -0.950000000   -0.623833100    0.805663400
1179    0.903091600   -0.242219100   -0.809858200
1180   -0.950000000   -0.381505600    1.235669000
1181   21.483410000    1.944458000    0.262736400
1182   12.349260000    1.256641000    1.181821000
1183   -0.950000000   -0.360836400    0.579751400
1184   -0.950000000   -0.675375800   -0.554095300
1185   12.409320000    0.986998700    0.094388050
1186    4.557283000    0.935874600    0.369666300
1187   -0.950000000   -1.410161000    1.632536000
1188   -0.950000000   -1.387299000   -1.215675000
1189   -0.950000000   -1.663388000   -0.092411380
1190   -0.950000000   -1.447333000    0.828393800
1191    1.895444000    0.552832800   -0.095976250
1192   -0.950000000   -0.766141000   -0.230809000
1193   -0.950000000   -1.961284000   -0.258107400
1194   -0.950000000   -1.343574000   -0.399014200
1195   -0.950000000    0.176054500    1.327548000
1196    1.180104000    0.107874000   -1.798490000
1197   -0.950000000   -0.898915000    1.281262000
1198    7.994816000    1.300033000    1.505338000
1199   -0.950000000   -0.419304900   -1.247236000
1200   -0.950000000   -0.686488800   -0.188236400
1201   10.037460000    1.255826000    0.105849400
1202   11.942980000    1.130248000   -0.125813600
1203   -0.950000000   -1.456811000   -0.629802700
1204   17.416420000    1.686451000   -1.138774000
1205    9.076299000    0.760439000   -0.457844900
1206    8.388104000    0.681779000   -0.438581800
1207    2.916574000    0.514805200    0.227308400
1208   10.239210000    0.326675400   -1.410856000
1209   -0.950000000   -1.298581000    0.216262300
1210   21.071340000    1.741894000   -0.844904100
1211   -0.950000000   -0.259752100    0.090261840
1212   -0.950000000   -0.839136900   -0.969538400
1213    6.819955000    0.374043100   -1.900608000
1214   -0.950000000    0.122265800   -0.121761800
1215    3.837745000    0.945307200    0.537606600
1216   -0.194973200    0.302330800    0.019132950
1217   -0.950000000   -1.058195000   -1.379954000
1218   -0.950000000    0.177250100    1.960682000
1219    6.521358000    1.096955000    0.800931700
1220   -0.950000000   -0.844522400   -0.456503900
1221   -0.950000000   -0.991666300   -0.885792700
1222   -0.950000000    0.112806600   -0.567271100
1223   -0.950000000   -0.765572800   -0.418471800
1224    2.948742000    0.674041400    0.489095900
1225   16.064820000    1.491276000   -1.087354000
1226   -0.950000000   -0.521847500   -1.219742000
1227   12.378510000    0.902952600   -1.357103000
1228    6.233433000    0.703482200   -0.826279700
1229   -0.950000000   -0.790075900   -0.179484200
1230    2.386392000    0.393634600   -0.181256200
1231   -0.950000000   -0.690232400   -1.625612000
1232   -0.950000000   -0.738889100    0.235575500
1233   16.633670000    1.407489000   -1.348568000
1234    1.857628000    0.604171700   -0.262473700
1235    3.653499000    0.347949800   -0.204133400
1236   -0.950000000   -0.339906900    0.316419900
1237    0.200265500    0.778177100    0.376599600
1238   -0.950000000   -0.431887400    0.639130000
1239   -0.950000000   -1.040784000    0.955466700
1240   17.261190000    1.755839000   -0.197347900
1241    0.095143210    0.158195600   -0.344927500
1242   -0.950000000   -1.915470000   -0.255121600
1243   -0.950000000   -0.326079100   -0.485601000
1244   -0.950000000   -0.373099500    1.103915000
1245   -0.950000000   -0.437073000   -1.595216000
1246   -0.950000000   -0.307847200   -0.968836700
1247   -0.950000000   -0.897153900    0.917577800
1248    2.409589000    0.156972500   -0.587401000
1249    8.871425000    0.842459500   -0.056589520
1250    0.276809900   -0.021032810   -0.347866000
1251    8.759777000    0.891324100    0.330557900
1252   -0.950000000   -0.328564900    1.039801000
1253    6.975892000    0.524725300   -0.985660600
1254   -0.650965800    0.375119100    0.481541600
1255   -0.950000000   -0.224288600    0.223870600
1256   -0.950000000   -0.582921800   -1.002957000
1257    5.845914000    0.388026500   -1.138269000
1258    6.077817000    0.585707300   -0.212409900
1259   -0.950000000   -0.594377700    1.148546000
1260   10.512170000    0.726368000    0.214788400
1261   12.071890000    1.486324000    1.291043000
1262    8.912502000    0.758265600    0.762886900
1263   14.171070000    0.899120400    0.756860600
1264   16.664530000    1.108413000   -0.760751800
1265    2.156648000    0.101520100    0.983427100
1266   -0.950000000   -0.712889600    1.325884000
1267   -0.950000000   -0.609081500    0.447377600
1268    0.484589200   -0.261968200    1.911823000
1269    4.735680000   -0.772511800   -1.739980000
1270   14.789390000    0.934491500   -0.156106500
1271   -0.950000000   -1.376856000   -1.819931000
1272   14.392640000    1.032035000   -0.011434450
1273   19.093130000    1.403205000   -0.497888000
1274   24.140450000    1.140070000   -0.474396100
1275   10.527200000    0.574388700    0.498838500
1276    0.374264100    0.100230600   -0.618134100
1277   -0.950000000   -0.922298500   -0.104402300
1278   12.342750000    1.046406000   -0.917766000
1279   -0.950000000   -0.131358500    0.562777600
1280   -0.950000000   -0.366357700   -0.697455700
1281    8.595553000    0.655738100   -0.966959800
1282   13.599620000    1.129669000   -0.850120100
1283    0.545098600    0.198634100    1.331493000
1284   -0.950000000   -0.404571900    0.715107200
1285   -0.950000000   -0.955861400    0.697631200
1286    6.753920000    0.633954000   -1.434201000
1287   10.253310000    1.312033000    1.418343000
1288   -0.950000000   -1.985478000   -0.053207920
1289   -0.950000000   -0.477013700    0.269020400
1290   -0.950000000   -0.070779660   -0.061929870
1291   12.450640000    1.081134000   -1.706122000
1292   -0.950000000   -0.363687800    1.218485000
1293   10.733620000    0.649442100    0.591862600
1294   -0.950000000   -0.912266400    0.867548000
1295    1.416271000    0.346399300    0.826294400
1296    3.069412000    0.146208100   -0.395693500
1297   20.169570000    1.964626000    0.565234300
1298   -0.950000000   -0.473078700    0.102568500
1299   -0.950000000   -0.799862000    0.410806100
1300    6.832443000    0.294965200   -1.870389000
1301   17.793790000    1.314743000   -1.650754000
1302   -0.950000000   -0.236106800    1.673419000
1303   17.705060000    1.283733000   -0.792591100
1304    3.299206000    0.397782300   -0.168477200
1305   14.511880000    0.783123400   -1.868347000
1306   -0.950000000    0.073144290    0.115391400
1307   -0.950000000    0.180302100    0.238300500
1308   -0.950000000   -0.396735400   -1.177153000
1309   -0.950000000   -0.353786500    0.931609600
1310   -0.950000000    0.190939700    0.417256700
1311   -0.950000000   -1.023128000   -1.566293000
1312   -0.950000000   -0.212356200   -0.023812420
1313    0.102088300    0.477889400    1.492964000
1314    5.095973000    1.156612000   -0.340651700
1315   -0.950000000   -1.132983000   -0.379136500
1316    4.236067000    0.499936700    0.204226800
1317   -0.950000000   -0.140091000    0.604536500
1318   -0.950000000   -0.043407740   -0.527402500
1319   -0.950000000   -1.179688000    0.032795290
1320   -0.950000000   -0.642050600   -1.764686000
1321   -0.950000000   -1.636109000   -0.718098600
1322   -0.950000000   -1.042877000   -0.100335100
1323   -0.950000000   -0.579400000   -0.342621200
1324   -0.950000000   -1.515771000    1.823786000
1325   18.902940000    1.619853000    0.479889600
1326    4.597307000    0.937689400   -0.995977900
1327   -0.950000000   -0.450583000    0.815071200
1328   22.080200000    1.841132000   -1.957809000
1329   -0.950000000   -0.584582100   -0.689591600
1330   -0.950000000   -0.092274450   -1.089573000
1331   -0.950000000   -0.715999900    0.175609800
1332    3.383054000    0.532900600   -0.617127200
1333   -0.950000000   -0.897525000   -0.554482100
1334   -0.950000000   -0.040874870    0.968500800
1335   -0.950000000   -0.387535400    0.615984900
1336   -0.950000000   -0.111461900    0.715815900
1337    7.403150000    1.085907000   -0.612895800
1338   -0.950000000   -1.875711000   -1.943783000
1339    3.110448000    0.307690900   -1.118844000
1340    7.552074000    0.768131100    0.157455500
1341   -0.491635900    0.093263520    0.824552900
1342   -0.950000000   -0.558755000   -0.264647500
1343   -0.950000000   -0.147739600    0.312855700
1344   -0.950000000   -0.546932400    0.173352500
1345   16.701490000    1.426181000   -1.604028000
1346    8.610025000    0.929569400    0.661720100
1347   -0.950000000    0.072910230   -0.081167730
1348   -0.950000000   -1.417804000    1.237471000
1349   -0.950000000   -0.405300800    1.051083000
1350   -0.950000000   -0.593840200    0.398326700
1351    9.199724000    1.342860000    0.857763400
1352   11.007000000    1.300175000   -0.879951200
1353   -0.950000000   -0.245255300   -0.373746700
1354   -0.950000000   -1.608098000   -1.537288000
1355    1.733049000    0.555022600    0.992626700
1356   -0.950000000   -0.267843800   -0.676468700
1357   -0.950000000   -1.454384000    1.138887000
1358    3.835421000    0.526727200   -1.231209000
1359    4.692105000    0.685258200   -0.272434000
1360    2.191117000    0.488349300    0.124071100
1361    2.780852000    0.333950400   -0.155839400
1362    4.896115000    0.421618300   -1.287238000
1363    3.061912000    0.404931300   -0.060849360
1364   -0.950000000   -0.797635400    0.226856900
1365   -0.950000000   -0.265256700   -0.115732400
1366   28.400820000    1.972191000    0.496099700
1367   -0.950000000   -1.006867000   -0.861831200
1368   -0.950000000   -0.802268800   -0.549873100
1369   14.854250000    1.335530000   -0.024585930
1370    5.473440000    0.468064400   -0.327286600
1371   10.132760000    0.935871600    0.031151880
1372   -0.950000000   -0.550450000   -0.260955800
1373    0.114308200    0.525206800    1.488014000
1374   -0.950000000   -1.027251000   -0.593995000
1375   16.186060000    1.154865000   -0.651378000
1376   -0.950000000   -1.162377000    1.559068000
1377    2.479403000    0.071899500    0.870135500
1378    2.069367000   -0.095860680   -0.424874000
1379   -0.950000000   -0.364862000    1.143723000
1380    9.104565000    0.669949400    0.653052200
1381    8.609856000    0.660332600   -0.532253000
1382   22.023810000    1.576918000   -1.326634000
1383    0.277980200    0.155134400    0.419205000
1384   -0.736713000    0.097233990    0.684271900
1385   -0.950000000   -0.259686800    0.391338300
1386   -0.950000000   -1.314867000   -1.085342000
1387   -0.950000000   -1.328286000    0.612718100
1388   -0.950000000   -1.063031000   -0.812629800
1389   -0.950000000   -0.515256600    0.896588700
1390   -0.950000000   -0.277161200   -0.813391100
1391    1.641171000    0.565828500    0.253507800
1392   15.905310000    1.230504000    0.450962700
1393   20.964110000    1.516878000   -0.390902000
1394    3.794519000    0.591643900    0.755478600
1395   -0.950000000   -0.509510800   -0.628193100
1396   -0.059081370   -0.057909180   -0.911642800
1397    3.017356000    0.536236900    0.517974400
1398    1.867192000    0.099219560   -0.774712200
1399   -0.950000000   -1.317546000   -0.442665100
1400   -0.950000000   -1.099875000   -0.319812700
1401    1.344435000    0.446210800    0.938133400
1402   -0.950000000   -0.309978500   -0.634708300
1403   -0.950000000   -0.734633000   -0.056277740
1404   -0.950000000   -0.419636900    0.509394400
1405    2.939958000    0.182573400   -0.800461600
1406   13.934090000    1.299108000   -1.064361000
1407    5.176611000    0.820443400    0.204005500
1408   13.587610000    1.273403000   -1.299782000
1409    2.735120000    0.602198700    0.279334600
1410   20.846510000    1.205954000   -1.179505000
1411   11.166780000    0.754261000   -1.561689000
1412   -0.950000000   -1.126745000   -0.925217000
1413    8.238861000    0.585978700   -0.820074700
1414    6.187500000    0.630086300    0.247631100
1415   -0.950000000   -0.402792300    0.361904500
1416   11.726630000    1.282493000    0.642159400
1417    3.508737000    0.584115400    1.303744000
1418   -0.950000000   -0.736878200    1.916717000
1419    1.557553000    0.201687000    0.570527800
1420   -0.950000000   -1.208950000    1.050938000
1421   10.688730000    0.787894600   -0.314965400
1422    2.700090000    0.384026600   -0.544901800
1423    6.750739000    0.334379200   -1.693781000
1424   18.666640000    1.913309000   -0.809815800
1425   -0.950000000   -0.825580200   -0.785055700
1426   -0.950000000    0.067412330    1.565539000
1427    1.446496000    0.366184200   -1.656463000
1428   -0.950000000   -0.150289800   -1.242743000
1429   -0.802105000    0.038991150   -1.209905000
1430   -0.950000000   -0.102199800   -0.829367800
1431   -0.950000000   -1.273257000   -0.637162100
1432    3.207463000    0.641082600   -0.262391400
1433   -0.950000000   -1.311103000   -0.766501500
1434   -0.950000000   -0.778111100   -0.386937200
1435   -0.950000000   -0.225023300    1.473474000
1436   -0.950000000   -0.706026900    1.558416000
1437   -0.950000000   -0.681991600   -0.694699000
1438   -0.950000000    0.494292900    1.107553000
1439   -0.950000000   -0.745838000    0.319378800
1440   -0.950000000    0.420445200    0.039513710
1441    8.478364000    0.646664500    0.312000500
1442    3.364210000    0.378056900   -0.143969900
1443    8.363729000    0.607312000   -1.067118000
1444   -0.950000000   -1.350810000   -0.963102900
1445   15.611360000    1.325597000   -1.675575000
1446   -0.950000000   -0.892180000   -0.323143900
1447   -0.950000000   -0.329569800    0.026483060
1448   16.354070000    1.493546000   -0.557081500
1449    7.501169000    0.632189300   -0.386135400
1450   -0.950000000   -0.782066100    0.554028100
1451   -0.950000000   -0.391169800   -0.040164950
1452   -0.950000000   -1.039309000    0.812744500
1453   15.912360000    1.635844000   -0.357355000
1454   -0.757267200    0.394727200    1.797967000
1455   -0.950000000   -1.358169000    0.649131400
1456    2.879566000    0.368488800   -0.648668700
1457   -0.950000000   -0.402786400   -0.474536000
1458   -0.950000000   -1.172441000    0.553534300
1459   15.370160000    1.647753000    0.769001400
1460    3.499528000    0.005095617   -1.786226000
1461   -0.950000000   -1.323082000    0.920658200
1462   -0.950000000   -1.092583000    0.568869700
1463   -0.950000000   -0.542533500   -0.872268600
1464    5.329252000    0.601649500   -0.649238800
1465   -0.364078100    0.332911900   -0.247900000
1466   -0.950000000   -0.209710900    1.989749000
1467   -0.950000000   -1.857100000    0.812040300
1468   -0.950000000   -0.708472200   -1.100156000
1469    4.085396000    0.842497600    0.575473800
1470   -0.391139300    0.181177900   -0.138415600
1471   -0.876724700   -0.232856200   -1.067341000
1472   -0.950000000   -0.271656800    0.757776400
1473    1.002516000    0.882207000    0.945601400
1474   -0.950000000   -0.253957400   -0.374290500
1475   -0.950000000   -1.619709000   -1.207688000
1476   -0.950000000   -0.020625600    1.068493000
1477    4.282388000    0.492558900    0.718263900
1478   -0.044447770    0.038909930    0.986363200
1479    9.307951000    0.763557100    0.090782850
1480    4.524792000    0.350970500   -0.859560200
1481   -0.950000000   -0.902266600    1.463051000
1482    3.439086000    0.631381900    0.179165300
1483   -0.950000000   -1.098787000    0.251859100
1484   -0.950000000   -1.010540000   -0.038977310
1485   -0.950000000   -1.516953000    0.704028700
1486   -0.950000000   -0.932296400   -0.738660900
1487    9.984523000    1.162423000   -0.138007300
1488   -0.950000000   -0.255951700    1.765705000
1489    7.084632000    0.742484600   -0.119420800
1490    1.520789000   -0.200867300   -1.940793000
1491   -0.950000000   -0.763497100    1.016410000
1492    0.533696500    0.103882300   -0.700566700
1493   -0.950000000   -1.155414000   -1.358359000
1494   -0.950000000   -0.727144200   -0.337430100
1495    0.800129600    0.130910700   -0.723441600
1496   -0.950000000   -0.861315800    0.900535200
1497   -0.950000000   -0.782731000   -0.022900060
1498   -0.950000000   -0.456914500   -1.017453000
1499   -0.950000000   -0.425794100    0.642910200
1500   -0.950000000    0.065473560   -0.095820010
