*y  x1  x2
   1    3.088743000    0.655492400    0.178296100
   2   -0.950000000    0.375972700    1.901605000
   3    4.345974000    0.638030200   -0.897491700
   4   -0.950000000   -0.639581600   -0.474056900
   5    4.970703000    0.945687100   -0.973222300
   6   -0.950000000   -0.395304400   -0.620770300
   7    8.542401000    0.778115500   -1.166334000
   8   -0.950000000   -0.659651800   -1.106166000
   9    1.655116000    0.270780300   -0.658371000
  10    1.573952000    0.266717000   -0.923001500
  11   -0.950000000   -0.636189900    0.635472200
  12    2.546186000    1.254970000    1.163062000
  13    2.473760000    0.131706800   -0.948137400
  14   -0.950000000   -1.475241000   -0.571767500
  15    9.029242000    0.824137700   -0.161392900
  16   -0.950000000   -0.094148930    0.862066300
  17   -0.950000000   -0.000785952    0.332351800
  18   -0.950000000   -1.251032000   -1.527592000
  19    3.310843000    0.338869100   -0.408843500
  20   -0.950000000   -0.473609100    0.654599900
  21   -0.950000000   -0.473574200    1.970451000
  22   -0.950000000   -0.866397900    0.218490300
  23   -0.950000000   -0.386320000    0.545125500
  24   -0.232980300    0.198603200   -0.793319400
  25   -0.950000000   -1.698143000   -0.485859500
  26   -0.950000000   -1.319584000    0.226874400
  27   -0.950000000   -1.644557000    0.125304600
  28   -0.950000000   -0.575126500   -0.014837420
  29   10.549240000    0.929125400   -1.198263000
  30   -0.950000000   -0.731893800    0.237225300
  31    5.179963000    0.225112200    1.286106000
  32   -0.950000000   -0.168191100    1.008908000
  33   -0.950000000   -0.586161500    1.424558000
  34   -0.950000000   -1.510956000   -0.596420400
  35   -0.950000000   -1.357185000    0.067151240
  36   -0.950000000   -0.908248100    1.588212000
  37   11.643400000    0.836200000    0.380586300
  38   15.016350000    1.268003000    0.950331400
  39   -0.950000000   -1.876254000    1.356722000
  40   18.299950000    1.396836000   -1.302763000
  41   22.094180000    1.571886000   -0.134421300
  42   -0.950000000   -0.237216500    0.796321000
  43    9.033852000    0.066492880   -1.477884000
  44   -0.950000000   -1.226156000    0.064575920
  45   13.144990000    1.330841000    0.745514900
  46   -0.950000000   -0.688773800   -0.123327800
  47   -0.950000000   -0.196940000   -1.702808000
  48    9.541546000    0.583445100   -1.953910000
  49   -0.950000000   -1.112839000   -0.253461200
  50   -0.950000000   -0.044943890    0.105635700
  51    1.846887000    0.286836200   -0.486934700
  52   -0.950000000   -0.582259400   -0.630602700
  53   -0.950000000   -0.920326800    0.333942300
  54   -0.950000000   -0.152263200   -0.276519300
  55    7.458884000    1.596329000    1.169051000
  56   -0.950000000   -0.304676700   -0.463383000
  57   -0.950000000   -0.387619400    1.016621000
  58   -0.950000000    0.135651000    0.457157700
  59   -0.950000000   -0.055098710    0.121413900
  60   -0.950000000    0.475950100    1.332694000
  61    1.839722000    0.177453100    1.130731000
  62   13.268720000    1.157348000   -0.685000100
  63   -0.950000000   -0.096251820    1.234896000
  64   15.945020000    0.973608200   -1.531301000
  65    1.794891000    0.186146000   -0.014548720
  66    0.150654400    0.203894400    1.157304000
  67   -0.950000000   -0.680625500   -0.847996300
  68   11.811810000    1.380345000    1.981285000
  69   -0.950000000   -1.049274000    1.751749000
  70    7.957795000    0.429286400   -0.883869800
  71   -0.950000000   -1.464832000   -0.181651600
  72   -0.950000000   -1.214672000    1.205354000
  73   -0.950000000   -1.674131000   -0.222857900
  74    7.523467000    0.429351800   -1.564782000
  75    1.579011000    0.157862300    0.729202100
  76   -0.950000000   -0.356028000   -0.406293900
  77    7.034609000    1.046906000    1.862366000
  78    8.462224000    0.352302900   -1.537025000
  79   13.609060000    0.871770400   -0.739197600
  80   22.362770000    1.949530000   -0.461642100
  81   -0.950000000   -0.936772200   -0.135949500
  82    2.142206000    0.160214400    0.548701700
  83   15.768780000    1.329852000    1.213459000
  84   -0.950000000   -1.004368000   -0.094711710
  85   13.517990000    0.964478600   -0.205281700
  86   -0.950000000   -1.650331000    0.269283900
  87   -0.950000000   -0.313506500    0.478812300
  88   -0.950000000   -1.202924000   -1.347076000
  89   10.340450000    0.853861100    0.299549600
  90   -0.950000000   -0.395671400    0.476184200
  91   18.364250000    1.450306000    1.178912000
  92   13.280600000    0.936819200    0.427831400
  93   18.339650000    1.379700000    0.517952500
  94   -0.950000000   -0.813675900   -0.275934800
  95   10.908680000    0.792561600    0.687780600
  96    7.273797000    0.205178600    0.643124500
  97    3.567907000   -0.163875300    0.890364600
  98   -0.950000000   -0.836438700   -0.272181500
  99   22.752810000    1.023206000   -0.802253900
 100    6.799029000   -0.072119860    0.263648700
 101   -0.950000000   -0.918886000    1.624165000
 102    7.360423000    0.282273500    0.584696600
 103    8.628239000    1.003027000    0.924048000
 104    1.516216000   -0.602429300   -1.761677000
 105   -0.950000000   -1.082265000    0.662166600
 106   -0.950000000   -0.824055600   -1.104955000
 107   -0.950000000   -0.029895970    1.447308000
 108   14.801030000    1.318962000   -0.422978600
 109    1.718529000    0.188467400    0.232162200
 110    9.911928000    1.263022000   -0.522556500
 111    4.489707000    0.468541600    0.044835250
 112    9.350275000    0.975551700    0.161549700
 113   12.747870000    1.131514000   -0.480570100
 114   -0.950000000   -0.701459900   -1.645436000
 115   -0.950000000    0.200802400    0.846347200
 116    4.770059000    0.594590000    1.008761000
 117    1.976771000   -0.060884700   -0.033096560
 118    5.208950000    0.202331200   -0.438887200
 119    7.220183000    0.414374900   -1.164871000
 120   -0.950000000   -0.707961300   -1.126418000
 121   -0.950000000   -0.842819300   -0.594832000
 122   -0.950000000   -0.858223600    0.765312300
 123    0.511638600    0.109558000    0.742288700
 124   12.851790000    0.992525400   -0.312405400
 125   -0.950000000   -0.888924600    0.200119100
 126   11.128330000    1.048629000   -0.435929700
 127    4.896373000    0.431607200    0.259367800
 128    3.104418000    0.975312100    1.229736000
 129   13.044220000    1.134408000    0.810546100
 130   15.644480000    1.325074000   -1.254954000
 131   -0.950000000   -0.913724700    0.643623800
 132   -0.950000000   -0.199716300    0.453184900
 133   -0.031596100   -0.528310800   -1.967791000
 134   -0.703664100   -0.258876200    0.015436380
 135   -0.501468000   -0.138968000    0.063041350
 136   -0.950000000   -0.838580100    0.659091300
 137   15.794430000    1.768513000   -0.645193600
 138   -0.950000000   -0.772797600    1.195738000
 139   -0.950000000   -1.097589000    0.001983407
 140   -0.950000000   -0.507324300    1.048657000
 141   -0.950000000   -0.584621700    1.207625000
 142   13.729640000    0.966885600   -0.797702900
 143    8.734818000    0.515638700    0.381871700
 144    5.079882000    0.493874800   -0.264811200
 145   -0.950000000   -1.104360000    0.388040900
 146   -0.950000000   -0.659210300    0.962749100
 147   -0.950000000   -1.986677000   -0.541432700
 148   -0.950000000    0.618473300    0.930284400
 149   -0.950000000   -0.603701700   -0.364811100
 150   11.569030000    1.204913000    1.011279000
 151    1.451154000    0.014779210    0.635350200
 152    3.970308000   -0.169676100   -1.086705000
 153   -0.950000000    0.043111910    0.622690600
 154   11.611210000    0.915233600   -0.462487300
 155    0.231593300   -0.170403200   -0.413398700
 156   -0.950000000   -0.793738400    0.646954200
 157   14.265090000    1.689183000    0.349854600
 158    3.612607000    0.117862300    1.035325000
 159   -0.950000000   -1.021413000    1.671213000
 160   -0.950000000   -1.131880000   -0.203301300
 161    3.058791000    0.049080570   -0.696908900
 162    3.999994000    0.176548900    1.248168000
 163    2.842092000   -0.074215530   -0.448420400
 164   -0.950000000   -0.260995500    1.028357000
 165    0.941531000   -0.114793400    0.617725600
 166   -0.950000000   -1.397755000    0.187567400
 167    5.534714000    1.340499000    1.126821000
 168   -0.950000000   -0.896404600   -0.868261500
 169   -0.950000000   -0.715971100   -0.114418000
 170    2.319869000   -0.036648180    1.874088000
 171    6.380748000    0.695308300   -0.435979300
 172   11.139220000    0.831264100    0.405320500
 173    2.202906000    0.086517630   -0.035144510
 174   -0.950000000   -0.524983000   -0.347605300
 175    5.619966000    0.802664300    0.060660250
 176    2.489475000    0.111835900   -0.304892700
 177   18.141390000    1.375756000    0.917983500
 178   -0.950000000   -0.672716500    0.436992400
 179   -0.950000000   -1.752899000   -0.358799200
 180    2.912390000    0.471244900    1.356179000
 181   -0.950000000   -0.341388500   -0.980397100
 182   11.235300000    1.670490000   -1.466683000
 183    6.800002000    0.955464600    0.124005600
 184    0.705817800    0.254657800   -1.135460000
 185   -0.950000000   -1.654606000   -0.817053300
 186   -0.950000000   -1.870676000    0.253930300
 187    1.730671000    0.472808700   -0.484309200
 188   -0.950000000   -0.652384500    0.030220250
 189   10.080610000    1.300361000    0.202043600
 190    1.365527000    0.499553500   -0.152099400
 191   -0.950000000   -0.216710400   -0.616217100
 192   -0.950000000   -0.413895100   -0.286750000
 193   -0.950000000   -0.454138700    0.801318700
 194   -0.841946600    0.395554900    0.442988300
 195   -0.950000000   -0.763680800   -0.247586800
 196   14.687730000    1.475897000   -0.525400300
 197   15.290910000    1.410420000   -0.379654600
 198    9.270734000    0.699859500   -0.585491700
 199    7.007799000    0.874631500    0.213047100
 200    0.438071400   -0.180886200   -0.764920800
 201   12.089140000    1.740896000    0.547401900
 202    8.386602000    0.199969000   -1.775956000
 203   13.899970000    1.553500000    0.329439700
 204   -0.950000000    0.081307770    0.695415400
 205    7.199718000    0.499032000   -0.972603000
 206   -0.950000000   -1.265738000   -1.355569000
 207   15.939970000    1.714145000    0.696301700
 208   15.483670000    1.332904000   -0.784833100
 209    6.634403000    0.275490400   -1.284816000
 210   -0.950000000   -0.351211400   -1.286368000
 211    4.284107000    0.251440800    0.809607800
 212   -0.950000000   -1.381757000   -0.057804800
 213   -0.950000000   -0.243915800   -0.055411400
 214   10.226920000    0.635735600   -0.704243200
 215    4.102172000    0.329484800    0.081495380
 216    6.404778000    0.520733400    0.350330000
 217   -0.950000000    0.089099320    0.736526300
 218   12.535130000    0.834748800   -1.278747000
 219    2.644219000    0.091699970   -0.141857300
 220   -0.950000000   -0.361737000    0.271857500
 221   -0.950000000   -1.759967000    0.721756500
 222   10.903790000    1.247892000    0.547896200
 223   -0.950000000   -1.815165000    1.538418000
 224    0.802956900   -0.067147690    0.370131900
 225    5.655538000    0.192047700   -0.750504300
 226   -0.950000000   -0.914773200    0.983089100
 227   -0.950000000   -1.499485000   -1.117104000
 228    4.149869000    0.470315800    0.104606500
 229   11.882650000    1.483652000   -0.013015830
 230   -0.950000000   -0.271284600   -0.663683000
 231   -0.950000000   -1.941759000   -0.243217800
 232   -0.950000000   -0.909751900    1.252363000
 233   -0.950000000   -0.695653500    0.185860500
 234   -0.950000000   -1.846924000   -0.658216000
 235    2.951088000    0.804854900    0.594498000
 236    3.380349000    0.570490700    0.684149400
 237   -0.950000000   -0.513468700   -1.036621000
 238   -0.950000000   -0.552065900   -1.191455000
 239   -0.950000000    0.515202100    0.953027300
 240   -0.950000000   -0.891814600    0.509686800
 241   21.120030000    1.869028000   -0.264278700
 242   -0.950000000   -0.538892000    1.828261000
 243   10.750130000    1.470348000    1.079270000
 244   -0.950000000   -0.588042500   -1.150309000
 245   -0.950000000   -0.348078100   -1.241454000
 246   13.101800000    1.191554000    1.171303000
 247   -0.950000000   -0.912522700    1.192414000
 248   -0.950000000   -0.608887600    0.779904600
 249   -0.950000000   -0.315994300   -0.415693000
 250   -0.925102600   -0.362953000   -1.112357000
 251   23.053710000    1.796874000    0.388344100
 252   -0.950000000   -0.228652800    1.794985000
 253   -0.950000000   -0.224725800   -0.852271400
 254   -0.950000000   -0.814171800   -1.386135000
 255   -0.950000000   -0.285835100   -0.218395000
 256    4.059975000    0.459798600    1.070626000
 257    0.650376500    0.224265300   -0.061153870
 258   -0.950000000    0.615019000    1.297553000
 259    1.962093000    0.345872300    0.367355200
 260   -0.950000000   -0.898927000   -0.737586600
 261   -0.950000000   -1.666851000   -0.007571401
 262   13.522290000    1.333998000    0.429589800
 263    3.863981000    0.485910900    0.134031400
 264   -0.950000000   -0.642990200    0.066845470
 265   -0.950000000   -0.176376000    0.458148300
 266   -0.950000000   -0.933715200   -0.846030700
 267   10.445880000    1.154443000   -0.052008450
 268   -0.950000000   -0.073945580    0.386109900
 269   -0.950000000   -1.596793000   -1.820855000
 270    0.237233300    0.093897550   -0.244056200
 271   12.185250000    0.832080700   -0.540800500
 272   12.428250000    0.654503300   -1.745192000
 273   -0.950000000   -0.424405000    1.088990000
 274   16.416280000    1.804429000    0.899705900
 275   16.395480000    1.079290000   -1.209027000
 276    7.089537000    0.629680000    1.336901000
 277   12.046640000    0.662378700    0.065529770
 278   -0.950000000   -0.903804200    0.281820900
 279   10.861400000    1.181432000    1.031232000
 280   -0.950000000   -1.534065000   -1.065962000
 281   -0.950000000   -1.956484000    0.952379400
 282    7.598985000    0.323430400   -0.064747860
 283   13.434410000    0.809318000   -0.627854700
 284   -0.950000000   -0.481846300    1.453088000
 285   -0.950000000   -0.249519200    1.036854000
 286    2.592765000   -0.289595800   -0.822474600
 287   -0.950000000   -0.737927600    0.473644600
 288    9.570653000    0.419447000    0.235413700
 289   -0.950000000   -1.385221000    0.822711200
 290    4.278861000    0.477382400    0.984397400
 291   10.114480000    1.210750000    0.864591600
 292   14.176500000    0.751395600   -0.269857800
 293   19.751270000    1.284123000   -0.259998700
 294   14.192520000    1.376165000    0.985226100
 295    5.408665000    0.825532900    1.366048000
 296   -0.950000000   -1.327035000    1.654826000
 297   -0.950000000   -0.690225300    0.012353820
 298   13.605080000    1.197177000    0.046827240
 299   14.234700000    0.823703000   -0.253422800
 300    3.058369000   -0.123707400    0.477508000
 301    6.598483000    0.371658400   -1.322566000
 302   -0.950000000   -1.080534000   -0.541935200
 303    4.126613000    0.724085400    0.965171800
 304   -0.950000000   -0.790467300    1.500195000
 305   -0.950000000   -0.706755000    0.785927600
 306   -0.950000000   -0.258820700   -0.008235143
 307   -0.950000000   -0.217264400   -1.709746000
 308    4.409980000    0.205786500   -1.648335000
 309   -0.950000000   -0.166775700    1.332410000
 310   -0.950000000   -1.679595000    0.623049900
 311   -0.950000000   -1.494926000    0.816572300
 312   -0.950000000   -0.415369100    1.088495000
 313    4.107498000    0.258962500   -0.984929000
 314   11.522080000    0.812774400   -1.806347000
 315    6.941449000    0.578060900   -0.963018400
 316   -0.950000000   -0.304317300   -0.348433000
 317   14.813850000    1.677407000   -0.195822600
 318   -0.950000000   -0.812072700    0.045576440
 319   -0.950000000   -1.195343000    1.216595000
 320   -0.950000000   -1.709059000   -0.599341200
 321   -0.950000000   -0.916975600    0.691994000
 322   -0.950000000   -1.087381000   -1.209761000
 323   -0.950000000   -0.389446700    0.825451700
 324   -0.925622900   -0.191588000   -0.428162700
 325    1.367661000    0.242388000   -1.686722000
 326   -0.950000000   -0.651227000    0.376049400
 327   -0.950000000   -1.646011000    0.469365500
 328   -0.950000000   -0.515441800    1.377270000
 329   24.449150000    1.871613000   -0.780469800
 330   14.339660000    1.494797000   -0.102741000
 331    2.554730000    0.017983920   -1.460080000
 332   -0.950000000   -0.191164800    0.067930150
 333   13.722770000    0.738829200    1.914167000
 334   -0.950000000   -0.609922100    1.095083000
 335   -0.950000000   -0.234357300    0.790216100
 336   17.472230000    1.594283000   -0.774400600
 337   -0.950000000   -0.356270400   -1.009132000
 338   10.323180000    0.919371700   -0.288931700
 339   -0.950000000   -0.384215000    0.882104900
 340   12.250180000    0.975546900   -1.350660000
 341    2.321478000    0.194823900   -0.648890300
 342   -0.950000000   -1.330405000   -0.042932810
 343   -0.950000000   -0.333398500    0.901850200
 344   14.296310000    0.767260800   -1.561582000
 345    2.568375000   -0.092088340   -1.290618000
 346   -0.950000000   -0.570358500    1.701437000
 347    2.031707000    0.422984600    0.047796840
 348    3.191491000    0.190869200   -0.808682600
 349    5.087564000    0.635729600    0.196809800
 350   -0.950000000   -0.134445100    0.041314310
 351    4.630398000    0.518756300   -0.242130200
 352   -0.950000000   -0.351519700   -0.540458200
 353    0.954136700    0.418416100    0.410857100
 354   -0.950000000   -0.576641700   -1.491117000
 355    1.100980000    0.025644370   -0.391747700
 356    9.470146000    0.672088100   -0.834129200
 357   -0.950000000   -0.492815100   -0.664247300
 358   -0.950000000    0.074212640    0.180857400
 359   -0.950000000    0.173025000    1.706904000
 360   -0.950000000   -0.391680300    0.736063100
 361   19.633620000    1.232402000   -0.964864100
 362   -0.950000000   -0.564374700   -0.756226400
 363    4.209480000    0.115637900   -0.453448900
 364   -0.950000000   -0.984711800   -0.421668400
 365    8.881394000    0.479869500   -0.661533300
 366   -0.950000000   -0.858177300    1.353013000
 367   13.234610000    0.901840100    0.093181320
 368   -0.950000000   -1.015970000    0.512141700
 369    0.735397200    0.365461700    1.649884000
 370   16.898270000    1.689924000   -0.772704600
 371   14.117060000    1.290525000    0.932139800
 372    6.312096000    0.166451800   -0.555157600
 373    6.871713000    0.515691700    0.371649900
 374    2.078848000    0.131451500    0.842874000
 375    5.177499000    0.494101300    0.821801200
 376   -0.505800100   -0.184604500   -0.700762600
 377    3.674278000   -0.004991020   -1.042805000
 378   13.678880000    1.427419000    0.305058900
 379    6.530487000    1.250899000    0.987605900
 380    2.820289000    0.270471400   -0.527148900
 381   -0.950000000   -0.202204100    0.416830500
 382   -0.926299800   -0.229064300    0.240159800
 383   -0.950000000   -0.646115100   -0.242729400
 384    9.514973000    0.874787300   -1.281143000
 385    8.940708000    0.501007100   -0.805363400
 386    2.397249000    0.242249800    0.200844900
 387   -0.950000000   -1.031368000   -1.469948000
 388   10.601360000    0.999661400    1.282708000
 389   -0.950000000   -0.509428800   -0.589298200
 390    1.714994000    0.172461300    1.455856000
 391   -0.950000000   -1.641459000   -0.273725100
 392    8.390221000    0.799745400   -1.845306000
 393   -0.950000000   -0.477712100    0.467743600
 394   -0.950000000   -0.913556400   -1.895554000
 395    1.205964000   -0.226195900   -1.277310000
 396    9.063913000    0.575424700   -0.919861300
 397    3.219946000    1.154792000    1.480524000
 398    9.567486000    0.968844400    0.618084500
 399   21.730070000    1.968729000    1.043573000
 400   14.321710000    1.473598000   -0.093512670
 401   12.321660000    0.911448500   -1.377386000
 402   -0.950000000   -0.470550300   -1.091806000
 403   -0.950000000    0.146085400    1.323204000
 404   -0.950000000   -1.118866000   -0.431528300
 405   -0.950000000   -0.752498200    0.417357700
 406    2.722072000    0.211218400    1.817352000
 407    1.516168000   -0.403683500   -1.166509000
 408    8.967423000    0.584768400    0.303199500
 409    2.380062000    0.172840200    0.476485400
 410   10.852880000    1.163095000    0.799258000
 411    3.154478000    0.032060890    0.513816100
 412   21.301020000    1.797276000    0.289033700
 413   -0.950000000   -1.032324000    0.166341200
 414   -0.950000000   -0.709287900    1.856988000
 415    3.647193000   -0.095782650   -1.022724000
 416    3.386828000   -0.423135400   -1.963214000
 417    9.869287000    0.604076300   -0.374058500
 418   21.820820000    1.666365000   -1.604554000
 419   -0.950000000   -0.343226100    1.178136000
 420    7.965483000    0.409004400    0.614500900
 421   -0.950000000   -0.300696600   -0.356446500
 422    8.657279000    0.454210800   -0.750218500
 423   11.630010000    1.005788000   -0.297653700
 424    4.407134000    0.076645870   -0.735379400
 425    1.285864000   -0.159582800    1.626062000
 426    9.043957000    0.607672400   -0.072297980
 427   13.453570000    0.766124700   -0.994113600
 428   -0.950000000   -1.165305000   -1.226196000
 429    8.458894000    0.653076000    0.253954700
 430   16.770400000    1.524536000   -0.459132900
 431    1.805324000   -0.060870620   -0.033149130
 432   -0.326952900    0.207922100    1.329067000
 433   -0.950000000   -0.726652500   -0.421422100
 434   16.756970000    1.034504000   -1.429599000
 435   20.318970000    1.749994000    0.314814300
 436   -0.950000000   -0.189756800    0.125265500
 437   -0.950000000   -0.602421100   -0.401374400
 438    4.906014000    0.562080000   -0.637642000
 439   -0.950000000   -1.301716000   -0.314081700
 440   21.095620000    1.844004000   -1.741299000
 441   14.502170000    1.481116000   -1.263759000
 442    2.593688000    0.276220400   -0.275364000
 443   -0.950000000   -0.389822700   -0.651080000
 444   -0.950000000   -0.603770000    0.187361000
 445   -0.950000000   -1.352345000    0.753385000
 446    0.098417190    0.255409000    0.081965460
 447   -0.950000000   -0.324893000    0.056462570
 448    1.904296000    0.173836900    1.584934000
 449   -0.950000000   -1.748265000    0.481771000
 450   -0.950000000   -0.518442900   -0.171748700
 451   10.496730000    0.848739000   -0.464865300
 452   14.372920000    1.424137000   -0.136610600
 453    0.432644100    0.016488610    0.651412300
 454   -0.950000000   -0.279472300    0.677675000
 455   21.757970000    1.692855000    0.543035100
 456   13.369900000    1.519638000    0.589067000
 457   -0.950000000   -1.508085000   -1.481822000
 458   -0.950000000   -1.283502000    0.994914800
 459    0.309317900   -0.347773900   -0.835858400
 460    0.475365000   -0.186646100   -0.179167800
 461   -0.569776900   -0.434883300   -0.662194400
 462   -0.950000000   -1.194556000    0.273448100
 463    2.167803000    0.200656700    0.586064300
 464    8.405332000    0.873394600   -0.142056000
 465    7.839969000    0.593848800    0.080228580
 466   -0.950000000   -1.243157000   -1.103316000
 467    5.999145000    0.507691400   -0.111410700
 468   16.324510000    1.692753000   -1.622129000
 469   -0.950000000   -1.066664000   -0.059022650
 470   -0.950000000   -0.872453800   -0.484350100
 471    0.870603800    0.153935100   -0.393827100
 472   25.834710000    1.853861000    0.466235200
 473   -0.950000000   -1.793649000    0.454872700
 474   -0.950000000   -1.719945000    0.189171000
 475    3.984020000    0.890689300    0.151462800
 476    4.976226000    0.534008300   -0.018836510
 477   -0.950000000   -1.262059000   -0.123248300
 478    5.814412000    0.871143000    0.366981400
 479    0.568481300    0.072880240   -0.674647800
 480   -0.950000000   -0.251215400    0.564437300
 481   21.324020000    1.628069000   -0.498661900
 482   15.268420000    0.689460600   -0.946657800
 483   -0.950000000   -1.561881000    1.409759000
 484   -0.950000000   -1.150172000    1.043766000
 485    5.840141000   -0.106011900    0.679012500
 486    7.459123000    0.973654900    1.869509000
 487   21.729470000    1.667588000   -0.198205400
 488    3.217088000   -0.404480500   -0.372211700
 489   14.478240000    1.143187000    1.516028000
 490   -0.950000000   -1.498776000    0.972607000
 491    7.586895000   -0.419936900   -1.762364000
 492   26.257940000    1.828241000    0.583326400
 493   24.408370000    1.833972000    0.967505100
 494   14.103940000    0.668325000   -0.341202800
 495   10.945040000    0.630843700    1.156776000
 496   -0.950000000   -1.035782000   -1.617242000
 497    5.207687000    0.290092700   -0.687683200
 498    0.952747100    0.244199200    0.094162270
 499    0.137261400    0.295472500    1.010266000
 500    0.851166900    0.940516900    1.595354000
 501   -0.950000000   -0.716081500    0.547777700
 502    2.086907000    0.059797710   -0.586550500
 503   -0.950000000   -1.233909000   -0.013408050
 504    7.346714000    0.396680900   -0.168303300
 505    5.394591000    0.295044700   -0.995200800
 506   -0.950000000   -0.146574600    1.017231000
 507   -0.950000000   -0.596696000   -0.021266520
 508   -0.778222900   -0.110527400    0.468551000
 509   18.161870000    1.609142000    0.270636200
 510    2.253494000   -0.202511200    1.120510000
 511   -0.950000000   -0.659870800    0.673948900
 512   -0.518735000   -0.327060400    0.229644100
 513    1.471314000    0.294154500    0.935598300
 514    8.947131000    0.621125000    1.170854000
 515   -0.950000000   -1.057094000   -0.736737900
 516   21.577240000    1.557218000   -1.005466000
 517   26.728270000    1.601251000   -0.082914410
 518   11.427910000    1.016316000    0.154224200
 519   -0.950000000   -1.236294000    0.554839200
 520   22.340540000    1.854167000   -1.455519000
 521   16.440240000    1.690688000   -0.003131258
 522   14.687520000    1.143305000    0.625220700
 523    3.040383000   -0.270432800   -0.920417200
 524   10.248430000    0.558538200   -0.463600600
 525    3.707998000    0.561395400    1.025642000
 526   -0.950000000   -0.788352100   -0.169813600
 527   -0.950000000   -0.332108600    1.734463000
 528   -0.950000000    0.207747000    1.141230000
 529   -0.950000000   -1.180108000   -0.592835000
 530    9.474926000    0.993274300   -0.082781690
 531   -0.950000000    0.109341800    0.001178781
 532   -0.950000000   -1.289741000    1.533255000
 533   -0.950000000   -0.423078700    0.594778400
 534   -0.684444200    0.215133400    1.448805000
 535   -0.950000000   -0.821799900    1.077302000
 536   10.847940000    0.672617900   -1.492038000
 537   11.119160000    0.988635600   -0.665753800
 538   -0.950000000   -0.409885900   -1.345625000
 539   -0.950000000   -0.886035900   -1.742311000
 540   17.393500000    1.269745000   -1.065830000
 541   -0.950000000   -0.948595700   -1.592507000
 542   -0.950000000   -0.906884200   -0.619679900
 543   10.745750000    1.175454000    1.205994000
 544   -0.950000000   -0.516767000    1.211639000
 545   -0.950000000   -1.261379000    1.033108000
 546   -0.950000000   -1.488977000   -0.662769400
 547    3.712644000    0.674565500   -0.128640400
 548   22.307200000    1.827186000   -1.736056000
 549    6.778581000    0.563097500   -0.587108800
 550   11.528050000    1.394067000   -0.895348100
 551   -0.950000000   -0.221118900   -0.913491200
 552   -0.950000000    0.416436100    0.562014000
 553   -0.950000000   -0.407302000   -0.749368200
 554   -0.950000000   -0.568705900    0.236001600
 555   -0.950000000   -1.326656000   -0.081292920
 556   -0.950000000   -0.489607500   -0.496020300
 557   -0.950000000   -0.842252400    0.018894610
 558   -0.950000000   -0.026733180    0.709433400
 559   11.053150000    0.929512300   -0.703400900
 560    7.414181000    0.732787400   -1.587870000
 561   19.198980000    1.904537000   -0.182655400
 562   -0.950000000   -0.468665100   -1.912022000
 563   -0.950000000   -0.170760500    1.809583000
 564   -0.950000000   -0.889863100    1.594156000
 565   14.426330000    1.110520000   -1.214654000
 566   14.647990000    1.452480000   -1.594508000
 567   -0.950000000   -0.164495700    0.163584400
 568    5.781287000    0.577032500   -0.782867100
 569    3.016579000    0.458460300    0.263528900
 570   -0.950000000   -0.255047600   -0.726515700
 571   -0.950000000    0.034679200   -0.273115800
 572   -0.950000000   -1.444057000   -0.959843300
 573    9.961717000    0.943168000   -0.945304500
 574   -0.950000000   -0.387402000    0.261649900
 575   -0.950000000   -0.277030400    0.736866300
 576   -0.950000000   -1.818784000   -0.302007700
 577    2.277078000    0.665210500    0.295987800
 578   -0.950000000   -0.273542500   -0.162066900
 579   -0.950000000   -0.636579900   -0.523591100
 580   -0.950000000   -1.753262000    1.771840000
 581   -0.950000000    0.113374900    0.514998300
 582    0.282408900    0.008277379   -0.913528900
 583   -0.950000000   -1.071904000    0.808627800
 584   -0.950000000   -1.521963000    0.195402400
 585    5.361988000    0.826089900   -0.728144800
 586   11.938160000    1.924497000   -0.257605000
 587    6.343326000    0.545616400   -0.008663146
 588    3.986669000    0.198463600    0.403190200
 589    4.623533000    0.215873600   -0.884732800
 590   -0.950000000   -0.327526000    0.285834200
 591   12.665280000    1.206141000   -0.192590200
 592   13.183440000    1.163474000   -1.220317000
 593   -0.950000000    0.182254100    0.995558700
 594   -0.950000000   -0.849065400    1.041153000
 595   18.001950000    1.366572000   -0.007885047
 596   12.742910000    0.878990100   -1.136701000
 597    4.536427000    0.657742000    0.474541900
 598   -0.950000000   -1.499381000   -1.414831000
 599   -0.950000000   -0.294568800    0.264473400
 600   -0.950000000   -0.311228100    0.540256000
 601   -0.950000000   -1.157557000   -1.158857000
 602    2.566196000    0.730515300    0.862147900
 603   -0.950000000   -1.529888000    0.189513200
 604   -0.950000000   -0.971139300   -0.565764800
 605   -0.950000000   -1.799108000    0.579310300
 606   -0.693157600   -0.176717200   -0.857165300
 607   19.251840000    1.907494000    1.627355000
 608   -0.950000000   -0.247452200    0.341521300
 609   16.663640000    1.717610000    0.162191900
 610    7.389106000    0.460825600   -1.149572000
 611   -0.950000000   -0.924679100   -0.640351400
 612    3.961245000    0.305557100   -0.626895600
 613   -0.950000000    0.002922478    0.383921800
 614   16.017020000    1.452534000   -1.912967000
 615    1.710797000    0.379840900    0.445331100
 616   -0.950000000   -0.521804000   -0.433254800
 617   20.938650000    1.930846000   -0.810903700
 618   -0.706506700   -0.245005100    0.146388500
 619    8.013727000    0.836534500    1.153500000
 620    8.055885000    1.009827000    1.562179000
 621   18.964230000    1.262422000   -0.566835700
 622    9.795327000    0.399590200   -1.436996000
 623    1.828244000   -0.145228000   -0.625937200
 624    8.701364000    0.664075700    0.328909900
 625   12.303350000    1.599629000    0.349806200
 626   -0.950000000   -0.811897900   -0.839850600
 627   -0.950000000   -0.100309600    1.380441000
 628   -0.950000000   -1.349468000   -0.225152700
 629   -0.950000000   -0.822991000   -1.835121000
 630   -0.950000000   -0.488951800    1.132970000
 631    1.081124000   -0.073114080   -0.862302500
 632   -0.950000000   -1.302518000   -0.529714500
 633   -0.950000000   -0.765027700    0.030933540
 634   -0.950000000   -0.561217200    1.138053000
 635    5.945771000    0.640694900    0.265885900
 636    3.982657000    0.125997700   -0.934244300
 637   -0.950000000   -0.076154430    1.666314000
 638    8.724989000    0.900037500    1.142181000
 639    1.497408000    0.081562440   -0.401207900
 640   -0.950000000   -1.176771000    1.546353000
 641   -0.950000000   -0.915741100    0.764905200
 642   16.763000000    1.541563000    0.149805600
 643   -0.950000000   -0.776114400    0.490127100
 644   -0.950000000   -0.683698100   -0.678242000
 645    2.800962000    0.166668600   -0.590256600
 646   -0.950000000   -0.509049400    0.543231300
 647   -0.950000000   -1.745314000   -0.611216200
 648   -0.950000000   -0.529324300   -1.252429000
 649    0.063076500    0.054698010   -0.283192500
 650   -0.950000000   -0.462402600   -0.018128570
 651    4.303942000    1.067498000    1.542593000
 652   -0.950000000   -0.151761000    0.571760900
 653   16.621050000    1.370305000   -1.601908000
 654   -0.950000000   -0.357617900   -0.385329600
 655    0.280400400    0.560931300    0.399765600
 656   -0.950000000    0.079863160   -0.623873300
 657    2.699590000    0.344321300   -0.480923400
 658    3.074183000    0.587560200   -0.984880800
 659   -0.950000000   -0.257299900   -1.264085000
 660    0.451503700    0.185546700   -0.742341100
 661    5.924528000    0.177943500   -0.636773300
 662    3.555224000   -0.107551800   -0.253259000
 663    2.354925000   -0.399782900   -0.999033300
 664   -0.950000000   -0.460845100    0.197911600
 665    6.738308000    0.207593000    0.330357000
 666   -0.950000000   -0.431291700    0.418314000
 667    5.782665000    0.368876900    0.052155510
 668   -0.950000000   -0.350066400    1.190920000
 669    3.688727000   -0.231922200   -0.571285500
 670   15.143600000    0.907595700   -0.789620800
 671   23.689620000    1.902248000    0.923438600
 672   14.778240000    1.300011000    0.040294390
 673    3.429537000    0.513564800    1.038131000
 674    3.668782000    0.247627700    0.544187600
 675   -0.950000000   -0.779532600    1.202327000
 676    0.989913700    0.248022600   -1.604954000
 677    4.308520000    0.235758400   -0.582710200
 678   -0.950000000   -0.507446800   -0.515278400
 679    6.658337000    1.065939000    1.128393000
 680   -0.950000000   -0.571119600   -0.939943700
 681   25.911300000    1.882912000    0.483635700
 682    2.569961000    0.325015000    0.119093300
 683    0.668613400    0.178914700    0.585613000
 684   -0.950000000   -0.775426800    0.378089700
 685   -0.950000000   -0.915286400    0.137885900
 686   -0.950000000   -0.331999800   -0.833443600
 687   -0.950000000   -1.153595000   -0.840573500
 688   -0.950000000    0.333233800    1.792882000
 689    3.709702000    0.253230500   -0.445344200
 690   -0.950000000   -0.324463600   -0.519886500
 691    4.893888000    0.219623300   -0.468053400
 692    2.262017000   -0.074666780   -0.969371200
 693   -0.869691700   -0.405791000   -0.137554000
 694    3.295680000    0.215145500    0.252660800
 695    8.460536000    0.872143600   -0.102056800
 696    7.454395000    1.015101000    0.374240000
 697   -0.950000000   -1.391538000    0.075910030
 698   10.305350000    0.843721400   -1.293093000
 699   -0.950000000   -0.380507700    0.047684170
 700   -0.950000000   -0.345774800    0.448669700
 701   18.953630000    1.976917000    0.055305250
 702    6.598462000    0.614718500    0.196808900
 703    3.561742000    0.245216400    0.412780500
 704   -0.950000000   -1.113036000   -1.841448000
 705   -0.901713200   -0.304965500   -0.172556700
 706    9.009065000    0.471985700    0.090557510
 707    7.051373000    0.391918600   -0.187861400
 708    5.139387000    0.410985900    0.682880600
 709    5.886319000    0.404580200    0.489878100
 710    9.418042000    0.596287700    0.453891600
 711   21.500690000    1.661058000    1.016251000
 712   -0.950000000   -0.549781600    0.198120500
 713    0.084868900   -0.457617700    0.065305910
 714   10.552450000    0.959239400    0.571397600
 715   11.185690000    0.706984400    0.783961700
 716   -0.950000000   -0.449236000    1.146034000
 717    6.858309000    0.045453260   -1.353709000
 718    7.638447000    0.473951700   -0.429397100
 719   -0.172330000   -0.436324600   -0.186132700
 720   12.701990000    1.174094000   -0.543234800
 721    8.917104000    0.757802900    0.314430200
 722   10.887270000    0.816138400    0.561564000
 723   23.096000000    1.726321000    0.464752200
 724   -0.950000000   -0.910942000    0.770808700
 725    1.946270000    0.676776100    1.354961000
 726    4.937228000   -0.009112815   -1.384473000
 727    6.263688000    0.151853700   -0.972350500
 728   -0.944511000   -0.248339100    1.844145000
 729   -0.950000000   -1.041921000   -0.161764700
 730   -0.950000000   -1.529799000   -1.250533000
 731   14.497250000    1.064259000    0.019475490
 732   -0.950000000   -0.574310900    0.480341900
 733    3.023617000    0.557456600    1.046771000
 734    9.790016000    0.614308900   -0.801966500
 735    1.680000000   -0.245039300   -1.150578000
 736   -0.950000000   -0.374637100    0.345839300
 737   -0.950000000    0.337143900    1.505252000
 738    0.544585500   -0.394229000    0.193913900
 739   11.179070000    0.772921200    0.100279900
 740    2.533647000   -0.001921777    1.239527000
 741   16.221500000    1.067952000   -0.882068200
 742    2.535563000   -0.442482400   -0.868225500
 743   20.293850000    1.493346000    0.057024400
 744   30.706040000    1.914718000   -1.292782000
 745    1.666990000   -0.174206200    0.056888620
 746    8.678618000    0.431740900   -0.586001300
 747    4.054530000    1.232582000    1.681130000
 748    4.830763000   -0.007711641   -0.200753800
 749   -0.950000000   -0.727064800   -0.533781300
 750   17.845080000    1.412156000   -0.148075100
 751   -0.950000000   -0.822968200   -1.273920000
 752   15.279520000    1.229630000   -0.414146000
 753    7.952493000    1.082407000    0.274549800
 754   18.657720000    1.355912000    0.959528700
 755    7.804929000    0.826755000   -0.505933600
 756   -0.950000000   -1.149558000    0.507785700
 757   16.119940000    1.632330000    0.254789500
 758   -0.756435800   -0.365471000   -1.341791000
 759   -0.950000000   -0.465032500   -0.981036500
 760    8.837347000    0.790551800   -0.168714700
 761   13.121880000    1.564550000   -0.345690600
 762   -0.950000000   -1.450695000    0.269438700
 763   -0.950000000   -0.520994000   -0.630325400
 764   17.777710000    1.434420000   -1.272399000
 765    6.413259000    0.134931700   -1.898783000
 766   -0.950000000   -0.963623100   -0.912511500
 767    4.932653000    0.432076200    0.059173090
 768    2.450089000   -0.133326900   -1.427290000
 769   -0.950000000   -1.127640000    0.858945400
 770   10.708550000    1.106077000   -0.261715400
 771    2.512116000    0.094593720   -0.368198000
 772   -0.950000000   -1.251233000    0.894809900
 773   -0.950000000   -0.945490600   -0.677634800
 774    4.445327000    0.234410300   -0.793010400
 775   14.393160000    1.339915000   -0.663258900
 776    0.053655560   -0.404620300   -1.543650000
 777    3.151528000    0.537304700    0.981521100
 778    7.308621000    0.709624100   -0.064736500
 779   -0.950000000   -0.143512600    0.781848000
 780   -0.950000000   -0.232856300    0.613317800
 781   13.987720000    0.809854700   -1.199861000
 782    0.691746700    0.360039200    1.395758000
 783   -0.950000000   -1.981002000   -0.978141500
 784    4.413402000    0.216766800    1.939166000
 785   -0.950000000   -0.369347000    0.387456200
 786    3.157498000    0.224958700    0.212291100
 787    8.411378000    0.407694900   -1.275464000
 788   15.016740000    1.357040000   -0.143249500
 789   -0.950000000   -1.130983000    0.631058000
 790   10.015480000    1.024008000    0.232843500
 791   -0.950000000   -1.057261000    0.993986200
 792    1.896033000   -0.067605900    0.145753000
 793    2.889497000    0.316743900    0.877987500
 794   25.551790000    1.459931000   -0.064167000
 795   -0.950000000   -1.572644000    1.109679000
 796    4.294989000    0.090729220   -0.955994100
 797   -0.950000000   -0.195777500    1.356894000
 798    6.397845000    0.435616200    0.001781727
 799    1.153106000    0.006099937    0.043506360
 800   -0.017578690   -0.264023400   -1.023163000
 801   -0.950000000   -0.669536300   -0.044283020
 802    7.577565000    0.532862900    1.772656000
 803   -0.950000000   -1.445131000   -0.413017600
 804   -0.297945000   -0.257955200   -0.526064600
 805   -0.950000000   -0.675797800   -0.753468300
 806    1.770782000    1.087065000    1.799543000
 807   -0.950000000   -0.529285300    1.291165000
 808   -0.950000000   -1.058108000   -0.048297360
 809   10.864940000    0.803582600   -1.047739000
 810    9.275264000    0.915564700    0.265855900
 811    2.267897000    0.438444800   -0.391123700
 812   -0.950000000   -0.855611000    0.090732170
 813   -0.950000000   -1.006840000    0.238055600
 814   -0.950000000   -1.048289000    0.672136600
 815   -0.891890000   -0.018780270   -1.798150000
 816    2.576400000    0.655988800    0.218153300
 817   -0.950000000   -0.243539300   -0.609634900
 818   -0.950000000    0.028699160    0.231855000
 819    7.214626000    0.725482900   -1.735284000
 820   -0.950000000   -0.393587500    1.437613000
 821   -0.950000000   -0.831047800   -1.634710000
 822   -0.950000000   -1.272502000    0.734659700
 823   -0.950000000   -0.385002700    0.652845500
 824   -0.950000000   -1.355609000   -0.953567800
 825   -0.950000000   -0.750266600    0.601300200
 826   -0.950000000   -0.639979500   -0.052834930
 827   -0.950000000    0.059888990    0.699140900
 828   -0.950000000    0.062638390    0.314646600
 829   -0.950000000   -0.303574400    0.182813300
 830   -0.950000000   -0.233609200   -0.185668800
 831   -0.950000000   -0.970261900   -0.440828000
 832   -0.950000000   -0.585846800    0.060717910
 833   -0.950000000   -1.133234000    0.480365100
 834   -0.950000000   -1.753832000    0.355018200
 835   -0.950000000   -1.949564000   -0.220570900
 836   -0.950000000   -0.936421700   -0.894422400
 837   -0.950000000    0.018291260    0.768880300
 838    3.416697000    0.828616000   -0.579210100
 839    0.111855700    0.029756950   -1.931966000
 840    6.673295000    1.055051000    0.457707900
 841   -0.687203800   -0.383190600   -0.764252700
 842   -0.950000000   -0.503110700   -1.070482000
 843    6.725210000    0.445963200   -0.130961600
 844    7.473601000    0.673031800   -0.368060800
 845    9.226484000    0.924658400   -0.293952000
 846    9.407009000    0.596022400    0.176040800
 847   13.696300000    1.331661000   -1.917304000
 848    0.517554900   -0.056799220    0.181069900
 849   -0.950000000   -0.371242500   -0.088725910
 850    5.418720000    0.405541800    0.082432520
 851   12.795620000    1.294747000   -0.488678100
 852   10.261030000    0.973899300   -0.387122900
 853   -0.950000000   -1.033506000   -0.800903100
 854    1.852383000    0.023999220   -0.076919630
 855   -0.950000000   -1.138957000    0.869501800
 856   -0.950000000   -0.368261800   -1.681508000
 857   -0.950000000   -0.105067900    0.455370300
 858   -0.950000000   -0.636229600   -1.058289000
 859   -0.950000000   -0.961113400   -0.727402900
 860   -0.950000000   -1.643151000   -0.245348900
 861   -0.950000000    0.112572800    0.480175900
 862   -0.950000000   -1.483439000   -0.318489700
 863   -0.950000000   -1.086194000   -0.386327400
 864    5.396224000    0.504927300   -0.700383000
 865    4.475998000    0.827912700    0.213481600
 866   -0.950000000    0.236443400    1.130738000
 867   -0.950000000    0.304856200    0.099783670
 868    7.512996000    0.823239100   -0.413337600
 869   15.856220000    1.887633000   -0.097216990
 870   13.106380000    1.352356000   -0.452325300
 871   19.463650000    1.312114000   -0.996452600
 872   -0.950000000   -1.365290000   -0.983966100
 873   -0.950000000   -0.809855000    0.495601700
 874   20.399910000    1.486040000   -0.564406700
 875    1.304817000    0.410031100    1.794560000
 876    7.107419000    0.226183100    0.048576380
 877   -0.950000000   -1.014241000    0.003268438
 878    6.302021000    0.145119900   -0.347601700
 879    6.409081000    0.218720100    0.625837300
 880   13.487240000    0.849718400   -0.301822200
 881   17.059970000    0.687072600   -1.196751000
 882    2.965574000   -0.014347350    0.616051700
 883   -0.950000000   -0.519172600    1.844594000
 884    1.594994000   -0.403186100   -0.427340400
 885   14.624420000    0.975180800    0.236655400
 886   17.083960000    1.323618000   -0.692868200
 887   10.956360000    1.022177000    1.816951000
 888    8.240777000    0.506558700    0.406585000
 889    7.235533000    0.453638000   -0.408621100
 890    1.315206000   -0.274148400   -0.568576200
 891    3.413686000   -0.142830300   -1.424281000
 892   -0.950000000   -0.648653400    0.018375840
 893    7.958841000    0.495174400    0.167198700
 894   11.640130000    0.648522000   -0.893811100
 895    4.384977000    0.012169370   -1.159441000
 896    6.969737000    0.639161600    0.611904200
 897   11.099710000    0.741258900   -0.719907200
 898   16.024730000    1.392200000   -0.331322200
 899   -0.950000000   -0.471358900    0.269633800
 900   15.950560000    1.130140000   -0.409649000
 901   -0.950000000   -1.631508000   -0.728292700
 902   -0.950000000    0.068794720    1.439063000
 903    8.206729000    0.849866100   -0.883352400
 904   -0.102879600   -0.083102270   -0.228705000
 905    6.070903000    0.584578500   -0.518509100
 906   -0.950000000   -0.312985800    1.790298000
 907   -0.950000000   -0.202511600   -0.521071600
 908    0.757102600    0.070267050   -1.110945000
 909    2.300639000    0.386453700    0.288913300
 910   23.186270000    1.856517000   -0.922401400
 911    0.141483600   -0.032898360   -0.845491800
 912   11.643140000    1.323747000   -0.712039600
 913   -0.950000000   -1.151609000   -0.866441000
 914    6.677775000    0.327918500    1.493021000
 915   -0.950000000   -0.643959200   -0.531322000
 916   10.276200000    0.690090300    1.589761000
 917    6.032563000    0.463002600   -0.400851000
 918   -0.950000000   -0.526268900   -0.873220800
 919   -0.950000000   -1.282893000    0.793228800
 920   -0.950000000   -0.348336800   -0.107448900
 921   -0.779329900   -0.258987900   -0.890744000
 922   -0.950000000   -0.513743300    0.330447100
 923   10.488190000    0.718181900   -0.703932800
 924    0.845059300    0.016462590    0.301677200
 925   -0.950000000   -1.049779000    1.780999000
 926    0.812835100    0.196173300    0.243491600
 927   -0.950000000   -0.578783700    0.046413980
 928    7.083626000    0.641554700   -0.492325400
 929   -0.950000000   -0.736234300   -0.533784300
 930   12.438790000    1.710546000    0.546289900
 931   -0.950000000   -0.907282800   -0.606676600
 932    2.908085000    0.455350300   -1.271816000
 933    8.465516000    1.264392000    0.714851000
 934   -0.950000000   -0.462712200   -0.969100800
 935    5.392661000    1.139542000   -0.137259900
 936   -0.950000000   -0.438841100   -0.873666700
 937   -0.950000000   -0.015543010    0.288058800
 938   -0.950000000   -0.667476800   -0.160487700
 939    3.539144000    0.709930000    0.302198400
 940   18.401600000    1.720920000   -1.068159000
 941   -0.950000000   -0.969744200   -1.616441000
 942    1.408137000    0.197053200   -0.075242500
 943   -0.950000000   -1.063999000   -0.003896372
 944   -0.950000000   -0.111466500   -1.099655000
 945   -0.950000000   -0.241123200   -0.556415800
 946    1.882360000    0.099351630    0.277562600
 947    1.034442000   -0.166408000   -0.347370500
 948    8.933309000    0.795411100    1.594143000
 949   -0.950000000   -1.153072000    0.129149200
 950    3.122086000    0.602419900    1.200436000
 951    4.466417000   -0.017226550   -0.506754400
 952   -0.950000000   -0.940372300   -0.455812000
 953   13.500720000    0.775335900   -0.465952000
 954    0.736529200   -0.089428610   -0.436612900
 955   12.791890000    1.535199000    1.329829000
 956   -0.950000000   -0.319490100   -0.075656380
 957    2.481553000    0.090121610   -0.189351000
 958   20.806360000    1.541352000   -0.744230700
 959    3.191276000   -0.066129000    1.137024000
 960   -0.950000000   -0.275124900   -0.178110500
 961   -0.950000000   -0.814325000   -0.022720910
 962    8.763523000    0.876819400   -1.345127000
 963    3.104571000    1.082178000    1.066593000
 964   -0.950000000   -0.572568000   -1.437547000
 965   -0.950000000    0.184540000   -0.048721070
 966   -0.950000000   -0.105485400    0.343833300
 967   -0.950000000   -1.620664000    0.384989800
 968   -0.950000000   -0.484887700    1.234008000
 969   -0.950000000   -0.450432400   -0.508666200
 970   -0.950000000   -0.605064400    0.327582600
 971   -0.950000000   -0.891251800   -1.775132000
 972   -0.950000000   -0.314828000   -0.518494300
 973   -0.950000000   -1.505811000    1.282780000
 974   -0.950000000   -0.015788260   -1.390076000
 975   -0.950000000   -0.998867000   -0.431526100
 976   -0.950000000   -0.629661400    1.198776000
 977   -0.950000000    0.079327980   -0.449341900
 978    0.605093000    0.172687100   -1.588508000
 979   -0.950000000   -1.831299000   -0.911166700
 980   -0.950000000    0.307483700    0.872200300
 981   -0.769273500    0.395205200   -1.237175000
 982   -0.950000000   -1.771345000    0.100898300
 983   -0.950000000   -0.936436700   -0.297522700
 984   -0.950000000   -0.546588500   -1.174275000
 985   -0.950000000   -0.233912700   -0.894122600
 986   -0.950000000   -0.363740200   -0.038885420
 987   -0.950000000   -0.896354100   -0.637652200
 988   -0.950000000   -1.145304000   -0.830468200
 989   -0.950000000   -0.776706900   -0.449869300
 990    3.111598000    1.295490000   -0.459516000
 991   -0.950000000   -0.355490300    0.690845100
 992   19.153270000    1.509961000   -0.405967400
 993   -0.950000000   -0.900563500   -0.967521900
 994    0.973336200    0.463459600    1.103568000
 995    2.144589000    0.098898760   -1.450590000
 996   -0.950000000   -0.945519700    0.165212000
 997   -0.950000000   -0.903373500   -0.057113710
 998   16.306000000    1.693141000    0.734358700
 999    8.848035000    0.654760300    0.037357920
1000    2.351312000    0.105033100   -0.189862300
1001    0.380752000   -0.179872200   -1.247209000
1002    2.890667000    0.241004800   -0.210044700
1003   -0.950000000   -0.350381300    0.896846900
1004    2.262700000    0.133358700   -0.179665200
1005   -0.950000000   -0.867661700    0.950455400
1006    9.304661000    0.708195900   -0.090606150
1007    0.032339360   -0.545186600   -1.609188000
1008    4.408302000    0.630008000   -0.378161000
1009    7.751528000    0.783174000   -0.781528700
1010   -0.146453500    0.190034200    0.580112400
1011   17.562200000    1.985619000    1.849952000
1012   -0.950000000   -0.531971900    0.552568600
1013   -0.950000000   -1.272399000    0.379445200
1014   -0.950000000   -0.336159800   -0.478747000
1015   -0.950000000   -1.675181000    0.589370200
1016   15.345450000    1.347732000    0.054675270
1017    1.816683000    0.316704100    0.012799100
1018   -0.950000000   -0.999939500    0.949932800
1019   -0.950000000   -0.817842600    0.221142600
1020    8.621256000    1.062362000    0.230944500
1021   -0.950000000   -1.872034000   -0.084220730
1022   -0.950000000   -0.986939800   -0.103444600
1023   -0.950000000   -0.801314200    0.542709300
1024   -0.950000000   -0.245868100    0.675802700
1025    1.727895000    0.960656400    1.033834000
1026   -0.950000000    0.079068850    0.544890800
1027   -0.950000000    0.108819800    0.320815500
1028   11.345950000    1.052969000   -0.250049100
1029    8.190602000    1.106933000   -0.231001600
1030   -0.950000000   -0.110404100   -0.754163900
1031   -0.950000000   -0.526836000   -1.407301000
1032   -0.950000000   -1.321661000   -1.353786000
1033   -0.950000000   -0.325156900   -0.944500100
1034   -0.950000000   -1.076101000    0.187196200
1035    6.667759000    0.376619000   -1.624816000
1036   -0.950000000    0.846638100    1.213687000
1037   -0.950000000   -0.531204300    1.096459000
1038   -0.950000000   -0.213292600    0.048910280
1039   -0.950000000   -0.071692890   -0.843755200
1040   -0.950000000   -1.791326000    0.054903410
1041    6.167832000    0.665560600   -0.525568200
1042   -0.950000000   -1.584535000    0.145616300
1043   -0.950000000    0.010058640   -0.313546000
1044   -0.950000000   -0.084709360    0.623089200
1045   -0.950000000   -1.924053000   -0.152925000
1046   -0.950000000   -1.120543000   -0.637560700
1047   -0.950000000   -0.770685600    0.064156150
1048   -0.950000000    0.226121600    1.930962000
1049   -0.950000000    0.391431200    0.403521200
1050   -0.950000000   -0.740841600   -0.607747300
1051   -0.950000000   -0.400959100   -0.050175780
1052   -0.950000000   -1.611075000    0.005473244
1053    5.366612000    0.586020900    0.309042900
1054   -0.950000000   -0.765778500    1.650839000
1055    8.276457000    0.502873600   -1.022042000
1056    0.495125200    0.128000100   -0.212860000
1057    5.701752000    0.536064100   -1.265125000
1058    0.936129600    0.374825600    0.596036900
1059   14.543370000    1.780891000   -1.052729000
1060   -0.950000000   -1.230009000    1.628186000
1061    3.466362000   -0.003324407   -1.746409000
1062    4.048247000    0.454545800    0.386697100
1063   -0.338429900    0.241720300    0.620467600
1064   -0.950000000   -0.410732300   -0.494500200
1065   19.455930000    1.739032000   -0.216034700
1066   -0.950000000   -0.004609867    0.261903700
1067    6.219580000    0.541028800    1.191188000
1068   -0.950000000   -0.395932000    0.123952700
1069    9.843906000    0.805312700   -0.346684400
1070    7.907688000    0.794193000    0.067538550
1071   -0.950000000   -1.180341000    0.370455000
1072    8.883466000    0.924450800    1.634242000
1073   -0.950000000   -0.932012500   -0.628030800
1074   -0.950000000   -0.361094600   -0.908892100
1075   -0.950000000   -0.898934200   -0.546070800
1076   -0.950000000   -0.941267000   -0.285911800
1077    2.422776000    0.106790500    0.030167700
1078   -0.950000000    0.002866342    1.636775000
1079    1.062659000    0.158975600    0.724229500
1080    4.034398000    0.260927000   -0.832060300
1081   -0.950000000   -0.949628600   -0.247202700
1082   -0.950000000   -0.475404100    1.041486000
1083   -0.950000000   -1.736440000   -0.759646300
1084   -0.950000000   -0.395239800    0.370475500
1085   -0.950000000   -0.553291400    0.015196440
1086    0.059529980    0.436106400   -0.000942295
1087   -0.950000000   -0.291241200   -0.202107900
1088   -0.950000000   -0.311549500    0.366714900
1089   13.404700000    1.656945000   -1.556111000
1090   -0.950000000   -1.198193000    0.325704100
1091   -0.950000000    0.371828000    1.067685000
1092   -0.950000000   -0.427933800   -0.274687100
1093   -0.950000000   -1.974299000   -1.716464000
1094   -0.950000000   -0.177615800    0.775759100
1095    4.846018000    0.923692100    0.273047700
1096    5.676399000    0.265296200   -1.029889000
1097   18.981940000    1.581147000    0.055493410
1098   11.278280000    1.253019000   -0.147344500
1099   -0.950000000   -0.180409600   -0.237775300
1100   -0.950000000   -1.406336000    0.361335700
1101    7.047149000    0.668176400    0.112044200
1102   -0.950000000   -0.493310300   -1.527240000
1103   -0.950000000   -0.213038800    1.613268000
1104   -0.950000000   -1.176072000   -0.368320200
1105   -0.950000000   -0.934559100    0.751349500
1106   20.576060000    1.624699000    0.293068000
1107   11.597920000    0.780142000    0.769465800
1108   -0.950000000   -1.628500000   -1.234757000
1109   -0.950000000   -0.228038200    1.157227000
1110   -0.621460900    0.214640100    0.518354700
1111   -0.950000000   -0.268779300   -0.026989840
1112   -0.950000000   -1.506254000    1.041018000
1113    4.055930000    0.534010900    0.229826200
1114   -0.950000000   -0.657779000    0.366261600
1115   -0.950000000   -0.538640700   -0.242365500
1116   -0.950000000   -1.754119000    0.108738700
1117   -0.950000000   -0.572042100    0.148579100
1118    3.041464000    0.115930500   -1.800941000
1119   -0.950000000   -0.550043500   -0.510092300
1120   -0.950000000   -0.972005300   -0.477762500
1121   -0.950000000   -0.129363900    1.221892000
1122    7.249038000    1.010807000    0.320783100
1123   10.548170000    1.182434000    1.283690000
1124    1.947446000    0.155428300   -0.645814600
1125    4.753959000    0.565163600    0.750210400
1126    3.027826000    0.526972000    0.445787700
1127    4.127221000    0.872915600    0.286079900
1128   -0.950000000   -0.738999300    0.469052200
1129   -0.903133900    0.170983500    0.752012000
1130   17.622300000    1.986864000    0.144663300
1131   11.555080000    0.962579600   -0.308743700
1132   -0.950000000   -0.615963200    1.200789000
1133    3.253354000    0.367001000   -0.056994940
1134   -0.950000000   -0.561292900    1.277479000
1135   -0.950000000   -1.310819000    0.128505600
1136   -0.950000000   -0.178418200    0.098810950
1137    1.742548000    0.095108030   -0.156344800
1138    3.342277000    0.354361400   -0.224826000
1139   -0.950000000   -0.780544900   -1.616253000
1140    1.310637000   -0.048762280   -0.555060800
1141   -0.950000000   -0.853423200   -0.422252000
1142   18.991850000    1.576725000    0.947965200
1143   11.204410000    1.414327000    0.480717000
1144   -0.950000000   -1.826760000    0.416062600
1145    4.321723000    0.070076980   -0.887656200
1146   -0.950000000   -0.718982200   -1.890155000
1147   -0.662909700   -0.217797600   -0.535740600
1148   -0.950000000   -0.850931300   -0.369844800
1149   -0.950000000   -0.074394360    1.862429000
1150   -0.950000000   -0.553057100    0.156853900
1151   -0.950000000   -0.945066300    1.521065000
1152   11.328280000    0.779741500    0.076051930
1153   -0.950000000   -1.158384000    1.493103000
1154   -0.950000000   -0.812089700    0.473156700
1155   -0.950000000   -0.972826200    0.957318900
1156   -0.950000000   -1.177642000    0.042985310
1157    2.132643000    0.212473900    1.085079000
1158    3.466781000    0.723613100    0.819596300
1159   -0.950000000   -0.085280790    0.942818900
1160   18.339070000    1.658858000   -1.155074000
1161   -0.451882900   -0.437695000   -1.965280000
1162    0.164031800   -0.340132400   -1.622141000
1163    1.706482000    0.252986600    0.063441880
1164   -0.950000000   -0.517103500   -0.609148800
1165   -0.950000000   -1.205412000   -0.488791800
1166    0.252126500    0.022405870   -0.262474500
1167    6.363485000    0.123965500   -1.150347000
1168   -0.950000000   -0.593772100    1.044245000
1169   -0.950000000    0.003526919    0.349809600
1170   -0.950000000   -0.076985680    1.844382000
1171    6.391561000    0.421410000   -0.136531100
1172   16.026090000    1.274078000   -1.058173000
1173   10.676730000    0.830610400    0.376355900
1174   -0.950000000   -1.371050000    0.512324800
1175   -0.950000000   -1.342990000    0.368538000
1176   -0.950000000   -0.007135162    0.826092800
1177   -0.950000000   -1.690423000    1.665276000
1178   -0.950000000   -0.231691400    0.407002900
1179    6.570880000    0.468713600   -1.334355000
1180   -0.392822500    0.054558570    0.655956900
1181   -0.950000000   -1.281948000   -0.308803700
1182    3.952371000    0.227485100   -0.456944600
1183   -0.950000000   -1.091860000   -0.196885900
1184    7.441797000    0.746484700    1.078447000
1185    6.618505000    0.706404200    0.442661800
1186   -0.950000000   -1.748919000    0.373512000
1187   -0.033914940   -0.083734120   -1.150825000
1188   -0.950000000   -1.279020000   -0.527656000
1189    6.191339000    0.546597500   -1.725834000
1190   -0.950000000   -0.672390400    1.038574000
1191   -0.126892300    0.510632700   -0.005063712
1192   -0.950000000   -0.600086600   -0.778353500
1193   10.775760000    1.101459000    1.538132000
1194   -0.950000000   -0.454999500    0.660619800
1195   -0.950000000   -1.530542000    1.405871000
1196    6.533895000    0.320677100   -1.298994000
1197   -0.950000000   -1.146449000    0.152943500
1198    5.167978000    0.818073500    0.497168700
1199   -0.950000000   -0.119279900   -0.023317960
1200   -0.950000000   -0.832824900   -0.970257400
1201    9.779191000    0.599594000   -0.450563900
1202   -0.950000000   -0.806771500    0.903803800
1203   -0.950000000   -0.368231700    0.475048100
1204   -0.950000000   -0.661446900    1.454490000
1205   18.694980000    1.785628000    0.574394600
1206   11.667290000    0.680431800    0.631742300
1207   -0.950000000   -0.439115100    1.165358000
1208   10.468920000    0.713444400   -0.477922500
1209    3.453294000   -0.245674600   -0.463964700
1210   12.498230000    1.018975000    0.611555200
1211   -0.950000000   -0.914523600   -0.585412900
1212    0.367028800   -0.394708700   -0.480856400
1213   12.131290000    1.112305000    0.864372800
1214    6.271326000    0.410263300    0.210350100
1215   10.229810000    0.325469200   -0.760383800
1216   -0.950000000   -0.754628800    0.948406300
1217   10.495860000    1.229981000    0.209583900
1218   -0.950000000   -0.635132100   -1.053672000
1219   -0.950000000   -0.987788500   -0.765801900
1220   -0.950000000   -1.357617000    0.395169800
1221   -0.950000000   -1.173644000   -0.677636100
1222    0.797118700    0.118829800   -0.183510400
1223    1.637817000    0.039599120   -1.301149000
1224   -0.950000000   -1.478539000    0.500268200
1225   -0.950000000   -0.593170000   -0.025749120
1226    9.344042000    1.192491000    0.995087600
1227   21.310380000    1.787019000   -1.201107000
1228   -0.950000000   -0.508872900   -0.660949900
1229    4.382646000    0.535383700   -1.432165000
1230    8.601676000    0.966711000    1.046710000
1231   -0.950000000   -1.291194000    0.758674400
1232   -0.950000000   -1.676707000    0.631049300
1233   14.068400000    0.956341500   -1.630668000
1234    4.304922000    0.539935900    0.722660800
1235   -0.950000000    0.001011620    1.189791000
1236   -0.950000000   -1.006750000   -0.029219780
1237   21.038380000    1.658869000    0.763836900
1238   -0.950000000   -1.571783000   -0.986837300
1239   -0.809151900   -0.124245900   -0.495899100
1240    9.243309000    0.996297500   -0.476757000
1241   -0.950000000   -0.771484800   -0.323228800
1242    3.193946000    0.411448700    0.822724000
1243   14.822270000    0.997507500   -0.673873800
1244   -0.950000000   -0.512477700    0.064771560
1245   -0.950000000   -0.150603100   -0.418720600
1246    6.249697000    0.185119400   -0.518314500
1247    2.020141000   -0.304015400   -0.220732800
1248   16.861660000    1.500931000   -0.241150900
1249   10.889810000    1.098678000   -0.309335800
1250    4.516091000    0.099008590   -0.716714700
1251    8.771522000    0.649938600    0.543678700
1252    6.939900000    0.503710700    0.883538100
1253   10.197530000    0.641054900   -0.232054300
1254   16.120630000    1.081540000    0.505432000
1255   18.886370000    1.292495000   -0.375055200
1256    0.509326400   -0.318187100   -0.084511100
1257    5.374243000   -0.084137830   -1.526367000
1258   20.384540000    1.239607000   -1.275315000
1259    8.141072000    0.526093000    1.015386000
1260    6.381649000    0.609745300    0.515100900
1261    8.976547000    0.952089000   -0.592338700
1262   -0.950000000   -0.633816100   -0.590644100
1263   -0.950000000   -0.856062100    0.250435900
1264   -0.950000000    0.290767600    0.758863700
1265   -0.950000000   -0.936835200   -0.904412700
1266   -0.950000000   -0.517873200    0.653248600
1267   -0.950000000   -0.588171600    0.926726100
1268    6.009436000    0.762307800    0.444940900
1269    0.400670500   -0.031595040   -1.226334000
1270   -0.950000000   -1.178307000    1.216997000
1271   -0.950000000   -1.632610000    1.506735000
1272   10.639610000    1.333570000   -0.989000800
1273   13.097900000    1.374060000    1.955991000
1274   -0.950000000   -0.470962000   -0.903909100
1275   -0.950000000   -1.452364000   -0.110667100
1276   -0.309226000   -0.260910300   -0.303392200
1277    6.699445000    0.456561000   -1.169791000
1278    9.956703000    0.832457500    0.819407100
1279   13.112840000    0.800616300   -0.344813600
1280   11.727880000    1.588807000    1.032062000
1281   -0.950000000   -1.377720000    0.462496900
1282    5.023005000    0.336783700    0.256617800
1283   -0.950000000   -0.107716300    1.490345000
1284   -0.814133100   -0.408500900   -0.921638000
1285   -0.950000000   -0.196839500    0.706108400
1286    4.659722000    0.181670100    0.801015700
1287   -0.950000000   -1.082147000   -0.200793300
1288    3.276891000    0.087019770   -0.725985400
1289   -0.950000000   -1.087439000    1.027460000
1290   -0.569445300   -0.327520500   -0.279770200
1291   25.228950000    1.400243000   -0.041792600
1292    7.391836000    0.334827100   -0.026092310
1293   -0.950000000   -1.552320000    0.151149700
1294   16.307870000    1.132836000    0.250800100
1295   16.095990000    0.883656700   -0.376904500
1296    6.421100000   -0.020072110   -0.845270500
1297   11.240950000    0.743984400    0.600646100
1298   18.702110000    1.246337000    0.523389700
1299   19.648350000    1.536398000    0.341753300
1300   17.738030000    1.094316000   -0.494283200
1301    4.330462000    0.267072700    1.226198000
1302   -0.950000000   -0.898522600    0.438438800
1303   28.814570000    1.616746000   -0.778008700
1304    9.193455000    0.315506800    0.022052620
1305    6.823942000    0.064863940   -0.400595100
1306    5.583188000    0.509143300   -0.282878200
1307   -0.950000000   -0.309415700   -0.404561000
1308    1.118877000    0.145564400    0.357121600
1309    1.243652000   -0.120113200   -1.063201000
1310   -0.921012900   -0.345770500   -1.479898000
1311   -0.950000000   -0.458824600   -0.534247400
1312   -0.950000000   -0.512547900    1.295903000
1313    6.683522000    0.972573900    0.803474600
1314    6.270404000    0.063320060   -1.621405000
1315    0.570436100   -0.040748050   -0.617422600
1316   -0.950000000   -0.719538700    0.208861400
1317    7.107451000    1.151425000    1.823380000
1318    6.113491000    0.921384400    0.249560900
1319    8.755497000    0.990881700    0.944703300
1320   -0.950000000   -0.567039100   -1.382864000
1321   -0.950000000   -0.483825700   -1.012735000
1322   -0.950000000   -0.953988600   -0.110574900
1323   -0.950000000    0.029658120    0.500544100
1324   -0.950000000    0.172479000    0.207700100
1325   -0.950000000   -0.751878000    1.524110000
1326    6.530851000    1.039228000    0.384843800
1327   -0.950000000   -0.848939000   -1.674430000
1328   -0.950000000   -0.129899300   -1.861965000
1329    3.484026000    0.484998200   -0.088244040
1330    2.600021000    0.260501900   -0.834602100
1331   -0.950000000   -0.064224080    0.776252800
1332    2.637835000    0.512358200   -0.166405100
1333   -0.950000000   -0.868291200    1.859161000
1334    4.500228000    0.697682200   -0.283779600
1335   -0.137771800   -0.007360469   -0.622031600
1336   13.759320000    0.982243000   -1.156804000
1337   12.342030000    1.089840000    1.055338000
1338   -0.950000000   -0.951992000   -0.921100000
1339   -0.950000000   -0.499021900    0.129768300
1340   -0.950000000   -0.766278000    0.569414400
1341    6.524208000    0.894440500    0.202562300
1342   13.698330000    1.070795000    0.848732800
1343    6.918085000    0.093863300   -1.637468000
1344   -0.950000000   -0.213031400    0.964089100
1345   15.691970000    1.617809000   -0.288953900
1346   -0.950000000   -0.340125400    0.012185910
1347    1.138016000   -0.157017500   -0.084751260
1348    5.644733000    0.681542200    0.224286000
1349   -0.950000000   -1.198946000    0.184793000
1350   19.313950000    1.742934000   -0.953140000
1351   -0.950000000   -1.098429000   -0.161473800
1352   -0.950000000   -0.560275300    0.074739260
1353   -0.950000000    0.160908100    0.270015800
1354    5.092717000    0.403896200   -1.934469000
1355   -0.861931400    0.398632400    0.691787400
1356   -0.950000000   -1.434582000    0.761081700
1357   -0.950000000   -1.063734000   -0.969334100
1358    8.961606000    1.051677000   -1.202161000
1359   -0.950000000   -0.208500100   -0.198644800
1360    8.169811000    1.050011000   -0.194772600
1361   -0.950000000   -1.754850000   -1.153767000
1362    0.250933300    0.339273400    0.577812600
1363   23.924010000    1.946569000    0.021965800
1364   -0.950000000   -0.700562300    1.903963000
1365   -0.950000000   -1.992766000   -0.497373200
1366   -0.950000000   -0.785817200   -1.404716000
1367   -0.950000000   -0.096454510   -1.888798000
1368   -0.950000000   -0.540518500   -1.343489000
1369   -0.950000000   -0.694766800    0.134795600
1370    1.671759000    0.529949500   -0.246195500
1371   -0.950000000   -1.017595000    0.294917500
1372   -0.950000000   -0.570190100    0.335994600
1373   -0.950000000   -1.534465000   -1.051793000
1374   -0.950000000   -0.258322600    0.507406600
1375   -0.950000000   -0.253044900   -1.805668000
1376    0.520685000    0.708689000   -0.062104370
1377   -0.950000000   -0.776723100   -0.811153600
1378    3.016650000    0.974290400   -0.069774670
1379    9.482086000    0.980724400   -1.859621000
1380    2.287267000    0.238087800   -1.841685000
1381   -0.950000000   -1.500779000   -0.669609800
1382    1.512738000    1.158832000    1.168101000
1383    7.770811000    0.505972400   -1.919020000
1384   11.357310000    1.514384000   -0.604848300
1385   -0.950000000   -1.444047000   -1.828137000
1386   -0.950000000   -1.590017000    1.110444000
1387   -0.950000000   -0.476514800   -0.556453000
1388   -0.950000000   -0.332102800   -0.596939700
1389    0.057222140    0.351346700   -0.768017800
1390   -0.950000000   -1.997448000    1.030584000
1391   -0.950000000   -0.464388200    0.384253600
1392    1.798268000    0.469214300   -1.143512000
1393   -0.950000000   -0.116299300   -0.165757700
1394   -0.950000000   -0.406983900   -0.692843700
1395   -0.950000000    0.108964900    0.668311800
1396    2.105523000    0.436133200   -1.317078000
1397   -0.950000000   -1.446875000   -1.724834000
1398    1.376592000    0.363580500   -0.780555400
1399    8.509484000    0.810113900    0.711995600
1400    0.545355200   -0.155274300   -1.741214000
1401   -0.950000000   -0.398276100   -1.304336000
1402    6.960588000    0.680137900   -0.396190900
1403    0.626818300   -0.000994009   -0.120381900
1404    4.868428000    0.294124100   -0.656556500
1405   11.528620000    1.219670000    0.417154500
1406    8.845506000    0.799036200   -0.153748700
1407   -0.950000000   -0.625838200    0.489069700
1408   -0.950000000   -0.902056500   -0.069395550
1409   10.788380000    0.698859400   -0.842744100
1410   14.500280000    1.305367000    0.644038000
1411    0.465882300    0.388702300   -0.348121500
1412   -0.950000000    0.019004620   -0.083844720
1413    4.579697000    0.771864500   -0.587448900
1414    3.544226000    1.001541000    1.132296000
1415   -0.950000000   -1.881204000    0.263008500
1416   -0.950000000    0.000048477   -0.852837300
1417   -0.950000000   -0.133177200    0.326967900
1418   -0.950000000   -0.972406100   -0.440094600
1419   -0.950000000   -1.016653000   -0.385008400
1420    1.858791000    0.426165700   -0.425856100
1421   -0.950000000   -0.288040300    1.289430000
1422   -0.950000000   -1.570508000    1.486301000
1423    8.076868000    1.077737000   -0.222391200
1424   -0.950000000    0.039484920   -0.461395300
1425   -0.950000000   -0.828467700    0.235508400
1426   -0.950000000   -0.168693300    0.486482900
1427   -0.950000000    0.090048710    0.398663500
1428   -0.950000000   -1.862630000   -1.010667000
1429   -0.950000000   -1.212421000   -0.160401600
1430    1.405928000    0.574567700    0.350034000
1431    9.680636000    1.143161000    0.045963720
1432    2.456498000    0.115513100   -1.588043000
1433   -0.950000000   -0.731624100   -0.852893500
1434   12.154390000    1.255327000   -0.214180100
1435   -0.950000000    0.009627511   -0.726230300
1436   -0.950000000   -0.849166100   -0.722867400
1437   14.478890000    1.965425000   -0.845549500
1438    4.129944000    0.464132600    0.445809600
1439    0.780681000    0.273035300   -0.130007100
1440   13.946350000    1.400748000   -0.824913100
1441    2.562295000   -0.019855720    0.212552000
1442    2.407650000    0.310758600    1.029347000
1443   13.768240000    1.124862000   -0.212759400
1444   -0.950000000   -0.443408300    1.174903000
1445    5.833358000    0.634603700    0.357529800
1446   -0.814310600   -0.249879300    0.296591400
1447   -0.950000000   -1.280718000   -1.347878000
1448   -0.950000000   -0.923730700    0.502355100
1449    3.734074000    0.231404500   -0.310483600
1450   16.204170000    1.415918000    0.494152400
1451    2.968815000   -0.138444500   -0.881056500
1452    4.824079000    0.003497255   -0.462404900
1453   -0.950000000   -0.561658900    1.672374000
1454    9.573073000    0.577459200   -0.392267700
1455    9.308728000    0.769184100   -0.046496950
1456    8.618650000    1.129618000   -0.452274900
1457    6.858114000    1.021034000    0.149703400
1458   -0.950000000   -1.512200000    0.724889900
1459   -0.950000000   -0.404070800   -1.685530000
1460   -0.950000000    0.216842900    0.225008500
1461   -0.950000000   -0.552301300   -1.638926000
1462   -0.950000000    0.439984600    0.618815900
1463   -0.560233000    0.427590700    0.029368590
1464   -0.950000000   -0.031280330   -0.611645700
1465   -0.950000000   -1.659417000   -0.057027550
1466   -0.950000000   -0.446122100    0.482748500
1467   -0.950000000   -0.296476400   -0.212944100
1468   -0.950000000   -1.448593000   -0.064356950
1469   -0.950000000   -1.220533000   -0.125504300
1470   -0.950000000   -1.452230000   -0.058264890
1471   -0.950000000   -0.577998800   -0.181770500
1472   -0.950000000   -0.979742200   -0.017821480
1473   -0.950000000   -0.653232400   -0.175787000
1474   -0.950000000    0.051126870   -0.802680400
1475   -0.950000000    0.087878520   -0.264445800
1476    5.744621000    1.263335000   -0.572282500
1477   -0.950000000    0.376610700   -0.625959900
1478   -0.950000000   -1.014426000    1.643516000
1479   -0.950000000   -1.400504000   -1.092111000
1480   -0.950000000   -1.703765000   -0.543704200
1481   -0.950000000   -0.303986300   -0.601390700
1482   -0.950000000    0.187735300   -0.210087700
1483   -0.950000000   -1.585862000   -1.898306000
1484   -0.950000000   -0.380270400    0.204129500
1485   -0.950000000   -0.126198400    0.863757300
1486   -0.950000000   -0.496552800   -0.838767600
1487   -0.950000000   -0.509588500   -1.256274000
1488   -0.950000000   -0.775963100    0.746931600
1489   -0.950000000   -1.483381000    0.704385000
1490   -0.950000000   -0.205857500   -1.791481000
1491   -0.950000000   -0.398905600    0.122938800
1492   -0.950000000   -1.225709000   -0.642612700
1493   -0.950000000   -1.652751000    0.212081000
1494   -0.950000000   -0.495384400   -0.337283300
1495   -0.950000000   -1.209863000   -0.832288800
1496   -0.950000000   -0.241377700    1.548073000
1497   -0.950000000   -1.488527000    0.351628300
1498   -0.950000000   -0.796552100   -0.654396300
1499   -0.950000000    0.841894400    1.757802000
1500    4.289970000    0.983866200   -1.236317000
