*y  x1  x2
   1   -0.950000000   -1.709512000   -0.327885200
   2   -0.950000000   -0.578639900    0.168142400
   3   -0.950000000   -0.405378300   -0.906827100
   4   -0.950000000   -0.716854800   -0.219371800
   5   -0.950000000   -0.751074900   -0.052287780
   6    1.623455000    0.326688400    0.730791900
   7    7.128606000    0.950111200   -0.144061600
   8   -0.950000000   -1.522472000   -0.065958710
   9   -0.950000000   -0.340529100    1.388354000
  10   -0.950000000   -0.803694500    0.438973100
  11    2.106938000    0.246952200    0.895534000
  12   -0.950000000   -1.416439000    0.849158200
  13   10.302580000    0.863253600   -1.236351000
  14    3.066871000    0.583085500    0.588999600
  15   -0.950000000   -0.175086900    1.197506000
  16   -0.950000000   -0.952171600    1.034592000
  17    1.887749000    0.014045430    0.653593100
  18   -0.950000000   -0.115135900    0.746593500
  19   -0.950000000   -0.677317800   -0.223061400
  20   -0.950000000   -0.452468300   -0.411054700
  21   -0.950000000   -0.827890300    0.358147600
  22   -0.950000000   -0.599538600   -1.608195000
  23   -0.950000000   -0.754579300    0.215007100
  24   19.827870000    1.540897000   -0.879479100
  25    4.975724000    0.250872500   -0.923154200
  26   15.906000000    1.998728000    0.787471600
  27   -0.950000000   -0.120885500    0.455893100
  28    0.401462500    0.052155220   -0.254956000
  29    9.053072000    0.987391600    0.562456400
  30   -0.950000000   -0.266097600    1.045816000
  31   16.135000000    1.475821000    0.913288000
  32    8.424642000    0.926927500   -0.187326500
  33    7.705020000    0.626263400    0.710299700
  34   12.180620000    1.288599000   -0.489634000
  35    8.951636000    0.968719900    0.698632900
  36   13.386970000    1.043367000   -1.106512000
  37    8.331209000    0.442449200   -1.347458000
  38   -0.950000000   -0.869898800    0.905194700
  39    5.538936000    0.101859900   -1.137765000
  40   -0.950000000   -0.283712100    0.505515100
  41   -0.950000000   -1.708567000    0.603887700
  42    7.919326000    0.311092600   -0.549687900
  43   -0.950000000   -0.513615100   -0.067587180
  44   -0.950000000   -0.254167000   -0.138591400
  45   -0.950000000   -1.024925000   -1.304362000
  46    2.013026000    0.502635600    0.059818020
  47   -0.950000000   -0.932243000   -0.864375000
  48    9.030333000    0.832646200    0.931005200
  49   -0.950000000   -1.960432000    0.998379800
  50   -0.950000000   -0.235981300   -0.620297200
  51    0.751522900    0.270455300   -0.252590000
  52   -0.950000000   -0.838543100   -0.353679800
  53   13.868060000    1.229877000   -1.197241000
  54    8.146685000    0.656523700   -0.637798200
  55   -0.950000000   -0.300385700   -0.776203600
  56   -0.950000000   -0.368279500   -0.076465930
  57   -0.950000000   -0.357286500    0.122434500
  58   -0.950000000   -0.586722500    0.504367300
  59   14.427550000    1.538940000    0.139073700
  60    4.820604000    0.954878300    0.754396800
  61    9.311126000    0.419852700   -0.610851300
  62   -0.950000000   -0.640655600   -0.398509000
  63    9.851951000    0.901640200   -0.408673300
  64   15.073250000    1.125453000    0.140765700
  65   -0.950000000   -0.670419800    0.591272200
  66    0.373238900   -0.118214400    0.671824700
  67   -0.950000000   -1.691628000    0.850349800
  68    1.493858000    0.215469900    0.036744250
  69    6.248095000    0.325190200   -1.037791000
  70    3.081328000    0.102626600    0.202366600
  71   14.107660000    0.754400800   -0.844490400
  72   16.677800000    1.526298000   -0.128535500
  73    0.276463000   -0.027763310    1.628742000
  74    3.663567000    0.067541480   -0.426127500
  75   -0.950000000   -0.298312300    1.004982000
  76   -0.950000000   -0.049268660   -0.929045300
  77   -0.950000000   -0.388449500    0.292625800
  78   -0.213170500    0.163183900   -1.420828000
  79   -0.950000000    0.367978400    0.950473700
  80    7.020734000    0.794759800   -1.456038000
  81   -0.950000000   -1.822296000    0.189110700
  82   -0.950000000   -0.308326300    0.512204000
  83    6.690927000    0.917178600   -0.605524700
  84   -0.950000000   -0.027461080   -0.482910800
  85   -0.950000000    0.167165000   -0.252500700
  86   -0.950000000   -1.143294000   -1.061530000
  87    8.721447000    0.702862300   -1.543219000
  88   -0.950000000   -0.846817000   -1.291129000
  89    2.404953000    0.496740700   -0.976003200
  90    1.403102000    0.733587400    0.397455500
  91    6.837052000    0.125333000   -0.871629700
  92    6.468778000    0.772131400    1.506876000
  93   -0.950000000   -0.708324000   -0.234632000
  94    4.122227000    0.060167220   -0.396107600
  95    1.483338000   -0.032432210   -0.316098300
  96   -0.950000000   -0.785759900    0.160267300
  97   10.963810000    0.832163200   -0.704464300
  98   10.811380000    1.183957000    0.506585700
  99    9.658532000    0.631878100   -1.642078000
 100   10.834380000    1.090910000   -0.107605000
 101   -0.950000000   -1.956098000    0.631798400
 102    9.030176000    0.556310300    0.235384200
 103   -0.390326300   -0.458369400   -1.469150000
 104   -0.950000000   -0.242788500    1.560731000
 105    5.650752000    0.594953500    0.436420400
 106    1.003087000    0.687339100    0.320798400
 107   -0.950000000   -0.492912000   -1.265413000
 108   -0.950000000   -0.431603300    0.200121700
 109   -0.950000000    0.111867600    1.346969000
 110   -0.950000000   -1.650068000   -0.676322600
 111   -0.950000000   -0.731057200   -0.771493700
 112    8.023594000    0.630365000   -1.053287000
 113   -0.950000000   -0.645867200   -1.442239000
 114    3.408529000    0.713763600   -0.829752200
 115   -0.950000000   -0.945937500   -0.283818200
 116   -0.950000000   -0.022905780    0.369445800
 117    4.217468000    0.646711600   -1.714180000
 118   -0.950000000   -0.658726900   -1.128815000
 119    9.643078000    1.473090000   -0.236632600
 120   -0.950000000   -0.286815100   -1.546162000
 121   -0.950000000   -1.713820000   -0.590946300
 122    9.500950000    1.050942000    0.034416570
 123    9.792605000    1.367185000    0.316077200
 124   -0.950000000   -1.633919000   -0.294635800
 125   -0.950000000   -0.798523300    0.853476200
 126   29.976940000    1.972197000   -1.332968000
 127   -0.950000000   -0.424725600    1.137394000
 128   -0.950000000   -0.471391600   -1.787702000
 129   -0.950000000   -1.802971000    0.503401300
 130    5.828963000    0.781129300   -0.670194500
 131   12.005260000    1.296521000   -0.869875900
 132    2.712534000    0.335997100   -0.069659330
 133   -0.950000000   -0.587797300    1.071403000
 134    5.554801000    0.913897400   -0.616815200
 135   -0.950000000   -0.278108200    0.970342800
 136    4.389896000   -0.253421900   -0.884456100
 137   -0.950000000   -1.002060000    0.196992400
 138   10.116970000    0.286143900   -0.064890590
 139   13.935000000    1.103468000    0.820234900
 140   15.128670000    1.049990000    0.186330500
 141    6.340080000    0.290545200    0.513261900
 142   11.183280000    0.475624800   -1.235880000
 143    5.016001000    0.194360200    0.583237000
 144    7.314174000    0.860125000    1.433715000
 145   26.506900000    1.915170000    0.485466700
 146   -0.950000000   -1.189635000    0.386687500
 147    0.733394400   -0.411993700    0.890997500
 148    4.268098000   -0.194799100   -1.248564000
 149   13.265010000    0.942034100    1.453951000
 150    4.465296000    0.299194900    1.891425000
 151    7.043753000    0.842426400    1.126475000
 152   11.704680000    1.243843000    0.825843800
 153   16.721780000    1.385914000   -1.397146000
 154   12.333650000    1.049444000    0.852183200
 155   15.511630000    1.047779000   -1.078909000
 156   18.080220000    1.648596000    0.108945300
 157   -0.950000000   -1.221107000   -0.207134100
 158   -0.950000000   -0.652434200   -0.934692900
 159   -0.950000000   -1.044696000   -0.698911100
 160   21.028110000    1.919149000   -0.347084400
 161   -0.950000000   -1.150235000   -0.257408100
 162   17.552230000    1.398899000   -1.003310000
 163   -0.950000000   -0.912096700    0.751467400
 164   -0.950000000    0.138951600    1.119186000
 165    4.821114000    0.201430800   -0.019292590
 166    5.736696000    0.421570100   -1.229803000
 167   -0.950000000    0.077808680    0.217679200
 168   -0.950000000   -1.544780000    0.345045100
 169   -0.950000000   -1.083751000   -1.626633000
 170   -0.096683870   -0.053270570   -0.499400400
 171   -0.950000000   -0.203559200    0.150877000
 172   10.341320000    0.904702800   -0.442690300
 173   -0.950000000   -0.371297300    1.108071000
 174    8.277462000    0.955801200    0.722183500
 175   -0.950000000   -1.072890000   -0.110243600
 176   -0.950000000   -0.399993600    0.746169000
 177   -0.950000000    0.246790200    1.449052000
 178   16.627130000    1.565095000    1.395988000
 179   -0.950000000   -0.488615600   -0.688200800
 180    6.371780000    0.608145600   -0.879221400
 181   -0.950000000   -0.513698100   -0.075903570
 182   -0.950000000   -0.404197700   -0.708560300
 183   -0.950000000   -0.565390500    0.728526800
 184    9.677512000    1.072577000    0.666260300
 185   -0.950000000   -0.827838300    0.262491900
 186    5.157476000    0.931380100    0.767104500
 187   -0.950000000   -0.377495600   -1.532143000
 188   -0.950000000   -0.797713200   -0.455069200
 189   -0.950000000   -0.687364300   -0.482636700
 190   -0.950000000   -1.339855000    0.287772000
 191    2.218574000    0.372779300   -0.392573700
 192   -0.950000000   -0.042805960    0.032235950
 193   -0.950000000   -1.195323000   -1.080125000
 194    0.292275600    0.037782630   -0.168609400
 195   -0.950000000    0.806243800    1.675261000
 196   -0.219754300   -0.123314300   -1.030606000
 197    0.349568500    0.006484912   -0.527773000
 198   -0.950000000   -0.732833800   -0.869107200
 199   -0.950000000   -0.479120500    0.149367000
 200    0.680326300   -0.104057000   -1.127603000
 201   -0.950000000   -0.841859400    0.364061800
 202    3.518393000    0.589741800    1.470038000
 203   13.472920000    1.756094000   -0.534374000
 204    8.722362000    1.069163000   -1.147999000
 205   -0.950000000    0.154088700    0.081053010
 206   -0.950000000   -1.981385000    1.069895000
 207    9.349676000    1.187707000   -0.742669800
 208   -0.950000000   -0.314972400    0.816722300
 209    7.259966000    1.048843000    0.301171100
 210   -0.950000000   -0.704401100    0.000630141
 211    5.835532000    0.315591600   -0.277571600
 212   13.910330000    1.070972000    0.007682560
 213    6.585346000    0.959854700    1.763524000
 214   12.986920000    0.936295300   -0.219165400
 215   15.932450000    1.052892000    0.283111100
 216    1.452018000   -0.450635900   -1.007086000
 217    3.284613000    0.373277200    0.167010000
 218   -0.950000000   -1.903440000    0.672120800
 219   -0.950000000   -0.403914100   -0.723520700
 220    0.409835600   -0.267276200    0.673873500
 221   17.494380000    1.490715000   -1.107752000
 222   14.854360000    0.823397300   -1.209732000
 223   -0.950000000   -0.705118500   -0.107047800
 224   23.592620000    1.797109000    0.135565000
 225    3.950902000    0.541399000    0.733656700
 226   -0.950000000   -0.082768690    1.092106000
 227    0.348241300    0.022006250    1.226116000
 228    5.094407000    0.314659200   -1.323189000
 229   -0.950000000   -1.861658000   -0.440981200
 230    0.246065000   -0.146566500    0.040587150
 231    9.026801000    0.568089100    0.105897900
 232   -0.950000000   -1.497116000    0.969403000
 233    8.458871000    0.979767100    0.838240100
 234   -0.950000000   -0.583042200    0.100521200
 235   -0.950000000   -1.369717000    0.795284600
 236   17.333300000    1.248359000   -0.863766400
 237   15.787290000    1.359232000   -0.404426600
 238    5.164299000    0.166638200   -0.780734700
 239   -0.950000000   -0.980082200   -0.455296800
 240   22.801320000    1.830635000   -0.802628600
 241   16.618500000    1.624090000   -0.738949800
 242   -0.950000000   -0.412679500    0.016241530
 243   -0.950000000   -1.321951000    0.665129200
 244    8.803556000    0.930259000    0.916028500
 245   -0.950000000   -0.656640400   -1.599223000
 246    0.285058000   -0.015353250   -0.455305900
 247   -0.950000000   -1.769109000   -0.631095800
 248    3.859559000    0.481715300   -0.689712400
 249   -0.950000000   -0.609401100   -0.411131400
 250   11.109610000    0.907632600    0.259203200
 251   11.450540000    1.236782000   -0.442975700
 252   -0.950000000   -0.328150000    1.078381000
 253   -0.950000000   -0.663438100    1.680763000
 254   -0.950000000   -1.417371000    1.904116000
 255   -0.950000000   -1.341965000    1.230396000
 256    6.880379000    0.445066300   -0.819481900
 257    9.253510000    0.729966300    0.231915300
 258   -0.950000000   -0.927119700    0.243398400
 259   -0.950000000   -0.241904500    1.175477000
 260   -0.950000000   -1.719834000   -0.996640800
 261    8.113583000    0.443017400    0.380330200
 262   20.546580000    1.596821000   -0.949520200
 263    3.616295000    0.016058910    1.847094000
 264   13.422880000    0.991747600    0.763442400
 265    5.767003000    0.509634700    0.042251190
 266   -0.950000000   -0.942458900    0.111100500
 267   14.748800000    1.084168000   -0.439288200
 268   -0.950000000   -0.856205300   -1.488335000
 269   10.629180000    0.625632200   -0.348303800
 270   -0.713819100   -0.263547100    1.868152000
 271   -0.950000000   -1.531060000    1.050420000
 272   -0.950000000   -1.184488000   -1.269454000
 273   10.044080000    0.622425800    0.646216300
 274   -0.950000000   -0.637347500    0.342649600
 275    9.420818000    0.754614700    0.452499300
 276   20.982100000    1.713880000   -0.305702300
 277   -0.950000000   -1.045943000    0.135155100
 278    1.914478000   -0.341776500    0.054934590
 279    2.994246000    0.022965150    0.646306800
 280    6.157339000    0.147521800    0.568610600
 281    1.804533000   -0.336322600    0.137776100
 282   26.255060000    1.839582000    0.599758800
 283   -0.950000000   -0.763116300    0.665457400
 284   18.795690000    1.340421000   -0.544667700
 285    9.249652000    0.963813100    1.102828000
 286   -0.950000000   -1.258459000   -0.959169400
 287   -0.950000000   -0.247677500   -0.621892100
 288    9.045884000    1.121335000   -0.191477000
 289   -0.950000000   -1.512510000   -0.141104900
 290   -0.950000000    0.035198030    0.596074100
 291   -0.950000000   -1.366088000    0.090273240
 292   -0.950000000   -1.780281000   -0.402360400
 293    1.378289000    0.303660400   -1.131081000
 294    5.599754000    0.799453300   -0.428591300
 295   -0.950000000   -1.089879000    0.787595700
 296   -0.950000000   -0.635571300   -0.453126200
 297    9.034786000    1.298158000    0.207384300
 298    1.945648000    0.678001000    0.696107300
 299   -0.950000000   -0.357772100   -0.045228740
 300   -0.950000000   -0.572206300   -0.352146900
 301    0.419989900    1.045265000    0.926055000
 302   16.212330000    1.299719000   -0.254531700
 303   -0.950000000   -0.105940000   -1.253132000
 304   -0.950000000    0.131471500    0.739482800
 305    7.553668000    0.680218800   -0.628499900
 306   20.166900000    1.572390000   -1.670380000
 307   -0.950000000   -0.851788400   -0.721794300
 308   -0.950000000   -0.197431000   -0.834534500
 309   -0.950000000   -1.716191000    0.964060000
 310   -0.950000000   -0.135406400   -1.018666000
 311   -0.950000000   -0.548496500    0.024118820
 312    3.830929000    0.106459500   -1.752333000
 313   -0.950000000   -0.566060200   -1.805869000
 314   -0.950000000   -0.500703200    1.506481000
 315   -0.809028000    0.414182600    0.247344700
 316   15.485290000    1.497267000    0.007807917
 317    2.787398000    0.361527700    0.547883400
 318    4.589746000    0.384726100   -0.078830150
 319   -0.950000000   -0.676811700    0.745783200
 320    7.099718000    0.839017600    0.174994900
 321   -0.950000000   -0.594910300   -0.654367100
 322   -0.950000000   -1.340855000    0.980546500
 323   -0.950000000   -1.285152000    1.814725000
 324   -0.950000000   -0.887049700    0.261876100
 325   -0.950000000   -1.783471000   -0.363033200
 326   -0.950000000   -0.704826700    1.708381000
 327   -0.950000000   -0.451598900   -0.443788200
 328   11.049410000    0.950968300   -0.941649800
 329    0.395678900   -0.227172300   -1.248640000
 330   -0.950000000   -0.314004200    0.061397810
 331   10.728020000    1.000954000    0.080237190
 332   12.269230000    1.222021000   -0.421590400
 333   -0.950000000   -0.172115800   -0.900304400
 334   -0.950000000    0.235852000    1.062564000
 335   10.295090000    1.048468000    1.328791000
 336    3.838506000    0.816045100    0.959721900
 337   -0.950000000    0.139053900    1.217554000
 338   -0.950000000   -0.701718400   -0.599389200
 339   -0.950000000   -1.572605000   -0.799207600
 340   -0.950000000   -0.600075200    0.624801300
 341    0.183726100    0.076574820   -0.635283700
 342   -0.950000000   -0.347733300   -0.231756700
 343   -0.950000000   -1.238906000   -0.946583300
 344   -0.950000000   -0.251347900   -0.599935400
 345    1.126636000   -0.046126660   -1.491858000
 346   -0.950000000   -1.310210000    1.550642000
 347   -0.950000000   -0.089684100    1.131235000
 348   10.800810000    0.696232200    0.680050600
 349   -0.950000000   -0.969816500   -0.758881300
 350   -0.950000000    0.362982800    1.543707000
 351   -0.950000000   -0.522679800   -1.128406000
 352   10.235840000    1.105197000   -0.106566600
 353   -0.950000000   -0.787494800    0.354354000
 354    4.875178000    0.558676500   -1.108636000
 355   20.540310000    1.398713000   -1.734434000
 356   -0.950000000   -0.670669000   -1.346067000
 357    0.814578000    0.201820300   -0.552480200
 358   -0.798426800    0.247408300    0.303938000
 359    7.408995000    0.745719600   -0.090511270
 360   -0.950000000   -0.816246100   -1.110831000
 361   -0.950000000   -0.674997200    0.078484680
 362   -0.950000000    0.015185960    0.218441700
 363   14.472610000    1.421643000   -1.269869000
 364   -0.950000000    0.372416200    0.783798600
 365   -0.950000000   -0.109042600    1.118798000
 366   -0.950000000   -0.545413700   -1.496451000
 367   -0.950000000    0.083579310   -0.300718200
 368   -0.950000000   -1.051861000   -0.682992200
 369    1.604854000    0.155953900   -1.074871000
 370   18.040120000    1.704153000   -0.322108900
 371    5.933550000    1.226912000    0.323420700
 372    0.557439900    0.183683900   -1.407124000
 373   -0.950000000   -0.278664600   -0.828046900
 374   -0.950000000   -0.206203200    0.787296600
 375    9.160982000    0.766784300   -1.349848000
 376   -0.950000000   -1.260950000   -1.337281000
 377   17.445640000    1.793657000   -1.147592000
 378    0.069834830    0.435899600    0.492221300
 379   -0.950000000   -0.451606100   -1.556198000
 380   15.289250000    1.942650000   -0.948077800
 381   -0.950000000   -1.633943000    0.277039300
 382    0.517281600    0.284717700   -0.567799100
 383   -0.950000000   -1.010102000    1.753089000
 384   -0.950000000   -0.006917379   -1.543517000
 385   -0.950000000   -1.417070000    0.327140700
 386   -0.950000000   -0.692503100   -1.896086000
 387   -0.950000000   -1.024525000    0.147565100
 388    0.273652700    0.495446700    0.013319880
 389   -0.950000000   -1.183026000    0.098112510
 390    5.161427000    0.596270600   -0.410472200
 391   -0.950000000   -1.605385000    0.402100300
 392   13.440720000    1.115043000   -1.501530000
 393   21.058920000    1.639842000   -0.500796900
 394   13.119460000    0.927028000    0.534275900
 395    4.629114000    0.485439100    0.171658700
 396   -0.950000000    0.005838924    1.336016000
 397   21.594180000    1.757424000   -1.686113000
 398   13.582740000    1.099788000   -1.335489000
 399    3.530871000    0.147125800   -0.960530700
 400    1.666682000    0.692296200    1.501511000
 401    1.414591000    0.033679540   -0.639932700
 402   -0.182982500   -0.427712500   -1.414379000
 403   -0.950000000   -0.304748500   -0.217145800
 404   -0.950000000   -0.618614700   -0.087703680
 405   -0.950000000   -0.548737700   -0.255075200
 406    2.464963000    0.495747800    0.813927500
 407   -0.478795200    0.097775980   -0.164077700
 408   10.804770000    0.830113900   -1.065019000
 409   -0.950000000   -1.882231000   -1.385216000
 410   17.690560000    1.453909000   -0.005339056
 411   -0.950000000   -1.935456000   -0.636632000
 412    3.039903000    0.777043800    1.286162000
 413    5.962997000    0.712893800   -0.772509400
 414   -0.950000000   -0.487034800    0.222535600
 415   -0.950000000   -0.420110000    0.062844880
 416   -0.950000000   -0.987939700   -0.597768500
 417   -0.950000000   -0.557632400    0.265227700
 418   -0.950000000   -0.669686200    1.642230000
 419   -0.950000000   -0.657307500    1.321902000
 420   -0.950000000   -0.159859000    0.661695700
 421    3.975306000   -0.089062450    0.359222300
 422    9.138503000    0.577323500    0.754486000
 423    6.160861000   -0.144752500   -0.034846480
 424    4.160254000   -0.430280300   -0.489928100
 425   14.529240000    0.932442300    1.751606000
 426   11.437010000    1.234616000    0.487894400
 427    8.063277000    0.575099700    0.448138400
 428    3.585474000   -0.452164700   -1.310155000
 429   16.486280000    0.782941000   -1.263800000
 430    6.601097000    0.438649900    1.064619000
 431   10.659940000    0.587315300    0.280791300
 432   14.337840000    0.728494400   -0.148213500
 433   17.168260000    0.982652100   -0.846590100
 434   15.703910000    1.319270000    0.707325100
 435   12.057220000    0.804876400    1.302463000
 436    8.953816000    0.951729000   -0.432575200
 437    3.815541000    0.285443100    0.767191600
 438   -0.950000000   -1.239688000   -0.582230100
 439   -0.950000000   -0.791456000    0.927205600
 440   -0.950000000   -1.501308000    1.733543000
 441   -0.950000000   -0.266961300    0.752894500
 442   -0.950000000   -0.972327500   -0.040724840
 443   -0.950000000   -1.107412000    1.048818000
 444    2.990189000    0.288478500    0.827119800
 445    1.224087000    0.393644200    1.347598000
 446   -0.950000000   -1.337955000   -0.676764000
 447    3.296402000    0.108772200   -0.064791600
 448   17.168350000    1.355125000    0.677803400
 449   -0.950000000   -0.115623000    1.102516000
 450   -0.950000000   -0.461478400    0.434072400
 451   24.571450000    1.688416000    0.684112200
 452   15.061470000    1.014512000    0.715033400
 453   10.108980000    0.591391800    0.243738300
 454    8.345293000    0.622063700   -1.040417000
 455   -0.950000000   -0.818601500   -0.893520500
 456   14.021240000    1.196309000    1.446445000
 457   -0.950000000   -0.861064200   -1.290812000
 458   -0.950000000   -1.189505000    0.312076700
 459    4.611242000    0.020567680   -0.409236100
 460    1.518987000   -0.241009800   -0.462673800
 461   -0.950000000   -0.793950700    0.180563300
 462    8.093957000    0.863664300    0.748045500
 463   -0.950000000   -1.098328000    0.902833400
 464   13.567500000    1.110251000    0.276977000
 465   -0.950000000   -1.032334000    1.484040000
 466    7.640576000    0.426595700    0.736483700
 467   11.616920000    0.614179700   -1.133219000
 468   -0.950000000   -0.489833000   -0.261255500
 469   18.654870000    1.739142000    0.007039076
 470    6.901624000    0.314020900    0.349965900
 471   -0.950000000   -1.452422000   -0.164032800
 472   -0.950000000   -1.366909000   -1.629048000
 473    8.558452000    0.505275300    0.521195400
 474   16.078000000    1.435849000    1.790257000
 475   -0.950000000   -0.592069400    0.029531850
 476   -0.950000000   -0.463997400    1.491525000
 477    0.511780800   -0.514286200   -0.923080600
 478    4.992673000    0.276632700    1.770311000
 479   10.018870000    0.288609600   -1.286000000
 480   -0.950000000   -0.844693000    0.413804400
 481    1.840286000    0.540227600    0.739530400
 482   -0.950000000    0.053461990    1.170017000
 483   -0.950000000   -1.296800000   -1.957758000
 484   11.554580000    1.523774000   -0.441030200
 485   -0.950000000   -0.877807800   -0.422835900
 486   21.323840000    1.865011000    0.134627900
 487   -0.950000000   -0.401005300   -1.739451000
 488   -0.950000000   -0.489023100    1.915407000
 489   19.677080000    1.635297000   -0.556822100
 490    1.410364000    0.020339800   -0.837679600
 491   -0.950000000   -0.521467100    0.425606100
 492    3.763177000    0.062515000   -1.422470000
 493    5.414311000    1.377856000    0.341861300
 494   -0.950000000   -0.969510700    0.535734100
 495   -0.950000000   -0.386645400   -1.769346000
 496    7.388271000    0.483089800    0.446845100
 497   -0.950000000   -0.566562300    0.191749000
 498   12.073500000    1.194295000    1.508464000
 499    0.905196000    0.147080900    0.531782600
 500   12.454010000    0.889464300   -1.384369000
 501   12.969030000    1.322484000    0.294951000
 502    0.661986200    0.237967600    1.014919000
 503   -0.950000000   -0.250226600    1.277039000
 504   -0.950000000   -1.623954000    0.949639400
 505   -0.950000000   -0.794716800   -0.068851790
 506   -0.950000000   -0.959834900   -1.560567000
 507    6.276227000    0.966283200    1.513803000
 508    3.484531000    0.191114900    0.136231800
 509   -0.950000000   -0.879983300   -0.858965100
 510    9.633477000    0.761127000   -0.137122800
 511    3.421823000    0.262034900    0.745567400
 512    0.689112000    0.100821500    0.766825100
 513    0.197312700   -0.280757400   -1.750796000
 514    2.066483000    0.167313200    0.053542090
 515   -0.950000000   -0.365753500   -0.167160000
 516    5.648301000    0.296018900   -0.693713700
 517   -0.950000000   -0.759817300    0.691593400
 518    8.176048000    0.874695900    0.611391100
 519    4.555319000    0.597719800    0.323331200
 520   -0.950000000    0.276012300    0.995627300
 521   -0.950000000   -0.184797100    1.294214000
 522   -0.950000000   -0.631315000   -0.903942900
 523    1.448093000    0.122860900    0.742374100
 524    3.699354000   -0.019684400   -1.728628000
 525    8.695487000    0.855770100    0.040393030
 526    3.479467000    0.427610900   -0.348990900
 527    4.354744000    0.414139600    0.772007900
 528   -0.950000000   -1.613445000    0.455899400
 529   16.237750000    1.634020000   -1.433150000
 530    1.804554000    0.197194800    0.612641100
 531   -0.950000000   -1.462952000   -0.794821100
 532   10.372290000    1.407553000    0.502971200
 533   15.933990000    1.236733000   -1.278394000
 534    2.070736000    0.078305400   -0.606649500
 535    0.125239700   -0.024982760   -0.629020900
 536    3.455814000    0.798790500    0.907741000
 537   -0.950000000   -0.305394800    0.653111100
 538    6.344877000    0.846838800   -0.307851200
 539   17.436210000    1.635864000   -0.148294900
 540   -0.950000000   -1.481005000    0.040021160
 541   -0.950000000   -0.917758600    0.889845300
 542    6.216503000    0.680829100    0.096453970
 543    3.191115000    0.374680000   -1.382094000
 544   -0.502031000    0.074537760   -0.364538400
 545   -0.950000000   -0.376294100   -1.370077000
 546    0.310526400    0.180688400   -1.140929000
 547   -0.950000000   -0.247139100   -0.643930600
 548    5.943632000    0.675002200   -0.516370300
 549   10.964800000    1.205725000   -1.824283000
 550   -0.950000000    0.048005810   -0.146191300
 551   -0.950000000   -0.297655800    0.599125900
 552    1.920537000    0.295072300    1.202155000
 553   17.542900000    1.834252000   -0.279149300
 554   -0.326890600   -0.017105760   -0.367822500
 555   -0.950000000   -0.065016970   -1.178788000
 556   10.637790000    0.520581200   -0.622419400
 557    7.514568000    0.600952900    0.112063900
 558    6.557690000    0.137936100   -0.212732700
 559   -0.950000000   -0.298055800    0.768663400
 560   16.389590000    1.492003000    1.343520000
 561   -0.950000000   -0.821098400   -0.832148500
 562    6.889440000    0.503970500   -0.074785840
 563   -0.950000000   -1.150065000    1.180379000
 564    4.303127000    0.801383800    1.696097000
 565    6.257200000    0.450185800    0.355580600
 566   10.141760000    0.407913500   -1.238629000
 567   -0.950000000   -1.161632000   -1.432425000
 568   15.997490000    1.107640000   -0.980864300
 569   -0.950000000   -0.332879300    0.521740200
 570   15.631500000    1.483705000   -0.272820800
 571   -0.950000000    0.142086700   -0.378740500
 572   -0.950000000   -0.706595600    1.064236000
 573   -0.950000000    0.307543300    1.165113000
 574   -0.950000000   -0.345813800   -1.054257000
 575   -0.950000000   -0.841489600    1.067321000
 576    0.105571800    0.695527500    1.636321000
 577   -0.950000000   -0.338048000    0.075311670
 578   -0.950000000   -0.875104900   -0.067165020
 579   -0.950000000   -1.322326000    1.125815000
 580   -0.950000000   -0.057295520    0.669372500
 581   -0.950000000   -0.160345400   -0.243720400
 582   -0.950000000   -1.881964000    0.360522100
 583   -0.364406200    0.080073930   -1.295700000
 584    3.332031000    0.282137900   -0.888857400
 585    5.196013000    0.876512800    0.697613700
 586    2.592191000    0.937521600    1.071891000
 587    9.534375000    1.099445000   -0.837359500
 588   -0.950000000   -1.176384000   -0.458258600
 589    8.816932000    0.624024500   -1.194367000
 590   -0.950000000   -1.221253000   -0.953623800
 591   -0.950000000   -0.745528900   -0.476546900
 592   -0.950000000   -1.845470000    0.999845300
 593    4.420200000    0.914254200   -0.756092900
 594   -0.950000000   -0.230845300   -0.691049000
 595   -0.950000000   -1.191470000    0.137881600
 596   18.648660000    1.411245000   -0.127618900
 597   -0.950000000   -0.488014400   -0.299903900
 598   -0.831401400    0.145902800   -1.306146000
 599   -0.950000000    0.024190400    0.641640100
 600   14.346950000    1.780095000    0.633908400
 601   -0.447220100    0.377557200    0.383373600
 602   -0.950000000   -0.349176600   -1.461276000
 603   -0.950000000   -0.773375500   -0.992667300
 604   -0.950000000   -1.501782000   -0.423278900
 605   12.897330000    1.117692000   -0.166562000
 606   16.290850000    1.915582000   -0.112600300
 607   -0.950000000   -0.372149300   -0.150350700
 608   -0.950000000   -0.827428800    0.945277000
 609    1.810659000    0.356401900    1.147361000
 610   -0.950000000   -0.469242200    0.946624200
 611   -0.950000000   -0.751494700   -0.947591600
 612   -0.950000000   -0.288133400   -0.434579300
 613   -0.950000000   -0.704141900   -0.368424700
 614   -0.950000000   -0.911086000   -0.622207200
 615   -0.358447700    0.237848300   -0.456513600
 616   -0.950000000    0.273901900    1.254162000
 617   -0.950000000   -0.357192700   -0.171545600
 618   -0.950000000   -0.952061900   -1.222896000
 619    5.863302000    1.230216000    0.595293100
 620   -0.950000000   -1.850587000    0.687082400
 621   -0.950000000   -0.382261700    0.786530700
 622   -0.950000000   -0.178823100   -0.030101830
 623   -0.950000000    0.681672200    0.786162700
 624   -0.950000000   -0.143132200   -0.348584100
 625   -0.950000000   -1.472434000    0.353024600
 626   11.851190000    1.123994000   -1.834126000
 627   -0.950000000   -1.364140000   -0.472049800
 628   15.436980000    1.681882000   -1.971129000
 629   -0.950000000   -1.060155000   -0.287513900
 630   -0.950000000   -0.556425900   -0.586999200
 631   -0.950000000   -1.343704000    1.178382000
 632    9.372902000    1.139499000    0.288463300
 633   13.590890000    1.518289000    0.472158900
 634   -0.950000000   -0.267287400   -0.811197400
 635   -0.950000000   -1.326135000   -1.424092000
 636   -0.950000000    0.201368700    0.938178700
 637   14.181130000    1.540685000   -0.857074300
 638   12.226450000    1.193876000   -0.475467900
 639   -0.950000000   -0.404306300   -1.449460000
 640    0.730704600    0.667134700   -0.692757700
 641   -0.950000000   -0.787557300   -0.940201400
 642   -0.950000000   -0.741654500   -0.256753200
 643    3.039845000    0.369668900   -1.134602000
 644   -0.950000000   -0.526761200   -0.641125700
 645   -0.950000000   -1.030506000   -0.403516500
 646    0.050078220    0.361539600    1.004230000
 647   -0.950000000   -0.410259900   -1.306477000
 648    4.138082000    0.343059800    0.931884500
 649   17.617340000    1.217109000   -1.362720000
 650   10.542780000    1.030092000   -0.630250800
 651   -0.950000000   -0.517893200   -0.275020900
 652   -0.950000000   -1.567189000    0.370989700
 653    5.375473000    0.997090600    0.075140550
 654   -0.950000000    0.061293560    0.551349000
 655    5.780589000    0.642987700   -0.275661300
 656   -0.950000000   -0.346342100    1.724397000
 657    0.685271600    0.198728900   -0.314262200
 658   -0.950000000   -1.102000000   -1.916959000
 659   -0.950000000   -0.037478530    0.634289800
 660   -0.950000000   -1.064872000   -1.272294000
 661   -0.950000000   -1.042025000    0.124078600
 662   -0.950000000   -0.099252370   -0.463106900
 663   -0.950000000   -1.129688000   -1.728079000
 664    2.882654000    0.489665100   -0.439662500
 665   -0.787023100    0.115342800   -0.819727700
 666   -0.727363700    0.293557500    0.049309820
 667   -0.950000000   -1.029429000    0.633304500
 668    6.317675000    1.100713000   -0.279972100
 669   -0.950000000   -0.210952500    0.622105500
 670    9.131597000    1.175926000    0.961402600
 671   -0.950000000   -0.176604600   -1.283019000
 672   -0.950000000   -0.054300080    0.592927800
 673   -0.950000000   -0.279806600   -0.844891500
 674   13.298770000    1.441453000   -0.437630300
 675   -0.950000000   -1.127038000   -1.250957000
 676    2.834358000    0.127473800    0.789932000
 677   11.125530000    0.951523200    1.526566000
 678    0.274035200   -0.236795500    0.396517100
 679    2.529075000   -0.008476624    0.233772100
 680   -0.950000000   -0.998701800   -1.127735000
 681   12.031740000    0.997699900    0.919027700
 682   -0.877614600   -0.516515000    1.337188000
 683    0.176446600   -0.345825300   -0.293191700
 684    6.892473000    0.370447400   -0.574671000
 685   10.449710000    0.562898700    0.565704800
 686    7.355003000    0.203093000   -1.810799000
 687   23.343450000    1.405428000   -0.414129900
 688   -0.950000000   -1.483502000    1.165790000
 689    7.936907000    0.589292300    0.267301400
 690   10.517230000    0.591733200    0.085253530
 691    0.465579700    0.332893200   -0.321022300
 692    6.561417000    0.842856300    1.127627000
 693   -0.950000000   -0.608300200    0.712540100
 694    0.826123400    0.361212400    0.453764600
 695   -0.950000000   -0.306727200   -0.369254600
 696   -0.950000000   -0.062405220    0.255425400
 697   10.642390000    1.009059000    1.212367000
 698   -0.950000000   -1.080072000    0.178245800
 699   -0.950000000   -0.112370700    1.086118000
 700   -0.950000000   -1.199666000    0.418997100
 701   -0.950000000   -0.470525500   -0.617462800
 702   -0.950000000   -1.134496000   -0.108588300
 703   -0.950000000   -0.765656500   -0.729448000
 704    0.357539600    0.453548700    1.004629000
 705   -0.950000000   -0.234459300   -0.166959100
 706    7.499030000    0.596481100   -0.668508200
 707   -0.950000000   -0.710473300    0.810119000
 708   18.659550000    1.275260000   -0.603013300
 709   -0.950000000   -0.802961200    0.749920200
 710   -0.950000000   -0.793854500   -0.019451660
 711   14.673540000    1.403646000    0.724298600
 712   -0.950000000   -1.750609000   -0.217260700
 713   -0.950000000   -1.578574000   -0.242015000
 714   -0.950000000   -0.272741700    1.415325000
 715    8.344932000    0.203212300   -1.936209000
 716   14.043470000    1.369303000    0.917630000
 717   -0.950000000   -1.729906000   -0.822481000
 718    4.505069000    0.922249100    1.339322000
 719    6.873465000    0.412620700    0.506428300
 720    0.019091380   -0.125458000    0.857075700
 721    3.267950000    0.300018700    0.707026000
 722   -0.950000000    0.267087200    0.813572100
 723   -0.950000000   -0.367927300    0.903711300
 724   -0.950000000   -1.725446000   -0.932600500
 725    9.533394000    0.804120300   -0.186121500
 726   12.253050000    1.659711000   -0.312700000
 727   -0.950000000   -1.133262000    1.147994000
 728   -0.950000000   -0.223314100   -0.149847800
 729   15.655020000    1.610118000   -0.101824500
 730   -0.950000000   -0.481685500   -0.870984100
 731   -0.950000000   -0.932596200    1.625585000
 732   -0.950000000   -0.690559600   -0.146995300
 733   -0.188409300   -0.010803220    0.170516100
 734   -0.950000000   -1.126892000   -0.165159600
 735    7.833845000    0.909291100    1.234328000
 736   -0.950000000   -0.684925400   -0.481326400
 737   12.250320000    1.133231000   -0.420417600
 738   -0.950000000   -1.723278000   -1.778623000
 739   -0.950000000   -0.161904800   -0.190516200
 740    5.853790000    0.797318400   -0.128226600
 741   -0.950000000    0.013155640   -0.462890800
 742    4.342101000    0.929193600    0.718771000
 743   -0.950000000    0.136426300    0.048213230
 744   -0.950000000   -1.043863000    0.229591300
 745   10.437200000    1.337647000   -1.147762000
 746    0.810507700    0.311930600   -0.248966000
 747   -0.950000000   -0.872187600   -1.126345000
 748    6.727322000    1.288795000   -0.173966400
 749    7.438565000    0.732591500   -0.466678400
 750   -0.950000000   -0.812581100   -0.280349200
 751   -0.950000000   -1.027112000    0.505989300
 752   -0.950000000   -0.664327900   -1.169961000
 753   -0.950000000   -0.112428300   -0.937628700
 754   -0.950000000   -0.530054000    1.434778000
 755   -0.950000000   -0.665055400    0.061516530
 756   -0.950000000   -1.452017000    0.044725810
 757   -0.950000000   -0.539853500   -1.301951000
 758   -0.950000000    0.146064400   -0.440075500
 759    3.933449000    0.819299400   -0.296317000
 760   -0.950000000    0.005921246    1.740421000
 761   -0.950000000   -0.520950800    0.435359700
 762   -0.950000000   -0.268999900    0.741425100
 763   -0.950000000   -0.386944300   -1.286334000
 764   -0.950000000    0.203131400   -0.879293900
 765   -0.950000000   -1.151751000   -0.827081500
 766   -0.950000000   -1.404933000    0.138688400
 767   -0.950000000   -1.270174000   -0.456145700
 768   -0.156428500   -0.190519100    0.055559000
 769   10.533810000    1.166069000   -0.205912800
 770    9.246675000    1.054377000    0.054436990
 771    4.935444000    0.745192800    0.467871000
 772   -0.950000000   -0.926803400   -1.005031000
 773    6.008516000    0.519762600   -0.318208600
 774   12.282830000    1.368602000    0.605527200
 775   -0.950000000   -1.255174000   -0.832084600
 776    5.714883000    1.075879000    1.913516000
 777    6.389466000    0.487166200    1.338079000
 778   16.297620000    1.227795000    0.132842200
 779   -0.950000000   -0.758266000   -0.605615100
 780   17.844470000    1.717201000   -1.648163000
 781   19.790170000    1.376443000    1.749577000
 782   -0.950000000   -0.375786600    0.260907800
 783    0.022609820   -0.202953000    0.127879000
 784   16.241160000    1.452149000   -0.238714600
 785    1.097896000   -0.094126470    0.231304500
 786    5.418289000    0.456852100    0.419587900
 787   -0.950000000   -0.261383700    0.756378600
 788   11.426820000    0.451538700   -0.341348400
 789   -0.536796200   -0.415416200   -0.137101800
 790    7.513861000    0.394026100    0.122838200
 791   -0.950000000   -0.830064400   -0.354110000
 792   -0.950000000   -0.897064300   -0.023073590
 793   -0.950000000   -0.819932800   -0.381730500
 794   -0.950000000   -1.019028000    1.043353000
 795   -0.950000000   -1.869663000    1.326210000
 796   15.361880000    1.679830000   -0.267303200
 797   10.809640000    0.895839600    0.085767190
 798   11.544330000    0.943070400   -0.513057000
 799    3.520088000    0.151853300   -0.798612200
 800   -0.950000000   -0.770059900   -0.567782000
 801   -0.950000000   -0.254236300    0.208589400
 802   -0.950000000    0.030073890    1.464807000
 803    8.622564000    1.020332000    0.180322400
 804    3.316758000    0.222267000   -0.885998700
 805   -0.950000000   -0.477668800   -0.499611000
 806    2.155421000    0.371770400    0.053954300
 807    1.788718000    0.098821550   -0.977994500
 808   -0.950000000   -0.484773200    0.430272800
 809   -0.950000000   -0.075057700    0.511113600
 810   -0.950000000   -0.328215200    0.474162900
 811    5.984608000    0.190011400   -0.282534300
 812    9.337288000    1.188167000    0.994217600
 813   24.967430000    1.982453000   -0.590182700
 814   -0.950000000   -0.601521100    0.260275000
 815   17.237660000    1.511582000    0.576884400
 816   12.976130000    1.158437000    0.313164900
 817   -0.950000000   -0.805559600    0.255293400
 818   -0.950000000   -1.305803000   -0.507536000
 819   17.149400000    1.272227000   -0.756079300
 820   -0.950000000   -1.647688000    0.220885900
 821    7.307913000    0.263736600   -0.312503000
 822   13.158800000    0.943944200    0.083169600
 823   -0.950000000   -1.086350000    1.583935000
 824    4.624874000    0.307205000    0.665363700
 825   10.912390000    0.864324000   -0.028548860
 826    5.852490000    0.581274200   -0.422769200
 827   -0.950000000   -0.544062000    0.452611400
 828   -0.950000000    0.081218800    1.182600000
 829    0.798807700    0.097348940   -0.636139000
 830    2.350300000    0.394925700   -0.127457500
 831    1.896506000    0.226631300   -1.381382000
 832   -0.667496600    0.226204000   -0.645727600
 833   -0.950000000   -1.547166000   -0.838479400
 834   -0.950000000   -0.861937000    1.111190000
 835    8.337265000    0.929696100   -0.067478780
 836   -0.950000000   -1.010434000   -1.808377000
 837    0.050825100    0.145970300    0.607612400
 838    2.465336000    0.401515600    0.395291700
 839   -0.950000000   -0.692773700   -0.163882700
 840   -0.950000000   -0.090756350   -0.232816000
 841   -0.950000000   -0.708019200   -0.839250500
 842   21.902490000    1.851665000   -1.729671000
 843    8.867942000    0.634887400    1.112535000
 844   -0.950000000    0.228698000    1.786184000
 845    5.643060000    1.020116000    1.328712000
 846   -0.950000000   -0.933523100   -0.069712410
 847   -0.950000000    0.377521800    1.384631000
 848   -0.950000000   -0.404807300    0.767555700
 849   -0.950000000   -1.075411000    0.242926000
 850   -0.950000000   -0.152955300    0.731713000
 851   -0.950000000   -0.654525100   -0.606325500
 852   -0.950000000   -0.557666800   -0.645414300
 853   -0.950000000   -0.473048900   -0.837366000
 854   -0.950000000   -1.910012000   -0.294600500
 855   10.072560000    0.827266000   -0.065395620
 856    4.296501000    0.770588500   -0.612056300
 857    0.534630900    0.685339200    0.697770800
 858   -0.588469500    0.466293500    1.089329000
 859   -0.950000000   -0.802968100   -0.031829980
 860   -0.950000000   -0.594832500   -0.888444400
 861   -0.950000000   -1.533355000    1.025846000
 862    3.033486000    0.524945400    0.330317900
 863    3.477341000    0.492296600   -0.480175400
 864   -0.395488300    0.021077570   -1.684124000
 865   -0.950000000   -1.748581000   -1.909857000
 866   -0.950000000   -0.286310500   -0.239930400
 867   -0.950000000   -0.814581600   -0.443205400
 868   -0.037422630    0.272674000   -1.082114000
 869   -0.950000000   -1.035358000   -0.905102700
 870   -0.950000000   -0.215615600   -0.415072900
 871   -0.950000000   -0.934699500    0.486517500
 872   -0.454051600   -0.141807100   -0.172625100
 873    3.805931000    0.672387600    0.667238700
 874   -0.950000000   -0.019280900    0.947614900
 875    0.912903600    0.345314300    1.099496000
 876   -0.950000000   -0.912884400    0.451712200
 877    1.423742000   -0.109812100   -1.482500000
 878   -0.950000000   -0.478445000   -0.173756200
 879   -0.950000000   -0.619716000   -1.315882000
 880    6.842975000    0.548671000   -0.313069400
 881   -0.950000000   -1.075579000   -0.984939400
 882    3.650367000    0.216239900   -0.460927900
 883   -0.950000000   -0.215093000    0.829582700
 884    6.402414000    0.662018400    0.226744400
 885   -0.950000000    0.003437900    0.021978960
 886    7.203621000   -0.014133840   -0.819668800
 887   21.308950000    1.800202000    0.985553000
 888   16.138150000    1.157342000   -0.432452400
 889   15.744470000    1.014404000   -0.406058200
 890   11.648710000    0.729323200   -1.647343000
 891    3.743456000    0.170491200   -0.148110200
 892   -0.722012700   -0.121256400    0.420229100
 893    1.726321000   -0.188585600   -0.731833300
 894   19.178140000    1.225771000    0.040977480
 895    3.596094000   -0.291102700   -1.895516000
 896    2.321261000   -0.063059660    1.576190000
 897    8.300849000    0.565258900   -0.306439000
 898    6.079102000    0.048768990   -0.690599800
 899   -0.950000000   -1.327323000    0.613161800
 900   13.783970000    0.968349600    1.186396000
 901   25.888780000    1.656553000   -1.893516000
 902   -0.950000000   -0.919712900   -0.064981650
 903    9.906397000    0.822250500    0.934786900
 904   -0.950000000   -0.084178060    1.063415000
 905   -0.950000000   -0.382151300   -0.032800180
 906   20.593560000    1.649081000    0.079805450
 907   -0.950000000   -0.557060500   -0.165888300
 908    5.013718000    0.188270700   -1.363182000
 909   -0.950000000   -0.620093400   -0.437537400
 910   -0.376081000    0.069062480    0.471673900
 911   -0.950000000   -1.772031000    0.419611900
 912    0.250802800   -0.095064700   -0.448056000
 913    5.717374000    0.278889000   -0.379298000
 914    1.203988000   -0.129200300   -0.278638500
 915    1.093106000    0.037709570    0.000018334
 916    2.815465000    0.295192600    0.283631600
 917    3.458224000    0.553060900   -0.201065800
 918    0.897942800    0.237987900   -0.141592700
 919   -0.950000000    0.184556500    1.183725000
 920   -0.950000000   -1.213996000   -1.588604000
 921   -0.950000000    0.516726800    0.704568100
 922    8.485582000    0.943755900   -0.891510400
 923   22.767160000    1.762050000   -0.321277800
 924   -0.950000000   -0.541475800   -1.411996000
 925    5.952632000    0.815023200    0.113875300
 926   -0.950000000   -1.053359000   -1.266092000
 927   10.533140000    1.178625000   -0.338495500
 928    8.016309000    1.286482000   -0.132470800
 929   -0.950000000   -1.961198000   -1.126183000
 930    3.574033000    0.133674100   -1.010001000
 931   -0.950000000   -0.625343300    1.073824000
 932   12.792030000    1.163751000    0.477877000
 933    5.302126000    0.641732000    0.237923200
 934   -0.950000000   -0.476606700    0.095323470
 935   -0.950000000   -0.444175900    1.463719000
 936   -0.950000000   -0.597642600   -0.930337500
 937    0.147531200    0.743256300    1.389552000
 938   23.523710000    1.805673000   -0.538645700
 939   -0.950000000   -1.282027000   -0.239532900
 940   -0.950000000   -0.005015644    0.836887900
 941    6.896506000    0.899533000   -0.076533660
 942    0.295584000   -0.133875900   -0.829551700
 943    2.677814000    0.250821400   -0.038898710
 944   -0.950000000   -1.430878000   -0.357345900
 945    0.414808300   -0.226156100   -0.432410500
 946   -0.950000000   -1.159355000    0.308744200
 947    4.491405000    0.439012200    0.531137300
 948    8.276832000    0.787456000    0.321423100
 949    4.293137000    0.251102300   -0.475868100
 950   -0.950000000   -0.641102300    0.008436248
 951   -0.715924400   -0.076197450   -0.635600700
 952   -0.950000000   -0.562823700   -0.115703100
 953   -0.950000000   -0.037543750    1.057952000
 954    6.170004000    0.619536300   -0.986962600
 955   -0.950000000   -1.524067000    0.578670800
 956    9.351153000    1.112206000   -0.088881650
 957    0.063160910    0.212294100    0.687624800
 958   -0.378883700   -0.217763100   -1.179812000
 959   -0.950000000   -0.270781400   -0.114601800
 960   -0.950000000   -0.536164700   -1.386915000
 961    5.183571000    0.565269800    0.483539000
 962    5.530759000    0.265681000   -1.105603000
 963    6.962736000    0.664676400   -0.860264300
 964    4.741582000    0.404038300   -0.662653800
 965    4.678443000    0.271600900   -0.673916100
 966   -0.950000000   -0.843668500   -0.546747500
 967   -0.950000000   -0.488179300   -0.498036200
 968   22.715090000    1.960783000   -0.090221670
 969   -0.950000000   -0.313181400    0.570422600
 970    3.555371000    0.323738000   -0.877725200
 971   -0.950000000   -1.777128000    0.605450200
 972    8.377990000    0.728604500   -0.565019700
 973   -0.950000000   -0.503985100    0.172199300
 974   -0.950000000   -0.433928000    0.328477800
 975   15.723860000    1.141932000   -1.331841000
 976   -0.950000000    0.101881300    1.130553000
 977   -0.950000000   -0.653550200   -1.423111000
 978    5.605837000    0.518056600    0.665757800
 979    9.594780000    0.714155800   -0.558238000
 980    3.682364000    0.945417800   -0.558170600
 981    3.504732000   -0.032018630   -1.714897000
 982   -0.950000000   -0.398533700   -0.609614600
 983   12.757410000    1.193130000   -0.942712100
 984   -0.519984200    0.032007430    1.207772000
 985    3.203816000    0.243959400   -1.164876000
 986   -0.950000000   -0.082404600    0.567033900
 987   13.688250000    0.728407000   -1.781630000
 988   13.571470000    0.968760200   -1.542510000
 989   19.082260000    1.936270000   -0.977511100
 990    0.729246600    0.325109500    1.189792000
 991   11.611290000    1.251990000    0.303027100
 992    2.015704000   -0.082992540    0.229529800
 993   19.915320000    1.069271000    0.766008500
 994    5.132759000    0.061250710   -0.028482950
 995    5.567428000   -0.147817300   -1.694632000
 996   -0.950000000   -0.973774700    0.860606000
 997   17.655380000    1.806216000    0.478714800
 998   16.210120000    1.053105000    0.370499800
 999    3.225106000    0.086159370   -0.272244100
1000   -0.950000000   -0.777656600    0.786854500
1001   -0.950000000   -0.782239500    0.234015800
1002   22.781600000    1.891280000    0.815243500
1003   10.407680000    0.942937800   -0.108586300
1004   -0.950000000   -1.417243000    0.282394600
1005   10.422850000    1.146501000    0.566375500
1006   -0.950000000   -0.297350500    0.439664100
1007   -0.950000000   -1.431538000   -0.114618800
1008    6.257313000    0.806228400   -0.000748999
1009   -0.950000000   -0.931668200    0.850897200
1010   -0.950000000   -0.798320400   -0.149579900
1011   -0.950000000   -0.114999600   -0.303257600
1012   -0.950000000   -1.191368000   -1.597384000
1013   -0.950000000   -0.564849000    0.321821300
1014   -0.950000000   -0.503288700    1.468454000
1015   -0.950000000   -0.656101000    1.283280000
1016    2.439343000    0.228024500   -0.542406700
1017   -0.950000000   -0.343570500    0.048785760
1018    7.542282000    0.817293800   -0.169172600
1019   15.191550000    1.658344000    0.951835300
1020   -0.342245000    0.238535300    0.473538100
1021   -0.420109500    0.398311300    0.787216900
1022    8.368407000    1.150673000    0.697058600
1023   -0.950000000   -0.106611800   -0.229774300
1024    2.988832000    0.442133700   -0.446684700
1025   -0.950000000   -1.024172000    0.266821400
1026   -0.187461400   -0.170251100   -1.434854000
1027   -0.950000000   -1.135081000   -1.059910000
1028    7.116816000    0.814292400    0.096422470
1029   -0.950000000   -0.923451600   -0.714213800
1030    7.816620000    1.420396000    0.160062700
1031   -0.950000000   -0.949031200   -0.754351500
1032   -0.950000000   -0.887890200   -0.857960400
1033   -0.950000000   -0.430326900    0.073124200
1034    5.946396000    0.617820100   -1.475927000
1035   -0.950000000    0.157201100    0.595467400
1036    2.309505000    0.193357200   -0.374474600
1037   -0.950000000   -0.560452500    0.940686400
1038    5.996979000    0.901590100    0.956214200
1039   16.952330000    1.480657000    1.039843000
1040   -0.950000000   -0.616920600    0.249867900
1041   -0.950000000   -1.764839000   -0.196397700
1042    6.532274000    0.434490500    1.231750000
1043   -0.950000000   -1.890899000   -0.406212700
1044   -0.950000000   -1.895447000   -1.363968000
1045    6.002437000    0.360039400   -0.025234260
1046   -0.950000000    0.206050400    0.731352900
1047   -0.950000000   -0.356478300    1.507490000
1048    0.033699120   -0.083907090    0.048473670
1049    6.979808000    0.494357500    0.277241500
1050    4.469583000    0.300742600   -0.020047980
1051   -0.950000000   -0.324006700    0.338627800
1052    7.435646000    0.681264400    1.012959000
1053   -0.950000000   -1.464907000   -0.996020500
1054    9.187412000    0.438633000   -1.648139000
1055   -0.749812800    0.252241400    0.651479100
1056    3.429755000    0.208367400   -0.123012500
1057    8.456733000    0.609468500   -0.985327900
1058   21.466540000    1.458408000   -0.543396200
1059   -0.950000000   -0.483113500   -0.450034900
1060    5.962286000    1.178347000    1.263881000
1061    4.932767000    0.567605200   -0.434967200
1062   -0.950000000   -1.293487000   -0.589862600
1063    5.162587000    0.461497300   -0.078009920
1064    4.417033000    0.533865200    1.312396000
1065   -0.950000000   -0.581835100   -0.131489000
1066   -0.950000000   -0.095801160   -0.217268200
1067    1.239136000    0.475966400   -0.056442510
1068   -0.950000000   -1.074570000    0.708046200
1069   -0.950000000   -1.415783000    0.084484390
1070   11.871130000    1.259179000   -0.404577100
1071   11.055870000    0.998792200   -1.720827000
1072    9.266671000    1.159224000   -1.721293000
1073   -0.950000000   -1.266308000    1.655222000
1074    2.301573000    0.596162800    0.477570400
1075   -0.950000000   -1.459021000   -1.729369000
1076   -0.950000000   -0.192066200    0.086120500
1077   11.286680000    1.129793000   -0.617734900
1078   -0.950000000   -0.440308300   -0.516209100
1079    2.196925000    0.475536200   -1.473237000
1080   -0.950000000   -0.178221400   -1.788608000
1081   -0.950000000   -0.016096040   -0.480490000
1082   -0.950000000    0.199131800    1.238809000
1083   -0.950000000   -1.725370000    0.883594700
1084   -0.950000000   -0.185197100    0.251462200
1085   -0.950000000   -0.317514400    0.222381800
1086   -0.950000000   -0.893864600    0.100552100
1087   -0.950000000   -0.985499000    0.431372000
1088   -0.950000000   -1.654247000   -0.879980500
1089    8.621387000    1.025640000   -0.085473250
1090   -0.950000000   -1.579130000   -0.807425000
1091   -0.950000000    0.130667200    0.479697200
1092   -0.950000000   -0.413724200    0.220388600
1093   -0.950000000   -0.657849900    1.538906000
1094   -0.950000000   -1.211715000   -0.955606700
1095   -0.950000000   -0.499402300   -0.203394500
1096    0.424793500    0.315522600   -0.850522100
1097   -0.950000000   -0.498660500   -0.252457700
1098   -0.362358200    0.421440100    0.767696500
1099   -0.950000000   -0.569055700   -1.318806000
1100    2.372557000    0.368052300   -0.990103300
1101   -0.950000000    0.278545500   -0.241073700
1102    4.358472000    0.733695400   -0.460410800
1103   -0.950000000    0.136586800    0.747719700
1104   -0.950000000   -0.308593800    0.318962900
1105   -0.950000000   -0.672842400   -1.162357000
1106    6.623688000    0.682100200    0.205950900
1107   14.285480000    1.600172000    0.091890630
1108   -0.950000000   -1.879499000   -1.147766000
1109   -0.950000000   -0.431546800   -0.484034800
1110   -0.585932800    0.064967840   -1.068557000
1111   -0.950000000   -0.398685800   -0.154613700
1112   -0.950000000   -0.240455600   -0.170172600
1113   -0.950000000   -0.305162100    1.015396000
1114   -0.950000000   -0.302240100   -0.454098500
1115   -0.950000000   -1.281641000    0.831884500
1116   -0.950000000   -0.841129200   -0.594243600
1117   -0.950000000    0.043201140    1.481310000
1118   -0.950000000   -0.405914600   -0.523204200
1119   21.572720000    1.518484000   -1.564580000
1120   -0.950000000   -0.856464600    0.528777600
1121   11.131770000    0.979018400    0.596304700
1122    9.511193000    1.074676000    0.192442100
1123   -0.950000000   -0.858911800    0.876578100
1124    8.000468000    0.746035200   -0.626030400
1125   -0.950000000   -1.905534000    0.663943500
1126   -0.950000000   -0.609481500   -0.432197400
1127   -0.950000000   -0.610248300   -0.417980500
1128   -0.950000000   -0.769736200   -0.031057610
1129   -0.950000000   -0.310970100    0.721421000
1130   -0.542982500   -0.053334930    0.217971200
1131   -0.340833800    0.212592700    0.866074700
1132    6.676033000    0.587865300    1.227610000
1133   -0.950000000   -1.406305000   -0.763479500
1134   -0.950000000   -0.133942800    0.226211300
1135    6.090131000    0.338955300   -0.223587100
1136   13.253040000    1.366884000   -0.621804200
1137   -0.950000000   -0.828767200    0.930950500
1138    2.138845000    0.803386100    0.723796000
1139   13.058530000    1.608189000   -0.229527200
1140    0.260923700   -0.286640600   -1.099898000
1141   -0.950000000    0.168300500   -0.417978200
1142    1.002119000    0.168697400   -1.524113000
1143   -0.431346400    0.501891800    1.243356000
1144   -0.950000000   -0.396364000   -0.509939600
1145   -0.950000000   -0.957692700   -0.670780200
1146    3.846356000    0.586276400   -0.377338500
1147   -0.950000000   -0.886901700    0.237059600
1148   -0.950000000   -0.874609700   -0.725817800
1149    0.503253200    0.357880600   -1.407903000
1150   -0.950000000    0.104055000   -0.425647300
1151   -0.950000000   -0.844976300    0.138751300
1152   -0.950000000   -0.882563500   -1.176458000
1153   -0.950000000   -0.620379400   -1.271352000
1154   -0.950000000   -0.647310900    1.302178000
1155    7.595683000    0.897148000    0.461710300
1156   -0.263279100   -0.204971400    0.244753600
1157    2.255332000   -0.130513500   -0.398028200
1158   -0.950000000   -1.256810000    0.856477800
1159   -0.218659100   -0.276015400    0.183515300
1160   -0.950000000   -0.276742900    1.156338000
1161   18.769930000    1.850938000   -0.310136700
1162    8.200404000    0.961895000   -0.417268700
1163    7.542492000    0.856394500    0.094984690
1164   21.650490000    1.555244000   -1.213711000
1165   -0.950000000   -0.167601900    1.202944000
1166   13.414770000    1.065127000   -1.221560000
1167    7.491666000    0.645468800    1.165445000
1168   10.486310000    0.527364700   -0.691029400
1169   13.151470000    1.235747000   -0.054016920
1170   -0.950000000   -1.792154000    1.327354000
1171   -0.950000000    0.005779677    0.614660100
1172   -0.950000000   -0.489061700   -1.770962000
1173   -0.950000000   -0.470577600   -0.422342400
1174   -0.950000000   -0.096224870   -0.799148000
1175   -0.950000000   -0.073989790   -0.743568300
1176   -0.088894540    0.242073500    0.558517900
1177   -0.950000000   -0.035958560    1.710790000
1178    9.982505000    0.647249700   -1.333616000
1179   -0.950000000   -1.270351000    1.041588000
1180    8.844919000    1.427887000   -1.083301000
1181   -0.950000000    0.061853200    0.049611570
1182   -0.950000000   -1.037563000    0.306192600
1183    1.343583000    0.212069800   -0.598756400
1184   -0.950000000   -1.007076000   -0.970459500
1185   -0.950000000   -0.049850850   -0.538450200
1186   -0.950000000   -0.681717200   -0.653663100
1187   -0.141988900    0.411616900    0.506962700
1188   -0.950000000   -1.013782000    1.721400000
1189   -0.950000000   -0.962121200    0.767214700
1190   -0.950000000   -1.853402000    0.833743100
1191    5.888043000    0.533405000   -1.143964000
1192   -0.950000000   -0.144805100   -1.126394000
1193   11.842120000    1.547347000    0.960361500
1194   -0.950000000   -1.248383000   -0.704736700
1195   -0.950000000   -0.283844600   -1.878871000
1196   -0.950000000   -0.844604100    1.063899000
1197    2.129083000    0.293724800   -0.243093300
1198   16.672960000    1.446023000    1.083382000
1199   -0.950000000   -0.371715500   -0.995801700
1200   -0.950000000   -0.234291800    1.016998000
1201   27.271680000    1.947613000   -0.296607400
1202   15.877440000    1.166750000   -1.072494000
1203   20.429290000    1.033014000   -1.546472000
1204    5.483252000    0.229269300    1.260244000
1205   13.276190000    0.698981300   -0.120057000
1206    6.689183000    0.076921330   -0.596501500
1207   14.620750000    0.993373800    0.408050100
1208    4.799658000    0.210489700    0.213150200
1209   -0.948717000   -0.495332900    0.241587100
1210   -0.950000000   -0.988310700   -0.828212700
1211    0.614110800   -0.016804410    1.789176000
1212   13.999680000    0.948991600    0.135754800
1213   16.171520000    0.949365300   -1.547928000
1214    8.917831000    0.693036900    1.430238000
1215    7.454506000    0.097021650    1.031685000
1216   14.544630000    1.369461000    1.113477000
1217   21.337670000    1.091014000    1.923931000
1218   -0.950000000   -0.550729800    0.562780300
1219   13.432260000    1.101893000    0.671519900
1220    6.549968000    0.225494200   -0.387809200
1221   -0.950000000   -0.809594400    0.016386380
1222    7.734864000    0.424077200    0.311756000
1223   18.806790000    0.985906600   -0.989391700
1224    3.550289000    0.192318900    1.416117000
1225    5.335689000    0.064161970   -0.517963300
1226    5.020846000   -0.055559620   -0.139277300
1227    6.320737000    0.589580300    0.904764600
1228    2.672477000    0.135587000    0.276917100
1229    4.543433000   -0.090390550   -1.334495000
1230   -0.950000000   -1.783254000   -0.560431200
1231    4.970066000    0.613070700    0.012396030
1232    1.500972000    0.339424900    0.002441358
1233   -0.950000000    0.119162300    0.889644700
1234   -0.950000000   -1.430539000    1.729493000
1235   -0.950000000    0.189683100    1.585136000
1236    5.625660000    0.516211900   -0.311247600
1237   -0.950000000   -1.384748000    1.409506000
1238   -0.950000000   -0.897030300   -0.101590600
1239    3.756359000    0.302717400   -0.873681600
1240   11.799190000    1.088161000    1.541919000
1241   -0.950000000   -0.688772800   -0.409651100
1242   -0.950000000   -1.320231000   -0.032039100
1243   -0.950000000   -0.211859300    0.207747200
1244   -0.950000000   -0.922110800    0.473520400
1245   -0.950000000   -1.765025000   -1.554213000
1246    4.557226000    0.327253800    1.638177000
1247   -0.303723600   -0.492326200   -0.768568200
1248   -0.950000000   -1.355234000   -0.489056500
1249   -0.950000000   -0.140584200    0.156070900
1250   -0.950000000   -1.176818000    1.339267000
1251    9.056469000    0.780407200    0.687416600
1252    4.968465000    0.223756400    0.048785820
1253    8.413846000    0.513644700   -0.235369100
1254   17.043900000    1.364450000    0.095879210
1255    5.160565000    0.149067600   -0.227526200
1256    2.145045000   -0.080442550   -0.222951400
1257   13.328370000    1.054138000    0.295152700
1258   -0.950000000   -0.709572100    1.198500000
1259   13.895810000    0.994521000    0.735108100
1260    3.966215000    0.172171300    0.011742060
1261    3.255272000    0.433078200    1.804734000
1262    3.987273000    0.418560100    0.850195200
1263   -0.950000000   -0.973921800   -0.897682800
1264   -0.950000000   -0.022121130    1.782493000
1265   16.023860000    1.091518000   -0.431010700
1266   -0.950000000   -0.252721700   -0.104421000
1267   -0.950000000   -0.240734200    1.394535000
1268   -0.950000000   -1.625880000   -0.282935100
1269   -0.950000000    0.081849700    0.938351600
1270   -0.950000000   -0.735759500    1.659713000
1271   -0.950000000   -0.755181200    1.383105000
1272   -0.950000000   -0.515676600    0.544732300
1273    1.982252000   -0.110255600   -1.025363000
1274   -0.950000000   -1.265032000   -1.970969000
1275    2.860142000    0.375896200    0.047921480
1276   -0.950000000   -1.941946000    0.469711700
1277   -0.404399300   -0.014504620   -0.084456930
1278    5.932503000    0.408833800   -1.039484000
1279   13.049760000    1.297553000   -1.423538000
1280   -0.950000000   -0.463541200    0.957111200
1281    4.023675000    0.285312900   -0.714819400
1282    0.279946700    0.054231300    0.533461900
1283    6.607459000    1.034795000    0.190565000
1284   -0.950000000   -1.638915000   -0.455342800
1285   -0.950000000   -0.175609500   -1.214431000
1286    7.849542000    0.828234900   -0.164781800
1287   -0.950000000   -0.151392800    0.182075100
1288   12.859830000    1.336925000   -0.177807300
1289   10.724050000    1.261931000    0.561445600
1290   -0.950000000   -1.853589000    0.148242900
1291   -0.950000000   -0.466716000   -0.144104100
1292    0.459503900    0.453811000    1.081934000
1293    0.762749500    0.080544670    1.396084000
1294    4.621590000   -0.258872500   -1.769851000
1295   18.201470000    1.190200000   -0.689287000
1296   -0.950000000   -0.988491500    1.391727000
1297    0.555809300    0.128316900    1.540859000
1298   -0.724522600   -0.192032900   -0.115735400
1299   -0.950000000   -0.475778200    0.811533600
1300   -0.950000000   -1.209707000    0.490788600
1301   15.748980000    1.045963000   -1.798611000
1302   18.352070000    1.463915000   -1.791236000
1303   24.225710000    1.576025000   -0.296333700
1304   -0.950000000   -0.838792600    0.540517100
1305   -0.950000000   -0.355849000   -1.268161000
1306   -0.950000000   -0.645977300   -0.536113900
1307   -0.950000000   -0.139398300    1.768059000
1308   -0.950000000   -1.066908000    0.431046300
1309    2.786848000    0.033404050    0.548154700
1310   -0.950000000   -1.330550000   -1.168978000
1311   13.598650000    1.617770000    0.632628100
1312   -0.950000000   -0.351096700    1.177249000
1313    2.672113000    0.301082100    0.298240400
1314   -0.950000000   -0.881033900   -0.161015100
1315   -0.950000000   -1.651177000   -1.666465000
1316   -0.950000000   -0.905945900   -0.024091900
1317    1.924466000    0.194099000    0.906762500
1318    3.023628000    0.376288700    0.787623300
1319   14.706410000    1.119278000   -0.479621500
1320    3.865438000    0.252483800   -0.436349200
1321   -0.950000000   -0.338683800   -0.043557750
1322    4.315811000    0.225555700   -1.229448000
1323    1.156768000    0.460208700    0.946079100
1324   10.039760000    1.070067000   -1.077507000
1325   -0.950000000   -0.985366400    0.314066500
1326   -0.950000000   -0.407860700    0.161706600
1327    0.639005100    0.333009300    1.724479000
1328   -0.950000000    0.183764900    1.548254000
1329   -0.950000000   -0.450541100    1.233394000
1330    4.317375000    0.361492000   -0.638976200
1331    1.119134000    0.105831500   -0.122137600
1332   -0.950000000   -1.607837000    1.948034000
1333   22.048050000    1.967020000   -1.117307000
1334   -0.950000000   -0.700303900    0.449943800
1335   -0.950000000   -1.738729000   -0.555741400
1336    3.282743000    0.335262800    1.031787000
1337    0.116331000   -0.101035900    1.086838000
1338   16.237150000    1.464758000   -0.649108300
1339   12.916260000    1.018377000   -1.826013000
1340    1.111895000   -0.281301000   -0.248483300
1341    6.952047000    0.333512100    0.558413700
1342   23.296010000    1.962575000   -0.203178500
1343    2.328861000   -0.049932250    1.101828000
1344   15.845370000    1.260954000   -0.506407900
1345   13.717270000    1.037897000    0.305525300
1346   17.281120000    1.255461000   -0.112944100
1347   -0.950000000   -0.655977800   -0.068566960
1348   10.523080000    0.440994400    1.667777000
1349    4.346908000   -0.198262800   -0.946225100
1350   -0.950000000   -0.363348100    0.728754500
1351    6.201545000    0.958635400    0.479310700
1352   -0.183323400    0.057836340    0.322558200
1353   -0.950000000   -0.578119400   -1.099919000
1354   -0.745055800    0.013762950    0.318929900
1355    1.207809000    0.058265360   -0.586969700
1356    7.497086000    0.830333700    0.324283100
1357    4.609138000    0.603368800   -0.443212800
1358   -0.950000000   -0.256879000   -1.072312000
1359   -0.950000000   -0.856915600    0.736064100
1360   -0.950000000   -1.102541000    0.273478800
1361   -0.950000000   -0.737250500    0.260843400
1362   -0.950000000   -0.074066170   -0.131297500
1363    2.298180000    0.254399500   -1.077864000
1364   -0.950000000   -0.569624000   -0.887375800
1365   10.609160000    0.919604500   -0.355944000
1366   13.654700000    1.331025000   -0.613641500
1367   -0.950000000    0.003283681   -0.203586100
1368   -0.950000000   -0.850039700    0.159568300
1369    5.231490000    0.549181500    0.445470200
1370   -0.950000000   -0.561890500   -1.323286000
1371    5.157012000    0.181484000   -1.187306000
1372   -0.950000000   -0.218082000    0.433616100
1373    9.965803000    1.263617000    1.325660000
1374    7.438266000    0.914210000   -0.335115900
1375   -0.950000000   -1.313272000   -1.938032000
1376   -0.950000000   -0.447873000    1.634844000
1377    5.900642000    0.462689300   -0.370601600
1378    3.011513000    0.320102500    0.618646800
1379   -0.950000000   -0.443622400    0.426254000
1380   -0.950000000   -1.775987000   -1.542792000
1381   -0.950000000   -0.338568600   -1.694776000
1382    2.929647000    0.485471700   -0.059283100
1383   15.876880000    1.725472000    0.069047730
1384    2.700669000    0.495666500   -0.420217100
1385    6.898713000    0.852214700    0.001193183
1386   -0.950000000   -0.335122700   -1.562428000
1387   -0.950000000   -0.203111700    1.143601000
1388   -0.950000000   -0.931506900   -1.000361000
1389    1.875520000    0.100771800   -0.873634100
1390    5.005738000    0.576861200   -1.214487000
1391    3.343397000    0.512944100    1.625347000
1392    2.967716000    0.157690200   -0.955368300
1393    2.528739000    0.292963900   -0.537896900
1394   -0.950000000   -0.740440400    0.546909100
1395    1.790556000    0.157321200   -1.691571000
1396    7.355820000    0.093573220    0.156262300
1397   17.273830000    1.683515000    0.838862600
1398   -0.950000000   -0.627037500    0.760745200
1399   -0.950000000   -0.792505900    1.435414000
1400   23.269550000    1.790296000   -0.245673200
1401   15.962070000    1.029881000    0.886945900
1402   11.247650000    0.329722100   -0.724770800
1403   -0.950000000   -1.522803000   -0.745523800
1404   18.671690000    1.022792000   -0.619088600
1405    9.795928000    0.272790700   -0.094253150
1406   12.293060000    0.730873700    1.239044000
1407    4.737483000    0.361740800    1.131994000
1408   11.168570000    0.357120200   -0.261749200
1409   18.075470000    0.986788900   -0.976033900
1410   -0.950000000   -1.131387000    1.314789000
1411    4.533309000    0.666995600    0.706543600
1412   -0.950000000   -1.420440000   -0.443730500
1413   -0.950000000   -0.976464000    1.520331000
1414   -0.950000000   -1.730061000    0.181709100
1415    7.241041000    0.340362300   -0.590046700
1416    6.569673000    0.993362900    0.289830700
1417    0.663589000   -0.269598900   -0.064017010
1418   11.042650000    1.160356000    0.522342200
1419    3.210906000   -0.150766600   -1.019014000
1420   11.576930000    0.802825700    0.380433400
1421   21.005740000    1.526973000    0.105544500
1422   -0.950000000   -1.304838000    0.598388200
1423   -0.950000000   -0.457565100    1.590102000
1424    4.682927000    0.544734200    0.860140200
1425   -0.950000000   -0.780663000    1.175939000
1426   -0.950000000   -1.218288000    0.507155900
1427    4.913222000    0.694833900    1.099399000
1428    0.737532400    0.261838700    0.110532000
1429   -0.950000000   -0.607392300   -0.018941760
1430   -0.950000000   -1.191959000    0.122647000
1431    0.508797900   -0.198602200   -1.553976000
1432   14.020410000    1.519121000   -0.096742100
1433    9.399164000    0.957096000    0.145021000
1434   -0.950000000   -0.515762300    0.220997500
1435   -0.950000000   -0.788058400   -0.837278000
1436   -0.950000000   -1.422363000   -0.470871000
1437   -0.950000000   -0.853054600    0.014967880
1438    9.885860000    0.540527300   -1.068788000
1439    0.985615300    0.278621200    0.927483400
1440    8.887305000    0.908540000   -1.288381000
1441   -0.950000000   -0.762213600    0.941257200
1442    2.801009000    0.095058010    1.594034000
1443    5.818208000    0.691032100    0.271623900
1444   14.749490000    1.532150000    0.762199400
1445    8.643496000    0.470997200    1.487676000
1446    4.366683000    0.687592200    1.014005000
1447   -0.950000000   -1.493367000   -1.063217000
1448    8.579246000    0.802961600   -0.540688400
1449   -0.950000000   -0.407602100   -0.037496420
1450    0.841417100   -0.745548600   -1.880624000
1451    2.643828000    0.126020000   -0.060727480
1452    4.926001000    0.189532000   -1.067593000
1453    6.156134000    0.407770000    1.833132000
1454   -0.950000000   -0.938277300   -0.901459500
1455   -0.950000000   -1.577455000    1.142248000
1456   -0.950000000    0.270955700    0.965129800
1457   -0.950000000   -1.727116000    0.121492600
1458   -0.950000000   -0.727030600    0.291419500
1459    7.484102000    0.499686400    0.700222400
1460   12.147300000    1.047730000    0.857487500
1461   -0.950000000   -0.970549400    0.196077900
1462   -0.653027600   -0.285570200   -0.516787000
1463   16.773490000    1.251161000    0.199513000
1464    7.037206000    0.531126200   -0.316107700
1465   -0.950000000   -0.521567200   -0.434107100
1466    0.736001800   -0.168366200    1.317251000
1467    7.614568000    0.353321600   -0.156989200
1468   -0.950000000   -0.963641700    0.327960400
1469   18.795270000    1.368347000    1.233086000
1470   -0.950000000   -0.441473600    0.655126500
1471   -0.950000000   -0.081687000    0.848168100
1472   -0.950000000   -0.343875100    0.459574700
1473   -0.950000000   -0.838670700    0.297786800
1474   -0.950000000   -0.780028300    1.323371000
1475   -0.950000000   -1.018135000    0.282596300
1476    2.099645000   -0.185959700   -1.850052000
1477   -0.950000000   -0.143386500    0.961820600
1478    3.235840000    0.280121400    0.250919100
1479   -0.950000000   -0.961186100    1.099387000
1480   13.413470000    1.449257000   -0.929327600
1481   -0.950000000   -0.346410500   -0.744650400
1482   -0.950000000   -0.131258900    1.299153000
1483    8.616159000    0.764300000   -0.052523240
1484   -0.950000000   -0.240105500   -0.074707060
1485    5.391163000    0.359171500    0.609563400
1486   -0.950000000   -0.754547000    0.662125400
1487    3.069952000    0.184770500   -0.291624500
1488   18.014080000    1.416238000   -0.173015100
1489   15.457880000    1.361393000    1.291361000
1490    5.635847000    0.617210800   -0.368768700
1491   -0.950000000   -1.425527000    0.844204100
1492   -0.950000000   -0.346203300   -0.224710200
1493   -0.950000000   -1.418826000    0.578225800
1494   -0.950000000   -0.471806100   -0.401426900
1495    5.093443000    0.696877700    0.922478800
1496   -0.950000000    0.046563810    0.390210600
1497   -0.950000000   -1.325126000    0.066787390
1498   -0.950000000   -0.894038900    0.172979300
1499    5.437176000    0.559547100   -0.007442183
1500   -0.950000000   -0.192079600   -0.244303500
