*y  x1  x2
   1    1.864317000    0.148025300   -0.840016200
   2   -0.950000000   -0.559995500   -0.682875900
   3   -0.950000000   -0.830049800    0.937607600
   4   -0.950000000   -1.074101000   -0.731846700
   5    4.544646000    0.507213400   -0.460341700
   6   12.265580000    1.505668000   -1.036873000
   7   -0.950000000   -0.000899472   -1.254366000
   8    9.042257000    0.499586700   -1.471076000
   9   -0.950000000   -1.370488000    0.145640100
  10   -0.131864100    0.013347450   -0.888430600
  11    7.503156000    0.569480300   -0.237750000
  12   -0.950000000    0.024956290   -0.152486000
  13   11.683840000    1.408508000    0.168777900
  14   -0.950000000   -1.028678000    0.909661600
  15    0.365065800    0.055033800   -0.539297500
  16    6.080899000    0.583694600    0.670916700
  17   -0.950000000   -0.458430600   -0.380192700
  18   -0.950000000   -0.443434500    0.966566100
  19   -0.950000000   -0.996152500    1.095865000
  20    5.863956000    0.394813100   -0.275758300
  21    7.101094000    0.901690200    0.952109300
  22    6.777062000    0.725231500   -0.003810077
  23   -0.950000000   -0.511177700    0.565721100
  24   14.269560000    1.142641000   -1.545319000
  25    1.041380000   -0.203484100    1.513066000
  26    5.975020000    0.332669000   -0.025612420
  27    2.074065000   -0.284882300   -0.121592300
  28    7.789421000    0.312834200    0.526365900
  29   13.459110000    0.804184700   -0.026662040
  30   -0.950000000   -0.708780200    1.561616000
  31   -0.950000000   -0.190636500    0.098998800
  32   -0.950000000   -0.092950050   -0.114793500
  33    5.935907000    0.928639300    1.162408000
  34   -0.950000000   -0.682857900   -0.867632100
  35   -0.950000000   -0.142972600   -1.570461000
  36   -0.950000000   -0.047316610    0.674454800
  37   -0.950000000   -1.115414000   -0.463030500
  38   -0.950000000   -1.109139000   -1.694967000
  39   10.885840000    1.138574000   -0.360862900
  40   -0.950000000   -0.960027300    1.356113000
  41   -0.950000000   -1.198000000   -0.681404000
  42    5.628782000    0.744885200    0.886694900
  43   -0.950000000   -0.458220600    0.411543400
  44   -0.950000000   -0.541808600   -0.697182300
  45    4.252737000    0.528778500   -0.548006500
  46   18.464290000    1.513862000   -1.819884000
  47    5.989208000    0.671318100    0.543428900
  48   -0.950000000   -0.604768200    0.808887800
  49   14.636850000    1.201108000   -0.240757800
  50    6.913822000    0.208077600   -0.528711100
  51    4.171687000    0.120014400   -1.644332000
  52    6.136152000    0.362336700   -0.296875500
  53    1.283699000    0.109999200    1.829974000
  54    4.531657000    0.287328600   -0.640111400
  55   -0.813405900    0.301416100    0.789129500
  56    5.758518000    0.666529900    0.619249000
  57   -0.950000000   -1.512901000    0.089333330
  58   10.644440000    0.884893800    0.424564100
  59   16.314690000    1.092618000    1.516540000
  60    1.416235000   -0.189686000   -1.690867000
  61    0.534737700   -0.003184605    0.670900900
  62   -0.950000000   -0.206982300   -0.183312000
  63    1.547924000   -0.007438532    1.308449000
  64   -0.950000000   -0.411809600   -1.056178000
  65   -0.950000000   -1.988776000    1.426836000
  66   -0.950000000   -0.223450200    0.059591500
  67    0.292642500   -0.188233600   -0.999663300
  68    5.290904000    0.233159000   -0.893756700
  69   -0.950000000   -1.866319000    0.908577100
  70    1.173422000    0.558628300    1.620906000
  71   -0.950000000   -0.481922200    1.752202000
  72    4.265100000    0.430901100    0.719283500
  73   -0.950000000   -1.124370000   -0.664305000
  74    1.214751000    0.313424000    0.772302600
  75   10.139470000    0.822387900   -0.281806800
  76   13.382710000    0.898159400    0.026843230
  77   16.830120000    1.348640000    0.516479700
  78    8.786684000    0.110549100   -1.119679000
  79    5.701964000    0.846838800    1.879640000
  80    8.346463000    0.602937700    0.186420200
  81   -0.950000000   -1.845304000   -1.160430000
  82   24.218820000    1.482021000   -0.528090600
  83    4.759729000   -0.208478000    1.721227000
  84    4.303539000   -0.242229600    1.318537000
  85   13.907530000    0.893815800    0.440711700
  86    3.892664000   -0.377523900   -0.478219700
  87   16.201820000    0.909874200   -0.124108500
  88    3.282881000   -0.273979600   -0.076137150
  89   -0.313256400   -0.629872600   -0.294314400
  90   -0.950000000   -0.889976400    0.638457500
  91    1.448266000    0.245843600   -0.002096394
  92   14.340240000    1.975216000   -0.809408000
  93   -0.575082000    0.532174900    0.422384000
  94   -0.950000000   -0.051258070   -0.161533000
  95    4.455964000    0.585582900   -1.037014000
  96   -0.950000000   -1.155764000   -0.754351900
  97   -0.950000000   -0.029219860    1.791200000
  98    4.900367000    0.952968500    1.014051000
  99   -0.950000000   -1.334879000   -1.133069000
 100   -0.950000000   -0.223933800   -1.608586000
 101    3.538890000    0.524037900   -0.736454700
 102   -0.950000000   -0.290556600    1.689010000
 103    7.897050000    0.969031700   -0.692128200
 104   -0.950000000   -0.673893800    0.158343200
 105   -0.950000000   -1.109856000    0.235482600
 106   -0.950000000   -0.456067600   -1.434195000
 107    8.484626000    1.013357000   -1.101512000
 108   19.450350000    1.993322000   -0.370183800
 109   -0.950000000   -1.489429000    0.307253700
 110   -0.950000000   -0.866654400   -0.870341000
 111   -0.950000000   -1.538359000    0.585338000
 112   -0.872306200   -0.024257490   -1.139719000
 113   -0.842354700    0.010579350   -0.643622100
 114   -0.950000000   -0.195083700    1.028344000
 115   -0.950000000   -1.140408000   -0.486816600
 116    4.615909000    1.002764000    0.916830400
 117   -0.950000000   -1.050942000    0.136285400
 118   -0.757813300    0.146975900   -0.732601200
 119   -0.950000000   -0.691551400   -0.089396050
 120   -0.950000000   -0.849090700    0.893071500
 121    5.228444000    0.354498100   -1.019234000
 122    3.761650000    0.448255800   -0.263892200
 123    0.375031600   -0.134365900   -1.448453000
 124   -0.950000000   -1.678450000    0.267067700
 125    1.079565000    0.185431200   -0.116693800
 126   -0.950000000   -0.839158900    0.796823000
 127    7.930983000    1.156011000   -0.597121200
 128   -0.950000000   -1.003918000   -0.706768100
 129   -0.950000000   -0.172923400   -0.088379140
 130   -0.950000000   -1.156503000    0.361617700
 131   -0.950000000   -0.683310200    1.250282000
 132   19.268390000    1.922960000   -0.023939780
 133    6.549308000    1.047900000    0.902272000
 134   13.699410000    1.073064000   -0.792966300
 135   11.989770000    1.194555000   -1.214761000
 136   10.075110000    1.025934000   -0.210131300
 137    4.196656000    0.410455700   -1.491963000
 138   -0.950000000   -1.212543000   -0.210615700
 139   -0.950000000   -1.065651000    0.402933400
 140   14.777370000    0.880247500   -1.850988000
 141   -0.950000000   -0.443433400   -1.055726000
 142   -0.950000000   -0.594518500   -0.168543400
 143   -0.950000000    0.359331900    1.519627000
 144   -0.950000000   -0.971631900    0.537561500
 145   -0.662486800    0.219581700    0.081392720
 146   -0.950000000   -0.402563900   -0.138987100
 147    9.255687000    0.979891900   -0.479629600
 148   -0.950000000   -1.415375000   -0.138967300
 149    1.444871000    0.115417500   -0.637799600
 150    7.921381000    0.672465800   -0.435615100
 151   -0.950000000   -1.805791000   -0.507824900
 152   -0.878676000    0.035163920    0.271144100
 153   14.608620000    1.103117000    0.878025200
 154    8.125020000    0.663169700   -0.220761900
 155   -0.950000000   -1.304892000   -0.827074800
 156   -0.950000000   -1.237923000    0.498253500
 157   -0.950000000   -0.552526400    0.899241600
 158    0.152520000   -0.023075220   -0.522851900
 159    6.475682000    0.443657500   -0.661053300
 160   11.125730000    0.617726000   -0.420179500
 161   -0.950000000   -0.876172400    1.255400000
 162   -0.950000000   -0.391591100    0.979331400
 163   -0.950000000   -0.534523800   -0.133145200
 164    5.687256000    0.995096500    0.746198300
 165    9.448792000    0.716962500   -0.809698800
 166   -0.950000000   -1.009758000    0.627861800
 167    3.749617000    0.447435600   -0.207134700
 168   11.877350000    1.284671000   -0.417516400
 169   -0.950000000    0.213705800    0.269617900
 170   -0.950000000   -0.426107900    0.006643125
 171   14.619120000    1.236452000   -0.620124600
 172   -0.950000000   -0.813638000    0.277142300
 173   -0.950000000   -0.222264600   -0.005990361
 174   -0.950000000    0.142546000    0.699216500
 175   -0.950000000   -1.860558000    0.809091000
 176    4.067603000    0.657348700    0.082189590
 177   -0.950000000   -0.742997600    0.301846000
 178    2.708415000    0.571439600    0.398534800
 179    6.372202000    0.864887200   -0.398673800
 180   -0.950000000   -1.592493000   -1.336394000
 181   -0.950000000   -0.840384000    0.486275400
 182    3.533393000    0.380249800    0.078104770
 183    5.192578000    0.531578300   -0.071603670
 184    3.165217000    0.320051900   -1.106950000
 185   -0.950000000   -1.224614000   -0.190511200
 186   -0.950000000   -1.429407000   -1.942912000
 187    1.348504000    0.136687100   -0.488574000
 188   -0.950000000   -1.399574000    0.413626800
 189    0.470840800    0.066063110    1.622370000
 190   11.249690000    1.212474000   -0.107063000
 191   -0.808474100    0.242841400    0.554357900
 192   -0.950000000    0.393314500    1.242337000
 193   -0.950000000   -0.394859600   -1.033934000
 194   -0.950000000   -0.191217000    1.003362000
 195    2.310760000    0.124397800   -1.005919000
 196   12.244160000    0.979878800   -1.267546000
 197    3.229411000    0.207266200   -1.161772000
 198    0.352964700    0.119870200    1.144538000
 199   12.700280000    0.776221300   -0.863958600
 200   19.045610000    1.883163000   -0.141540900
 201   17.495910000    1.292746000   -0.315729300
 202    8.253628000    0.822210700    0.982000800
 203    8.853712000    0.939459300    1.208152000
 204   -0.950000000   -0.201114400    0.448866800
 205   -0.950000000   -1.363444000    0.943419800
 206   14.479590000    1.427290000    0.268314300
 207   -0.950000000   -0.567644800    0.042051130
 208   -0.950000000   -0.946169800   -1.814847000
 209   -0.950000000   -0.247005300    0.386832200
 210   -0.950000000   -0.702755900   -0.810737700
 211   15.582710000    1.483090000    0.420236800
 212    4.751111000    0.274767200    0.086496150
 213   -0.950000000   -0.972028900    0.249452200
 214   11.036730000    0.866603200   -0.263814200
 215   15.450130000    1.484087000   -0.158541500
 216   -0.950000000   -0.851422600   -1.425653000
 217    5.798691000    0.560491100    0.551176400
 218   17.814900000    1.354751000   -0.849798200
 219    6.390083000    0.405736500    0.626707500
 220   -0.098023110   -0.363896800   -0.086948360
 221   18.402970000    1.734551000   -1.273175000
 222   13.010240000    1.045687000   -0.835836800
 223   -0.950000000   -0.305300800    0.253864300
 224    0.933344700   -0.030676880    0.087332550
 225   -0.370723000   -0.362919800   -1.353006000
 226   -0.950000000   -0.886640700    0.669106600
 227   -0.950000000   -0.250925400    1.309693000
 228   -0.950000000   -1.419229000   -0.542505900
 229    0.412431100    0.387994800   -0.226678600
 230   -0.950000000   -1.311951000    0.581384900
 231   -0.950000000   -0.031560840   -1.452666000
 232   -0.950000000   -0.024884700   -1.906459000
 233   -0.950000000    0.088061020    0.083091470
 234   -0.950000000   -0.489673000   -1.702546000
 235   -0.950000000   -0.285781500   -0.652073700
 236   -0.950000000   -0.981664200    0.504552500
 237    8.765219000    0.550365200   -1.430581000
 238   -0.950000000   -0.635086000   -1.359533000
 239   -0.950000000   -1.021323000    0.880773300
 240   -0.950000000    0.698333600    0.750981100
 241   -0.950000000   -1.628788000    1.499422000
 242    0.300633400   -0.307319700   -0.322931600
 243    0.602624100    0.165181200    0.883183800
 244    6.904646000    0.575755600    0.825456200
 245   -0.950000000   -1.040482000   -0.969399700
 246    4.784236000    0.477409700    1.933036000
 247    3.413844000    0.157504900    0.476378200
 248    4.566274000    0.059178770   -0.482047800
 249   12.394690000    1.454365000    0.488018500
 250   -0.950000000   -0.790863300   -0.887781100
 251   -0.950000000   -1.251122000   -0.357895900
 252   11.431170000    0.678815600   -0.841008100
 253   -0.359504400   -0.524888600   -0.669166400
 254   14.127680000    0.782581600   -1.203262000
 255    2.650296000    0.308314700    1.628308000
 256    2.751612000   -0.417167700   -1.551577000
 257    8.495185000    1.303562000    0.883882300
 258   10.402230000    0.870554700   -0.453749200
 259    0.719568600    0.205896000    1.391433000
 260   16.968590000    1.359788000   -0.806102400
 261   -0.950000000    0.045995580    0.950520200
 262    9.347863000    0.597045500    0.198581800
 263    9.087410000    0.462159000   -0.551172600
 264    7.184875000    0.668129600   -0.083792450
 265   11.189690000    0.589425500   -1.821436000
 266    8.674618000    0.617697700    0.251289100
 267    3.393419000    0.229947500    0.676200700
 268   13.638790000    1.455897000    0.403123700
 269   -0.950000000   -0.325573100    0.570286300
 270   -0.950000000   -1.482066000    0.106369600
 271    1.208921000   -0.236822000   -0.950806000
 272   11.009980000    1.281073000   -0.042954540
 273   -0.206974400   -0.250547300    0.132831100
 274   -0.950000000   -0.831178000    0.013526540
 275   -0.950000000   -0.992431400    1.565348000
 276    1.970517000    0.177674600    0.830450800
 277    6.301884000    0.661171600   -0.125641500
 278    2.135202000    0.275284700    0.421578600
 279   -0.950000000   -0.285911400    0.946064400
 280    9.402175000    0.827256500   -0.024985460
 281   -0.950000000   -0.706728200    0.971974500
 282    7.209800000    0.292238300   -0.444038000
 283   -0.950000000   -1.052421000   -0.617140900
 284   -0.950000000   -0.977649900   -0.068001260
 285   11.036510000    1.879626000    1.353700000
 286   -0.950000000   -0.406608600   -0.328703600
 287   -0.950000000   -0.785433000   -0.043203580
 288   -0.950000000   -1.339190000    0.509669300
 289    3.033676000    0.451649900   -0.940529600
 290   -0.950000000   -1.394221000    0.078436600
 291   -0.950000000   -0.173340500   -0.191033600
 292   -0.950000000   -0.299298200   -0.193386400
 293   -0.950000000   -1.315388000    0.904928900
 294   -0.950000000   -0.179334200    0.863773600
 295   -0.950000000   -0.446421500   -0.294702200
 296   -0.950000000   -0.112171300   -0.229440600
 297   -0.950000000   -0.954897200   -1.145289000
 298   -0.950000000   -0.905343300   -0.002624823
 299   10.104390000    1.486290000   -0.810884200
 300   10.397970000    1.592948000   -0.577246600
 301    6.465284000    0.795336500    1.010710000
 302   -0.950000000   -1.031022000   -1.627515000
 303   10.234890000    1.073913000    0.803306500
 304    4.502010000   -0.006731690   -0.950369100
 305   -0.950000000   -0.943808900    0.641936200
 306    7.135078000    1.572499000    1.088364000
 307    2.169338000    0.227624600    1.983547000
 308   -0.950000000   -1.348499000    1.010816000
 309   15.805730000    1.535243000   -1.236763000
 310    2.031377000    0.125515000    0.156272700
 311    3.417180000    0.159665600    0.395310000
 312   -0.950000000   -1.255812000   -0.380551100
 313   12.959580000    1.334306000    1.267999000
 314   -0.950000000   -1.976207000    0.665865500
 315   10.240720000    0.437392100   -1.971458000
 316    0.264874300   -0.556948600   -1.354908000
 317   -0.950000000   -1.244160000    0.571675800
 318    7.003968000    0.723296600    0.679486100
 319   -0.950000000   -0.488701100    0.578613800
 320    3.317972000   -0.017802090    1.508454000
 321    8.320901000    0.146349900    1.937938000
 322    7.958703000    0.536938900    0.107599400
 323   16.290530000    1.406695000   -0.750876400
 324   10.404510000    0.881809400    1.102283000
 325   -0.283341800   -0.203377400    0.338196100
 326   12.928020000    0.946818900   -0.045474570
 327    3.034686000   -0.117575300   -0.246276800
 328   20.588010000    1.251258000    0.826575300
 329    8.217046000    0.523584200   -0.444584100
 330   -0.950000000   -0.558956700    1.366384000
 331   14.517390000    1.393435000    1.436891000
 332   16.033450000    1.058812000   -1.217149000
 333   -0.950000000   -1.245889000   -0.023348720
 334    4.027054000    0.052269340   -1.498127000
 335    1.822328000   -0.048139780   -0.557212600
 336    0.596154900    0.022352610    0.152809000
 337    3.414100000   -0.150218700   -1.953769000
 338    9.526565000    1.713261000    1.416206000
 339    2.274630000   -0.400055200   -1.590538000
 340    0.787848100   -0.004319254   -0.633881900
 341   -0.950000000   -0.861536500    0.089071650
 342    6.983228000    0.497276600   -0.710543500
 343    4.753869000    0.386125700    0.449881000
 344   -0.950000000   -0.383200400    1.016643000
 345   -0.950000000   -0.357352900    0.524795500
 346   -0.950000000   -0.660949000    0.169548100
 347   -0.950000000   -1.684876000    1.848892000
 348   13.696190000    0.940698700   -1.127692000
 349    5.243042000    0.805992700    0.531154900
 350   -0.950000000   -0.057151250   -0.922111100
 351   -0.950000000   -0.219755800   -0.320676000
 352   -0.950000000   -0.831379500   -1.051558000
 353   -0.251248500    0.097013750    0.851912000
 354   -0.950000000   -1.213737000    0.472039900
 355   -0.950000000   -0.714206700   -1.035758000
 356   -0.950000000   -0.818908100    1.562304000
 357    4.869096000    0.679529400    0.006716730
 358   -0.230199700    0.022326670    0.053840420
 359    2.982994000    0.059174200   -0.703860700
 360   23.673820000    1.787482000   -1.488500000
 361   -0.950000000   -0.328229800    1.529056000
 362   -0.950000000   -1.421207000   -0.608374100
 363    7.957056000    1.391140000    1.293954000
 364   12.397730000    1.189431000    0.225635500
 365    0.884364400    0.355168100   -0.009085127
 366   -0.331079400   -0.083156060   -0.223690400
 367   -0.950000000   -0.992869500    0.649585200
 368    0.557673100    0.194472700    0.177924900
 369   -0.950000000   -0.351227800    0.659677000
 370   -0.950000000   -0.809100800    0.159142400
 371    1.373077000    0.368898400    1.022303000
 372    3.384207000    0.163901600   -1.072278000
 373   -0.950000000   -0.437734300   -0.676616200
 374   -0.950000000   -0.395165300   -0.332905300
 375   -0.950000000   -0.191255500   -0.571485700
 376    5.201959000    0.809347800    0.868569100
 377   -0.950000000   -0.607423400   -1.594305000
 378   -0.950000000   -0.460332800    1.060700000
 379    5.569469000    0.446590600   -0.214610700
 380   -0.950000000   -1.416338000   -0.418175200
 381   10.009950000    0.989141700   -0.707633400
 382    6.546717000    0.636923600    0.147119900
 383   -0.950000000   -0.183078300    0.797777300
 384   -0.950000000   -0.574528100   -0.454344900
 385   -0.950000000   -0.869917400    0.828699300
 386   -0.950000000   -1.634191000   -0.708546900
 387   10.369910000    0.929219200    0.101113200
 388   -0.950000000   -0.614558800    0.536388400
 389    0.013421270    0.128964000    0.213132000
 390   23.953930000    1.942765000   -1.164273000
 391   16.102220000    1.353176000    0.559676500
 392    5.068327000    0.231247800    0.129235900
 393   -0.950000000   -1.442266000    0.488340000
 394   -0.950000000   -1.512195000    0.358809400
 395    8.224697000    0.636134800    1.068106000
 396   11.384320000    0.650500400    0.517003100
 397    6.409678000    0.615186900    0.626462200
 398    1.151158000    0.029958170    1.084651000
 399    2.943044000    0.016068140    0.317474100
 400   16.147950000    1.108861000   -0.303804100
 401   17.636940000    1.105655000   -1.352232000
 402   -0.578951300   -0.472975500   -0.231462600
 403    2.901873000   -0.126207900   -0.500740000
 404    3.661105000    0.172067800    0.798454600
 405   -0.950000000   -0.322943000    0.148509500
 406   -0.950000000   -0.711234600   -0.667368400
 407    2.334840000    0.358339100   -1.231583000
 408   -0.950000000   -0.204936000    0.418440000
 409   -0.950000000   -0.765669400    0.287973300
 410   -0.950000000   -0.295166700   -1.065107000
 411   -0.950000000   -1.699550000   -0.698084400
 412   -0.950000000   -0.842143700    0.219173100
 413   -0.950000000    0.021938190    0.923263900
 414   -0.950000000   -1.355765000   -0.055463830
 415   -0.950000000   -0.651544100   -0.645361700
 416   16.384060000    1.771094000    1.300303000
 417   -0.950000000    0.002688016    1.179235000
 418   -0.950000000   -0.055541020    1.743466000
 419   -0.950000000   -1.765221000    0.370662800
 420   -0.950000000   -0.803192100    0.369745000
 421   -0.950000000   -0.714409900    0.378320600
 422   -0.950000000   -0.311568700   -1.305041000
 423   -0.950000000   -0.427524900    1.062004000
 424    7.372856000    1.135711000    0.933473600
 425   -0.950000000   -0.339614600    1.518990000
 426   -0.950000000   -1.564317000   -0.542313000
 427   -0.950000000   -0.404370600   -1.664333000
 428   -0.560864200    0.147698800    0.459943300
 429   -0.950000000   -0.281335600   -1.721066000
 430    0.294884500    0.474757700    1.365710000
 431   -0.950000000   -0.052972750   -1.302028000
 432   -0.950000000   -1.343178000   -0.798310600
 433   -0.950000000   -0.162779900   -1.105450000
 434   -0.950000000   -0.946984100    0.959441800
 435   -0.950000000   -0.870302200    0.739903100
 436   -0.208839600   -0.362581500   -0.037981470
 437    9.929222000    0.736076500   -0.715374900
 438   -0.457216500    0.066101670    0.702894200
 439    2.560769000    0.384443400    0.814141200
 440    6.063734000    0.858816800    1.424134000
 441    7.337326000    0.546131100   -0.523404200
 442   19.909000000    1.569226000    0.637750800
 443    9.599492000    0.960019500   -1.028981000
 444   10.756700000    0.823353000    0.188027400
 445   -0.950000000   -0.406064600    0.379338400
 446   -0.950000000   -1.181568000    1.845615000
 447   -0.950000000   -1.211282000   -0.721231100
 448    5.795756000    0.256340000   -1.172075000
 449    6.611637000    0.159947000   -1.297499000
 450    7.446891000    0.400174400   -0.648380400
 451   -0.950000000   -0.486225500   -1.496487000
 452   11.394340000    0.788206600   -0.568263300
 453    4.190388000    0.402264100    0.450574800
 454    6.875534000    0.645977300   -0.878235300
 455    0.819043400    0.035488530    0.425560900
 456   13.020600000    1.426332000   -0.295461800
 457   10.989070000    1.147005000    1.099665000
 458   -0.950000000   -1.678380000   -1.868124000
 459    3.937931000   -0.026631980   -1.251486000
 460    8.660944000    0.759769000   -1.336724000
 461   -0.950000000   -0.057874900    0.989492500
 462    9.673150000    1.552059000    1.698702000
 463    0.995063200    0.089477970   -0.029671160
 464    8.156247000    0.452685300   -1.172665000
 465   11.844240000    1.187409000    0.200107700
 466   16.609760000    1.407053000   -0.195304700
 467   -0.328839400   -0.881884500   -1.966311000
 468   19.264710000    1.163610000    0.818761000
 469   12.134860000    0.713113600    0.837222700
 470    5.183143000    0.384736000    0.506530100
 471   21.533320000    1.349425000    0.335307600
 472   13.917590000    0.460193600   -0.440556200
 473   29.062120000    1.904746000   -0.436281600
 474   18.179780000    1.099738000    0.829946000
 475    4.733375000   -0.334172200   -1.589408000
 476   23.498460000    1.722502000    1.138501000
 477   24.190140000    1.824244000   -0.484584800
 478   -0.266092100   -0.727174300   -0.291996800
 479   10.076030000    0.378219400   -0.692834800
 480   12.760500000    0.604513500    0.951337300
 481   -0.950000000   -0.395893100    0.129328500
 482   -0.950000000   -1.777177000   -1.376029000
 483   13.860110000    1.423701000    0.318830000
 484   -0.950000000   -1.597071000   -0.092529780
 485   -0.950000000   -0.283618400   -0.315192900
 486   -0.950000000   -0.566130200    1.043109000
 487    0.609110000    0.320809100    0.121154800
 488   -0.950000000   -0.299349100   -0.932180000
 489   10.626720000    1.021738000   -0.189422900
 490   -0.950000000   -1.737672000   -1.244530000
 491    5.189286000    0.548879700   -0.763025600
 492    6.437878000    0.728132300   -1.030995000
 493    5.858334000    0.851585100    1.085962000
 494    5.145663000    0.849787600    0.342075900
 495    7.431092000    1.108352000    0.877904600
 496   -0.950000000   -1.119028000    0.226213000
 497   -0.950000000   -1.550235000    0.622949000
 498    6.958101000    0.179031900    1.179480000
 499    9.076728000    0.602227800    1.439176000
 500   22.908990000    0.891448500    1.321909000
 501    6.578732000    0.040991640   -0.879113500
 502    6.829252000    0.282450900    0.930217300
 503   25.136570000    1.250469000    1.379404000
 504   14.266570000    1.270850000    1.521340000
 505   -0.855600700   -0.758599000   -0.676368200
 506   13.591350000    0.778643400    0.911209300
 507    6.530091000   -0.289698200   -1.422764000
 508   17.951740000    1.550657000    1.621408000
 509    5.005030000    0.087368660    0.596707600
 510   16.853550000    1.322234000    0.839953100
 511   -0.950000000   -0.780708900    0.431620700
 512    3.899114000    0.492622200   -1.804795000
 513   -0.396730600    0.405120400   -0.893359700
 514   -0.950000000   -1.232566000    0.211365600
 515   -0.950000000   -0.039835880   -1.154313000
 516   -0.950000000   -1.423658000   -0.885512400
 517   -0.950000000   -1.321919000    0.530176700
 518   -0.950000000   -0.293190600   -0.955078100
 519   -0.950000000   -0.195481500   -0.149010900
 520   -0.950000000   -1.419400000   -1.969652000
 521   -0.950000000    0.077930450    0.545362800
 522   -0.950000000   -0.049313110    0.480864100
 523   -0.950000000    0.582104300   -0.503410700
 524   -0.950000000    0.435848100   -0.729816900
 525   -0.950000000   -0.457500400   -0.836320600
 526    3.260704000    0.575581300   -0.898817900
 527   -0.950000000   -1.150278000   -0.702144700
 528    1.130059000    0.289737000   -0.610542100
 529    5.409410000    0.825497200    1.790378000
 530   -0.950000000   -1.559291000    0.488726400
 531   -0.950000000   -0.532466600   -0.432289600
 532   -0.950000000   -0.589543900   -0.505048300
 533    0.226939900    0.187476400   -0.796893900
 534   -0.950000000   -1.038188000    0.354472000
 535    6.759096000    0.941690000    0.921971700
 536   -0.950000000   -1.026400000    0.554829000
 537    0.368106000    0.055760560   -1.407695000
 538   -0.950000000   -1.880593000    0.766407800
 539    7.861494000    0.988093100   -0.148839100
 540   -0.950000000   -1.637867000   -1.272549000
 541   -0.950000000    0.043198860    0.980456300
 542    4.677129000    0.255248600   -0.408172000
 543    0.476269300   -0.164850000   -0.269411200
 544    0.525304700    0.536684800    1.497200000
 545    2.944326000   -0.118571400   -0.810810600
 546    8.335670000    0.573228600   -0.454233500
 547    4.779045000    0.365524200    0.606523000
 548    0.728244300   -0.205347400   -0.717907800
 549   -0.950000000   -0.418932100   -0.337998600
 550    0.969194900   -0.099477880   -1.107961000
 551   -0.950000000   -0.473615900   -0.559066600
 552   -0.950000000   -0.069614950    0.543049300
 553    3.594273000    0.423940400    0.916930600
 554    5.958712000    0.252682300   -0.895677300
 555   -0.950000000   -0.133980000    0.248118900
 556   -0.017861900    0.264578300    0.399974600
 557   -0.950000000   -1.444223000    1.111593000
 558   -0.950000000   -0.565110800   -0.510733600
 559    9.007242000    1.256056000   -0.927437300
 560   -0.950000000   -0.469857500   -1.303281000
 561   -0.950000000   -0.606736500    0.491634300
 562   -0.950000000    0.307828100    1.335077000
 563   -0.950000000   -0.506971800    0.236497300
 564   -0.950000000   -1.025259000   -0.540541900
 565   -0.950000000   -0.276435200    1.708051000
 566   -0.950000000   -0.610660700    0.546837300
 567   11.389470000    1.202513000   -1.527857000
 568   -0.950000000   -0.443300400   -0.874642200
 569    5.889332000    0.792824900    1.081026000
 570   -0.950000000   -0.569878800    1.208363000
 571    4.218710000    0.122763700   -0.716754600
 572   -0.950000000   -0.765790000    0.478055000
 573   -0.950000000   -0.398379700   -1.001641000
 574    0.255991400   -0.041813310    0.529106900
 575    1.356625000   -0.187495400   -0.407737900
 576   -0.669615400    0.050305240    0.733112300
 577    3.482652000    0.213215900    0.986097600
 578   -0.950000000   -0.397136500    0.712023900
 579    3.432014000    0.069046760   -0.257113700
 580   -0.950000000   -0.836256900    0.826340200
 581    3.622593000    0.389331600   -0.249650500
 582   -0.950000000   -1.554845000   -0.310514500
 583    5.180923000    0.589452300    0.859719600
 584   -0.950000000   -0.725041200    1.088848000
 585   -0.950000000   -0.217855400    0.664282700
 586   15.144440000    1.294870000    0.053663340
 587    1.965284000    0.100273600   -0.056906060
 588    5.490215000    0.082246970   -1.586539000
 589    0.655660300   -0.184939700   -1.052932000
 590   -0.950000000   -0.533050900   -0.787333800
 591   -0.950000000   -0.074888060    1.475032000
 592    4.310698000    0.271050200   -1.167710000
 593   17.658960000    1.359669000    0.100901600
 594   -0.950000000   -0.605382100    0.042020860
 595   -0.950000000   -0.190612300    0.236709800
 596   11.223340000    1.219636000   -0.100835800
 597   15.844230000    1.140712000   -0.626345200
 598   -0.950000000   -0.447680600   -0.644390500
 599   -0.950000000   -1.162519000   -0.755003500
 600   -0.921502100    0.036604860    1.188249000
 601   12.380600000    1.456903000    0.357134000
 602   17.201230000    1.175278000    0.777903600
 603    4.022369000    0.432511300   -0.144379100
 604    2.134026000   -0.265537900   -1.615866000
 605   -0.950000000   -0.320857100   -0.002602822
 606   13.919790000    0.970372800   -0.195744800
 607    9.067347000    1.389256000    0.010235730
 608    0.570634900    0.200841800    1.296139000
 609   -0.950000000   -0.176563700    0.476625200
 610   -0.950000000   -0.535984300   -0.251514700
 611   -0.366113900    0.041267600   -0.313011400
 612   -0.950000000   -1.636975000   -0.443246000
 613    9.830071000    0.938347300   -1.543057000
 614   -0.950000000   -1.062478000   -0.670193300
 615    7.036342000    1.146243000    1.258259000
 616   19.977570000    1.687689000    0.051723270
 617   19.371930000    1.608633000   -0.255526600
 618    7.367735000    0.263721300   -0.248151300
 619   16.660100000    1.284211000    0.001883303
 620   -0.950000000   -1.924592000    1.492922000
 621   -0.950000000   -0.811480400    1.137330000
 622   16.984400000    1.243059000    0.514617500
 623   -0.950000000   -0.866122100    0.133096600
 624   -0.950000000   -1.268324000    0.950015800
 625   10.998050000    0.721639400    0.095191870
 626    3.610577000   -0.240065600   -0.071658450
 627    5.729842000    0.877350000    1.177266000
 628   -0.950000000   -1.351280000    0.048638710
 629    7.852551000    0.617030500    0.153890700
 630    1.975876000   -0.294865300    0.095247590
 631   20.155940000    1.863968000   -0.155567600
 632   -0.950000000   -1.684960000   -1.937632000
 633   -0.950000000   -0.627867000   -0.961851700
 634   -0.950000000   -0.186555900    0.849030300
 635   -0.950000000   -0.834891000    0.052475080
 636   -0.950000000   -0.093851800   -0.104624500
 637   -0.950000000   -0.311652100    0.607014300
 638   -0.950000000   -0.265018000    0.452832500
 639   -0.950000000   -0.459030300   -0.578413400
 640   -0.163397800   -0.034886000   -1.260670000
 641   -0.655914300    0.227319200    0.079223540
 642   -0.950000000   -0.430613800    0.240501900
 643   -0.950000000   -0.024944910    0.383475800
 644   -0.950000000   -0.781792700    0.438579900
 645   -0.950000000   -0.948695500   -1.528524000
 646    7.676195000    0.696517800    1.248673000
 647   -0.950000000   -0.625162500    0.018777500
 648   12.782160000    0.574484900    1.507104000
 649   -0.546815700   -0.067237400    1.104368000
 650   -0.950000000   -0.646927300    0.265421100
 651    6.654892000    0.427968400    0.277505400
 652   -0.950000000   -1.344823000    0.365950500
 653   15.352400000    1.126061000   -0.473043200
 654   -0.950000000   -1.125813000    0.911220500
 655   -0.537465900   -0.403931000   -0.270433200
 656   -0.950000000   -1.345066000   -0.125660700
 657    3.360830000    0.417069100    1.528751000
 658    2.187757000    0.057227730    1.503297000
 659   -0.950000000   -0.399428700    0.856797500
 660    0.894457400   -0.161933700   -0.433058100
 661   18.080000000    1.758927000   -0.303645500
 662   -0.950000000   -0.554981800   -0.596488900
 663    1.771037000    0.010381140   -0.159678200
 664    3.953816000    0.443347200    0.624538700
 665    4.462152000    0.381032000    1.574506000
 666   -0.950000000   -0.433916700    0.510094100
 667   -0.950000000   -0.350237600    0.348497900
 668   -0.950000000   -0.247266800    0.068463540
 669    7.286832000    0.705809000   -0.483715000
 670    8.867807000    0.975066100    0.955630500
 671    9.121676000    0.501345100   -1.147071000
 672   16.091430000    0.901682200   -1.605635000
 673   -0.950000000   -1.283631000   -0.859314300
 674    2.202032000    0.079918520    0.224318600
 675   12.503910000    0.961846300    0.589552400
 676    0.875694100    0.462891000    0.448441100
 677   -0.950000000   -0.345262000    0.776340000
 678   -0.950000000   -1.008011000    0.264637200
 679   -0.950000000   -0.486332600   -0.099489940
 680   -0.950000000   -0.461667600   -0.960174800
 681   -0.950000000    0.255907700    0.762500100
 682   -0.282520800    0.164504200   -0.996668400
 683    5.818419000    0.595852900   -0.424623600
 684   -0.950000000   -0.247226500   -1.575165000
 685    2.115014000    0.484148000    0.579587100
 686   -0.950000000   -1.316903000    0.239420900
 687   -0.895348700    0.099153780    0.683941500
 688    5.213616000    0.466887200    0.997925800
 689   -0.950000000   -1.683285000    0.044468110
 690   -0.950000000   -1.234851000   -0.527073300
 691    4.748992000    0.353547100    0.451200900
 692   -0.950000000   -0.860707700    1.073871000
 693    0.322524800    0.164903000    1.380984000
 694   -0.950000000   -0.839415600   -0.607101900
 695   -0.950000000   -0.219363900   -0.048140730
 696    6.296212000    0.307920200   -0.873478500
 697    7.910321000    0.572630300    0.990426000
 698    4.258624000    0.414380000    0.339309900
 699    1.091250000    0.435441400    1.987667000
 700   -0.950000000   -0.865461600    0.548163300
 701   -0.950000000   -1.370791000    1.567922000
 702   -0.950000000   -0.656805200   -0.640099600
 703   10.908550000    0.827038100    0.359263000
 704    5.853604000    0.222210500   -0.792777700
 705   -0.950000000   -0.847326100   -0.082096720
 706   -0.950000000   -0.976804200   -1.734400000
 707   -0.950000000   -0.416736400   -0.050911330
 708   -0.950000000   -1.630841000   -0.051269930
 709   -0.950000000   -1.008955000   -1.263595000
 710   -0.950000000    0.017145700    0.380033200
 711   -0.950000000    0.092832420    1.609521000
 712    1.614326000    0.423503500    0.268986200
 713    1.065292000    0.357925400    0.190563400
 714    6.487277000    0.671039400   -1.629923000
 715   -0.950000000   -1.387150000   -0.448332600
 716   -0.950000000   -0.109152400    1.625445000
 717    7.357598000    0.957786800    0.711842400
 718    0.228646900    0.186734000   -0.455887600
 719    0.177609100   -0.014372410   -1.104080000
 720   14.080720000    1.748489000   -0.519002700
 721   -0.950000000   -0.030499060    0.983966800
 722   -0.950000000   -1.375674000    1.167520000
 723    3.916968000    0.271427000   -0.214888800
 724   18.954430000    1.271919000   -1.337596000
 725   -0.950000000   -0.033609770    0.650342900
 726   17.020780000    1.873076000    0.255663100
 727    8.384031000    0.709171700   -0.946740900
 728   -0.950000000   -1.622268000   -1.189879000
 729   -0.882564900    0.280491700    0.523784200
 730   13.220390000    0.944810900   -0.803789500
 731   12.429310000    0.894441600   -0.432682600
 732   -0.950000000   -0.722685700    0.346850800
 733   10.765920000    0.693600100   -1.301976000
 734   20.712440000    1.595723000    0.365998100
 735   -0.950000000   -1.917863000    0.363773200
 736   14.818880000    1.126051000   -1.507219000
 737    8.776809000    0.725845100   -1.403448000
 738   13.568960000    1.032820000   -1.644825000
 739   -0.950000000   -0.421840700   -0.171426700
 740   -0.950000000    0.093675010    1.130736000
 741   -0.950000000   -0.257478200   -1.000942000
 742   -0.950000000   -1.246704000    1.004555000
 743    6.000819000    0.596037000    1.486156000
 744    2.538405000    0.552120600    0.503445800
 745   -0.950000000   -0.269822700   -0.069685900
 746    2.147254000    0.262796400   -0.733810200
 747   -0.950000000   -1.815836000   -0.354241800
 748   15.362690000    1.563660000    0.277635200
 749   -0.950000000   -1.651695000   -0.853743600
 750   -0.950000000   -1.509756000   -0.041952790
 751   12.886020000    1.180170000   -0.565881400
 752   12.040590000    1.174729000    0.804176700
 753   -0.950000000   -1.091530000   -0.105435700
 754   -0.950000000   -0.391003000    1.341418000
 755    6.198268000    0.438524900   -1.006203000
 756   -0.950000000   -0.426502400   -1.657889000
 757   -0.950000000   -0.814018000    1.751597000
 758   -0.287789800   -0.171659100   -0.206385000
 759   -0.950000000   -0.225886000    0.264040700
 760   -0.950000000   -1.074934000   -0.141665800
 761    1.883099000    0.086867000   -1.109721000
 762   25.814600000    1.654251000   -1.500352000
 763    2.793251000    0.078446290   -0.214791100
 764   -0.950000000   -0.257240100    0.729531900
 765   -0.950000000   -0.892511000    0.440721500
 766   -0.950000000   -0.861586700    0.680425700
 767   -0.950000000   -0.486405800    1.410333000
 768    1.728676000   -0.048729420    0.864255500
 769    7.061242000    0.552684200    0.338090100
 770    9.272696000    0.525485900   -0.816599800
 771   -0.950000000   -0.749938400   -0.034203830
 772   -0.950000000   -0.971368600    0.741528300
 773    8.257636000    1.147023000    0.604489900
 774    1.546885000    0.080199580    0.877159600
 775    4.332651000    0.105649300    0.383462300
 776   -0.950000000   -0.552145800    0.044981080
 777   19.848080000    1.354345000   -0.433258500
 778    8.170647000   -0.040958860   -1.632624000
 779   15.412660000    1.313929000    0.809148800
 780   11.879240000    0.869974500   -0.457421400
 781    5.519758000    0.553976500    0.044260080
 782    2.364514000    0.034298020   -0.791427200
 783   -0.950000000   -1.004728000    0.332268200
 784   -0.950000000   -0.773236500   -0.035216070
 785   -0.950000000   -0.558433400   -1.449665000
 786    2.944150000    0.033061440   -0.327729800
 787   -0.950000000   -0.941172100    1.335163000
 788   -0.950000000   -0.705262200   -0.804959100
 789   -0.950000000   -1.440479000   -0.133719100
 790    0.599834100    0.116794600    0.604418700
 791    6.648747000    0.777183400    1.598309000
 792    6.419467000    0.798930800    0.162532000
 793   -0.950000000   -0.906421800    0.192400000
 794   18.588180000    1.714620000   -1.456455000
 795    1.821299000    0.475054100    1.271197000
 796   15.001420000    1.606955000    0.119364300
 797   -0.950000000   -1.451892000   -0.931718200
 798   -0.950000000   -1.078485000   -0.083854370
 799    0.328764200    0.036143240   -0.541697100
 800   -0.950000000   -0.252666900   -0.121679100
 801   -0.950000000   -0.860791000   -0.752360100
 802   -0.950000000   -1.573308000   -0.314654600
 803   10.461410000    1.047781000   -1.427570000
 804   -0.950000000   -1.082370000   -1.269714000
 805   -0.950000000   -0.522713300    0.204262600
 806    3.993142000    0.705000800    0.096084750
 807    0.642530900    0.624155100   -0.203205900
 808   -0.950000000   -0.490155000   -1.084883000
 809   17.113520000    1.673617000   -0.826241300
 810   18.381730000    1.999678000    0.096606960
 811    0.325515600    0.775747300    1.300069000
 812   -0.950000000   -1.836092000    0.253989800
 813   -0.950000000   -0.548359400   -0.452745700
 814    2.191697000    0.309740500   -0.300919200
 815    2.023535000    0.389359500    1.297196000
 816    8.258263000    0.732571900   -1.394561000
 817    3.089195000    0.585157100    0.622766400
 818   -0.544135000    0.189687300   -0.163692600
 819   -0.950000000   -1.861598000   -1.657203000
 820   -0.950000000    0.462418300    0.494718300
 821    5.133121000    0.262493600   -1.888959000
 822   -0.950000000   -1.301016000   -0.280723100
 823    0.176320800   -0.099892870   -1.542310000
 824   -0.950000000    0.384014400    1.750278000
 825   -0.950000000   -1.040109000    1.191245000
 826   -0.950000000   -0.446100500    0.762478900
 827   -0.950000000   -1.618108000   -0.523006300
 828   -0.950000000   -0.869075200   -0.679219900
 829    4.336668000    0.507691400   -0.215830300
 830    7.608400000    0.353848200   -0.871595200
 831   -0.950000000   -0.401461700    1.356226000
 832    0.017067370    0.285692400    1.210271000
 833   16.492720000    1.566368000   -1.786821000
 834   -0.950000000    0.109337500    0.518892700
 835   -0.950000000   -0.782215400    1.021919000
 836   -0.950000000   -1.641355000   -0.300867900
 837   -0.950000000   -1.717340000    0.610496700
 838    2.218171000   -0.179737900   -1.140716000
 839   14.808770000    1.466667000    0.221042500
 840    8.302710000    0.769475900    0.349891200
 841    6.704474000    0.810245500   -1.209923000
 842   -0.950000000   -0.238117200   -0.860848100
 843   -0.950000000   -0.510725000   -0.719886400
 844    1.416865000    0.631157900    0.559286600
 845   -0.950000000   -0.472694400   -0.649861200
 846   -0.950000000    0.018032510    0.092978100
 847    4.897835000    0.387481000   -0.579507600
 848   -0.950000000   -0.385176400    0.526156800
 849   -0.950000000   -0.839662100   -0.753306600
 850   -0.950000000   -0.551834200   -0.443262600
 851   16.910670000    1.675131000   -0.474626600
 852    0.231435200   -0.181323800   -1.683479000
 853   -0.950000000   -0.091428120    0.128213400
 854   23.725470000    1.883232000   -1.573663000
 855   15.696860000    1.712191000   -0.413030800
 856   -0.950000000   -0.708404900    0.537424700
 857    4.847761000    0.465408200    0.330239900
 858   -0.950000000   -0.233076500    0.675396400
 859   10.372180000    1.095340000   -0.489149400
 860    7.409078000    0.842873700   -0.522100500
 861   -0.950000000   -1.069758000   -0.025741790
 862    2.161411000    0.276387000   -0.246246500
 863    2.762258000    0.086318140    0.831923000
 864   -0.950000000   -0.665339900   -0.052275000
 865   -0.950000000   -0.414374600    1.489560000
 866   -0.950000000   -1.928357000   -1.895915000
 867    0.003539967    0.074535860   -0.236557000
 868   11.134320000    1.293002000   -0.703280100
 869    6.265130000    0.616775400   -0.437047800
 870   -0.950000000   -1.622446000    0.518468400
 871   11.606810000    0.746738900    0.224721500
 872    9.114715000    0.790923300    0.912754500
 873   -0.950000000   -0.703578100    0.728228000
 874   10.466880000    0.680231200    1.971309000
 875    3.608073000    0.112599900    0.573552200
 876    7.698912000    0.202929400    0.944942700
 877   -0.950000000   -0.674087800    1.608735000
 878    0.159363700   -0.256811000    0.781726600
 879   11.202570000    1.022823000    0.340129600
 880   10.562320000    0.944364300    0.882074300
 881   -0.950000000   -0.696837800   -0.342212600
 882   -0.950000000   -0.479381300    1.009393000
 883   -0.950000000   -1.086588000   -0.580456600
 884   11.393130000    0.649001300   -0.214977600
 885    3.865559000   -0.004309789   -0.506988700
 886    1.915190000    0.057841870   -1.449961000
 887   -0.950000000   -0.914928100   -1.187406000
 888   17.379050000    1.659243000    1.201192000
 889   -0.950000000   -1.909424000   -0.896691500
 890   -0.950000000   -1.283290000    0.914365000
 891   -0.950000000    0.089699850    1.504767000
 892   -0.950000000   -0.712035500    1.435876000
 893   23.602110000    1.851099000    0.609831100
 894    0.036442300    0.578726900    0.627269600
 895   -0.950000000   -0.480310100   -0.140958100
 896   18.137820000    1.499142000   -0.968520500
 897   13.079810000    1.216219000   -0.576956900
 898    1.269343000    0.389280900    0.567660300
 899   -0.950000000   -1.351533000   -0.261649400
 900   -0.950000000   -0.875937200    0.280643300
 901    0.814963800    0.055067220    0.125921900
 902   -0.950000000   -1.350488000   -0.754597300
 903   -0.950000000   -0.424757300    1.501757000
 904   20.435650000    1.486691000    0.362663100
 905    9.116134000    0.310196900    1.236318000
 906    5.099179000    1.072766000    1.506114000
 907    4.739723000    0.639022300    0.708456900
 908    2.821111000   -0.130639800   -0.897335100
 909   -0.950000000   -1.683577000   -0.002504978
 910    7.160807000    0.613321900   -0.139122000
 911   -0.950000000   -1.014770000   -0.149132000
 912    5.760572000    1.128095000    1.314470000
 913    5.146879000   -0.004389831   -1.178597000
 914   -0.950000000   -0.621149700   -1.083137000
 915    3.128227000   -0.001072880    0.254191800
 916    8.840709000    0.857991600   -0.593787500
 917   -0.950000000   -0.227679500   -0.241033800
 918    2.511573000    0.325243000    0.247882900
 919   -0.950000000   -1.871762000    0.723984700
 920   -0.950000000   -0.932251500    0.115157500
 921   -0.950000000   -1.287699000   -0.452251600
 922    0.517153000    0.116781100    0.349855200
 923   -0.950000000   -1.110104000    0.728667000
 924   -0.950000000   -1.388896000   -0.224738600
 925    7.482050000    0.680646200   -0.737703400
 926   -0.950000000   -0.785046200    0.807616300
 927    2.848927000    0.588742600    0.686251600
 928   -0.628890000    0.019074260   -0.070347860
 929   -0.950000000   -1.194798000    0.164140300
 930   -0.950000000   -0.171023000    1.820529000
 931    8.277658000    1.592676000    0.256658800
 932   -0.950000000   -1.209162000   -0.511901800
 933   -0.950000000   -0.816641100    0.664051200
 934   -0.950000000   -1.060612000    0.111920100
 935   -0.950000000   -0.708871000    1.436137000
 936   -0.950000000   -1.842884000    0.419627500
 937    1.777867000    0.458295300   -0.693296800
 938   -0.950000000   -1.210522000   -1.031088000
 939   -0.950000000   -0.760007400    0.047615430
 940   -0.950000000   -1.153411000    0.355022600
 941   -0.378079800    0.566134700    1.511498000
 942    3.672829000    0.516979000   -1.983277000
 943   -0.950000000   -0.874104200   -0.444223000
 944   -0.950000000   -0.189316400   -0.294708400
 945   -0.950000000   -0.122552700   -0.714517900
 946   -0.867682200   -0.044047350   -0.956010000
 947   -0.950000000   -1.940049000   -0.132047000
 948    0.472565200    0.727243500    1.164433000
 949   -0.950000000   -0.224795300    0.308523900
 950   -0.950000000   -0.823924900   -0.828544800
 951   -0.950000000   -0.326122500    0.209653100
 952    7.936302000    0.935876500    0.109858700
 953   -0.950000000   -1.464503000   -1.240747000
 954   12.318610000    1.142921000    1.537626000
 955   13.650940000    1.635287000   -0.864906400
 956   -0.950000000   -0.384220800    0.694264700
 957   -0.950000000   -0.046135380    0.646903800
 958   -0.950000000   -0.315262600    0.336555700
 959    8.670512000    0.916566600   -0.781326800
 960   -0.950000000   -1.463657000    0.079218900
 961   -0.950000000   -0.271299200   -0.482342200
 962   -0.950000000   -0.969540600    0.691802300
 963   -0.720998400    0.003691007   -0.067673660
 964    9.034853000    0.826299100    0.384535600
 965    1.618083000    0.409650600    0.050251800
 966   -0.950000000   -1.164516000    0.659854300
 967   -0.950000000   -0.401937600    0.868712900
 968   -0.950000000   -0.952762800   -0.194093900
 969    4.401053000    0.462219900   -0.275364600
 970   -0.950000000   -0.935622500    1.338134000
 971   -0.950000000   -0.614431000   -1.826963000
 972    0.856597800    0.266968900    0.025877390
 973   -0.950000000   -0.772592100   -0.565412900
 974   -0.950000000   -0.515928700   -0.087733530
 975   -0.950000000   -0.708079600    1.068482000
 976   -0.108311000   -0.257019200   -0.466889500
 977   -0.950000000   -1.968377000   -0.298933300
 978    6.172153000    0.317729400    0.352647300
 979   -0.950000000   -0.812146300   -0.068964020
 980    6.738878000    0.730343700    0.922613600
 981   11.743820000    1.177665000    0.041075590
 982   12.338520000    1.135354000   -0.443523400
 983    6.232048000    0.237969400    0.449246300
 984   -0.950000000   -0.527390500   -0.304338000
 985    2.841332000    0.428300500    0.399108000
 986    8.729198000    0.673735400    0.215767700
 987   -0.950000000   -0.392343600   -0.488369000
 988    1.770918000   -0.200692700   -0.080874210
 989   -0.950000000   -0.569346600    0.396920100
 990   21.875580000    1.626367000   -0.086432940
 991   -0.950000000   -1.826840000    1.334163000
 992   -0.950000000   -1.239606000    0.583757200
 993   -0.950000000   -1.728072000    0.642553800
 994   -0.950000000   -0.561665400    0.468959100
 995   -0.950000000   -1.744815000    0.080537110
 996   -0.950000000   -1.850699000    0.493063000
 997    5.897938000    0.587486200    0.334286300
 998   -0.950000000   -0.321753800   -0.648630800
 999   -0.950000000   -0.819969200   -1.011615000
1000    2.147751000    0.638487900    0.361180200
1001    3.260360000    0.440340500   -0.921400800
1002   14.169940000    1.434423000    0.811500400
1003   -0.950000000   -1.143475000    0.263540000
1004   -0.150573300    0.270813600   -0.294369700
1005    7.486588000    1.058960000   -0.155108300
1006   -0.950000000   -0.673779300    0.499043500
1007   -0.950000000   -0.377652500    0.266698500
1008   -0.950000000   -1.516382000    0.289923000
1009   -0.950000000   -0.638351900    1.241254000
1010    0.823572900    0.268713700   -0.086590100
1011   -0.950000000   -0.633236500    0.096844450
1012    4.295254000    0.401606000   -0.455044200
1013   -0.950000000   -0.827795200   -0.106880200
1014   -0.950000000    0.232577100    0.906744800
1015    6.153007000    0.781254300   -0.505257900
1016    1.828712000    0.325213600   -0.971460500
1017    3.183542000    0.374144600   -1.189150000
1018   -0.950000000   -1.466517000   -1.734720000
1019   -0.950000000   -0.134594100    0.509422400
1020   -0.950000000   -0.503432000   -0.163342300
1021    1.445875000   -0.158156600   -1.571508000
1022   -0.950000000    0.146571400    0.382479800
1023    3.621226000    0.650814500    0.159702400
1024    2.956062000    0.584419000   -0.545281100
1025   -0.340207600    0.002541285   -1.052013000
1026    0.303187600    0.053919770   -0.681956000
1027   -0.950000000   -0.443408600    0.418374600
1028   -0.950000000   -1.542992000   -0.829712400
1029    6.465570000    1.089098000   -0.005378886
1030   -0.950000000   -0.955726300    1.547958000
1031   -0.950000000   -0.426338500    0.004898329
1032   -0.950000000    0.279691700   -0.048163520
1033    0.871000500    0.403328400    0.357967500
1034   -0.950000000   -0.088863800    0.791622800
1035   14.916880000    1.080111000   -1.543929000
1036    5.186215000    0.629343600    1.425518000
1037   -0.950000000   -0.270940200    0.078632780
1038   -0.950000000   -0.660595800   -1.018931000
1039   -0.950000000   -0.280148500    1.551179000
1040    3.462160000    0.164257700   -0.215755600
1041   13.123380000    1.506068000   -0.548690000
1042    4.762671000    0.520274100    0.506464200
1043   -0.950000000   -0.581246600    0.283411300
1044   17.571310000    1.423544000   -0.646260500
1045   -0.950000000   -0.506806500   -1.215219000
1046   -0.950000000   -1.509593000    0.300163400
1047   -0.950000000   -0.540335000    0.500422900
1048   -0.950000000   -0.664967600    0.908803700
1049   14.198650000    1.239624000   -0.322339500
1050   19.102020000    1.648889000   -1.708088000
1051   -0.950000000    0.035549960    1.393671000
1052   -0.950000000    0.255944100    1.282586000
1053   -0.950000000    0.017507190   -0.290259500
1054    6.175259000    0.702140800   -0.251770600
1055   -0.950000000   -0.474562400   -1.341264000
1056   -0.950000000   -1.684039000    1.185121000
1057    3.704056000    0.749387300    0.128262500
1058    0.123318300   -0.083120410   -1.252816000
1059   -0.950000000   -1.637466000   -0.751808800
1060   -0.950000000   -1.335942000   -0.400179100
1061    0.584179200    0.389319700   -0.381445000
1062   -0.950000000   -0.652259800    1.004828000
1063    7.462029000    1.072438000   -0.799281900
1064   -0.950000000   -0.242977700   -1.022252000
1065   -0.950000000   -0.206880800   -0.788392900
1066    7.260026000    0.841313300   -0.208483700
1067    3.656287000    0.232855600   -0.621402900
1068    5.082221000    0.415255800    0.596494300
1069   -0.950000000   -0.330296300    1.150778000
1070    1.311063000   -0.327645600   -1.707484000
1071   -0.950000000   -0.132254000    0.756947900
1072   -0.950000000   -0.732003200    1.152628000
1073   -0.950000000   -1.185391000    0.594684300
1074   -0.950000000   -0.932065900   -0.623989600
1075   -0.950000000   -1.611502000    1.330391000
1076    5.141082000    0.400527000    1.641602000
1077    6.568573000    0.502723800    0.029213940
1078   -0.950000000   -0.160570000    0.207338000
1079    5.819067000    0.728209700    0.147441800
1080   -0.950000000   -0.638451300    0.090631110
1081   -0.650636800   -0.311007400   -1.971315000
1082   -0.950000000    0.069613020   -0.576043800
1083   12.764430000    1.402649000   -1.060661000
1084   14.218210000    1.920696000    0.142139600
1085   -0.950000000   -0.083926820    0.303892700
1086   -0.950000000   -0.794066200   -0.609433800
1087   -0.440104700    0.265262800    0.744494800
1088    1.409744000    1.462556000    0.854421900
1089   -0.950000000   -0.069364230   -0.774622000
1090   -0.950000000   -0.313620500   -0.910707600
1091    0.286859400    0.300410100    0.801978300
1092    9.049522000    1.106934000   -0.750137200
1093    4.789015000    0.622979900   -1.087431000
1094    0.494537900    0.232621400    0.352529000
1095   -0.950000000   -0.285945300   -1.547586000
1096    6.561654000    0.400888900   -0.932647000
1097    9.551707000    1.309321000    1.295556000
1098   -0.950000000   -0.619519900    0.882907100
1099   -0.950000000   -1.684550000    0.018995960
1100    2.066601000   -0.159653600    0.858031400
1101    6.427347000    0.682414700    0.432293700
1102   -0.950000000   -0.760378300    0.497448700
1103    7.319616000    0.557006000   -0.557549300
1104   -0.950000000   -1.045331000    0.980610700
1105    3.796975000    0.122217400   -0.698185600
1106   -0.950000000   -0.093951550    1.654648000
1107   -0.950000000   -0.493867700   -0.415968800
1108   -0.950000000   -1.736355000    1.363229000
1109   -0.950000000   -0.698152500    1.854725000
1110   -0.950000000   -1.800591000    0.480698000
1111    2.221823000    0.553738100    1.260903000
1112   -0.950000000   -0.568112200    0.116525000
1113   13.978450000    1.454473000    0.185931600
1114    2.356565000    0.211136500    0.156315900
1115    9.309424000    1.081363000    0.186319600
1116    3.321783000    0.004252577    0.067543080
1117    2.883944000    0.027064290    0.789205000
1118    8.713310000    0.546666700    0.105408900
1119   -0.950000000   -1.978210000   -0.250186900
1120    1.304344000    0.074344890    0.644407800
1121   -0.950000000   -1.087892000    0.165316500
1122   26.525500000    1.606755000   -1.440332000
1123   17.378400000    0.896572900   -1.173482000
1124   -0.950000000   -0.540722200   -0.850463000
1125   10.370110000    0.519607600   -0.670402100
1126   12.351140000    0.759846200   -0.792705200
1127   15.973450000    1.061560000   -0.817040600
1128   -0.950000000   -0.224319700    1.678778000
1129    0.512844400    0.043892440    0.848643200
1130    5.080666000    0.513189800    0.186085700
1131   -0.950000000   -0.671068000   -1.636513000
1132   -0.950000000   -1.438068000    0.679126700
1133   -0.950000000   -0.793222700   -0.569536600
1134    2.172454000    0.249629900    0.280218100
1135   -0.950000000   -0.832121100    0.243555200
1136    9.815612000    0.725274300    0.192292700
1137    0.743398800    0.125258100    0.545619500
1138    1.113327000   -0.032355630   -0.028035030
1139   -0.950000000   -0.639302100   -0.028124160
1140    4.956432000    0.441813500    0.407908700
1141    8.669256000    0.693831300   -1.112261000
1142   12.580910000    1.253851000   -0.645226500
1143   -0.950000000   -0.733921600   -0.500142200
1144   10.682260000    0.699821100    0.194415300
1145   -0.950000000   -1.273561000   -0.077870560
1146   -0.950000000   -0.216327800    0.748416700
1147   -0.890070400   -0.544892100   -1.627454000
1148   -0.950000000   -0.294784500    1.181441000
1149   15.919260000    1.203315000    0.595143400
1150   -0.950000000   -0.980527600    1.211191000
1151    3.461346000    0.397040900    0.270100400
1152    4.772119000    0.105983200    1.824103000
1153   -0.661950500   -0.039756830    0.301878700
1154    7.825585000    0.623772600    0.191479400
1155   -0.950000000   -1.130742000    0.266624100
1156   11.878630000    0.999244400    0.048627310
1157   -0.950000000   -0.376106300   -0.596370400
1158   -0.950000000   -1.062550000   -0.488719100
1159   -0.950000000    0.121909100    1.562931000
1160   -0.950000000   -1.964448000    1.252765000
1161   -0.950000000   -0.666532300   -0.954427200
1162   -0.950000000   -1.049594000    0.479852100
1163    0.300854500    0.100723900    0.502083400
1164   18.024200000    1.606984000   -0.975859100
1165    1.920280000    0.083242550   -0.530776000
1166   12.244810000    0.764044900    1.084518000
1167   -0.950000000   -0.380689700    1.312139000
1168   10.198520000    1.012867000   -0.351585400
1169   -0.950000000   -0.525513900   -0.034413900
1170    3.213485000    0.074999590   -0.876067500
1171   -0.950000000   -1.170542000    0.023185180
1172   -0.950000000    0.595357100    1.304328000
1173   -0.950000000   -1.577369000    0.336159700
1174   -0.950000000   -0.432642500    0.390686400
1175   -0.950000000   -0.840599100   -1.401299000
1176   -0.450621600    0.138800500    0.192191200
1177   -0.950000000   -0.328719000    0.719667700
1178   -0.950000000   -0.474979000   -1.180900000
1179   13.703160000    1.651281000   -0.552654900
1180   -0.950000000   -0.544496600   -1.000852000
1181   -0.950000000   -0.962926900    0.503507900
1182   13.271630000    1.260689000   -1.007173000
1183    3.365188000    0.681900400    0.318809700
1184   -0.950000000   -0.019827660    0.182677700
1185   -0.950000000   -1.162544000    1.193414000
1186    1.415937000   -0.271580400   -0.001823853
1187   19.781450000    1.757464000   -0.205423100
1188   -0.950000000   -0.338844600    0.351059200
1189   -0.950000000   -1.141421000    0.788672400
1190   11.577060000    0.768940000    1.058719000
1191    0.424877200   -0.478988300    0.019540630
1192   -0.950000000   -0.711449400    0.589383300
1193   -0.950000000   -0.274751700    0.108799200
1194   10.824580000    1.145820000    0.715447500
1195    1.607735000   -0.483350300   -0.794427800
1196   -0.407362300   -0.099399290    0.705450900
1197   23.191320000    1.807578000    0.086080260
1198   -0.776184400    0.016360550    1.289630000
1199   11.138810000    0.990729100    1.283016000
1200   -0.950000000   -1.687834000    1.886855000
1201   -0.250643800   -0.649675800   -1.557060000
1202   -0.950000000   -0.294329800    1.530037000
1203   -0.950000000   -0.208661200    0.366343700
1204   -0.950000000   -0.987476700   -0.030989580
1205    4.562769000    0.476793500    0.035949330
1206    2.101081000   -0.071297960   -0.954447300
1207    1.077167000    0.369214700    0.540619700
1208   -0.947956200   -0.321167800   -0.868006700
1209   18.302170000    1.312382000   -0.738577000
1210    9.175107000    1.041770000    0.742285300
1211   -0.950000000   -1.391400000    0.977321300
1212    0.956025100   -0.338271300   -1.538233000
1213    1.662063000    0.004930494    1.227822000
1214    1.163348000   -0.260262800   -1.207786000
1215   -0.950000000    0.087934350    1.168024000
1216   19.460260000    1.964970000   -1.114472000
1217   -0.950000000   -0.485263600    0.390581200
1218   10.699410000    1.475549000    0.859144500
1219   10.704870000    0.892057300   -1.007599000
1220   -0.950000000   -0.886519800   -1.114121000
1221    3.524591000    0.539237300    0.677601500
1222   -0.950000000   -0.421629100    1.749788000
1223   -0.950000000   -0.379962500    0.053613610
1224   -0.950000000   -0.833567100   -1.827757000
1225   -0.950000000   -0.003170732    1.084500000
1226   -0.950000000   -0.568954300   -0.334507200
1227   -0.950000000   -0.484834500    1.037085000
1228   -0.950000000   -0.690514700   -1.655222000
1229   10.245280000    0.728070700   -0.805548900
1230    1.921063000    0.376239700    0.326876900
1231    7.262967000    0.702037200    1.778371000
1232   15.190840000    0.511735400    0.713129500
1233    5.682683000   -0.187035100   -0.639462300
1234   19.630000000    1.157503000   -1.330247000
1235    9.356736000    0.007583430    1.276677000
1236   -0.950000000   -0.808094100    1.451386000
1237   -0.950000000   -1.533643000    0.112006800
1238   26.414350000    1.693956000   -0.892732600
1239   11.520370000    0.805918300    0.718118200
1240   -0.950000000   -0.695195200    1.265261000
1241   15.733210000    0.916237000    0.329492300
1242    8.116628000    0.009992245    1.128454000
1243   14.553620000    0.670620200    0.945653800
1244   10.230770000    0.084386130   -0.795134300
1245   17.723530000    1.284647000    1.088570000
1246   -0.950000000   -0.763392700   -0.290276300
1247   -0.950000000   -0.885531000   -0.751718300
1248   -0.950000000    0.192069100   -0.455398000
1249   -0.950000000    0.301439800   -1.553823000
1250   -0.950000000   -1.205657000    0.008302806
1251   -0.950000000   -0.557493600    0.986751800
1252   -0.950000000   -0.247941800   -0.119752300
1253   -0.950000000   -0.560505600   -0.806105200
1254   -0.950000000   -0.580835500    0.544508100
1255   -0.950000000   -0.561234400   -1.122846000
1256   -0.950000000   -0.796236000    0.597568900
1257   -0.950000000   -1.255028000   -1.260916000
1258   -0.950000000   -0.094797190   -0.054898550
1259   -0.950000000    0.446337900    0.353639600
1260   -0.950000000   -1.255827000    0.208446400
1261   -0.950000000   -0.414618700    0.600857800
1262   -0.950000000   -1.075837000   -0.296755800
1263   -0.950000000    0.082868870    0.966332800
1264   -0.950000000   -1.273781000    1.205367000
1265   -0.950000000   -0.503394000   -0.377155500
1266   -0.950000000   -1.401220000    1.612161000
1267   -0.950000000   -0.845888900   -0.052086640
1268   -0.950000000   -1.615520000   -0.530378000
1269    0.431683700    0.071227140   -0.309924300
1270   13.811450000    1.302320000   -1.284300000
1271    1.660892000    0.198766100    0.944918500
1272   14.481570000    1.539639000   -0.233281000
1273    1.534868000    0.400647300   -0.114257000
1274   10.528940000    1.126908000   -0.060175930
1275   -0.950000000    0.037281510    0.367597100
1276   -0.950000000   -0.431303700   -0.613329900
1277   -0.950000000   -0.851447100   -0.237841100
1278   -0.950000000   -0.064070670    0.028279150
1279   -0.950000000   -0.543064100    0.238937600
1280   -0.950000000   -0.429246200    0.831066400
1281   -0.950000000   -1.390708000    0.376204200
1282   -0.950000000   -0.930344100   -0.011728650
1283   -0.950000000   -1.076846000    1.396576000
1284   -0.950000000    0.003449043    1.454028000
1285   -0.950000000   -1.389383000   -0.935574200
1286    3.422607000    0.254235400   -0.405735100
1287   -0.950000000   -0.028350360    1.765978000
1288    6.148641000    0.664843900   -0.863836500
1289   -0.950000000   -1.561047000   -0.415589200
1290    2.965975000    0.372259600    0.239244100
1291   -0.950000000    0.219559200    0.217912500
1292   -0.950000000   -0.997537600   -0.575516000
1293    4.847569000    0.505902700   -0.605792400
1294   -0.950000000   -0.077273630   -0.231215500
1295   -0.950000000   -0.457972300   -1.219594000
1296   -0.950000000   -0.732589600    1.168652000
1297   -0.950000000   -1.125554000    1.192151000
1298   -0.950000000   -0.669490000   -1.664883000
1299   -0.950000000   -1.129377000   -0.391561200
1300   -0.950000000   -0.046481810    0.832100700
1301    0.906814500    0.486546700    0.520627300
1302    1.611654000    0.272690800   -0.118847600
1303    7.078138000    1.510757000    0.590612100
1304    3.317931000    1.489161000    1.450149000
1305    9.026319000    0.924527000   -0.235837700
1306   -0.950000000   -0.917528700   -0.652265900
1307    9.109806000    0.542476100    1.489274000
1308    8.158385000    0.644987200    0.887494000
1309   -0.950000000   -1.153809000    0.637809700
1310   -0.950000000   -0.048600600    1.291922000
1311    1.719515000    0.060052720    1.923077000
1312   11.698650000    1.018534000   -0.756547800
1313    7.812938000    0.730881600    0.411443300
1314   -0.950000000   -0.252925100    1.614012000
1315   -0.950000000   -1.258631000   -0.054986600
1316   -0.950000000   -1.191243000    0.842402700
1317   -0.950000000   -0.456987900    0.089060850
1318    3.883993000   -0.033033230   -0.926284400
1319   -0.950000000   -1.033635000   -0.680338600
1320    8.921077000    0.589792500    1.330886000
1321    6.367754000    0.248830000    0.085576650
1322    7.819845000    0.553268900    1.401898000
1323    9.319573000    0.386763800    0.052894720
1324    9.335996000    0.467998100    0.316769900
1325    3.391684000    0.054168990    0.749510000
1326   -0.950000000   -0.612438200    1.584974000
1327   -0.950000000   -0.502626400    0.653532400
1328   20.958060000    1.244367000    1.277749000
1329    4.877968000   -0.086665320    0.243217500
1330   -0.950000000   -0.991633800   -0.187208300
1331   -0.950000000   -0.731645200    0.508059000
1332   -0.950000000   -0.733684500    0.735126800
1333   -0.950000000   -1.043459000    0.491300100
1334   16.328400000    1.009134000    1.631807000
1335    5.190443000   -0.286881000   -1.290950000
1336   -0.950000000   -1.342482000    0.206660200
1337   10.292920000    1.337369000    1.580425000
1338   -0.950000000   -1.633895000   -0.899021700
1339   -0.950000000   -0.218537300    0.957826700
1340    8.347074000    0.646133100   -1.065309000
1341   17.110540000    1.673882000    0.244563300
1342    9.917938000    1.121819000    0.128611300
1343   -0.950000000   -0.563061300    0.156595000
1344   -0.950000000   -0.256176400   -0.807514100
1345   -0.950000000   -0.507070500   -0.240105100
1346   -0.950000000   -1.545840000   -0.250312800
1347    7.556891000    1.005766000    0.919130900
1348   -0.950000000   -1.213241000   -0.649139500
1349   -0.950000000   -0.268144900   -0.589375800
1350   -0.950000000   -1.976366000    1.250592000
1351    5.498612000    0.084321940   -1.489443000
1352   11.026150000    0.745391200    0.611045900
1353    4.253222000    0.043097550   -0.360752500
1354    0.736187500   -0.385456300   -0.289972100
1355    9.623388000    0.538465700    1.926151000
1356   -0.950000000   -1.651389000    1.556260000
1357    3.650749000   -0.223502800   -0.704668400
1358   15.585540000    1.816697000    1.867966000
1359    1.632133000   -0.243573900   -0.791077700
1360   -0.950000000   -0.739364300   -0.010007840
1361    6.590018000    0.910033300    1.633203000
1362   -0.950000000   -0.745263000    1.756270000
1363   -0.950000000   -0.532019200    1.434435000
1364    2.858045000   -0.147569400   -0.186266100
1365    2.873358000   -0.318446200   -0.174460700
1366   -0.950000000   -0.870403400    0.185780200
1367   -0.950000000    0.139028400    0.379262400
1368   -0.950000000   -0.094390440   -0.916047700
1369    8.682103000    0.859619000   -1.634272000
1370   -0.950000000    0.275174000    1.189740000
1371   -0.839491400    0.484664600    0.602270000
1372   -0.950000000   -0.507879600   -1.500702000
1373   -0.950000000    0.026868770   -0.078059230
1374   -0.950000000   -0.835215800    0.540141400
1375   -0.950000000   -0.219198200    0.748536300
1376   -0.950000000   -1.920691000    0.039455410
1377    0.002634836    0.519469100    0.350992600
1378   -0.950000000   -1.203019000   -0.107308200
1379   -0.950000000   -0.821301600   -1.067531000
1380   -0.950000000   -0.710599900   -1.382696000
1381   -0.950000000   -0.140959300    1.798942000
1382   17.645700000    1.179081000   -0.987795200
1383   -0.950000000   -1.650521000   -0.141355000
1384   17.113340000    0.932106000   -1.389235000
1385   13.244150000    0.706103000   -1.835454000
1386   -0.950000000   -0.918485600    1.770453000
1387    8.437919000    0.408306100   -0.599809300
1388    7.705174000    0.298355000   -0.147969500
1389   -0.950000000   -0.661509000   -0.950295200
1390   19.566110000    1.831244000   -0.794812200
1391   13.488660000    0.631486400    0.886447500
1392   23.305250000    1.723004000   -0.294051600
1393   -0.950000000   -0.464472700    1.266155000
1394    6.604970000    0.932097300    1.026567000
1395   12.812110000    0.992267800    0.850814700
1396    5.798101000    0.878380400    0.195109900
1397    7.641375000    1.268971000    1.426716000
1398    7.687565000    0.863736600    0.519446900
1399   -0.950000000   -0.739932000    0.617975900
1400   -0.950000000   -0.357425400    0.404679200
1401   -0.950000000   -0.034041200    0.963664000
1402   -0.950000000   -1.669850000    0.170830800
1403   -0.950000000   -0.779008000   -0.097244120
1404   -0.950000000   -0.328839800   -1.612427000
1405   -0.950000000   -1.225611000   -0.870399200
1406    6.292052000    0.956423500   -0.714225800
1407    1.976492000    0.180077800   -0.679317900
1408   11.453620000    1.014287000   -0.353535200
1409   -0.950000000   -0.224193200   -1.136230000
1410   -0.950000000   -0.792675500   -0.446294700
1411   13.973880000    1.151684000   -0.441976700
1412   -0.950000000   -0.778282200   -0.464096800
1413    8.408601000    0.273512000   -0.818750800
1414    5.126104000   -0.062541240   -0.796398600
1415    0.100111600   -0.564138200   -1.077595000
1416   14.262300000    1.422251000    0.062786570
1417    7.697155000    0.725819000    0.753427300
1418    4.064203000    0.159077600    1.079634000
1419   -0.826332000   -0.256806900    0.737564900
1420   -0.950000000   -1.233261000   -0.073379140
1421   10.429560000    0.677214300   -0.503133400
1422    9.121760000    0.479671900   -0.409047400
1423    1.284033000   -0.044249450    0.491025500
1424   24.823000000    1.628241000   -0.496732400
1425   16.602120000    1.507654000    1.522219000
1426    4.619111000    0.068507110    1.327764000
1427    0.747452900   -0.523594100   -1.108945000
1428    8.907812000    0.623230800    0.985594100
1429    5.921922000    0.120361400   -0.296853100
1430   10.191640000    0.427392300   -0.090685790
1431   -0.866389100   -0.312973500    0.897366800
1432   14.902330000    1.150632000    0.991416500
1433    5.720010000    0.068731810    0.674171700
1434   -0.950000000   -1.370310000   -0.078707250
1435   12.574880000    1.122129000    1.117505000
1436   23.751260000    1.852832000    0.751114800
1437   -0.586910800   -0.630099700   -0.368155000
1438    9.077309000    0.708476100    1.447866000
1439   10.428020000    0.735511900    0.442940100
1440    6.671783000    0.023844220   -0.974416800
1441    8.832005000    0.614004300   -0.833503300
1442   -0.950000000   -0.183203700   -0.188347400
1443    3.613639000    0.255787800   -0.343072800
1444   12.684560000    1.059703000   -1.098638000
1445    4.082492000    0.173406400   -0.947773600
1446    2.745399000    0.693417100    0.854402200
1447    4.739316000    0.306270700   -0.489140200
1448   11.362770000    1.227820000   -0.321690200
1449   11.430240000    1.208114000    0.172053900
1450    6.009449000    0.514115000    0.344400400
1451    4.044516000    0.390241000    0.429649900
1452   -0.950000000   -0.356355700   -0.264295800
1453    6.401343000    0.382960500   -0.590653500
1454   -0.950000000   -0.739439300    0.253618900
1455    8.419252000    0.561369300    0.758014900
1456   16.683460000    1.764787000   -0.181778800
1457   -0.950000000   -0.675288200   -1.599166000
1458    7.106669000    0.968621200    1.094402000
1459    5.779473000    0.356391100    0.879949600
1460   -0.950000000   -1.458018000   -0.646837800
1461   21.947080000    1.592421000   -1.743743000
1462   -0.950000000   -1.046596000    0.469625700
1463   -0.950000000   -0.748099900    1.495654000
1464   -0.950000000   -0.519020600    0.932966100
1465    5.162496000    0.301778700   -0.019581610
1466   15.618500000    1.027865000   -1.209369000
1467   12.544500000    1.528739000   -0.612733200
1468   -0.950000000   -0.591805600   -1.037254000
1469    0.803473400    0.037848990    0.157428400
1470   -0.950000000   -0.914454700   -0.266316000
1471    8.255997000    1.219424000    0.705987000
1472   10.380060000    0.774658500    0.965653800
1473    3.349718000    0.005719274   -0.674586300
1474   -0.950000000   -1.229420000    0.430438300
1475   -0.950000000   -1.217717000   -0.415415600
1476   -0.582235200   -0.256471500    0.123242800
1477    0.900353300   -0.444128500   -1.358757000
1478    2.837995000    0.051164270    0.117731800
1479    2.916221000    0.068991090    0.352019900
1480   -0.950000000   -0.692840100    0.199274600
1481   17.087000000    1.808422000    0.937445200
1482   -0.950000000   -0.666244900   -0.476824800
1483   16.856970000    1.433282000    1.397395000
1484    7.291098000    0.521900500    0.554047600
1485   -0.950000000   -1.342226000    0.394811300
1486    2.677137000    0.206031700    1.224892000
1487    5.720770000   -0.148040400   -0.759660200
1488    4.437260000   -0.164067900    0.326136600
1489   23.441770000    1.580164000    0.698834500
1490    5.728888000    0.090343380   -0.021664730
1491    5.028350000   -0.233597800   -1.383938000
1492   10.440590000    1.265633000    1.947002000
1493   17.305860000    1.237372000    0.115126500
1494   17.332610000    1.114151000    0.301458700
1495   -0.950000000   -1.457942000   -0.104799400
1496   -0.950000000   -0.165803000    1.473145000
1497   -0.161884400    0.013482720    1.299638000
1498   15.905440000    1.102478000    0.500686500
1499   10.692370000    1.087961000    0.518632200
1500   -0.950000000   -0.703998500   -0.267513200
