*y  x1  x2
   1   -0.950000000   -1.755002000    0.750907400
   2    0.281782200    0.022947950    0.226411800
   3    3.004385000    0.282343400    0.266503500
   4   10.036340000    1.113150000    0.439408500
   5   -0.950000000   -1.752635000   -0.248309100
   6    4.281985000    0.451709900    0.053506430
   7   12.805370000    1.149916000   -0.379792700
   8    2.993589000    0.159926700    0.997994100
   9   10.621840000    0.832102000   -0.813341800
  10    9.409257000    0.673889900   -0.175716200
  11   -0.950000000   -0.652597200    0.568016400
  12   -0.950000000   -0.522486300   -0.544959000
  13   -0.950000000   -1.601801000    0.010944310
  14   15.057930000    1.020730000    0.000922399
  15   -0.950000000   -0.977214900    0.062284010
  16    2.985435000    0.585551200   -0.650409500
  17   10.605840000    1.161725000    0.074713360
  18   -0.950000000   -0.060541240   -0.945162600
  19    5.464241000    0.251626500   -1.332627000
  20   -0.950000000   -0.518168000   -0.474421100
  21   -0.950000000   -0.727714800    0.653619500
  22   -0.950000000   -1.217680000   -0.357431000
  23   -0.950000000   -0.940649800   -0.050564060
  24   -0.950000000   -0.434871500   -0.122027700
  25   16.765240000    1.822576000    0.443919600
  26   -0.950000000    0.058515100   -0.711502000
  27   -0.950000000   -1.717677000   -1.574216000
  28   -0.950000000    0.488043200    1.234138000
  29    1.373856000    0.329807800   -1.010227000
  30    8.611164000    1.132748000    1.389949000
  31    2.982049000   -0.059158240   -0.689088000
  32   -0.950000000   -1.467864000    0.009887909
  33   11.754080000    1.274771000   -0.085354070
  34    0.399145200    0.067872790    0.241926400
  35   -0.950000000   -0.906400900    1.233942000
  36   -0.950000000   -0.942584300    1.530468000
  37    0.167603000    0.252233200    0.591333600
  38   -0.950000000   -0.803498400   -0.479272600
  39   14.729110000    1.244496000   -0.121640800
  40    4.897491000    0.490216600    1.330864000
  41   -0.950000000   -0.608896400    0.512830900
  42   -0.950000000   -0.254393800    0.637176000
  43   10.329560000    1.156815000    0.055022790
  44    0.070331760    0.512460100    0.779986700
  45   13.615290000    0.910356900   -0.875532300
  46   -0.950000000   -1.273534000    1.225304000
  47   -0.950000000   -0.587450200   -0.211277400
  48   13.603910000    1.475569000    0.999262300
  49   -0.950000000    0.128628700    1.347234000
  50   -0.950000000   -0.849341200   -0.190752400
  51   -0.950000000   -1.793023000   -0.503996800
  52   10.823110000    0.525660700   -1.189872000
  53    1.984296000    0.263544900    0.963309700
  54   -0.446521100   -0.620374300   -1.746112000
  55    3.208664000    0.049209520   -0.279781700
  56   -0.950000000   -0.465247700    0.593965600
  57   10.432590000    0.656039400   -0.849031200
  58   -0.950000000    0.257708400    1.004452000
  59    4.555879000    0.221186200   -0.894619400
  60   12.389720000    1.067312000    1.077185000
  61    5.245270000    0.454942500   -1.008392000
  62   -0.950000000   -0.312562700   -0.293012700
  63   -0.950000000   -0.039091900   -0.920450500
  64   -0.950000000   -0.359834100   -0.521777700
  65   -0.443944500    0.282558300    0.377013900
  66   -0.950000000   -0.200478200    0.147189900
  67   -0.950000000   -0.631500500    1.142093000
  68   -0.950000000   -1.527820000    0.228704400
  69   -0.950000000   -0.784977300   -1.221060000
  70   -0.950000000   -0.576662900    1.070506000
  71   -0.950000000   -0.107526300    0.523594300
  72   -0.950000000   -0.603658400   -0.934245900
  73   -0.950000000   -1.545551000   -0.388806500
  74    7.873693000    0.881654300   -0.440444200
  75   -0.950000000   -0.629848500    1.505730000
  76   -0.950000000   -0.097665630    0.453268700
  77   -0.950000000   -1.589630000   -0.118310900
  78   -0.950000000    0.160807800    1.361668000
  79   -0.950000000   -0.715280500    0.236393600
  80    2.768397000    0.375365400   -0.430503600
  81   12.637830000    1.716177000   -0.801995400
  82   14.270000000    1.341215000    0.655652900
  83    8.170123000    1.256621000    1.381008000
  84   -0.950000000   -1.334431000   -0.828844200
  85   -0.950000000   -0.717808700    1.135085000
  86   11.353820000    1.101091000    0.346849000
  87   -0.950000000   -0.587621300    0.640259700
  88   -0.950000000   -0.640572800    0.019499570
  89   -0.950000000   -0.379437200   -0.587538200
  90   -0.950000000   -1.600090000   -0.239882500
  91   -0.525292000    0.033959360    0.629273700
  92    0.274311800    0.068613500    0.003730602
  93    4.765415000    0.313157000   -0.819964800
  94    0.962347100    0.087486480    0.090729660
  95   -0.181748700    0.383254300    1.028047000
  96    3.210446000    0.130626200   -0.304042800
  97    9.941869000    0.897348300    0.907531300
  98    8.647763000    0.575965500    0.153168400
  99    1.040915000    0.163162600    0.725732600
 100   -0.950000000   -1.144099000   -0.293757100
 101   -0.950000000   -0.743771100   -0.460562200
 102   -0.950000000   -1.220301000    0.613107900
 103   -0.950000000   -0.385404300    1.012021000
 104    3.092741000    0.154084100   -0.028488920
 105   -0.950000000   -1.410486000   -1.503082000
 106   12.830110000    1.306909000    1.130559000
 107   13.972450000    1.233656000   -0.764920800
 108    9.362229000    0.951317600   -0.045422710
 109   12.185580000    1.493785000   -0.446024200
 110   14.493620000    0.890223400   -1.509489000
 111   -0.950000000   -0.458799300   -0.404558900
 112    6.854684000    0.521224400    0.783605100
 113    6.496482000    0.101179500   -1.687850000
 114    5.604291000    0.334355800   -0.009082873
 115   -0.950000000   -1.228798000   -0.787909100
 116   -0.950000000   -0.566659300    0.191267800
 117   -0.950000000   -0.716385000   -0.720807300
 118   13.244520000    1.447907000   -0.821357100
 119   -0.373856600    0.043607670   -0.446634000
 120   20.258090000    1.804733000   -0.266102800
 121    7.153941000    0.718525000    0.255178600
 122   -0.950000000   -1.061104000   -1.012069000
 123   -0.950000000   -0.162995600    1.538022000
 124   11.295120000    1.300983000    0.354068300
 125   -0.114387800   -0.134140000    1.215038000
 126   -0.950000000   -0.985559000    0.242991900
 127   10.639230000    0.831993000   -0.366919300
 128   -0.950000000   -1.393057000    0.989333100
 129    6.413301000    0.463645100    0.635294100
 130    3.941893000    0.213742900   -1.114519000
 131   18.553940000    1.536744000   -0.414781600
 132   -0.950000000   -1.437027000   -1.184143000
 133   -0.950000000   -0.418454400    0.260317600
 134   -0.950000000   -0.857180000   -0.105713100
 135    2.728586000    0.083742010    1.089778000
 136    5.700884000    0.774961700    0.131589000
 137   -0.950000000   -0.782928500   -1.418261000
 138    5.475242000    1.007062000    1.604862000
 139   -0.950000000   -0.709816300   -0.585102300
 140    4.583827000    0.393328600   -1.332971000
 141    9.817590000    0.725307700   -1.613282000
 142    2.602611000    0.542480100    1.301145000
 143   -0.950000000   -1.344745000   -0.172452000
 144   -0.950000000   -0.045984600    0.470840800
 145    5.813286000    0.421349500   -0.826362400
 146   -0.950000000   -0.061200450    0.453337000
 147    5.425201000    0.572186600    0.370863100
 148    6.828408000    1.038009000    0.811297400
 149   -0.950000000   -0.807637100    0.358163400
 150   10.894440000    1.272868000    0.241484000
 151   16.517010000    1.519041000    1.123766000
 152    4.960404000    0.194912500    0.014413200
 153    9.341826000    0.736522500   -0.484960000
 154   14.854940000    1.414177000   -1.038984000
 155    3.396479000    0.365185000    0.956513000
 156   -0.950000000   -1.866780000    0.219402800
 157   -0.950000000   -1.294557000   -0.844529100
 158   -0.950000000   -0.625649200    0.873644300
 159   11.220320000    0.762217400    0.368297300
 160    5.036608000    0.198085600   -0.439519400
 161    4.720302000    0.188207000   -0.178965400
 162    7.997885000    1.069193000    0.979339000
 163   -0.950000000   -0.612823600   -0.246956100
 164    2.497792000    0.178195500    0.203709400
 165   -0.950000000   -0.610969700    0.769761000
 166   -0.950000000   -1.283922000   -1.576728000
 167   -0.950000000   -0.660224700    1.379809000
 168   -0.950000000   -0.876865900    0.754143700
 169   -0.950000000   -1.209747000   -0.859635000
 170    7.470189000    0.865174800   -1.424525000
 171    2.410646000    0.292383700    0.204196000
 172   -0.739377400    0.018260460    0.067476960
 173   -0.950000000   -0.746908400    0.969485500
 174   -0.950000000   -0.906207900   -1.004757000
 175   -0.950000000   -0.489081000    0.227719000
 176   -0.950000000   -0.072292910   -0.309233800
 177    4.458939000    0.734689100   -0.163637700
 178    9.307041000    0.881483000   -0.643873400
 179    2.392691000    0.197170400   -0.259459100
 180   10.253900000    1.093357000    1.309740000
 181   -0.950000000   -0.895219400    0.165123300
 182   -0.950000000    0.541174600    1.393534000
 183    0.631341000    0.145962800    0.633960200
 184   -0.950000000   -0.576257800   -0.414115100
 185   -0.950000000   -0.571875700   -0.662082600
 186   -0.950000000   -0.816788500    0.408410700
 187   16.659550000    1.308539000   -1.147873000
 188   15.706190000    1.897523000    0.579801700
 189   -0.950000000   -0.259648600    0.263485100
 190    8.214187000    0.476810900    0.489329900
 191   10.190550000    1.038222000   -1.079005000
 192    5.415911000    0.600262400   -1.306771000
 193   -0.950000000   -0.516750400   -0.906743800
 194   -0.950000000   -1.401074000   -1.338425000
 195    1.224630000    0.240028900    1.965189000
 196    8.993171000    1.189440000   -0.221787700
 197    2.387928000    0.629607400   -0.408218500
 198   -0.950000000   -0.331083000   -0.395087900
 199   -0.950000000    0.156024200   -1.124233000
 200   -0.950000000   -0.468516100   -0.395101100
 201   -0.950000000   -0.630690600    0.503979000
 202   -0.950000000   -0.963448000   -0.308889700
 203   -0.950000000   -0.263545400    0.846121800
 204   -0.950000000   -0.940933800    0.180966200
 205   -0.950000000   -1.188669000    0.179725500
 206   -0.950000000   -1.110950000   -1.186619000
 207   -0.950000000    0.016145160   -1.284428000
 208   -0.950000000    0.329072700    0.472088900
 209   -0.950000000   -0.317745600   -0.419851700
 210    5.511339000    0.673452800   -1.607292000
 211   -0.950000000    0.116657300    0.698368400
 212   -0.950000000   -1.207128000   -0.983848500
 213    1.637930000    0.199200200    0.739388800
 214   -0.950000000   -0.398535800    1.737428000
 215    1.908154000    0.331997000    0.341311100
 216   -0.950000000   -0.151144600    1.147325000
 217   -0.950000000   -1.628236000    1.881776000
 218    4.411933000    0.546167900   -0.347718200
 219    5.476660000    0.441530700    0.049761820
 220    8.378041000    0.915312100   -0.055099820
 221   -0.950000000   -1.309483000   -0.005110915
 222    1.389290000   -0.259083000   -1.883292000
 223   -0.950000000   -1.049089000   -1.555794000
 224   -0.950000000   -0.512248200    0.077704590
 225   -0.950000000   -0.323872100   -1.268804000
 226   10.060930000    0.851278700    0.811207900
 227   -0.950000000   -0.852388400    0.822931500
 228   -0.950000000   -0.037736640    1.630199000
 229   -0.950000000   -0.111849400    0.037140240
 230    4.236768000    0.733691300    0.163917700
 231    7.586812000    0.739529600    0.073565980
 232    3.005775000   -0.066792860   -1.014343000
 233   -0.950000000   -1.106173000   -0.053354130
 234    3.035941000    0.296162200    1.358226000
 235    0.499128500   -0.050799790   -0.465944200
 236    8.305401000    0.739032100   -0.828616000
 237   -0.950000000   -1.314334000   -1.520875000
 238    1.386506000   -0.003396370   -0.296161700
 239   -0.950000000   -0.943380200   -0.112929000
 240   -0.950000000   -0.316194700    0.885534000
 241    7.864708000    0.539604300    0.390650300
 242   -0.950000000   -0.535057500    1.341032000
 243    2.867989000   -0.011541700   -1.003220000
 244   -0.950000000   -0.664547100   -1.142639000
 245   -0.950000000   -0.914901100    1.028677000
 246   13.428680000    1.119781000   -0.126731300
 247    3.443294000    0.057583820   -0.373862900
 248    9.180705000    1.020118000    0.406644900
 249   20.231660000    1.822979000   -0.242666500
 250   -0.950000000   -0.980269000    0.110792300
 251   12.984890000    1.041877000    1.373911000
 252    4.708946000    0.450384900    0.662457200
 253    0.655002900   -0.154290800   -0.486238000
 254   18.991480000    1.207413000   -0.500987600
 255   -0.658549000   -0.310875000    0.452305600
 256   -0.950000000   -0.933493100    0.456163900
 257   -0.950000000   -0.169590700   -1.125527000
 258   10.602100000    1.079470000    0.311325500
 259   17.171640000    1.625068000   -0.269665400
 260    8.667189000    0.732540400   -1.904831000
 261   13.681580000    1.373953000   -0.565750700
 262    6.998780000    0.990127200    0.774943300
 263   -0.950000000    0.194948200    0.624791200
 264    0.114406900   -0.260154400   -1.238135000
 265    2.759190000    0.250259300   -0.957249700
 266   -0.950000000   -1.495989000    0.499947400
 267    2.807395000    0.529857700   -0.034460620
 268   -0.950000000    0.166407900    0.824606000
 269   -0.950000000   -0.783448400   -0.418696000
 270   -0.566848800   -0.028633380   -1.140883000
 271   -0.950000000   -1.083499000   -0.362457700
 272    3.958838000    0.337443000    1.110899000
 273   -0.950000000   -1.525124000    1.029388000
 274    4.845677000    0.077726730   -1.461022000
 275    9.531572000    1.587197000    1.596822000
 276   16.310550000    1.187215000    1.313752000
 277    5.470303000    0.397532600    0.499976600
 278    9.140753000    0.325927100   -1.324767000
 279   -0.950000000   -1.675767000   -0.414963300
 280    5.458629000    0.136240600   -1.565344000
 281   -0.950000000   -0.359614100   -0.519356600
 282   -0.950000000   -1.429779000    0.659461800
 283   11.483400000    0.723433000   -1.170163000
 284    9.627164000    1.979169000    1.979802000
 285    3.305805000    0.132492900   -0.343651800
 286    5.378014000    0.463856000   -0.217948600
 287    0.630267100   -0.005843924   -0.746070500
 288   10.822390000    0.746382300   -0.413843100
 289   -0.950000000   -0.593812800   -0.767977300
 290   15.201660000    1.306348000    0.606753000
 291   -0.950000000   -0.218819000   -0.201222600
 292    4.772778000    0.152289200   -1.672734000
 293   17.601930000    1.178776000    1.028388000
 294   -0.950000000   -0.364289000    0.173228500
 295   -0.950000000   -0.987210000   -1.573481000
 296   -0.950000000   -0.993190000   -1.928559000
 297   -0.950000000   -0.868218400    1.724248000
 298   -0.950000000    0.164540100    1.249621000
 299    2.572163000    0.122914400   -0.618114300
 300    9.940047000    0.845736100    0.968382200
 301    4.093270000    0.112980400   -0.188741100
 302   -0.046189170   -0.457421200   -1.654556000
 303   11.793920000    1.331118000    1.985918000
 304   -0.950000000   -0.831644600   -0.397622000
 305   -0.950000000   -0.462800500    0.775544800
 306   10.202420000    0.928660200    0.382617900
 307    1.962991000   -0.135903000    0.072121100
 308    7.185303000    0.727887100    1.006717000
 309   -0.950000000   -0.120793600    1.375550000
 310   17.320210000    1.316797000   -0.487445700
 311    1.047844000   -0.450772400   -1.457293000
 312   14.018020000    1.016260000    1.247880000
 313   12.699440000    1.330853000   -0.871720700
 314   12.116710000    1.053934000   -0.981329400
 315   -0.950000000   -0.430971700    1.169664000
 316    3.387255000    0.913169000    0.356124000
 317   -0.950000000   -0.333944000    0.086049940
 318   -0.950000000   -1.688143000    1.298807000
 319   -0.950000000   -0.599949100   -1.229529000
 320   -0.950000000   -0.755173400    1.057144000
 321   -0.933239200    0.030513840   -0.666626100
 322   -0.950000000   -1.412641000   -0.286771800
 323    5.884117000    0.569477200   -0.246478500
 324   -0.950000000   -0.216896300    1.198128000
 325   -0.441611900    0.203684500    0.202926900
 326   -0.950000000   -0.487029400    0.166042700
 327   -0.950000000   -0.355867600   -0.895188600
 328   -0.950000000   -0.646190500    0.762460900
 329   11.282090000    1.267896000   -0.408255700
 330    1.155574000    0.084004810   -0.545842300
 331    9.016084000    1.077590000   -1.026004000
 332    2.255917000    0.310213500   -0.716373700
 333   -0.950000000   -1.595185000    0.998514700
 334   -0.950000000   -0.024554490   -0.255468600
 335    4.364236000    0.970021100    1.710707000
 336   16.950090000    1.527026000   -0.344209600
 337   -0.950000000   -0.106844900   -1.016700000
 338   -0.950000000   -0.354877900   -1.424068000
 339    5.128996000    0.507653500   -1.676372000
 340   -0.950000000   -0.421407200    0.938439400
 341   -0.950000000   -0.209738100    0.760527800
 342   -0.070687670    0.459584500    0.103699400
 343   14.128580000    1.270501000   -1.533168000
 344   -0.950000000   -1.835929000   -0.365726100
 345   -0.950000000   -0.265119800   -1.165586000
 346   12.226800000    1.512715000    1.359351000
 347   -0.950000000    0.142857700    1.373223000
 348   -0.950000000   -0.336286400    1.916483000
 349   -0.950000000   -0.326631000   -0.007195316
 350   -0.950000000   -0.156994500    1.451615000
 351   -0.950000000   -0.675167600   -0.297599000
 352   -0.950000000   -1.348178000    1.105473000
 353    1.383841000    0.072938230   -0.659600500
 354   13.463910000    1.018914000    0.262774600
 355   14.929490000    1.311724000   -0.764850500
 356   18.902430000    1.667498000   -1.321937000
 357   -0.950000000   -1.135979000   -0.447691600
 358   -0.950000000   -0.717767900   -1.648582000
 359   -0.950000000   -0.778030400   -0.696409100
 360   -0.950000000   -1.212845000   -0.841250100
 361    8.054356000    1.023708000   -0.272857200
 362   -0.950000000   -0.068955000    0.217227700
 363   -0.950000000    0.258950200    0.951766400
 364   -0.950000000   -0.508508100   -0.109565000
 365   -0.950000000   -1.612938000    0.341954600
 366   -0.950000000   -0.419198100   -0.477829700
 367    3.932123000    0.430794700   -0.718087700
 368   -0.950000000   -0.406538500    0.913263700
 369   -0.950000000   -0.395930200    0.441011100
 370   -0.950000000   -0.594581700   -1.188439000
 371    5.731978000    1.129100000   -0.010010840
 372   -0.950000000   -0.242765100   -0.715050300
 373   -0.950000000   -0.944582400    0.344295400
 374   -0.950000000   -1.075449000    0.265881500
 375   -0.950000000   -0.465343200    0.102394900
 376    8.707421000    0.727865100   -0.663791300
 377    4.974665000    0.099803510    0.458626900
 378    8.495317000    1.168114000    0.926782100
 379    1.425518000   -0.008985670    0.753421500
 380    0.682291200   -0.264640200   -0.903093800
 381   -0.950000000   -0.793151900    0.211100300
 382   22.593400000    1.675527000   -1.015887000
 383   11.274280000    0.593798400   -1.369189000
 384   14.937550000    1.092398000   -0.281860300
 385    2.658028000    0.111845000    0.328054100
 386   -0.950000000   -1.076100000   -0.969870100
 387    5.621959000    0.342953000    1.652720000
 388   -0.950000000   -1.060340000   -0.314118200
 389    0.290157000   -0.178836400    0.870371300
 390    7.771740000    0.489449400   -0.645549600
 391   27.429480000    1.761594000   -0.162664600
 392   18.249010000    1.081756000    0.275279200
 393   15.292750000    0.598357100   -1.131630000
 394    4.119374000    0.307924700    1.629111000
 395   10.193840000    0.354410300    0.463896900
 396   15.798730000    0.766426400   -0.697905900
 397    9.427910000    0.573733500    0.256037900
 398   -0.950000000   -1.098181000    0.109247600
 399   -0.950000000   -0.341407600    1.060066000
 400   19.189480000    0.947762300   -0.842694600
 401   21.190640000    1.983392000   -1.128558000
 402   15.779540000    1.450153000   -1.193858000
 403    7.000424000    0.272613500    0.371804600
 404   17.586230000    1.375368000    0.285680500
 405   -0.950000000   -1.013028000    0.443777600
 406    0.281186700   -0.175303700    1.105419000
 407    5.071526000    0.196401300   -0.126947100
 408    7.329130000    1.322834000    0.816247300
 409   11.067750000    0.653768000   -1.607916000
 410    5.575504000    0.328776100   -0.797233600
 411   -0.950000000   -1.467450000   -0.861503700
 412   -0.950000000   -0.456442300   -0.730967800
 413   11.884120000    1.161893000    0.896677600
 414   13.726410000    1.481345000   -0.022943910
 415    0.482109500    0.110085000    1.000791000
 416   -0.950000000   -1.576584000    0.119034000
 417   -0.950000000   -0.599987800    0.580903200
 418   11.665800000    0.792743600    0.380490800
 419   -0.950000000   -0.569435800   -0.757865600
 420   -0.950000000   -0.608496800    0.477487500
 421    5.197078000    0.562685900    1.002412000
 422   -0.950000000   -1.396422000    1.283978000
 423    2.321433000    0.201701200    0.739181300
 424   -0.950000000   -1.142920000    0.029320720
 425    8.742567000    0.241125500   -1.048299000
 426    0.162996500   -0.080665820    0.148013000
 427    0.962984500    0.083096040    0.704212400
 428    2.657924000    0.223326000   -0.921551300
 429    9.045664000    1.188962000    0.035405390
 430   -0.950000000   -0.214729800    0.646035600
 431    2.688088000    0.056455050   -1.437348000
 432   -0.950000000   -0.431412600   -0.475535100
 433    4.406843000    0.223531400   -0.636038500
 434    1.651259000    0.465761800    0.872281100
 435   -0.950000000   -0.559050100   -0.231464000
 436    3.416809000    0.383488000    0.513387700
 437   -0.950000000   -0.062547190    0.617945400
 438   11.664420000    1.128097000    0.730591500
 439    3.192875000    0.389327800   -0.851065700
 440   -0.950000000   -0.162475000    0.774065400
 441   17.100010000    1.595311000   -0.013349540
 442   -0.950000000   -1.464240000   -1.476605000
 443    9.327132000    0.661732700   -0.502227100
 444   -0.950000000   -0.778033600    1.048908000
 445    5.879104000    0.350574100   -1.545139000
 446   -0.950000000   -0.122500500    0.212953600
 447   -0.950000000   -0.423877300   -1.640728000
 448    3.911926000    0.213150100   -0.172436000
 449   21.509170000    1.631569000   -0.864113700
 450    8.747397000    1.309638000    1.307089000
 451   -0.950000000   -1.444500000    0.109193900
 452    6.169184000    0.808711800    0.286907500
 453   -0.950000000    0.165395200    0.845588100
 454   -0.950000000    0.071129640    0.581975600
 455   11.450320000    1.119403000   -0.777814100
 456   -0.950000000   -0.045360350    1.597453000
 457   -0.950000000   -0.078177550   -0.188513200
 458   -0.950000000   -0.312156400   -0.484253800
 459   -0.950000000   -0.243323300    0.774387400
 460   -0.950000000   -0.900278000    0.401314000
 461    7.368377000    0.819162600   -0.443413900
 462   -0.950000000   -0.701649200    0.247800000
 463    7.448830000    0.558774600   -0.678457000
 464   -0.950000000   -0.144849400    1.506777000
 465   10.912790000    0.908270300   -0.854409300
 466   -0.950000000   -0.588471100    0.096633110
 467    1.396477000   -0.219580200   -1.906264000
 468    0.475874500    0.209306300   -0.205104200
 469   -0.950000000   -0.631130500   -0.737236400
 470   -0.950000000   -0.146658600    0.485084100
 471   -0.950000000    0.258720800    1.857110000
 472   -0.950000000   -0.583892800    1.618774000
 473   13.848060000    0.893777600   -1.596600000
 474   -0.950000000   -0.762620600   -1.353669000
 475   -0.950000000   -0.963625800   -1.304228000
 476   -0.950000000   -0.772286400    0.229890900
 477   -0.950000000   -1.236074000   -0.335188200
 478    9.989981000    0.982314200    0.086435860
 479    4.572991000    0.728679700    0.928663400
 480    6.093482000    0.819699500   -0.270473100
 481    3.829126000    0.295963400   -0.390213000
 482   -0.950000000   -1.410893000   -0.639277500
 483   -0.950000000    0.155948100    0.556129200
 484   -0.950000000   -1.474019000   -0.815498900
 485   -0.950000000   -0.439070100   -0.130123200
 486   -0.950000000    0.063906760    1.145441000
 487   11.226170000    1.300843000    0.217430200
 488   -0.950000000   -0.018303580    0.356187100
 489    2.952776000    0.427734000   -0.184365700
 490    5.603476000    0.173486700   -1.742404000
 491    2.602206000    0.160582800   -1.477577000
 492   -0.950000000   -0.183182100   -0.892776000
 493   -0.553400100   -0.103655000   -0.708153300
 494    6.275400000    0.536004000   -1.339758000
 495    9.770871000    1.632558000    0.865717200
 496   21.497910000    1.711960000   -0.675038300
 497    9.969207000    1.058830000    0.486140600
 498    8.727144000    1.081810000    0.965562700
 499    3.593876000    0.183201200   -0.747181700
 500   20.951990000    1.480544000   -1.334460000
 501   -0.950000000   -0.795583000   -1.950546000
 502   -0.950000000   -1.666769000    1.021980000
 503    4.671673000    0.288021300    0.543705600
 504    9.522204000    0.989481700    0.194449500
 505   -0.297244100   -0.175584000   -1.049839000
 506   -0.950000000   -1.631592000   -0.051076960
 507   -0.950000000   -0.188469700    0.117574800
 508   -0.950000000   -0.835784600    0.220927000
 509   10.378800000    0.851901800   -0.560247300
 510   -0.950000000    0.027493370    0.491394600
 511   -0.464182200    0.023056000   -1.369294000
 512   -0.950000000   -0.101366500    0.727714300
 513   -0.950000000   -0.182757900    0.964959700
 514   -0.950000000   -1.945411000   -0.800438400
 515   -0.950000000    0.152211100   -0.124576600
 516   -0.950000000    0.458354600    0.971679500
 517   -0.950000000   -1.283589000    0.139620300
 518    3.499369000    0.629837700   -0.505736400
 519    1.972061000    0.960267000   -0.273535100
 520   -0.950000000   -1.528398000   -1.356212000
 521   -0.950000000   -0.744435800    0.138507800
 522   -0.950000000   -1.152562000   -0.386740200
 523   -0.950000000    0.037919070   -0.506120800
 524    3.869056000    0.646545800   -0.510668100
 525   -0.950000000   -0.487626000   -0.528059200
 526    3.015876000    0.581878000    0.942472200
 527   -0.950000000   -0.439764200   -0.037181510
 528    2.841672000    0.138635700   -0.366540300
 529   -0.950000000   -0.457177800   -1.721936000
 530   -0.113929300    0.186919100    0.927098400
 531    5.270717000    0.414632800    0.924130100
 532    6.076295000    0.205180200   -1.579340000
 533    2.577380000    0.423014000    1.764223000
 534   13.565020000    1.184586000   -1.523622000
 535   -0.950000000   -0.346097200    0.446069200
 536    1.868917000    0.127480000    0.658861300
 537   11.015840000    0.835431300   -0.481307600
 538    1.034178000    0.193388800    0.115153100
 539    7.073457000    1.101146000    0.519942300
 540   -0.950000000   -1.003111000   -0.823305000
 541   10.709250000    1.473806000    0.911310800
 542   -0.950000000   -0.521694000    0.362077300
 543   14.078520000    1.019011000   -0.842654400
 544   -0.950000000   -0.117133700    0.874693000
 545    4.209176000    0.496601400    0.160313600
 546   -0.950000000   -0.958089800    1.492485000
 547    7.917894000    0.833997300    0.688498200
 548   -0.950000000   -1.683204000    0.304050100
 549   21.160030000    1.351474000    0.063732470
 550    1.147627000    0.234982600    0.391225000
 551   -0.014369550   -0.518161600   -1.897192000
 552   -0.950000000   -1.930190000   -0.381946900
 553   -0.950000000   -1.067090000   -0.317647900
 554   14.273060000    1.214409000   -0.484235900
 555   -0.950000000   -0.543151800    0.794399200
 556   -0.950000000   -1.092423000    0.134248500
 557    7.842534000    1.018278000   -0.895513800
 558   -0.950000000   -0.841973700   -0.356436700
 559   -0.950000000   -0.836566900    1.700777000
 560   -0.950000000   -0.942811900   -0.833613500
 561   -0.950000000   -0.366341100    0.659033100
 562   -0.950000000   -0.671856600   -0.137370500
 563    2.572136000    0.789927800   -0.254712500
 564    6.232610000    0.863680200   -0.480844100
 565   13.503120000    1.422823000    1.191526000
 566    4.417972000    0.726801700   -0.058257680
 567   -0.950000000   -0.961163000    0.459335700
 568   -0.950000000   -1.896058000    0.341076100
 569   -0.950000000    0.158492500   -1.714153000
 570   -0.950000000   -1.900513000   -0.815512700
 571   -0.950000000   -1.040432000   -1.198052000
 572   -0.950000000   -1.674895000   -1.203083000
 573   -0.950000000   -1.963937000   -1.605329000
 574    8.294914000    0.844629800    0.258783200
 575    3.687121000    0.564333300   -0.429897300
 576   12.704110000    1.577184000    0.351091600
 577    6.084707000    1.008250000    0.592533000
 578    2.710216000    0.145384300   -1.141987000
 579   -0.950000000    0.467266200    0.890598900
 580   -0.950000000   -1.357928000    0.519748000
 581   -0.950000000   -0.422118200   -1.105605000
 582   20.463860000    1.938345000   -0.203288800
 583    2.749926000    0.020650850   -0.943529200
 584   -0.950000000    0.118891500    1.377025000
 585   -0.950000000   -0.096768560   -0.203731200
 586   15.613800000    0.914305100   -1.138200000
 587    8.449318000    0.757924400    0.793541600
 588   11.164980000    0.764606900    0.142231500
 589   -0.950000000   -1.051045000    0.282755300
 590    8.742949000    0.669505400    0.901986100
 591    6.605486000    0.649193800   -0.303564100
 592   -0.950000000   -0.489930100   -0.587793500
 593   13.983220000    1.051519000    0.371962600
 594    7.641078000    0.344026400   -0.747093200
 595   23.142020000    1.874552000    0.480282700
 596   -0.950000000   -0.694070800   -1.221346000
 597    7.661840000    0.634465900    0.327058100
 598   15.126470000    1.214289000    0.668525400
 599    4.425675000    0.169680700    0.703676000
 600   -0.950000000   -1.352781000   -0.008967766
 601   -0.950000000   -0.555781300   -0.361069300
 602    6.923164000    0.864631500   -0.120165300
 603   -0.950000000   -1.130518000    0.315936700
 604   10.246070000    1.663664000    1.438678000
 605    3.749535000    0.268197400   -1.688112000
 606   -0.950000000   -0.585875800   -0.480180000
 607    9.092223000    1.335175000   -0.901842800
 608   -0.950000000   -0.540815600    0.607003800
 609   -0.950000000    0.389787000    0.847940900
 610   -0.950000000   -0.364657800   -0.432877700
 611   -0.950000000   -1.553992000    0.174420400
 612    3.678435000    1.072076000    1.214811000
 613   -0.950000000   -0.835640700   -0.961693700
 614   19.566550000    1.719700000   -1.100730000
 615   -0.950000000   -1.349274000   -0.815692800
 616    7.756750000    0.646410900   -0.512052700
 617   -0.950000000   -1.230588000   -0.921534600
 618   -0.950000000   -0.144193600    0.696386800
 619   -0.950000000   -1.415649000   -0.147627000
 620   -0.950000000   -0.977714200   -0.081105380
 621   -0.950000000   -0.374356600   -0.284719500
 622   -0.950000000   -1.436449000    0.963724400
 623    0.571506800    0.051500540    1.167545000
 624   -0.950000000   -0.577979300    0.174217200
 625   -0.458441200    0.100864200    0.137635400
 626    9.715470000    0.681402400   -0.221320600
 627    2.067100000    0.250554900   -0.270538200
 628   21.643160000    1.512608000    0.104879100
 629    7.249460000    0.524139700   -0.308597400
 630   -0.950000000   -0.356093100    1.426201000
 631   -0.950000000   -0.838713900   -1.171315000
 632   -0.950000000   -0.296301300    0.817431100
 633   -0.950000000   -0.185451800   -1.878792000
 634   -0.950000000   -0.542680900   -0.560325100
 635   -0.950000000   -0.439123300   -0.129731100
 636   -0.950000000   -1.522463000    0.735144900
 637   -0.742373300   -0.021848000   -1.309176000
 638    2.716241000    0.446478600    0.722099800
 639   -0.950000000   -1.275128000   -1.468847000
 640   -0.950000000    0.140277000    0.352513200
 641   -0.950000000   -0.705002400    1.456717000
 642    4.848466000    1.454685000    0.148045800
 643    0.114034900    0.520798200    0.585958000
 644   -0.950000000   -0.342216300   -0.759196200
 645   -0.950000000   -1.122905000   -0.049247420
 646    4.628952000    0.528099000    0.291661600
 647    8.370015000    0.524026600   -1.353984000
 648    5.335035000    0.604077400    0.433313000
 649   -0.950000000   -0.810380200    1.414899000
 650    3.183626000    0.159523700    0.861532900
 651   -0.950000000   -0.426157200   -0.604380900
 652   12.879980000    1.493104000    1.206076000
 653    0.881115500    0.025140130    0.224623600
 654    9.544974000    1.543041000    0.579905200
 655    9.589634000    0.645460500   -0.972700900
 656   -0.950000000   -0.929666300   -1.600513000
 657   -0.950000000   -0.626838600   -1.399010000
 658   -0.950000000   -1.149819000   -0.333034700
 659   -0.950000000   -1.806921000    1.254369000
 660   -0.950000000   -0.402081700    0.281921200
 661    1.055606000   -0.296188600   -0.339695000
 662    8.052199000    0.367865300    1.359278000
 663    6.874032000    0.280857900   -0.141129500
 664    9.406853000    0.973512100    1.138159000
 665    8.593918000    0.602777200    0.453540900
 666   -0.950000000   -0.858549900    0.674972700
 667   15.755960000    0.803484300    0.778680500
 668    7.857577000    0.607236400    0.552153400
 669   13.389020000    0.754174500    1.349327000
 670    6.020658000    0.156509000    0.655401500
 671   -0.950000000   -0.889502000    0.434542100
 672    8.247353000    0.385124800   -0.932258600
 673   -0.950000000   -0.849704700   -1.281923000
 674    4.568725000   -0.059763560   -0.267565800
 675   -0.950000000   -0.615466500    1.421026000
 676   -0.950000000   -0.776796900   -0.085872370
 677   10.565680000    0.477295800   -0.241295000
 678    6.973769000    0.665425600    1.992438000
 679   13.730160000    0.802847500   -0.532057100
 680   11.548690000    0.520915900   -1.621343000
 681   17.470510000    1.130304000    1.287370000
 682    8.071464000    1.032738000    0.756445900
 683   -0.950000000   -1.492120000    0.399344100
 684    1.202307000   -0.042514780    0.667463600
 685   12.216550000    0.586081900    1.439122000
 686   15.908230000    1.127638000    0.144730400
 687    8.828263000    0.603912000   -0.050370820
 688   -0.950000000   -0.594573600    0.619293300
 689   -0.950000000   -1.003197000   -1.246695000
 690    3.439638000    0.084598850    1.870633000
 691   -0.950000000   -0.417905700    0.273456600
 692   -0.950000000   -1.420274000   -1.280521000
 693   -0.950000000   -1.270860000   -0.696976400
 694    4.235335000    0.397504600   -0.239792100
 695    0.380362800    0.075476490   -0.318848300
 696    1.141536000   -0.070800950   -1.810258000
 697   -0.950000000   -0.380614700   -0.352743600
 698    6.416449000    0.479352400    0.422285000
 699   -0.745746500   -0.000579431   -0.009465540
 700   -0.950000000   -0.436772000    0.260723100
 701    6.865821000    0.635933600    0.242414500
 702   15.492730000    1.376061000    0.211168300
 703    6.859821000    1.190185000    1.114884000
 704    9.608094000    1.286616000    1.126793000
 705   -0.950000000   -0.175656300    0.058584460
 706   -0.950000000   -0.087419540    1.820968000
 707   18.617270000    1.378575000    0.319714000
 708   18.032150000    0.982870100   -0.709334400
 709   -0.950000000   -0.677496500    0.503228200
 710   20.563770000    1.702777000   -0.037826530
 711   19.214610000    1.194107000   -0.412469600
 712   10.914870000    0.747234700    0.041830940
 713   24.373030000    1.635740000   -0.577566400
 714    2.960602000   -0.266404000   -0.396701000
 715    2.754436000   -0.488159200   -0.585251900
 716   13.257840000    0.967085400    0.023919960
 717    5.257035000   -0.019919450    0.285637900
 718   -0.950000000   -1.661422000   -0.472522000
 719   19.788150000    1.601454000   -0.170695700
 720   17.097430000    1.012980000   -1.035502000
 721   -0.950000000    0.020130740    0.677218200
 722    4.191572000    0.711329600   -1.734119000
 723   10.107660000    1.080309000   -0.942670000
 724   -0.950000000   -0.314956700   -0.661749300
 725   -0.950000000   -0.744538900   -1.868175000
 726   -0.950000000   -0.474189200   -0.226004200
 727    7.993337000    0.945605200   -0.431093800
 728   -0.950000000   -0.613114600   -0.036288690
 729   -0.950000000   -0.202340000    0.062423740
 730    1.181442000    0.390184400   -0.675275900
 731   -0.950000000   -0.546169600    0.639998400
 732   10.059170000    1.138334000   -0.562319300
 733   -0.950000000   -0.452390100   -0.650242000
 734   -0.950000000    0.144996900    1.061588000
 735    6.052908000    0.739441600    0.976493400
 736   -0.950000000    0.012391090   -0.631382400
 737   -0.950000000   -0.116407700   -0.327996000
 738   -0.950000000   -1.017676000   -0.226083700
 739   -0.950000000   -0.009811831   -1.050963000
 740   -0.950000000   -0.270412400    1.918705000
 741   12.608030000    1.783368000    0.509725200
 742   -0.950000000   -0.534987100    0.256923200
 743   -0.950000000    0.058144320   -0.017061840
 744   -0.950000000   -1.470177000    0.079450270
 745   -0.950000000   -0.716255500   -0.666975200
 746    9.829978000    0.784874600    0.786234900
 747   -0.950000000   -0.846039400    0.317390600
 748   -0.950000000   -0.101843400    0.324847200
 749    1.242503000    0.637133300    0.336280500
 750   -0.950000000   -1.642103000    0.572996400
 751   -0.950000000   -0.339535300   -0.672975300
 752   -0.950000000   -0.934261300   -0.713321000
 753   -0.950000000   -1.332971000   -0.663315400
 754   -0.950000000   -0.014075650   -0.380685700
 755    7.937222000    1.005033000    0.228645900
 756   -0.950000000   -1.159437000   -1.089721000
 757    1.843260000    0.439019700    0.042072930
 758    2.680375000    0.398664700   -0.116241600
 759   -0.950000000   -1.393870000    0.387341200
 760    5.348945000    0.309950500   -1.083723000
 761   -0.066191840    0.148729100    0.250707200
 762    8.535196000    1.083015000    0.731358200
 763   -0.950000000   -0.814688500   -0.494076600
 764   -0.950000000   -1.523970000    1.963580000
 765    4.182481000    0.514843300   -0.763495700
 766   17.058220000    1.069126000   -0.132872700
 767    6.874241000    0.336285100    0.297203100
 768   14.789620000    0.780720300    0.721997400
 769    7.131212000    0.312651300    0.519611700
 770    0.595281200   -0.225369200    0.628504600
 771   15.389100000    1.615746000   -1.113687000
 772   10.194420000    0.427691200   -0.421469800
 773   15.122220000    0.416853000   -1.760781000
 774    9.073934000    0.099527590   -1.267234000
 775   22.463600000    1.549972000    0.566903200
 776    9.497175000    1.210396000    1.783202000
 777   -0.950000000   -0.625034000    0.832477300
 778   10.819080000    1.114868000    0.403311700
 779   -0.950000000   -1.988411000   -0.959324200
 780    8.747996000    0.728419600    1.998253000
 781    2.329564000   -0.018943820   -0.165398200
 782    7.271066000    0.786740100    1.833754000
 783   -0.857867000   -0.062779500    0.213943400
 784   -0.950000000   -1.526857000   -0.361672300
 785    5.859000000    0.366604700   -0.800682500
 786   -0.950000000   -1.302148000   -0.864198400
 787    7.747039000    0.584463100   -0.392032900
 788    7.031332000    0.653327200   -0.138339500
 789   11.456060000    0.937109700    0.033882740
 790   15.172950000    1.080520000   -0.290165100
 791   -0.950000000   -0.194642300    0.030134570
 792    4.516380000    0.571783600   -0.916757600
 793    1.834717000   -0.155932700    0.363159800
 794   13.931560000    1.111710000   -0.828091900
 795   16.530770000    1.604437000    0.255673400
 796   12.378670000    0.978453300   -0.279390700
 797    3.653486000    0.092319440   -0.682637500
 798   11.328410000    0.719027200    1.101856000
 799   10.790920000    0.978522900   -0.700574600
 800   -0.950000000   -0.608590600    1.041170000
 801    1.732387000    0.014736880    0.523196900
 802   -0.950000000   -1.205325000   -0.117787500
 803   -0.950000000   -1.159842000    1.020021000
 804   -0.950000000   -0.721246400   -1.030520000
 805   17.065380000    1.359534000   -0.648082400
 806    6.983185000    0.449672600   -0.419503600
 807   12.875370000    1.017723000    0.498923900
 808   21.774180000    1.576649000   -0.374154800
 809   -0.077529700   -0.143437000   -0.445279600
 810   -0.950000000   -0.845333700   -0.440325300
 811   -0.950000000   -0.540422400    0.672768000
 812    3.713826000    0.735591500    0.020248260
 813   -0.950000000   -0.510065500   -1.119182000
 814   -0.950000000   -1.046833000    0.816559800
 815    6.825214000    0.892160400    0.491726700
 816   15.895380000    1.940630000    0.568621800
 817   -0.950000000   -1.176925000   -0.259009500
 818    4.721429000    0.561622000    0.847091800
 819   -0.950000000   -0.391205800   -0.886626100
 820   -0.950000000   -0.994704000   -1.689036000
 821   11.892010000    1.708580000   -0.875208100
 822   -0.950000000   -0.644248500    0.031735010
 823    8.719524000    1.026456000   -0.798257400
 824   -0.950000000   -0.938723300   -1.653980000
 825   -0.950000000   -0.362550700   -0.339978100
 826    2.209702000    0.114070800   -0.662707900
 827    9.802591000    0.493384400   -0.570528000
 828   10.451020000    0.663524500   -0.799422300
 829    0.051183650    0.014690560    0.340865100
 830   12.345550000    1.358557000    0.121744800
 831   11.604330000    0.918318600    0.108033200
 832   20.767110000    1.673455000   -1.255794000
 833    7.855876000    0.772182100    0.416587100
 834    5.149280000    0.283509300    0.025850010
 835    0.944403300   -0.238421400   -0.619942800
 836   -0.950000000   -0.943553300   -0.267786400
 837    6.770210000    0.577825800   -0.916764300
 838   -0.950000000   -1.590868000    1.704258000
 839   -0.950000000   -0.503125100   -0.483665600
 840    6.503937000    0.665391300    0.612277000
 841   -0.950000000   -0.420958900    0.923948600
 842    6.199440000    0.248561900   -1.779042000
 843   -0.950000000   -0.471692200   -0.239556900
 844   -0.950000000   -0.286408000   -1.072052000
 845   -0.950000000   -0.234604800    0.820078900
 846   -0.950000000   -0.380047700   -0.860882700
 847   14.152770000    1.144065000   -1.215777000
 848   -0.353681100    0.306584400   -0.133213300
 849   11.695850000    1.199399000   -1.224689000
 850   -0.950000000   -1.109389000   -0.311272800
 851    4.966127000    0.317641500   -1.944476000
 852    3.599644000    0.688198900    0.209758200
 853   -0.950000000    0.031712600    0.883646000
 854    2.093200000    0.523150500   -0.731320700
 855    9.124154000    1.240294000   -0.262093200
 856   -0.950000000   -0.106071600   -0.132920900
 857    1.534387000    0.432169200   -0.398706100
 858   -0.950000000   -0.291244600   -1.414509000
 859    5.773581000    0.834854000    0.076388940
 860   -0.950000000   -0.411884700    0.712614500
 861   -0.950000000   -0.398642100    0.317195600
 862   13.150260000    1.675242000   -0.320633300
 863   -0.950000000   -0.708161100    1.949342000
 864   -0.950000000   -1.164121000    0.565610600
 865   -0.950000000    0.122038200   -0.703170500
 866   -0.950000000   -0.950914900   -0.775614900
 867   -0.950000000   -0.787060000    0.244885000
 868    1.529083000    0.284224100   -0.915977900
 869   -0.950000000   -0.250089300   -0.941245500
 870   -0.950000000   -1.425853000    0.426720700
 871   -0.950000000   -1.594373000    1.811219000
 872    7.562896000    0.667429100   -0.281522600
 873   -0.950000000   -0.408753300    1.257558000
 874   -0.950000000   -0.272312400    0.582886400
 875    5.751610000    0.444935400   -0.621118900
 876    1.966093000   -0.166022400   -0.807407200
 877    0.313177800    0.089968840   -0.029819990
 878    9.896150000    0.661598400    0.857321500
 879    7.566967000    0.374164600   -0.605160300
 880   -0.950000000   -1.214396000    0.656831900
 881    4.198544000    0.080176580   -1.162751000
 882   -0.950000000   -1.455118000    1.007940000
 883    3.925184000    1.240289000    0.399831500
 884    5.777695000    0.396822900   -0.964810400
 885    6.070404000    0.368573300    0.493918400
 886   25.901950000    1.938105000    0.190092100
 887    9.838166000    0.323399100   -0.476616300
 888   15.039370000    0.736032500   -1.474393000
 889   16.856110000    1.367809000   -0.578189100
 890    2.200640000   -0.113775100   -0.092716630
 891   19.155060000    1.402305000   -1.467455000
 892   12.320240000    0.897620400    0.264427800
 893   13.663910000    1.089413000    0.118250500
 894   -0.950000000   -0.217275500    1.469617000
 895    3.930258000    0.159328400    1.463429000
 896    6.448480000    0.311559700   -0.308400300
 897    8.599916000    0.345608700   -0.665021600
 898    5.146137000    0.166826900    1.017044000
 899    6.675439000    0.217987600   -1.171031000
 900   -0.950000000   -0.794818100   -0.094491920
 901   -0.950000000   -0.107188400    1.805372000
 902    2.476265000   -0.463650500   -1.611791000
 903    8.184450000    0.534012200   -0.049268530
 904   23.185400000    1.793210000    0.718378600
 905   -0.642692500    0.004257791    1.034394000
 906   12.131400000    0.858150900   -0.352252100
 907   -0.950000000   -0.780698600    1.366335000
 908   -0.950000000   -0.920055100    1.349459000
 909   -0.950000000   -0.660099000    0.386180500
 910    4.265948000   -0.302794900   -1.377430000
 911   13.533720000    1.442795000    0.430292300
 912   -0.950000000   -0.819453000   -1.091691000
 913   -0.950000000    0.248612600    0.693282600
 914    3.468850000    0.942537500    1.252837000
 915   -0.950000000   -0.560850400    0.114316900
 916   -0.950000000   -0.597729600   -1.266661000
 917    4.027558000    0.071352480   -1.357346000
 918    6.825441000    0.393220000   -1.359086000
 919   -0.950000000   -0.126563400    0.302291000
 920   -0.950000000    0.015753200    0.233215400
 921    2.040631000    0.182147600   -0.719093000
 922    4.749475000    0.395861700   -1.305325000
 923   -0.950000000   -0.339020900    1.981646000
 924   -0.842117000   -0.097656690   -1.056460000
 925   18.038540000    1.625764000    0.034298550
 926    5.808495000    0.450292300   -1.541000000
 927    1.542136000    0.008718880    0.491031300
 928   -0.950000000   -1.580221000    1.242176000
 929   -0.950000000    0.454056200    1.190419000
 930   -0.950000000   -0.258846200    0.275340100
 931    5.387448000    0.157158900   -0.756670500
 932   -0.925570800   -0.298626300   -0.595654100
 933    5.947353000    0.632300700    0.479684700
 934   14.973500000    0.992914200   -0.692905500
 935   -0.300887500   -0.247405400   -0.688755200
 936   -0.950000000   -0.732412800   -1.115499000
 937   12.981050000    1.023947000   -0.259834300
 938   -0.950000000   -0.285105500    0.856352000
 939    7.225673000    0.942717600    0.019476110
 940   21.986110000    1.492177000    0.633939200
 941    4.127599000    0.011192650   -0.867002700
 942    6.909907000    0.452903500   -0.485383400
 943    2.542202000    0.410509600    0.299922900
 944   -0.950000000   -0.454474400    0.795252300
 945    4.521517000    0.291093400   -1.155789000
 946   11.264310000    0.822523700    0.693118800
 947   17.584070000    1.270369000   -0.751820500
 948   -0.950000000   -0.180980700    1.666063000
 949   -0.950000000   -1.383403000    0.841177100
 950   18.377430000    1.470725000    0.588893600
 951   -0.950000000   -1.024843000    0.121575800
 952   14.445780000    0.835658400    0.425011600
 953   -0.950000000   -1.702281000   -0.957432900
 954    3.559018000   -0.148371100    0.726233800
 955    4.820429000    0.778783300    1.710859000
 956   10.570980000    0.561558200    0.812092200
 957   -0.950000000   -1.022251000    1.341516000
 958   -0.950000000   -0.919781300    0.941669700
 959   19.216960000    1.155254000    0.277627500
 960    7.157503000    0.134798100    0.711459800
 961   -0.950000000   -0.878654900    0.833893800
 962    2.375089000    0.205369400   -0.118094100
 963   -0.950000000   -0.335951800   -0.835921700
 964    3.730241000    0.397429200   -0.173437300
 965   11.084270000    0.720163900   -1.724231000
 966   -0.950000000   -0.508539200    0.805802200
 967    5.177984000    0.377995600   -0.146682100
 968    2.139178000    0.240129500    1.878253000
 969    5.573873000    0.388643200   -0.573440200
 970    0.483532600    0.232411400    0.244301800
 971    4.639001000    0.391375300    0.852695600
 972    9.607749000    1.102199000   -0.896560400
 973   -0.950000000   -0.755468200   -1.035063000
 974   -0.950000000   -0.187321900    0.378694400
 975   -0.067533290    0.046917810   -1.481326000
 976   10.166720000    0.643598700   -1.243096000
 977   -0.950000000   -1.571296000   -0.278072900
 978   -0.059512370    0.169147200    0.768399400
 979   -0.950000000   -0.032964050    1.171494000
 980   -0.950000000   -0.290771700    0.244347000
 981    5.186667000    0.447779300    1.074107000
 982    1.154529000    0.001512610   -0.197779500
 983   -0.950000000   -1.124388000    0.263764100
 984    3.619723000    1.022967000    1.336504000
 985    0.486615100   -0.019835730    0.229121900
 986    0.329532900   -0.079053810   -0.720191200
 987   11.798130000    0.839647400   -1.490720000
 988   20.934610000    1.535367000   -0.942126100
 989    5.299368000    0.592130600    0.666947800
 990   15.553700000    1.208489000   -1.591803000
 991    4.703819000    0.609601900   -0.445251700
 992    2.811677000    0.466587500    0.554316100
 993   11.216720000    1.106425000   -1.137196000
 994   -0.950000000   -1.222241000   -0.041398400
 995   15.159280000    1.867726000   -0.597561100
 996    1.262283000    0.315185200   -0.816168300
 997   -0.950000000   -1.462555000   -0.098225840
 998   -0.950000000   -0.099384610    0.261124800
 999   -0.400790700    0.223191800   -0.196634200
1000   -0.950000000   -0.974452300   -0.728452800
1001    8.699249000    1.110756000   -0.418722200
1002    9.924478000    1.643794000    0.944814500
1003    2.328747000    0.267980000    0.713305600
1004   -0.950000000   -1.521063000   -0.791200900
1005   10.362870000    0.796728000   -0.799854500
1006   -0.950000000   -0.376341800    0.986197500
1007    3.076899000    0.511363200   -0.723783500
1008   12.028120000    1.140066000   -1.303990000
1009    4.053453000    0.488656800   -0.185354700
1010   -0.950000000   -0.189002200    0.381859300
1011   -0.950000000   -1.588755000   -0.995824300
1012   -0.950000000   -0.755661900    0.041249770
1013    5.381181000    1.241641000    0.637799900
1014    0.740044000    0.064578470   -1.115072000
1015   -0.337687900    0.422394400    1.233551000
1016   -0.950000000   -1.141248000   -0.634112200
1017   -0.950000000   -0.739590700   -0.725326100
1018    0.720399700    0.272854500   -1.256521000
1019   -0.950000000    0.200764900    0.653390800
1020   -0.950000000   -1.086830000   -0.506473100
1021    0.188722600    0.840726700    1.710394000
1022   -0.950000000   -1.140947000   -0.145954800
1023    2.267917000    0.802348100    0.359442000
1024   -0.950000000   -0.984595000    0.522587600
1025    4.911852000    1.105097000    1.133624000
1026   -0.950000000   -1.159888000   -0.924909500
1027   -0.950000000   -0.313245400    1.815164000
1028   -0.381235600    0.106656200   -1.436359000
1029   -0.950000000    0.075797060   -0.425701400
1030   -0.950000000   -1.122931000   -1.483454000
1031   -0.950000000   -0.113356200    1.346002000
1032   -0.950000000   -1.462688000   -0.432760700
1033   10.664100000    1.178052000   -1.622433000
1034   -0.950000000   -0.301916000    0.203967600
1035   -0.950000000   -0.230140500   -0.983782900
1036    4.885622000   -0.566128700   -0.809372900
1037   20.398810000    1.230078000    0.588300200
1038   11.634940000    0.215169800   -0.644926200
1039   10.261240000    0.152593900    0.226623900
1040   -0.950000000   -1.057098000    1.178035000
1041   -0.950000000   -0.784813700    1.803033000
1042   18.533790000    0.886385100    0.501656800
1043   17.403500000    0.982194600    0.058279180
1044    9.375207000    0.535066900    1.874253000
1045   15.769280000    1.001006000    0.307978000
1046   13.211530000    0.378929400    0.916414800
1047    0.982932300   -0.327467300    0.786630800
1048   16.015580000    0.632088800    1.662524000
1049   17.023540000    0.882062700   -0.324035800
1050   21.293820000    1.332762000    1.151928000
1051   -0.950000000   -1.052071000   -1.047056000
1052    4.889578000    0.952982900    0.922892700
1053   -0.950000000   -0.455629000   -1.488441000
1054   -0.950000000   -1.209588000   -0.726342000
1055    3.737548000    0.550434900   -0.327267200
1056   -0.950000000   -0.753278200    0.790376700
1057    0.984718900    0.280636800   -0.512764900
1058   13.019170000    1.149826000   -0.503186600
1059    1.125348000    0.297716700   -0.278519000
1060   -0.950000000   -0.259422200    0.362066600
1061    1.040604000    0.291272600   -0.382222100
1062   -0.950000000   -0.576208800    1.008343000
1063   -0.950000000   -0.200664200   -0.624642300
1064   -0.950000000    0.053675150   -0.594536400
1065   -0.950000000    0.018719660   -0.439274900
1066   -0.950000000   -0.508203000   -0.450455600
1067   -0.950000000    0.117373300    0.238219900
1068   -0.950000000   -1.070670000   -1.138888000
1069   -0.950000000   -0.635406800    0.076722620
1070   -0.950000000   -1.830367000    1.295845000
1071   -0.950000000    0.208274200   -0.249371500
1072   15.643390000    1.986617000    0.063081300
1073   -0.950000000   -0.605531200    0.453254800
1074   -0.950000000    0.569611700    0.441539300
1075   -0.950000000   -0.665977600   -0.075675110
1076    5.128664000    0.709838600   -1.766069000
1077   -0.950000000    0.176807600   -0.379277100
1078   -0.950000000   -0.017219000   -1.075264000
1079   -0.950000000   -0.594345700   -0.953755900
1080   -0.950000000   -1.391891000    0.079651860
1081   -0.950000000   -0.653831800   -0.457535600
1082   -0.950000000   -0.980827700    0.893794300
1083    1.283619000    0.163932400   -0.701261700
1084    1.345687000    0.313228600    0.361998000
1085   24.204810000    1.930783000   -0.970631000
1086   -0.950000000   -0.543446400    0.973975100
1087   -0.950000000   -1.965747000   -1.118507000
1088   -0.950000000   -0.383614100   -0.593284000
1089   -0.897827800    0.076568140   -0.295595800
1090   -0.950000000   -1.507356000    0.891540700
1091   -0.950000000   -0.821568700   -0.531056200
1092   -0.950000000   -0.229479600   -1.679070000
1093    4.994138000    0.530076400   -0.840756600
1094   11.616370000    1.214788000   -0.757942700
1095   -0.950000000   -0.365147300   -0.566458600
1096   21.913570000    1.934129000   -0.571254800
1097   15.272210000    1.396301000    1.153865000
1098   14.724580000    1.270245000    0.298171500
1099   -0.950000000   -1.621992000    0.545650600
1100   -0.277644500   -0.522669400   -0.289308200
1101   -0.950000000   -1.355886000    0.876469100
1102    7.906795000    0.259963800    0.920072700
1103   20.227350000    1.723536000    0.220515000
1104   -0.950000000   -1.318544000   -0.569850800
1105   -0.950000000   -1.069072000    1.185018000
1106   10.928840000    1.294599000    0.715384500
1107   -0.950000000   -1.492256000   -0.456699700
1108   20.949660000    1.422894000    1.380053000
1109   -0.950000000   -1.340876000    0.295842700
1110   12.137160000    0.534409500    0.539477400
1111   -0.950000000   -1.132398000    1.090994000
1112   -0.950000000   -0.621474800    0.959434100
1113   -0.950000000   -0.515209800    0.392516500
1114    4.622166000    0.044296630   -0.325467900
1115    1.256984000    0.298461300    0.735466500
1116   -0.950000000   -0.494916100    0.446000300
1117   -0.950000000   -0.616746800    0.982659200
1118   -0.950000000   -0.653760700    0.105857800
1119   -0.950000000   -0.237766700    1.591791000
1120   -0.950000000   -0.140059900    1.288529000
1121    1.282792000    0.244888600    1.106318000
1122   -0.950000000   -0.319357900   -0.516985900
1123   14.472840000    1.634108000   -0.308746400
1124   -0.950000000   -0.297617600   -0.149473600
1125    3.175256000    0.059978360   -0.511328200
1126   -0.950000000   -0.379985600    0.207636300
1127    2.232750000    0.782788100    1.039644000
1128    6.700325000    0.915723400    0.290039600
1129   -0.950000000   -1.426633000    1.559627000
1130   -0.791050800    0.025840150    0.344368900
1131   -0.950000000   -1.116679000   -0.994995900
1132   -0.759930300    0.066846330    0.677481700
1133   -0.695748700    0.434455300    0.456166900
1134   -0.950000000   -0.599241400   -0.157156100
1135    6.598328000   -0.007906182   -1.720941000
1136   -0.950000000   -0.694824000    0.872549300
1137    0.942246600    0.355876100    1.295930000
1138   -0.950000000    0.011574930    0.280286100
1139   13.015230000    1.023569000    0.000720212
1140    3.936417000    0.205164300    0.305978200
1141   20.000240000    1.805043000   -1.097132000
1142   21.043220000    1.186112000   -1.550372000
1143   -0.950000000   -1.245760000    0.263379300
1144    7.396312000    0.639777100    0.511315200
1145   -0.950000000   -0.557959400    1.106354000
1146   -0.950000000   -0.765293600    0.502223200
1147    3.921737000    0.476305700    1.452930000
1148    6.266705000   -0.061126410    0.292766500
1149    3.930409000   -0.086390100    0.368069300
1150   -0.950000000   -0.737667400    0.537222600
1151   11.582770000    1.109571000    0.283928600
1152    0.330475900   -0.950012500    1.633069000
1153    5.727123000    0.185572100    0.840967000
1154    3.691756000    0.308796200    1.675363000
1155   26.512160000    1.867841000    0.821287800
1156   13.068560000    0.621901600   -0.753657100
1157    0.022512180   -0.142957300    0.535301700
1158   -0.664675500   -0.309647800    0.048789330
1159    4.063495000    0.045880400    0.583643300
1160   -0.950000000   -1.106000000   -0.597659100
1161   12.139600000    0.787820400    0.221893700
1162   13.212440000    0.887983400    0.680581300
1163   14.992180000    1.065778000    0.275928600
1164    2.713221000   -0.220088500    0.135015500
1165   13.717590000    0.761107500   -0.670439000
1166   17.509920000    1.343026000   -0.680481700
1167   24.086820000    1.643931000   -1.167863000
1168   -0.950000000   -0.269415200    1.629753000
1169    6.141586000    0.380254800    0.802299400
1170   14.259090000    0.904682200   -1.389479000
1171    2.196561000   -0.081013350   -0.526077800
1172   15.781280000    1.521888000    0.519627800
1173   -0.950000000   -1.422092000    0.414373600
1174   -0.950000000   -1.474021000    0.774615100
1175   -0.950000000   -0.594226200   -0.639056400
1176    9.880021000    1.309253000    1.658528000
1177   14.818030000    1.195255000    0.150347400
1178    5.234948000    0.261000000    0.240250500
1179   -0.950000000   -0.529618300   -1.553761000
1180    8.755469000    0.764180400    0.383270200
1181   10.730580000    0.675827700    0.583319200
1182    6.214109000    0.631478200    0.235721400
1183   19.793570000    1.867754000   -0.519897300
1184    7.054079000   -0.017246850   -1.972570000
1185   -0.950000000   -1.632098000   -1.517600000
1186   -0.950000000   -0.964311300    0.610933100
1187   -0.950000000   -1.888349000    0.623309500
1188   12.508780000    1.026684000    1.440307000
1189   13.129920000    1.116334000   -1.443322000
1190    7.177786000    0.557933200    0.342731200
1191   14.960510000    1.318470000   -0.125427900
1192   -0.950000000   -0.298082400    1.692088000
1193    8.282589000    0.608180500   -0.123403100
1194    3.599393000    0.291297400   -0.238787800
1195   -0.950000000   -0.663229100    0.836705800
1196    8.001067000    0.597185300   -0.226527500
1197   -0.649614800    0.137851700    0.560882300
1198   -0.468218700   -0.356070000   -0.969947000
1199    2.535259000    0.220790000   -0.285084500
1200   -0.950000000   -1.272154000   -0.333730400
1201   -0.950000000   -0.967874500    0.854459300
1202    5.581588000    0.571852200    1.204551000
1203   16.539060000    0.995929000    0.363007900
1204    2.586360000    0.186691600    0.071009900
1205    9.719553000    0.910857000   -0.896503800
1206    7.475235000    0.416592500   -1.059756000
1207   -0.570611600   -0.082030620    0.747519700
1208   -0.950000000   -1.696584000   -1.653533000
1209    0.079885980   -0.283354900    0.833096000
1210   -0.950000000   -1.014608000   -0.393925100
1211   -0.950000000   -0.922957200    0.827612500
1212    9.226780000    0.969730000   -0.765928400
1213   -0.950000000   -1.560418000    1.140740000
1214   -0.950000000   -0.343834900    0.658442200
1215    9.344894000    1.225011000   -0.178090900
1216   -0.321461500   -0.410243900   -0.636323400
1217   -0.950000000   -0.291092000    0.514173300
1218   15.592010000    1.339664000   -1.065436000
1219    6.060027000    0.570928300    0.856949400
1220   18.399660000    1.727600000   -0.389466800
1221    8.630145000    0.687413400   -0.198707500
1222    1.914661000    0.016905730   -0.834961500
1223    2.571586000    0.199676700    0.516355900
1224    3.488500000    0.267289300    0.347595500
1225    1.377028000   -0.471148700   -1.679519000
1226   -0.465395900   -0.585134400   -1.392207000
1227   -0.950000000    0.073896110    0.389740000
1228    9.628263000    0.657452900   -1.337600000
1229    4.334697000    0.369620800   -0.159244400
1230    6.888682000    0.329402000   -0.177154700
1231   15.174940000    1.188133000   -0.336193500
1232    0.134578000   -0.422097200   -0.751281500
1233   -0.950000000   -0.573948100    1.680400000
1234   19.730570000    1.132433000   -1.254262000
1235   24.143840000    1.670378000   -0.144168300
1236    5.086820000    0.636821300    1.840271000
1237   -0.950000000   -0.774862300   -0.097578730
1238    5.719089000    0.126780200   -0.219995100
1239    8.674475000    0.491407500    0.824166400
1240    8.757458000    0.045290700   -1.655727000
1241    8.080805000    0.559796800    0.592986000
1242   17.766910000    0.945464800    1.971434000
1243   -0.950000000   -1.196523000    1.318271000
1244    9.816125000    0.523570200   -0.277725400
1245   -0.950000000   -0.876568900   -1.425848000
1246    2.367709000    0.126060200    1.058323000
1247   -0.950000000   -1.946502000    0.587488500
1248    6.311085000    0.313174500   -0.813593500
1249   -0.950000000   -1.415181000    1.927509000
1250    1.775373000    0.081269370    1.451583000
1251    6.962521000    0.928231600   -0.159647300
1252    1.945249000   -0.139490000   -1.288995000
1253    6.573175000    0.417109100   -0.506785500
1254   -0.950000000   -0.430050500   -0.376268400
1255   11.718720000    0.787321000   -1.506789000
1256   -0.950000000   -0.254270300    1.386255000
1257   -0.950000000   -1.840563000    0.219898000
1258    9.260993000    0.943565700   -0.482378000
1259    3.676748000    0.443265400    0.230968800
1260   17.197160000    1.339371000    0.522434900
1261   -0.950000000   -0.980891300   -1.957370000
1262    8.345186000    0.803966100   -1.207493000
1263    6.157978000    0.852751300   -0.021351930
1264    3.248758000    0.413626100    0.544626800
1265   -0.950000000    0.329605200    0.919225800
1266    4.397916000    1.017884000    1.370751000
1267   -0.950000000   -0.105898400    0.731455500
1268   -0.950000000   -0.303476600    0.860621100
1269    4.100070000    0.373117100   -0.659958700
1270   -0.950000000   -1.486027000   -0.515799700
1271   -0.950000000   -0.813578600   -1.464330000
1272   -0.950000000   -0.905371600   -0.054226820
1273    9.392764000    0.773997800    0.627449100
1274    9.510364000    0.701994700   -1.363414000
1275    9.113360000    0.824558100   -0.799443200
1276   -0.950000000   -1.522488000    0.191149400
1277   -0.950000000    0.137026500    1.053840000
1278   -0.950000000   -1.357912000    0.671204500
1279   -0.950000000   -1.344176000    1.113730000
1280   -0.950000000   -1.500242000   -0.988045000
1281    3.310597000    0.698430600    0.989392400
1282   -0.950000000    0.092976250   -0.323275800
1283    2.420095000    0.506902400   -0.550830800
1284   -0.950000000   -0.168266500   -0.003979638
1285   -0.950000000   -1.059059000   -0.303078900
1286   11.885210000    1.584408000   -0.285515700
1287   -0.950000000   -0.517146900   -0.882215400
1288   -0.950000000   -1.660102000   -0.215025400
1289   -0.950000000    0.197944300    0.330871000
1290    2.069103000    0.644651400    0.168517700
1291   -0.950000000   -0.497435500   -0.148513400
1292   -0.950000000   -0.665760000    0.311231000
1293   -0.950000000   -0.585451600    0.646534700
1294   -0.950000000   -1.938109000   -0.573772800
1295   -0.950000000   -0.713681200   -0.523511900
1296    4.286560000    0.361311000   -1.567508000
1297   10.188450000    0.974200800   -0.427586500
1298    0.127327400    0.536295900    0.125769500
1299   -0.950000000   -1.219915000    0.723906600
1300   -0.516678300    0.371112800   -0.055966850
1301    5.450214000    0.591736300   -0.926499500
1302    0.598968300    0.201639700   -1.073932000
1303    5.029999000    0.691820100   -0.488810000
1304    2.120238000    0.399513800   -1.059818000
1305   12.446180000    1.817766000    0.411461400
1306   17.314870000    1.389528000    1.183971000
1307   -0.950000000   -0.453266900    0.130712700
1308   -0.950000000   -0.874804400    0.065434780
1309    1.185059000    0.030708060   -0.043341680
1310   18.583430000    1.165830000   -1.875904000
1311   19.396670000    1.736353000   -0.282463500
1312   -0.950000000   -0.259791500    0.896349200
1313   -0.950000000   -0.604591500    0.008643735
1314   -0.950000000   -1.104560000    0.529498800
1315   -0.950000000   -0.861404100   -1.768696000
1316   -0.950000000   -0.649991600    1.437703000
1317    0.213505800    0.158250000   -0.204434900
1318    4.662845000    0.446610300    0.499188900
1319    4.610205000    0.623785000   -1.702617000
1320    1.637605000   -0.034623350   -0.339015800
1321   21.337620000    1.868478000    0.143771100
1322    3.463284000    0.715246000    0.603483500
1323    8.220118000    0.724613100   -0.026438980
1324    3.110830000    0.535120500    0.062825360
1325   -0.950000000   -0.372412800   -0.094518590
1326   -0.950000000   -1.287404000   -0.088982280
1327   -0.950000000   -0.146069700    0.836996900
1328   -0.950000000   -0.902512400   -1.450985000
1329   12.714250000    1.287875000    0.398491600
1330   -0.950000000   -1.063064000    0.622427200
1331   -0.950000000   -0.924626500   -0.594573400
1332   -0.950000000   -1.096675000    0.770782600
1333   11.642070000    1.011690000   -0.672928900
1334   14.138690000    1.376219000   -0.860299200
1335   -0.950000000   -1.053979000    0.684194400
1336   12.734370000    0.808261900   -1.429170000
1337    5.269965000    0.750332600   -0.009097443
1338    0.942447600    0.098888530   -0.347039800
1339   -0.950000000   -1.468098000   -1.028205000
1340   -0.950000000   -0.495597300   -1.047743000
1341   -0.950000000   -0.427281100    0.982667500
1342   12.150500000    1.346076000    0.580920400
1343    6.767813000    0.746364100   -0.893681100
1344   10.663470000    0.824519000   -0.308243400
1345    4.591962000    0.401919100   -0.094715770
1346   -0.950000000   -0.696456900   -0.440599900
1347    7.518866000    0.922002400    0.431528200
1348   -0.950000000   -1.135302000    0.612285100
1349   15.914690000    1.370387000   -0.506434300
1350   -0.950000000   -0.768088300   -0.474484600
1351    2.054360000    0.082740520   -0.153202500
1352   -0.950000000   -1.414289000    1.274797000
1353   16.409450000    1.215233000   -1.345617000
1354    0.038124600   -0.174910300   -0.756907300
1355    7.970332000    0.743249700   -0.089736680
1356   -0.950000000   -0.859354800    0.655152400
1357   -0.950000000   -0.194318500   -0.192680200
1358   -0.950000000   -0.709673000    0.902540000
1359   -0.950000000   -0.201920300    1.094018000
1360    2.089484000    0.217185500    0.399073000
1361    1.503337000    0.080153960   -0.515830800
1362   -0.950000000   -1.071695000   -1.165587000
1363   13.766190000    1.451364000   -0.956722300
1364   -0.269301200    0.313981000    0.244999500
1365   -0.950000000   -1.519516000   -0.240276200
1366   -0.658503900   -0.489882700    0.216473300
1367   18.487340000    1.372041000    0.164233900
1368   22.652140000    1.813793000    1.517649000
1369   19.442440000    1.838735000    1.304461000
1370    3.202766000   -0.045725500    0.250932000
1371   15.922730000    0.750347900   -0.453859700
1372   -0.950000000   -0.984479800   -0.144433700
1373   15.415250000    1.203278000    1.281647000
1374    3.520966000   -0.495040500   -1.170015000
1375   -0.950000000   -1.514462000   -1.375326000
1376   19.990710000    1.348074000   -1.275015000
1377   13.790480000    1.136181000    0.010233560
1378   17.099090000    0.873799900   -0.681383700
1379   15.668750000    1.242513000   -0.964824200
1380    0.057870500   -0.201828600    0.911876700
1381   -0.950000000   -1.358867000   -0.920480600
1382   -0.950000000   -0.104480400   -0.470968500
1383   -0.950000000   -1.819678000    0.519215400
1384   -0.950000000   -1.233529000    0.438352600
1385    0.910900600    0.004031883   -1.837597000
1386    8.795644000    1.254091000    0.112255100
1387   -0.950000000   -1.613175000    0.047174950
1388   -0.950000000   -0.747653600    1.034379000
1389   -0.950000000   -0.856792300    0.636397800
1390   -0.950000000   -1.376014000    0.183036600
1391   -0.491366100    0.450001300    0.198708200
1392    0.460931000    0.197545600    0.095768800
1393    0.385015200   -0.054084150   -1.385678000
1394   11.457150000    1.924022000    1.064228000
1395   -0.698841700    0.332570200    0.412631200
1396    7.418792000    0.606728900   -1.452917000
1397   10.360830000    1.127047000   -0.790019800
1398   13.760180000    1.018712000    1.865423000
1399   -0.950000000    0.326970000    0.668028700
1400   -0.950000000   -0.876737300    0.535034400
1401    0.399674200   -0.061979120   -0.549848600
1402    2.851552000    0.613159000    0.083169590
1403   -0.950000000   -0.894027400    1.234380000
1404    4.804776000    0.516185000    0.118329200
1405   -0.950000000   -0.596219400   -0.070500300
1406    0.924346300   -0.027098130   -0.370875200
1407   -0.950000000   -0.724623600   -0.147409400
1408    0.159963600   -0.247211500   -1.006277000
1409    3.169280000   -0.060495090   -1.907661000
1410   16.291210000    1.222329000   -0.224493200
1411   -0.950000000   -0.499145900    0.385493200
1412   -0.950000000   -0.343904700   -0.082008600
1413    4.394190000    0.382948700   -1.024975000
1414    2.487917000    0.097227900   -0.358527800
1415   13.663110000    1.730234000    0.644912200
1416   -0.950000000   -0.375302900    0.539345100
1417   -0.950000000   -0.066653140    0.498796100
1418    6.348132000    0.532111900    0.130465300
1419    5.112307000    0.730544500   -0.186663800
1420    7.733746000    0.582614500   -1.320971000
1421    3.372243000    0.931440200    1.011315000
1422   -0.950000000   -1.397212000   -1.095518000
1423    3.453054000    0.328886100    0.172270900
1424   -0.374828000    0.049814880   -0.132978400
1425    3.005305000   -0.120067400   -1.505326000
1426   14.691570000    1.196407000    0.315005300
1427   17.884640000    1.075094000    1.067048000
1428    0.236191700   -0.187672500    1.311227000
1429    5.693646000   -0.210302000   -1.486313000
1430   22.846860000    1.901357000    1.544963000
1431   12.907820000    1.582031000    1.389709000
1432   15.112930000    0.949872200    0.725038800
1433   -0.950000000   -0.892188100   -0.812935600
1434   13.607150000    0.849569000    0.258279800
1435    9.108968000    0.172834300   -0.242627700
1436   -0.950000000   -0.845488700   -0.404353100
1437   -0.950000000   -1.176446000   -1.293297000
1438    1.250024000   -0.197965500    0.680892000
1439   -0.950000000   -1.463422000    1.185423000
1440   14.662520000    0.810625400   -0.129523400
1441   -0.950000000   -0.572016700   -0.062379140
1442   -0.950000000   -1.731848000   -1.192568000
1443   -0.950000000   -1.161989000   -1.700603000
1444    3.110510000    0.473770600   -0.826583900
1445   -0.950000000   -0.477120100    0.046220710
1446   15.076220000    1.324773000    0.780908500
1447    0.723836000   -0.062819810   -0.673918500
1448   -0.950000000   -0.376607100    0.444016400
1449   -0.950000000   -0.229282400    0.938856700
1450    0.979293400    0.192933900   -0.123757000
1451    5.966658000    0.520212800   -1.224237000
1452   -0.950000000   -0.173307900   -0.180980700
1453    3.654701000    0.639517000    0.372247200
1454    3.377780000    0.542528700   -0.203615700
1455    5.501253000    0.382343400    1.210255000
1456   15.461690000    1.705171000   -0.732682200
1457   14.488970000    1.402351000   -0.142158900
1458   -0.950000000   -0.102120900   -0.914515700
1459    3.435216000    0.431664600   -0.440072400
1460   -0.950000000   -0.042943010   -0.419326400
1461   -0.950000000   -1.611304000    0.926233000
1462   -0.950000000   -1.115866000    0.609812600
1463   -0.950000000   -1.386589000   -0.025474070
1464    4.793762000    0.980812000   -0.319886100
1465   -0.674528600   -0.014422100   -0.569770600
1466   -0.950000000   -0.535186900    1.143797000
1467   -0.627422500    0.311436100   -0.037184070
1468   -0.950000000   -1.681081000    0.748913500
1469   -0.950000000   -1.246778000   -1.368621000
1470   -0.950000000   -1.104060000    0.874014900
1471    1.639814000    0.568105500    0.416206800
1472   -0.950000000   -0.386807900   -1.054514000
1473   -0.950000000   -1.146777000    0.793973300
1474   12.993560000    0.760455400   -1.345587000
1475    3.863272000    0.358681600   -0.313870600
1476   -0.950000000   -0.316365200    0.051883280
1477    7.862742000    0.810723700    0.824900500
1478    5.435436000    0.603224200    0.090221150
1479   -0.950000000   -0.237619300    0.099609450
1480    1.729938000    0.339204000    0.841883800
1481   -0.950000000   -0.407965600    0.592622900
1482   -0.950000000   -0.061490680    0.902631300
1483   -0.950000000   -0.462378600   -1.294377000
1484   -0.950000000   -1.036422000   -0.183829100
1485   -0.950000000   -1.300243000    0.857576900
1486   14.115170000    1.367477000    0.062018510
1487    0.408496400    0.057799020   -0.989613300
1488   -0.950000000    0.000415046    0.403881500
1489   17.461000000    1.502825000   -1.326087000
1490    5.767175000    0.568016000   -0.606218200
1491   -0.950000000   -0.801999700   -0.233162200
1492   -0.950000000   -0.875668300   -1.249200000
1493   -0.950000000   -0.418158800   -0.505176500
1494   -0.950000000   -0.192649200    0.393837100
1495   -0.950000000   -0.530017200   -0.223946200
1496   12.367220000    1.204120000   -1.284053000
1497   -0.950000000   -0.375310000    0.016873350
1498   -0.950000000   -1.148555000    1.289664000
1499    1.765147000    0.346512900    0.044357530
1500    1.488264000    0.237338800   -0.771692900
