*y  x1  x2
   1    3.465046000    0.202902800   -0.256771500
   2   -0.950000000   -0.228099400    1.038155000
   3   -0.950000000   -1.336445000    1.504904000
   4   -0.494778800    0.221431700    1.114398000
   5    4.263376000    0.238518200   -0.208985100
   6   10.197310000    0.882088100    0.352032400
   7   17.590380000    1.096068000   -0.965720200
   8    7.406302000    0.293470200   -1.122346000
   9   12.076540000    0.969453400   -1.361207000
  10   22.311770000    1.772477000   -1.267579000
  11   -0.950000000   -0.445185600    0.412462600
  12   -0.837319900   -0.462190500   -1.186665000
  13   -0.950000000   -0.228008900    0.512733600
  14    0.308346800    0.037357090    0.026219320
  15   -0.950000000   -1.491187000    0.371632300
  16    8.524710000    0.391654900   -1.911951000
  17    7.374819000    0.394516000   -0.110725500
  18    4.477138000    0.286335200   -0.035972390
  19    4.293237000    0.983228100    1.871340000
  20   -0.950000000   -1.041434000    1.741502000
  21   24.014190000    1.461457000   -0.907841400
  22    5.794555000    0.230522200   -1.704339000
  23    8.584315000    0.555639000   -0.833231000
  24   -0.950000000   -1.049380000    0.768927200
  25    0.641437200   -0.271772200   -0.071888380
  26   18.066000000    1.586391000    0.114720100
  27    9.563483000    0.902659700    0.792566700
  28    2.700244000    0.092724590   -0.057204520
  29   -0.950000000   -1.753917000    1.149523000
  30    8.092165000    0.529138700   -0.044992590
  31    0.586065500    0.713967000    1.165059000
  32   -0.950000000   -1.836130000    0.385854900
  33   -0.950000000   -1.209462000    0.805110200
  34   -0.317328600    0.233680000   -0.313227400
  35    3.908245000    0.578462200   -0.044044450
  36   -0.950000000   -1.038483000   -0.175963800
  37   -0.813220900    0.229207600    0.136692500
  38   -0.950000000    0.176514800   -0.447442800
  39   -0.771053400    0.013987660   -0.833274600
  40   -0.950000000   -0.091511790    0.723250200
  41    0.681881100    0.183161700   -0.758197100
  42    0.483590600    0.272567400    1.128987000
  43   -0.950000000   -0.081847350    0.692748500
  44   -0.011312390   -0.042860160   -1.525990000
  45   -0.950000000   -1.988095000   -1.239010000
  46    0.130733500    0.542907400   -0.052591280
  47    4.615706000    0.430669700   -0.755584900
  48   -0.950000000   -1.354869000   -0.429981200
  49    5.115446000    0.630907000   -0.861432200
  50   -0.950000000   -0.103739400    0.290303500
  51    3.129529000    0.611211100    0.068675600
  52   -0.950000000    0.101821200    0.803026600
  53   -0.950000000   -0.342377200   -0.718753600
  54   -0.950000000   -0.219792400    0.003236718
  55   -0.950000000   -0.407574900    1.264824000
  56    6.417263000    0.856088700   -0.011048440
  57   -0.950000000   -0.007687897   -0.690303500
  58   -0.950000000   -0.823215300    0.281163500
  59    5.135335000    0.643692900   -1.094682000
  60    8.135759000    1.224442000   -0.255384100
  61   -0.950000000   -0.549191400    0.027396620
  62    2.621708000    0.443134400   -1.399181000
  63   -0.950000000    0.024164560   -0.951175000
  64   -0.950000000   -0.362220200   -0.477013600
  65   -0.950000000   -0.960179300    0.501712000
  66   -0.950000000   -0.711599700    0.613357200
  67   -0.950000000   -0.622678300   -0.137569000
  68   -0.950000000   -0.116281300   -0.552656700
  69   -0.950000000   -0.630517800   -0.680214600
  70   -0.950000000   -0.960243300   -1.080886000
  71   -0.950000000   -0.691590900   -1.418934000
  72    9.135418000    1.143695000   -0.592280400
  73    1.117922000    0.613734900   -0.401005600
  74    7.609165000    0.929031900   -0.327176100
  75    2.243911000    1.125682000    0.933435900
  76   -0.950000000   -1.194839000   -0.436213400
  77   12.817670000    0.875723800    0.262130000
  78   -0.950000000   -0.316085800    1.141019000
  79   -0.950000000   -0.404972300    0.140348000
  80    9.068012000    0.817365100   -1.214411000
  81   -0.950000000   -0.298848600   -0.394674600
  82    1.117268000    0.390296900    0.537276000
  83   -0.950000000   -0.381156500    0.374357200
  84   -0.950000000   -0.899452400    0.341909800
  85    0.084962200    0.112334500    0.251481600
  86   -0.950000000   -1.916218000    0.240014900
  87   -0.950000000   -0.279609500   -0.675747200
  88    6.498254000    0.458709600   -0.461753000
  89    1.340622000    0.828704700    1.847258000
  90    4.745104000    0.530020700   -0.059723190
  91   23.830600000    1.928295000   -0.870111500
  92   -0.453315400    0.126490600    1.095441000
  93   10.065790000    1.163571000   -1.068475000
  94   -0.950000000   -1.818597000   -0.526017200
  95    8.193437000    0.715674300   -0.123957000
  96    6.869778000    1.012247000   -0.238695400
  97    0.306832200    0.078815960    0.151983000
  98    4.466242000   -0.048556250   -1.821084000
  99   -0.950000000   -0.380084400   -0.626647000
 100   -0.950000000   -1.826935000   -0.505008500
 101   19.160190000    1.423567000   -0.197986000
 102    0.383565500   -0.066483820   -0.405948800
 103   -0.950000000   -0.518582200    1.875053000
 104    1.758021000   -0.195060400   -1.016365000
 105   13.789510000    0.819671600   -0.491284600
 106   -0.950000000   -0.527918900    0.471456000
 107    9.230279000    0.416438600    0.111585900
 108    5.520687000   -0.069617090   -0.713658100
 109   22.745100000    1.623086000    0.775650500
 110    7.670707000    0.548703900    0.314835800
 111   -0.950000000   -1.172401000    1.575347000
 112   10.711410000    0.738298600   -0.480039500
 113   16.605280000    1.187326000   -1.086130000
 114   -0.362572400   -0.529462000   -0.827732400
 115    5.138795000    0.492909600   -0.124588900
 116   -0.950000000   -1.350036000    1.176440000
 117   10.201600000    0.442426400   -0.642514800
 118   -0.950000000   -1.307525000   -0.399550700
 119    8.231656000    1.179885000    1.138236000
 120   22.006760000    1.484794000   -0.141532700
 121   -0.950000000   -0.787901500    0.267879100
 122   13.582290000    1.157467000    0.462594200
 123   12.166150000    0.935653700   -1.680303000
 124   -0.950000000   -0.379621700   -0.317078100
 125   -0.950000000   -1.940083000   -0.366583800
 126   -0.950000000   -0.326147300    0.652206100
 127   -0.950000000   -0.884506000    1.732455000
 128   -0.945390800    0.111404400    1.144632000
 129   10.351020000    0.790520700   -1.465219000
 130    1.228169000   -0.033758230   -1.279836000
 131   -0.950000000   -1.347194000   -0.629832900
 132    8.438081000    0.887197700    0.075016630
 133   -0.950000000   -0.549995000    0.185656600
 134   -0.950000000   -1.170836000    1.789941000
 135    5.172793000    0.491060600   -0.121884200
 136    0.701636900    0.539060400    0.000535001
 137   -0.950000000   -1.222157000   -1.257667000
 138   -0.950000000   -1.938615000   -0.006316394
 139    3.051268000    1.043436000    0.239994300
 140   -0.950000000   -0.878855500   -1.265974000
 141   -0.950000000    0.175018400    0.194380600
 142   -0.950000000    0.116832400   -1.344963000
 143   -0.950000000   -1.171810000   -0.298639700
 144   -0.950000000   -0.790234000   -0.026999700
 145   -0.950000000    0.319327600   -1.045164000
 146   -0.950000000   -0.243190000   -0.059378080
 147   -0.950000000    0.059989030    1.068622000
 148   -0.950000000    0.423915600   -0.375597000
 149   -0.950000000    0.061861550    0.570710100
 150   -0.950000000   -1.992089000   -0.574413400
 151    4.421087000    0.507829500   -0.210333000
 152   10.015570000    0.773321900   -0.034493200
 153   -0.950000000   -0.836130100    0.842428500
 154   -0.950000000   -0.710014800    0.662707700
 155   15.625750000    1.258028000   -0.120639100
 156   13.488890000    1.531551000   -0.227265900
 157   -0.950000000   -0.126214200    0.811353900
 158   -0.950000000   -0.906402900   -0.259403900
 159    1.960416000    0.066387170    0.854960400
 160   -0.950000000   -1.573668000    0.651611100
 161    1.544131000    0.011676180   -0.537376600
 162    0.987076000    0.158001300    0.043417510
 163    0.994995200    0.121304900    0.535629600
 164   -0.950000000   -0.154088100    0.288088800
 165   -0.950000000   -1.171190000    0.588248300
 166    5.300482000    0.438420200   -0.465963200
 167   -0.950000000    0.118336200    1.040893000
 168   -0.950000000   -0.312230200    0.618912400
 169    2.222832000    0.301308500    0.170823000
 170   -0.950000000   -1.065474000   -0.714505000
 171    0.542169700   -0.146957200   -0.356946500
 172   12.219160000    1.408057000   -0.812016000
 173   -0.950000000   -0.987378700   -0.102632600
 174   -0.950000000   -0.465375900   -0.088727390
 175   11.057380000    1.433811000   -0.417123200
 176    4.515418000   -0.000807972   -1.320621000
 177   -0.950000000   -0.022710660   -0.161598500
 178    5.541649000    0.446672800   -0.645880400
 179   19.677640000    0.970976200   -1.431023000
 180    4.820134000    0.433614300    0.929880500
 181   19.176690000    1.522890000    0.378488700
 182   -0.950000000   -0.556747900    0.817287900
 183   22.967270000    1.568911000   -1.923705000
 184   -0.950000000   -0.272400200    0.917971900
 185    1.224562000    0.156424100    0.373564600
 186    1.364238000   -0.250193300   -0.240763800
 187   -0.950000000   -0.561857800    1.512089000
 188   15.495270000    1.277481000    0.171086100
 189    6.904085000    0.504045600    0.616017000
 190    2.075645000    0.043131610   -0.043153410
 191   -0.950000000   -0.937152800   -0.247662500
 192   20.771880000    1.613526000   -0.604499600
 193   21.099690000    1.615275000    0.376389900
 194   -0.950000000   -0.944156500   -0.401690700
 195    7.094966000    0.310072500   -1.113172000
 196   -0.030078200    0.085891510   -0.212535600
 197   -0.557511600   -0.456211200   -1.806114000
 198    2.860784000    0.277313900    0.791337100
 199   16.196730000    1.071570000   -1.340538000
 200    1.813519000    0.080270480   -0.548599700
 201   -0.950000000   -0.414623800    1.026510000
 202   15.087050000    1.220057000   -0.894972900
 203   -0.950000000   -0.099852950    0.399697900
 204    2.296531000    0.179843000    0.127522700
 205   -0.950000000   -1.638214000    0.279421500
 206   -0.950000000   -0.756989800    0.250489900
 207   -0.704293400    0.065386900   -0.266558000
 208    8.198459000    1.350855000    1.367624000
 209   -0.950000000   -0.235417400    0.520963900
 210   15.389870000    0.915545100   -0.964303700
 211   -0.950000000   -1.400393000   -0.205468500
 212   -0.950000000   -0.333829600   -0.366165400
 213   -0.950000000   -1.955250000    0.935132200
 214    2.105983000    0.702462700    0.400752100
 215    6.055939000    0.884155200    0.148165900
 216   -0.950000000   -0.961642600    1.976909000
 217   -0.950000000   -0.911956600   -0.836364900
 218   -0.950000000   -0.960445400    1.058478000
 219   -0.950000000   -1.016426000    0.446481200
 220   -0.343213600   -0.029844500   -0.889848800
 221   10.731620000    1.095290000    0.314866100
 222   -0.950000000   -0.277749800   -0.253837500
 223    1.445426000   -0.152128600   -1.702542000
 224    4.650237000    0.649145800   -0.514790500
 225   -0.950000000   -1.295231000    0.369784900
 226   26.454870000    1.961200000    0.706394200
 227    8.776525000    0.246684800   -1.266860000
 228   15.207860000    1.282460000    0.407104600
 229   -0.950000000   -0.165661500    0.434928900
 230   18.123530000    1.404046000    0.292777000
 231    7.876314000    0.855741500   -0.687577400
 232   -0.950000000   -0.620538700   -0.810257500
 233    2.767823000    0.404713400    0.496925300
 234    0.363373100   -0.319832000   -0.672963400
 235   -0.950000000   -0.685391400   -0.177245700
 236    1.901476000    0.132206400    0.593753300
 237    3.053600000    0.575409700    0.052276720
 238   -0.950000000   -0.637977300    0.123002900
 239   -0.950000000   -1.438118000    0.491508600
 240    7.568336000    0.548617900   -0.042279390
 241    0.603367000   -0.047803250   -0.152692600
 242   -0.950000000   -0.202797200    1.842467000
 243   -0.950000000   -0.390035900   -0.355509500
 244    6.719066000    0.413351900    0.430153300
 245   22.530180000    1.841439000   -0.122504500
 246   -0.950000000   -1.053392000   -1.079950000
 247   -0.213912600   -0.268546000   -1.659555000
 248   -0.950000000   -0.042664280    0.689671200
 249    6.411161000    0.591227700    0.450726100
 250    7.799439000    0.516388000   -0.477037400
 251    2.207254000   -0.167852600    1.369952000
 252   -0.950000000   -1.075016000    0.162329000
 253   -0.950000000   -0.401975600    0.348073100
 254   -0.950000000   -0.590212000    1.360085000
 255   17.531590000    1.879787000    0.866540000
 256   13.941860000    1.387080000    0.486030900
 257   -0.950000000   -0.504890200    0.421782800
 258   -0.950000000   -1.245113000   -0.666889100
 259   -0.950000000   -0.772371600   -0.544847000
 260    6.177943000    0.728366600   -0.346507300
 261    9.060849000    1.609737000    0.324817800
 262   -0.950000000   -1.283961000   -0.518599500
 263    5.370100000    0.656849900   -0.915469600
 264   -0.950000000   -0.344278200   -0.110694500
 265    7.549637000    0.656523300    0.328774400
 266   -0.950000000   -1.037450000   -0.361612200
 267    9.388953000    0.973398500    1.113385000
 268    8.061872000    0.967916700   -1.513482000
 269   -0.950000000   -0.259384300    0.060045970
 270   -0.950000000   -1.919752000   -0.552714700
 271   -0.950000000   -0.155779200    0.014720630
 272   -0.950000000   -0.771273700    0.856719500
 273   -0.950000000   -1.078461000    1.099919000
 274   -0.950000000   -0.331899200   -0.038470630
 275   -0.950000000   -1.035155000    0.438107700
 276   -0.950000000   -0.016964580    0.924435800
 277   -0.950000000   -1.315338000    1.047321000
 278   -0.950000000   -0.939265600   -0.864715600
 279   -0.950000000   -0.947227000   -0.796140100
 280   -0.950000000   -1.501105000    0.542918100
 281    3.268444000    0.639262800    1.051727000
 282   12.876960000    1.179937000    0.900709800
 283   -0.950000000   -0.559347800   -0.655601400
 284    7.953643000    0.742345000   -0.266227000
 285   -0.950000000   -1.040953000   -0.321918900
 286   -0.950000000   -1.002154000    1.170920000
 287    4.269071000    0.747743900    0.044746140
 288   15.697100000    1.813301000    0.636457700
 289   -0.950000000   -0.174838600    0.836693200
 290   -0.950000000    0.091301090    0.049995210
 291    8.805803000    1.829893000    0.582364300
 292   15.204570000    1.833019000   -1.055287000
 293   -0.950000000   -1.326338000    0.031313380
 294    6.756884000    0.759214500   -0.658899200
 295   -0.950000000   -0.809253300   -0.832561800
 296    1.426527000    0.371225900    0.363568000
 297   -0.950000000   -0.210450700   -1.327853000
 298    8.461486000    1.194416000   -0.177123700
 299    5.950527000    0.759210000   -1.737035000
 300   -0.950000000   -1.714903000   -1.159088000
 301    9.821823000    0.966119200   -1.100080000
 302    4.866667000    0.771367800    0.113880900
 303   -0.950000000   -1.088616000   -1.924947000
 304   -0.950000000   -1.030199000   -1.239689000
 305    9.863844000    0.658093400   -1.054044000
 306    0.383231800    0.779335900    1.307850000
 307   -0.950000000   -0.201450100    0.182464200
 308    2.200752000    0.518039500    0.281475600
 309   11.470820000    1.517045000    0.652302400
 310   -0.950000000   -0.723271100    0.363625100
 311    0.050291490    0.146820300   -0.236872300
 312   -0.950000000   -0.952006300   -0.988853000
 313    7.442711000    1.242606000    1.592036000
 314   -0.950000000   -0.597914000   -1.765799000
 315    5.468682000    0.872814200   -1.490324000
 316    4.759722000    0.236234600   -1.250965000
 317   13.109850000    0.892259500   -0.204658000
 318   -0.950000000   -1.481261000   -1.254399000
 319   14.339530000    1.328993000    0.130754700
 320   12.173820000    1.617565000    1.407384000
 321   -0.950000000   -0.662394000   -0.078710550
 322    0.576347000   -0.188773500   -0.713455400
 323   -0.303749500   -0.268594900   -0.970398500
 324   -0.950000000    0.069063260    0.608789600
 325   11.733530000    1.340234000   -0.616901900
 326   -0.950000000   -0.694090200    0.102294900
 327    6.826326000    0.467518200   -0.970094300
 328   -0.950000000   -0.359116900    0.704245100
 329   12.387280000    1.015342000    0.478312000
 330   12.802400000    1.477723000   -1.903490000
 331    0.043559380    0.164462200   -1.185126000
 332   -0.293542400    0.089803350    0.686771500
 333   -0.451799300   -0.132662000   -1.097144000
 334   -0.778789500    0.088261660   -0.016420280
 335   -0.950000000   -0.544171100   -1.453601000
 336   -0.950000000   -1.094248000    0.141800500
 337   -0.950000000   -0.289715800    1.289900000
 338    0.235385500    0.151221900   -0.313046100
 339    2.048168000    0.322287200    0.253598400
 340    1.617891000    0.106613200   -0.469952900
 341    9.496274000    0.872703600   -0.565768600
 342   -0.950000000   -0.059485360   -0.192975700
 343   -0.950000000   -0.555650400    0.373714600
 344   -0.950000000   -0.598697100    0.227574900
 345    0.312003600   -0.042031560   -0.876424000
 346   -0.950000000   -0.587632100   -0.598525700
 347   -0.950000000   -1.790236000    0.735459300
 348   -0.950000000   -0.021836590    0.191551500
 349   -0.950000000   -1.323926000   -0.779025800
 350   -0.950000000   -0.883959100   -0.127150400
 351   -0.950000000   -1.325513000    0.075464310
 352   -0.950000000   -0.258521600   -1.159865000
 353   -0.950000000   -1.335479000    0.589698600
 354   -0.950000000   -1.544445000    0.580153300
 355   -0.950000000   -1.535012000   -0.966085900
 356   -0.950000000    0.252479200    1.129733000
 357    2.862571000    0.915849700   -0.133733000
 358   -0.950000000   -0.244160200   -0.386477000
 359   -0.950000000   -1.243612000    0.555881600
 360    4.226540000    0.822099300   -0.111985000
 361   -0.950000000   -0.953924000   -0.923999600
 362    0.834001800    0.073546160    0.431015000
 363    7.623130000    0.282555400   -0.127679800
 364    7.839889000    0.853720000    0.586377100
 365   -0.950000000   -0.882063200   -0.108079100
 366    9.229123000    0.680326900    0.114412900
 367    6.816227000    0.364578200    0.736180700
 368   11.282990000    1.133907000    1.064596000
 369   -0.950000000   -0.430620200    0.345683500
 370    3.324572000   -0.168630000   -0.082247400
 371   -0.376462500    0.027188630    0.817311600
 372    4.984230000    0.257834200    0.103803100
 373   13.476520000    0.912288700   -0.649448900
 374    1.977322000   -0.138987100    0.237163200
 375   -0.950000000   -1.337783000   -1.245958000
 376    2.376109000    0.241071500    0.503653700
 377   -0.950000000   -0.892012800    0.614177300
 378   18.135690000    1.467469000   -1.289507000
 379    5.498691000    0.298759400   -0.274992800
 380    1.386166000    0.140153500    1.153903000
 381   17.116560000    1.500356000    0.761920100
 382   -0.950000000   -1.048869000   -0.955985500
 383   -0.950000000   -0.453507500   -0.349930900
 384   -0.950000000   -0.887166700    1.028994000
 385    0.845406100    0.176056400    0.672686000
 386   -0.950000000   -1.063670000    0.006611733
 387   23.515740000    1.614602000   -1.318688000
 388   -0.950000000   -0.755166200   -1.000549000
 389   10.487950000    0.679449800   -1.856341000
 390    1.302689000    0.175892500    0.969821800
 391   -0.950000000    0.239257500    1.291177000
 392   -0.950000000   -1.146776000   -1.376163000
 393   -0.950000000   -1.132476000   -0.422781000
 394   -0.950000000   -0.207002500    0.111641700
 395   -0.950000000   -0.366481600   -0.950797200
 396   -0.950000000   -1.615077000   -0.328182900
 397   -0.950000000   -0.753798100    0.185051200
 398   -0.950000000   -1.751805000   -0.120470600
 399   -0.950000000    0.515905600   -0.790919300
 400   -0.950000000   -0.705648100   -0.573361200
 401   -0.950000000   -1.795698000   -0.029472130
 402    6.327455000    1.811171000    0.158863400
 403   -0.950000000   -0.555285000   -0.171145200
 404   -0.950000000    0.019720880   -0.800588700
 405   -0.950000000   -0.656458000   -0.874949300
 406    9.139662000    0.549030500   -0.532334900
 407   13.042770000    0.918542400   -0.826550600
 408    6.966649000    0.763164900    0.275778700
 409   -0.950000000   -1.056776000   -0.382392000
 410   11.623830000    0.629950000   -1.358111000
 411    4.874352000    0.480017300    1.397794000
 412    6.368379000    0.592871800    0.023614760
 413    7.109424000    0.737261600    0.041685670
 414   -0.950000000   -0.248323800    0.859223300
 415    2.348967000   -0.053167490   -0.218812900
 416    4.635028000   -0.053513110   -0.759525300
 417   -0.950000000   -0.588457200    1.483484000
 418   -0.950000000   -1.549361000   -0.171244000
 419    8.106597000    0.722550600    0.376521200
 420   14.878310000    1.015396000   -1.512882000
 421   -0.950000000   -1.001721000   -1.213891000
 422   -0.950000000   -0.224456200   -0.301134000
 423   -0.950000000    0.029294970    0.358212400
 424    1.980385000    0.611853900    0.130041400
 425    0.884286400   -0.201789800   -1.730609000
 426    3.436468000    0.494966900   -0.820910700
 427    2.251488000    0.500742400   -1.443401000
 428   -0.950000000   -0.760591600   -0.789267300
 429    2.643812000    1.021222000    0.885935100
 430   -0.950000000   -0.411341000    0.342529400
 431   16.597610000    1.405611000   -1.803958000
 432   -0.950000000   -1.079927000    0.919039300
 433   -0.950000000   -0.557844800   -1.047551000
 434   -0.950000000   -0.969418500   -1.519619000
 435   14.458720000    1.515117000   -1.453235000
 436   -0.950000000   -1.895806000    0.148988900
 437    6.676903000    1.113637000   -0.548095100
 438   11.702730000    0.765279800   -1.121616000
 439   15.178820000    1.560830000    0.768663600
 440    5.497903000    0.799812700    0.725817300
 441   -0.950000000   -0.673481900    0.426668200
 442   -0.950000000   -1.075491000   -0.776101100
 443   -0.950000000   -1.168211000   -0.876641500
 444    2.785498000    0.083917820   -0.273077400
 445   20.783060000    1.515978000   -0.988864300
 446    7.133993000    0.766626600    0.023570610
 447   -0.950000000   -0.035349730    0.500397200
 448    5.169357000    0.627510700    0.701105900
 449   -0.284795700    0.118944100    1.065806000
 450   -0.950000000   -0.452704000   -0.835792000
 451   -0.950000000   -0.863657000   -0.737229400
 452    2.049191000   -0.074508880   -1.044034000
 453   -0.950000000   -0.529884600   -0.475893900
 454   -0.950000000   -0.544212800    0.127085800
 455   -0.950000000   -0.092426850    1.062678000
 456   -0.950000000   -0.812927100   -0.654611600
 457   11.437050000    0.625545300    1.003636000
 458   11.790770000    1.211295000    0.550321900
 459    2.012364000   -0.064289300   -0.202998800
 460    7.364638000    0.618753700    0.320238400
 461   -0.721515800   -0.389322400   -0.234711200
 462   19.096910000    1.536393000   -0.211175700
 463   -0.881413600   -0.462112500   -0.525790200
 464    7.582555000    1.500116000    0.670653900
 465   16.768450000    1.582344000   -1.027418000
 466    7.251975000    0.796590400   -0.080716500
 467   -0.950000000   -0.639760700    0.367338400
 468    8.750438000    0.879834600   -0.817553200
 469   -0.950000000   -0.431419600   -1.520471000
 470    1.363767000   -0.244325500   -1.733923000
 471    4.473945000    0.484276500   -0.607091400
 472   -0.950000000   -0.579584600    0.394555500
 473    1.762966000    0.134782300    0.111426000
 474    1.976632000    0.214105300    0.919803200
 475   11.666910000    1.401249000   -1.039387000
 476   -0.950000000   -0.781718100   -0.693710400
 477    8.487171000    0.808326700   -0.235244300
 478    8.963830000    0.608966100   -0.354185500
 479    6.594035000    1.142226000    1.423695000
 480   -0.950000000   -0.596821500   -0.193877500
 481    2.231756000   -0.409266600   -1.331121000
 482    6.155628000    0.439062400   -0.075760320
 483   -0.950000000   -1.543258000   -0.451174300
 484   -0.950000000   -0.765528000    1.120239000
 485   -0.950000000   -0.532430600   -0.019905220
 486   -0.950000000   -0.622139400    1.364940000
 487    7.323686000    0.883534000    0.599755900
 488   11.427890000    1.349676000    1.498226000
 489   -0.950000000   -0.488429800    0.326508400
 490    7.529159000    0.460817100   -0.098195630
 491    4.077317000    0.963829300    1.487555000
 492    3.512657000    0.036434040   -0.442944100
 493   14.365430000    1.625989000   -0.033073090
 494    3.962975000    0.138513900   -0.072430890
 495   -0.950000000   -1.413300000   -0.174394200
 496    1.037978000    0.219900800   -0.548713900
 497   -0.950000000   -0.161800800   -0.555916100
 498   -0.950000000   -0.588138200   -0.554113000
 499    0.119036900    0.164240600   -0.314185300
 500   -0.950000000   -1.168192000    0.955885800
 501   -0.950000000   -0.451410900   -0.010560510
 502   10.932960000    1.102476000   -0.156178800
 503   -0.950000000   -0.846240800   -1.033218000
 504    5.462220000    0.684520200    0.259184100
 505    0.358895100   -0.108521500   -1.392253000
 506    0.728797500    0.087952670   -0.994729500
 507   -0.950000000   -1.333290000    0.847417900
 508   13.226830000    1.224850000   -1.824354000
 509   -0.950000000   -0.778136900    1.563431000
 510   -0.950000000   -0.313505100    0.189744300
 511   12.835940000    0.957661400    0.381194100
 512    2.694977000   -0.358072000   -0.835159300
 513   -0.950000000   -1.057858000   -0.815918100
 514    8.638447000    0.195976400    0.596984100
 515    3.606927000   -0.181664800   -0.385431200
 516   16.939950000    1.109129000   -0.365842700
 517   10.388040000    0.966267500    0.560205600
 518   10.706690000    0.645905300    1.938159000
 519   13.273620000    1.112885000    0.399848400
 520   11.145300000    1.039919000    1.664472000
 521    8.490242000    0.353318000    0.136969400
 522   18.380640000    1.263732000   -1.650026000
 523   15.412470000    1.312164000   -0.301586500
 524   13.507800000    0.698745400   -0.612617000
 525    6.675566000   -0.110357600   -1.028539000
 526    0.822043200   -0.398303600   -1.151468000
 527   12.701020000    0.928285400    1.136425000
 528    1.431704000   -0.177325100   -0.699520400
 529   -0.950000000   -0.625188500    0.472883000
 530   -0.950000000   -1.550205000   -0.901032300
 531   19.219070000    1.473923000    1.267116000
 532    8.447108000    0.530529500   -0.998374800
 533   -0.950000000   -0.817082700    1.079032000
 534   17.989380000    1.320121000    0.610343000
 535   -0.604916600   -0.510919300   -1.480059000
 536   11.969490000    0.828011000    0.285884700
 537    4.963517000    0.143827300   -0.087000970
 538    5.451766000    0.174173800   -1.141218000
 539   14.004340000    1.738367000    1.000777000
 540   20.094180000    1.480507000    0.412156600
 541    0.198059500   -0.023849480   -0.399259700
 542    9.046062000    0.765400900   -1.593179000
 543   -0.876295600    0.276196800    1.236001000
 544   12.811110000    1.102534000    1.838178000
 545   -0.950000000   -1.027628000   -1.904959000
 546    1.935546000    0.416442900    0.265413900
 547   -0.950000000   -1.405786000    0.101405800
 548   20.225030000    1.742897000   -0.791952200
 549   -0.950000000   -1.856965000    1.133450000
 550   -0.065113100    0.209339100    0.486690300
 551    6.280468000    0.433425700   -0.903701700
 552    0.376577300    0.236446400    0.635917300
 553   12.915040000    1.338810000   -0.566339900
 554    7.726403000    0.560765800   -0.931168900
 555    3.277440000    0.162478300   -0.146242900
 556   -0.950000000   -1.725551000   -0.635946600
 557   -0.950000000   -0.335531300    0.777996200
 558   -0.950000000    0.192293100    1.173708000
 559   -0.727089000    0.575772000    1.271672000
 560   -0.950000000   -0.820337400   -1.144431000
 561   -0.950000000   -0.392829700   -0.597462900
 562   -0.950000000   -1.280868000    0.562674100
 563   -0.950000000   -1.189616000    0.711219600
 564   -0.950000000    0.255293700    0.787764300
 565   -0.085072470    0.226739300   -0.087733960
 566   -0.950000000   -0.320826100   -1.273270000
 567   -0.950000000   -0.685604800   -0.081104780
 568   -0.950000000   -0.607928600    0.399959700
 569    7.498530000    0.530787300   -0.957012100
 570    8.284358000    1.232673000   -1.018128000
 571   -0.950000000   -1.952137000    1.106426000
 572   -0.950000000   -0.029429490    1.054324000
 573   -0.950000000   -0.871962600    0.624013400
 574    2.079972000    0.510113500    0.278545900
 575   -0.950000000   -1.244112000    0.108750400
 576   -0.950000000   -0.178942900   -0.575951800
 577    1.881433000    0.302842300   -0.390637900
 578    5.004174000    0.859803700    0.613423400
 579    1.951674000    0.357482300   -0.053002320
 580   -0.950000000    0.139729600    0.995007700
 581   -0.950000000   -0.837834400   -0.896038500
 582   -0.950000000   -0.627533500   -1.760606000
 583   -0.950000000   -0.968687600    0.175980500
 584    3.052407000    0.360169500   -0.407173300
 585   -0.950000000   -0.722026100   -1.760591000
 586    1.390185000   -0.079627900    0.728702600
 587   10.609560000    0.528772200   -1.346482000
 588    9.198389000    0.750925500   -0.139792000
 589    9.390792000    0.677394200   -0.895231700
 590   -0.950000000   -1.338050000   -0.126774900
 591   15.717060000    1.768197000    0.612940300
 592   -0.950000000   -1.875052000    0.260794400
 593   -0.950000000   -0.276958100    1.244857000
 594   14.937460000    0.933166300   -1.111793000
 595   -0.950000000   -1.108683000   -0.719542100
 596   27.789300000    1.766214000   -1.575224000
 597   27.298140000    1.989913000   -1.041790000
 598    1.729124000    0.178426400    0.680457400
 599   12.808260000    0.723068900    0.257116200
 600   14.874080000    1.309140000    1.372746000
 601   -0.950000000   -0.436890100    1.126046000
 602   -0.950000000   -0.042029120    0.165392400
 603   -0.950000000   -0.264263700   -1.185570000
 604   -0.950000000   -0.249288400   -1.220652000
 605   -0.950000000   -0.648812600    0.408222300
 606   -0.950000000   -1.005083000   -0.452482000
 607   -0.950000000   -1.401595000   -0.051785780
 608   -0.950000000   -0.979714900   -1.116322000
 609   -0.950000000   -0.096973350    0.639530100
 610   -0.950000000   -0.142156500    0.938617600
 611   11.488730000    1.801765000    0.576863600
 612   -0.950000000   -1.152778000    0.494988600
 613    2.038632000    0.359301000    0.424549000
 614   -0.950000000   -1.219917000    1.334965000
 615   -0.950000000   -0.946693500    1.299565000
 616    9.200571000    0.848087000    0.485629600
 617    3.165979000    0.220134300    0.573116800
 618   -0.950000000   -0.527139800   -1.130496000
 619    2.032802000   -0.143212800   -1.154185000
 620   -0.950000000   -1.494592000   -0.849134200
 621    4.040465000    0.737707300    0.862873200
 622    4.403844000    0.641871200    0.324521700
 623    3.532442000    0.144346300   -1.017984000
 624   -0.950000000   -0.619934000    0.418728900
 625   13.967790000    1.447483000    0.930760000
 626   -0.847826700   -0.023337270    0.963554600
 627   -0.950000000   -0.628199300    0.624003500
 628   -0.950000000   -0.262718500   -0.465666100
 629   10.052110000    0.936526700    0.802105900
 630   -0.950000000   -0.688201800    0.049872770
 631   -0.950000000    0.035585570    0.682350900
 632   -0.950000000   -0.327040100   -1.381495000
 633   -0.950000000    0.048237640    0.638955100
 634    1.905476000    0.111547000   -0.481995400
 635    3.752288000    0.683186700    0.250090500
 636    3.354826000    0.041549700   -1.833830000
 637   -0.950000000   -1.760394000   -0.767801600
 638   -0.950000000    0.185976400    0.349488400
 639   -0.484850300   -0.004636437   -0.662439500
 640   -0.950000000    0.083671780    0.516952200
 641   -0.950000000   -1.904575000   -0.484690400
 642   -0.950000000   -0.659313300    0.251662600
 643    8.493336000    1.062065000    1.309137000
 644    9.305773000    0.812585500   -1.597595000
 645   -0.950000000   -1.436795000    0.951763000
 646    3.158642000    0.163487200    0.386998300
 647   -0.950000000   -0.534710600    0.136144200
 648   10.184700000    0.746876800    0.296464300
 649    1.986144000   -0.017109690   -0.373771900
 650   -0.950000000   -0.336523500    0.075237060
 651   -0.950000000   -1.210479000   -1.245217000
 652   -0.950000000   -0.641755100    1.589086000
 653    4.160066000    0.065235760   -0.660611000
 654    5.529735000    0.021227840   -1.265497000
 655   -0.950000000   -0.501982600    0.833032300
 656   -0.705643800   -0.197551400   -0.324416400
 657   -0.950000000   -0.635715200   -0.047049050
 658   14.296430000    0.942368900    0.606304500
 659    0.907852600    0.572926900    1.730268000
 660    8.853908000    0.637197400    0.109505900
 661   -0.950000000   -0.199775500   -1.003077000
 662   -0.950000000   -0.342429100    1.606970000
 663   -0.950000000   -0.733542400   -1.077956000
 664   -0.950000000   -0.737726300   -0.158365800
 665   -0.950000000   -0.643259500   -1.158121000
 666   -0.950000000   -0.908729800   -0.540078900
 667   -0.950000000   -0.940088000   -0.032071110
 668   -0.950000000    0.013096810   -0.870613000
 669   -0.950000000   -1.207595000    1.660090000
 670   -0.950000000    0.223655400   -0.362329800
 671   -0.950000000   -0.975930400    0.439468700
 672   -0.950000000   -0.814918500   -0.630971400
 673   -0.950000000   -0.090670160    1.343687000
 674    6.039319000    0.983384500   -1.463432000
 675   -0.950000000    0.100583400    0.175644800
 676   -0.950000000   -0.822656000    1.557499000
 677   -0.950000000   -0.568716700    1.658354000
 678    6.948449000    0.622993900   -0.473659100
 679   -0.950000000   -1.073102000    0.987265100
 680   -0.950000000   -1.881625000    0.622029600
 681   -0.950000000   -1.391948000   -0.430216900
 682    4.625153000    0.526725700   -0.876023600
 683   -0.950000000   -0.140703800   -0.378019600
 684   -0.950000000   -0.542744100    0.146136700
 685   -0.950000000   -0.410778200    0.124427800
 686   -0.950000000   -0.240411000    1.004874000
 687   -0.950000000   -0.874681000   -0.204177800
 688   -0.950000000   -1.030237000    0.080053590
 689    0.081741820   -0.042263660   -1.114009000
 690   -0.950000000   -1.016369000    1.115956000
 691   11.904750000    0.668324300    0.289200100
 692   10.306790000    0.303556100    1.697121000
 693   11.127620000    0.300486700   -1.461250000
 694    0.135643900   -0.476300100    0.728351700
 695    4.683568000   -0.278113300   -0.915562900
 696   -0.950000000   -1.023077000   -0.083580500
 697    4.489546000    0.451446400    1.190751000
 698   -0.572634600   -0.416929200    1.070399000
 699   16.290900000    1.423208000   -0.072784170
 700   17.364060000    1.072034000   -0.182173100
 701   -0.950000000   -0.216158000    1.640720000
 702    7.992036000    1.120657000    0.684509500
 703   14.804860000    1.135107000    1.876317000
 704    4.032928000   -0.348364300   -1.627351000
 705    0.900955700    0.597924800    1.998929000
 706   -0.950000000   -1.006886000    0.145712900
 707   -0.950000000   -1.802008000   -0.533164200
 708    4.383605000    0.515755700   -1.777822000
 709    4.384018000    0.892030600   -0.156832700
 710   -0.950000000   -1.098484000   -1.403537000
 711   11.202150000    1.609867000   -0.299645100
 712    6.483278000    0.802912400   -0.861304100
 713   -0.950000000   -1.182166000    0.851557000
 714   -0.950000000   -0.070879440   -1.289112000
 715   -0.950000000   -0.181770300   -0.667952200
 716   -0.950000000   -0.623814500    0.648893500
 717   -0.950000000   -1.119907000    0.753990300
 718    9.448590000    1.113274000   -0.688814300
 719   -0.950000000   -0.865229600    0.444141100
 720   -0.950000000   -1.983296000    0.352388700
 721   -0.950000000    0.061083950    0.732782500
 722   -0.950000000   -0.912676200    0.105708000
 723   -0.950000000   -0.188240400    1.185695000
 724   -0.950000000   -0.965002600   -0.202072400
 725   -0.950000000   -0.830596100   -1.007298000
 726   -0.950000000   -1.176718000   -1.039027000
 727   -0.950000000   -1.330518000    1.257757000
 728    5.494303000    0.840239400   -1.185305000
 729   -0.950000000   -0.156138000   -0.021418540
 730   -0.950000000   -0.533001500    1.099381000
 731   -0.950000000   -0.311643700   -0.661660700
 732   -0.950000000   -0.093122970    0.181864700
 733   -0.950000000   -1.518461000   -0.326003800
 734   -0.950000000   -0.814865200    0.600287500
 735    2.318567000    0.575072100   -1.568099000
 736   -0.950000000   -0.464344400    0.401913800
 737    4.866499000    0.273978400   -0.946290200
 738   -0.950000000   -0.345736800   -0.335512700
 739   13.034170000    1.294200000   -1.071560000
 740   -0.950000000   -0.375260900    0.124337800
 741    7.203519000    0.540247400   -1.058364000
 742   19.945420000    1.929618000    1.102638000
 743    5.200026000    0.411919300   -0.826407500
 744   18.840290000    1.518701000   -0.320282200
 745   -0.950000000   -1.174952000   -0.768034500
 746    3.073935000    0.432331500    0.653186100
 747   -0.950000000   -1.370395000    0.391250100
 748    8.524301000    0.863714600    0.882787800
 749   -0.522206300   -0.241429100   -1.251379000
 750   -0.950000000   -0.285577300    0.059840920
 751   14.231260000    1.198086000   -1.306284000
 752   -0.950000000   -1.703648000    1.129816000
 753    0.949762100    0.025813400   -1.850142000
 754   -0.908511700   -0.134124700    0.755576900
 755   -0.950000000   -0.148660200   -0.283039300
 756   -0.950000000    0.264239600    1.533763000
 757    4.846110000    1.010820000    1.582448000
 758   -0.950000000   -1.443417000   -0.457055900
 759    6.260613000    0.627592000   -1.241213000
 760    6.143288000    0.637078500   -0.281012800
 761    4.962877000    0.372630300   -1.232376000
 762   -0.950000000   -0.573955500   -1.046785000
 763    0.558458100    0.022289500   -1.384579000
 764   17.017180000    1.707175000   -1.094931000
 765    4.190693000    0.422042600    0.979580100
 766   -0.950000000   -1.659107000   -0.564625800
 767   -0.950000000   -0.573063000   -0.044278770
 768    3.415711000    0.459124700    1.613787000
 769   -0.950000000   -1.325252000   -0.537793400
 770   -0.950000000   -0.304415000    0.304225800
 771   15.863680000    1.335301000    0.412346100
 772    2.041059000    0.071471840   -0.738621400
 773   -0.950000000   -0.086518510    0.926187400
 774    2.128330000    0.206268900    0.702780300
 775   -0.950000000   -0.496077000    0.708796400
 776   -0.950000000   -0.593904400   -1.149810000
 777    1.545804000    0.091029340    0.636467400
 778   -0.950000000   -1.781757000    0.891537300
 779   11.388450000    1.144687000   -0.580221500
 780   -0.950000000   -0.209543900    1.597607000
 781   10.487540000    1.138468000    1.636201000
 782   -0.950000000   -0.945947500   -0.092375330
 783   -0.950000000   -1.874988000    0.389177100
 784   -0.950000000   -1.506218000   -0.679967100
 785   15.863140000    1.526048000   -0.574179900
 786    1.197506000   -0.364175800   -1.722355000
 787    6.394927000    0.385745200   -0.593059200
 788   15.732830000    1.086430000    0.151856000
 789   -0.950000000   -0.937712600    1.153603000
 790   -0.950000000   -0.041271730    1.619586000
 791    9.363689000    0.554815000   -0.555197500
 792   10.407820000    0.773120000    0.755888200
 793   -0.950000000   -0.640754700    0.878647700
 794   -0.950000000   -1.123841000    0.322481600
 795   -0.522232200   -0.030647230    0.064199970
 796    2.258330000    0.340603400    0.058953230
 797   -0.950000000   -0.427041400   -1.748008000
 798   -0.950000000   -0.171276800    0.032640310
 799    4.529681000    0.260544000   -0.263451200
 800    7.819919000    0.681226200    0.387254000
 801   -0.950000000   -0.838102900   -1.738663000
 802   -0.745873100   -0.312371100   -1.001955000
 803   18.218430000    1.647241000   -0.860290700
 804   15.046440000    1.579876000    0.578107000
 805   -0.950000000   -0.393993700   -0.600569800
 806   -0.950000000   -0.208204100    1.006675000
 807   14.592390000    1.344699000   -0.591727100
 808   -0.950000000   -0.287656000   -0.134882900
 809    5.717317000    0.478095500    0.801357600
 810    4.763457000    0.778123000    0.972242900
 811   20.783930000    1.673184000   -0.757518900
 812   -0.950000000   -0.557482700   -0.062452980
 813   -0.950000000   -0.467747700    0.344501800
 814   14.235120000    1.672378000   -0.312630200
 815    3.892350000    0.916321200    1.216580000
 816   -0.950000000   -1.451848000    0.642412900
 817   -0.950000000   -0.327757100    0.188816400
 818   -0.950000000    0.005633402    0.651405100
 819    7.667406000    0.776719700   -0.419661600
 820   -0.950000000   -0.438736500   -0.453432100
 821    2.124380000    0.311059300   -0.017722120
 822   -0.950000000   -1.842710000    0.893837100
 823    3.690150000    0.197030400   -0.260583000
 824   12.209800000    0.933692000   -0.480638400
 825    6.063185000    0.318213200   -0.802516500
 826   -0.950000000   -1.347849000    1.702014000
 827   20.990280000    1.220970000   -1.322750000
 828   23.656960000    1.882878000    1.516384000
 829   16.339960000    1.129567000    0.428259400
 830   -0.950000000   -0.823344700    1.811145000
 831   -0.950000000   -0.767711000    0.029506210
 832    7.785193000   -0.106287400    1.782728000
 833   17.067560000    1.010224000    1.492817000
 834   -0.950000000   -1.067516000    0.652284800
 835    0.985738000   -0.360318900    1.832910000
 836    9.808058000    0.250493400   -0.271475800
 837   16.254480000    1.320257000    1.423642000
 838    7.713515000    0.274574500    1.229842000
 839   -0.950000000   -0.925916900   -1.575055000
 840    1.826902000   -0.460126100    1.487673000
 841    8.719704000    0.211887300   -0.447985300
 842   11.224050000    0.406098300   -0.011733440
 843   10.770040000    0.333627700    0.274811300
 844    4.246813000   -0.142809200   -0.202634100
 845   19.723460000    1.566872000    0.449619100
 846    7.153375000    0.261628600    0.581157100
 847   22.522470000    0.933446200    1.442322000
 848   13.150360000    1.231108000    1.619665000
 849   -0.950000000   -0.459727700    0.844386300
 850    6.861187000    0.261406100    1.088412000
 851    5.724364000   -0.188326400    0.987833700
 852   17.310360000    0.933404600    0.415296000
 853   16.793150000    0.706294500   -1.327666000
 854   15.479150000    0.869984700   -0.252301500
 855   10.433110000    0.731665000    1.404554000
 856   -0.950000000   -1.428294000   -0.904723100
 857    5.874664000    0.798841500    0.950990500
 858   -0.046211420    0.448496200    0.870091100
 859   -0.950000000   -0.423327200   -0.790317600
 860   11.450340000    1.196180000    0.056882980
 861    4.288984000    0.517454200    1.650227000
 862   -0.950000000   -1.211727000    0.466407300
 863   -0.950000000   -0.083084900   -0.261170500
 864   -0.950000000   -1.714240000    0.285894600
 865   -0.950000000   -0.060682710   -0.170000500
 866    7.247269000    0.613829800   -1.212653000
 867   -0.950000000   -0.984018300    0.185643700
 868   -0.950000000   -0.370677300   -0.177077600
 869   -0.950000000   -0.666308800   -1.035065000
 870    2.356043000    0.469631500    0.701297400
 871   -0.950000000   -0.487111400   -0.501117700
 872   -0.950000000   -0.248843400    0.734170500
 873    7.898794000    1.067602000    0.458541100
 874   -0.950000000   -1.559688000    0.858119600
 875   -0.950000000    0.503337800    1.322728000
 876   -0.950000000   -1.623855000   -0.218263700
 877   -0.950000000   -0.527074300   -0.457081100
 878   -0.950000000   -0.046873600    0.182279800
 879   -0.950000000   -0.436002300   -0.090074240
 880   -0.950000000    0.602529900    1.254881000
 881    2.268886000   -0.006727398   -1.142302000
 882    4.144653000    0.289422300   -0.379641300
 883   13.922560000    1.318395000   -0.003837835
 884   -0.950000000   -0.540595100   -1.595031000
 885    4.265098000    0.848443800    0.155518600
 886   -0.950000000   -1.994924000   -1.756198000
 887    3.075853000    0.977226400    1.081518000
 888    0.072312440   -0.149379800   -1.022276000
 889    5.532089000    0.740620400   -0.125147500
 890   -0.950000000   -0.820864700   -0.402064400
 891    6.117533000    1.018402000    0.013833250
 892   12.052470000    1.160474000   -1.005924000
 893   -0.950000000   -0.742172500   -0.261546200
 894   14.079750000    1.220153000   -0.836517200
 895   -0.950000000   -1.128872000   -0.977551800
 896    6.676046000    0.397061600   -1.241136000
 897    8.173858000    0.864897300   -0.337684000
 898    2.423518000    0.201280100    0.523219600
 899   12.459600000    1.437585000    0.623627000
 900   -0.526023400    0.115145400    0.258270800
 901   -0.950000000   -1.172766000    0.500371700
 902   -0.950000000   -1.218900000    1.480074000
 903    4.666206000    0.583408600   -0.391716600
 904   -0.950000000   -1.090487000   -1.060785000
 905   -0.950000000   -0.758000700   -1.268184000
 906   -0.950000000   -0.524795100   -1.114208000
 907   11.926050000    0.995040400   -0.814295800
 908   -0.950000000   -1.040035000    0.102934000
 909   -0.950000000    0.164653500    1.092470000
 910    5.463256000    0.898086700    1.795620000
 911   -0.950000000    0.175949700   -0.012713770
 912   -0.950000000   -1.450228000    0.319050300
 913   -0.950000000   -0.293215100   -0.127849600
 914   -0.950000000   -0.287484600   -1.739148000
 915   -0.950000000   -0.541719800   -1.175582000
 916   12.191010000    1.694646000    1.197160000
 917   -0.950000000   -1.133049000    1.492956000
 918   -0.950000000   -0.862256900   -0.038713050
 919   13.129230000    0.669541200   -1.416685000
 920   -0.950000000   -1.090057000   -0.361303100
 921   -0.950000000   -1.371231000    0.494231200
 922    7.298655000    0.432813100   -0.595116900
 923   -0.950000000   -0.365108600    1.310449000
 924   -0.950000000   -1.266450000    0.899604900
 925   -0.950000000   -0.517057700    1.629211000
 926    9.616116000    0.531569600    0.116464000
 927    7.278779000    0.378901800   -0.353414300
 928    7.498725000    0.695919800    1.994237000
 929   -0.950000000   -1.927523000   -1.002723000
 930    0.388242700   -0.207910300    0.521049900
 931   11.558210000    0.651124400    1.372461000
 932   -0.950000000   -0.709704900   -0.911487200
 933   -0.950000000   -0.538561100    0.626340900
 934   -0.950000000   -0.764225000    1.284930000
 935   11.996460000    0.821347800   -1.089850000
 936   14.779370000    1.267061000   -0.417370900
 937   -0.590066900   -0.312023600    0.094777220
 938   21.415580000    1.716842000    0.090557690
 939    1.124374000   -0.074579160    0.754960500
 940   -0.950000000   -1.276355000    0.341163200
 941   -0.950000000   -1.608719000   -0.471740600
 942   22.523550000    1.898846000   -0.209899500
 943    6.984178000    0.284244700   -0.721401900
 944    7.581582000    0.733521700    0.886028000
 945   -0.950000000   -1.482757000    1.197428000
 946   -0.950000000   -0.249091600    0.398448900
 947   -0.950000000   -0.010320140   -0.311464500
 948   -0.950000000   -1.214419000    0.189415500
 949   16.459590000    1.766576000    0.454730500
 950    0.567137600    0.094482110   -0.461893700
 951   -0.950000000   -0.887491400   -1.257584000
 952    2.218320000    0.338228300    0.392168100
 953   -0.117968100   -0.084521750   -1.223904000
 954   -0.950000000   -1.077391000    0.113877900
 955    2.338633000    0.203410000   -1.015004000
 956   -0.950000000   -0.522905300    1.242563000
 957   -0.950000000   -1.398832000    0.111656700
 958   10.470170000    1.976880000    1.520243000
 959   -0.950000000   -1.591162000    0.112635100
 960   -0.950000000   -1.925457000    0.542228600
 961    3.377670000    0.301843700   -1.324530000
 962   -0.950000000   -1.882039000    1.568787000
 963   -0.525177900   -0.022471300    1.161023000
 964    9.614812000    1.173255000   -0.701106600
 965    2.777916000    0.110721800   -1.138906000
 966    3.110488000    0.396295100   -0.778165700
 967    3.204399000    0.170125200   -0.903057300
 968   -0.950000000   -0.299167300    1.375368000
 969   -0.950000000   -1.081094000   -0.720914300
 970   -0.950000000   -1.341819000    0.047787670
 971   -0.950000000   -1.169683000    1.797270000
 972   -0.950000000    0.197449900    0.938867100
 973   -0.950000000   -1.909987000    0.322720300
 974    0.324817500    0.647319200    1.009170000
 975    4.180503000    0.302109000   -0.910117700
 976    9.671702000    0.705926300    0.052459200
 977    1.979834000   -0.235319300    0.924581000
 978   -0.950000000   -1.945001000    1.290038000
 979    6.615861000    0.125746600   -0.739265200
 980    4.328234000    0.150140400   -0.842982800
 981   -0.950000000   -0.171233300    1.045340000
 982   10.003700000    0.751238800   -0.214336600
 983    4.413668000    0.193189100   -1.438074000
 984   11.251610000    1.563869000   -0.066131740
 985    1.977142000   -0.006153571    1.048181000
 986   16.399100000    1.579949000    0.834343800
 987   -0.359406400   -0.406526100   -0.638671200
 988    1.903800000   -0.124423200   -0.305614000
 989   21.286060000    1.581992000    0.292751200
 990   -0.950000000   -0.954267100   -0.685951700
 991   -0.950000000   -1.437263000   -0.353045700
 992   -0.950000000   -1.238017000    0.444310000
 993    7.388807000    0.937414900    0.424815900
 994    8.467907000    0.876231800   -1.540599000
 995   -0.950000000   -1.773390000    0.396665200
 996   20.142350000    1.857486000   -0.334413900
 997   -0.950000000   -1.446331000    0.607668600
 998    1.325770000    0.183477900   -0.052736740
 999   -0.950000000   -1.484298000    1.393146000
1000    3.421622000    0.395118900    0.681255100
1001   -0.950000000   -0.900471200    0.171126400
1002    6.885310000    0.839779900   -1.501406000
1003    3.458614000    0.321215300    0.176716400
1004    2.383891000    0.167331400   -0.206066400
1005   -0.950000000   -1.828511000    0.131575600
1006   19.684830000    1.982358000    1.169303000
1007   -0.950000000   -1.041606000   -0.895968200
1008    3.510257000    0.397948100   -0.785480000
1009   -0.950000000   -1.845225000    0.633322200
1010    3.255200000    0.492044900    0.938738100
1011   -0.950000000   -0.834777700    0.919513300
1012   -0.950000000   -0.316702600    0.662124700
1013    0.922070000    0.195102500   -0.341857500
1014   -0.950000000    0.028157270    0.680729700
1015   -0.950000000   -1.644299000   -0.193753100
1016   -0.950000000   -1.911506000    0.181138200
1017   -0.950000000   -1.089570000   -1.404886000
1018   -0.950000000   -1.247865000    1.000999000
1019    5.541424000    0.520155100   -0.618572900
1020    3.201963000    0.787530100    0.519258200
1021   10.048370000    0.941595100    0.696490200
1022   -0.950000000   -0.617981300    0.438136600
1023   -0.950000000    0.040345790    1.629643000
1024    8.117491000    0.620236700   -1.676652000
1025   -0.950000000   -0.377788200   -0.006063048
1026   12.609790000    1.104312000   -1.431142000
1027   -0.488218000    0.305531300    0.455716000
1028    3.816671000    0.547873300   -0.963228300
1029   -0.950000000   -1.457243000   -0.260222800
1030   -0.950000000   -0.113348100    0.947489700
1031    3.951139000    0.086272270   -1.455998000
1032   -0.950000000   -0.052038130    0.825399200
1033   -0.950000000   -0.622305900   -0.488727600
1034    1.940705000    0.519554000    0.465742200
1035   -0.950000000   -0.397226200    0.334790000
1036   -0.567357800   -0.365287800    0.429305700
1037   19.018420000    1.525405000    1.020186000
1038   -0.950000000   -0.589094200   -0.758236600
1039   -0.950000000   -0.293099200    1.377358000
1040    0.357587800   -0.292269100    0.374576500
1041   16.264110000    1.183124000   -0.600575800
1042    9.665256000    0.613600900    1.143433000
1043   -0.950000000   -1.111644000    0.453283500
1044   13.371670000    1.539863000    0.470283000
1045   20.618060000    1.445582000   -1.447344000
1046   -0.950000000    0.219019700    1.823227000
1047   13.928530000    0.739557800   -0.682941000
1048   10.261740000    0.775934300    0.260487200
1049    1.074379000   -0.243593900   -0.235251200
1050   -0.950000000   -1.544612000   -1.553876000
1051   17.593910000    0.714608600    1.099572000
1052   10.426310000    0.268122800   -0.109907500
1053    4.459534000   -0.435889000   -0.799778300
1054   15.019890000    0.878176200   -0.623117900
1055   18.612340000    1.448145000    0.477810900
1056    1.872283000   -0.160911200    1.243886000
1057    9.159639000    0.344778900    0.518730900
1058    9.864778000    0.411414400    0.001477405
1059   -0.950000000   -0.875875200    1.702639000
1060   11.101440000    0.448795600    0.960645300
1061   11.506220000    0.811439400    1.339546000
1062   24.070660000    1.342050000   -0.640633300
1063   21.592700000    1.470388000    0.484150000
1064   -0.950000000   -1.304520000    1.470299000
1065   -0.950000000   -0.600132000    1.010830000
1066   -0.950000000   -0.842848500   -0.478440800
1067   -0.950000000   -1.975978000    0.284140800
1068    4.989529000    0.724208900   -0.697530400
1069   -0.950000000   -1.073156000    0.177669800
1070   -0.950000000    0.110113800    1.424338000
1071   -0.950000000   -0.463215300   -0.135184700
1072   -0.950000000    0.083079020   -0.312879500
1073    5.393994000    1.205012000    0.729957100
1074    2.209656000    0.264441700   -0.849931300
1075    3.736616000   -0.150670300   -1.916649000
1076   -0.950000000    0.093991450    1.235985000
1077   -0.950000000   -1.434422000   -0.525569600
1078   -0.950000000   -0.134656900   -0.503531400
1079    0.738011500    0.534696800    1.087066000
1080   -0.950000000   -0.725446300   -1.182980000
1081    8.374260000    0.713928200   -0.692817600
1082    1.196162000   -0.213154400   -0.656074800
1083   -0.950000000   -0.546674800    0.704652700
1084    5.061853000    0.364547800   -0.243543500
1085    0.325614600    0.369298400    0.517902900
1086   -0.950000000   -1.043082000    0.839239000
1087   -0.950000000    0.279400900    1.695606000
1088   15.173120000    1.241037000   -0.860548700
1089   -0.950000000   -0.510312600    1.213767000
1090   -0.950000000   -0.684429400    1.563641000
1091   -0.950000000   -0.386746700    1.156252000
1092   -0.950000000   -1.049844000   -0.546669500
1093   -0.950000000   -0.471388600    0.966453200
1094   -0.950000000   -0.816833500   -0.308868300
1095   -0.950000000   -1.174951000    0.510992700
1096   -0.950000000   -0.363412400   -1.493111000
1097    2.236011000    0.603589200    0.671483000
1098   -0.950000000   -0.421314100   -1.352572000
1099   -0.950000000   -0.916534700   -0.356506400
1100   -0.950000000    0.957766100    0.370797500
1101   -0.950000000   -0.923942500    0.271248800
1102   15.365160000    1.333262000    1.165338000
1103   -0.950000000   -0.588073400   -1.750199000
1104   -0.950000000   -1.241124000   -0.822441500
1105   -0.950000000   -0.666262600   -0.354007200
1106   -0.950000000   -0.245616300   -1.239555000
1107   -0.950000000   -1.086263000   -0.194566700
1108    9.276481000    0.639145400   -1.110908000
1109   -0.950000000   -0.537799200    1.373325000
1110   -0.950000000    0.156470500   -0.770253500
1111    1.909423000    0.324506000   -0.001919096
1112   -0.950000000   -0.571650100   -0.496481500
1113    2.906843000    0.438598200    0.751338300
1114   -0.950000000   -0.944630200    0.590950600
1115   -0.950000000   -0.279504000    0.204025100
1116    2.656531000    0.439345600    0.379141000
1117    5.946044000    0.343553100   -0.740584700
1118   -0.950000000   -1.747728000   -0.958951600
1119   13.137060000    1.157109000   -0.551117300
1120   -0.950000000   -0.915097600    1.807650000
1121    3.632387000    0.127276000   -0.972548100
1122   13.878660000    1.266328000   -0.910516700
1123   -0.950000000   -0.014749460    0.742644500
1124    8.756913000    0.481389000   -0.362030800
1125    8.231317000    0.493241600   -0.559309900
1126   -0.950000000   -1.143308000   -0.399464100
1127   -0.950000000   -0.178765100   -0.473837200
1128   -0.950000000   -0.729359700    0.713286100
1129    3.162580000    0.247083300   -0.298728500
1130   11.403540000    1.463827000   -0.457038100
1131    5.871282000    0.670006700    0.877861200
1132    6.638517000    0.583535800    0.404890500
1133   -0.950000000   -0.593615800    0.707533000
1134    4.944892000    0.356673900    0.735350000
1135   -0.139737500    0.214705700    0.640326900
1136    2.090971000    0.224389100    1.448014000
1137   -0.950000000   -1.594325000    0.300282800
1138    9.860401000    1.112260000   -0.092111990
1139   -0.950000000   -0.470158500   -0.375564600
1140    2.935568000    0.008020942   -1.957119000
1141    2.720532000    0.700339100    0.954294500
1142   -0.950000000   -1.258596000    0.107739100
1143   -0.950000000   -0.652536500    1.341592000
1144   -0.950000000   -0.332318000   -0.832023600
1145    4.582512000    0.786888600   -0.339612800
1146   -0.950000000   -0.522099100   -0.542212800
1147   -0.950000000   -1.620075000   -0.221696400
1148    1.957275000    0.411545200    0.737550900
1149    1.131905000    0.248564200   -0.991407900
1150   -0.950000000   -0.069200510   -0.928826200
1151   -0.950000000   -0.674869600   -1.272865000
1152   -0.950000000   -0.337497500    0.432289900
1153    0.386085500    0.423083000   -0.410451500
1154   -0.950000000    0.039473180    0.801451100
1155   -0.950000000   -1.224104000   -1.962478000
1156   -0.950000000   -0.754102000    1.286354000
1157   14.574460000    0.983031500   -0.848922500
1158   10.078450000    0.775686000    0.900004600
1159    6.336153000    0.337850900   -0.196079100
1160   15.059840000    1.338467000   -0.409551500
1161   11.471660000    0.272438500   -1.722340000
1162   11.371170000    0.790905100   -0.181370500
1163   19.520580000    1.577719000   -0.702529500
1164   26.677820000    1.451498000   -1.976517000
1165   10.355520000    0.855552900   -0.202685800
1166    1.708552000   -0.060286180    0.814799000
1167    3.681914000   -0.077063360   -1.215904000
1168   -0.950000000   -0.120344800    0.929993000
1169    7.894765000    0.626706900    0.533931000
1170   -0.950000000   -0.527303300    0.324991100
1171   -0.950000000   -0.811909600    0.528502200
1172    0.901617100   -0.001465494   -0.713199300
1173    8.701424000    1.000176000   -0.481871400
1174   -0.950000000   -0.297783300   -1.246300000
1175   -0.950000000   -1.433067000   -0.163251800
1176   18.375840000    1.832275000   -0.576278700
1177    1.372540000   -0.037331240   -1.757277000
1178   -0.950000000   -0.246956100    1.073597000
1179   -0.359430700    0.091538490    0.116828000
1180   12.064490000    0.809072500    0.803625500
1181   11.335810000    0.870197300   -0.198532000
1182   -0.950000000   -0.709148700    0.838393200
1183    3.792979000    0.717636600    0.526226900
1184    8.039243000    0.548283000   -1.083183000
1185   -0.950000000   -0.111184400    0.285705100
1186    3.146784000   -0.100360400    0.758356800
1187    1.117177000   -0.781941500   -1.699476000
1188   -0.950000000   -0.997727100    0.548769200
1189   16.356170000    1.542031000    0.421896500
1190   13.873790000    0.860482100    0.129559400
1191   -0.612276300   -0.092884840    1.762804000
1192   -0.342191300   -0.444136200    1.895085000
1193   13.271780000    0.830330900   -0.826570800
1194    7.789171000    0.051765560   -0.967834400
1195   10.513630000    0.763528900    1.450343000
1196    5.982182000    0.031824500   -0.547882900
1197   13.011770000    0.819616100    1.435594000
1198    7.261230000   -0.080609680   -0.578280900
1199   -0.704319900   -0.647535800    1.159673000
1200    4.815598000   -0.106742300   -0.586039000
1201    8.760086000    0.521615200    0.826892400
1202    0.568052100   -0.009883281    0.745066300
1203    0.639431200   -0.117831200   -0.577907900
1204   12.840040000    1.234349000    1.280683000
1205   -0.950000000   -0.218207200    0.173888600
1206    0.771677200   -0.068175240    0.014569650
1207    1.562796000    0.151531200    0.132332700
1208   -0.950000000   -0.805603500    1.442876000
1209   13.385940000    1.713176000    0.637853900
1210   -0.950000000   -0.238632200    0.253551200
1211    2.984654000   -0.082614050   -0.603093600
1212   12.285730000    0.601819800   -1.565098000
1213    0.753907500   -0.060131880   -0.342900300
1214   13.235080000    0.977662500   -0.522740600
1215    9.803440000    0.990045500   -0.880273300
1216   -0.950000000   -0.311996500    0.397280900
1217   -0.950000000   -0.224641100   -1.016827000
1218   -0.950000000   -0.533797700   -0.904072400
1219   -0.950000000   -0.654499700   -1.451988000
1220    7.155975000    0.486535100   -1.223465000
1221   -0.950000000   -1.287874000    0.082497970
1222    9.471191000    1.208180000    0.255453800
1223    0.399117300    0.559087800    0.799378500
1224   -0.950000000   -0.598149600   -1.638353000
1225   -0.950000000   -0.865269600    0.094473620
1226    2.424530000    0.530332400    1.610401000
1227   -0.950000000   -1.229462000    0.330289300
1228    3.484666000    0.309274400   -1.150786000
1229   -0.950000000    0.314065300    0.619678700
1230   -0.950000000   -0.431808100    1.401427000
1231   -0.950000000   -0.001199802    0.664188700
1232   -0.950000000   -0.621848200    1.678568000
1233   -0.105285800    0.054379330   -0.785673200
1234   -0.950000000   -0.719513100    0.907817800
1235    0.483285000    0.234912800   -0.937933100
1236    0.686080700   -0.065701670   -1.474107000
1237   16.119880000    1.622468000    0.021845970
1238   -0.950000000   -1.815731000   -0.668194200
1239   -0.950000000   -0.373907000   -0.328806300
1240   -0.950000000   -0.701645200    0.257284700
1241   -0.950000000   -0.544801400    0.443973000
1242   23.266680000    1.924874000   -1.043999000
1243   17.887070000    1.765170000    0.307498900
1244   -0.950000000   -0.908982100    0.114155900
1245   -0.950000000   -1.728375000   -0.673577000
1246    6.066203000    0.543852900   -0.639681300
1247    0.952416700    0.157953300    0.761257900
1248   -0.950000000   -1.089853000    1.002708000
1249    7.036291000    0.353054500   -0.516558200
1250    5.102895000    0.487328200   -1.277571000
1251   18.628570000    1.908502000    1.790704000
1252    4.054803000    0.296205000    1.003460000
1253   12.691970000    0.973464300   -0.306276300
1254    7.482336000    0.511618400   -0.067564780
1255   -0.950000000   -1.603094000    0.247762200
1256   -0.950000000   -1.611703000    0.561384700
1257    0.565031000   -0.287566200   -0.803683800
1258   11.905700000    0.775629400   -0.051836160
1259    3.208271000    0.304409300   -0.207114400
1260    5.395581000    0.365150700    0.394683500
1261   -0.950000000    0.078683550   -0.326381600
1262    2.927374000    0.825188900    0.818534200
1263    5.383519000    0.819069800   -0.042644030
1264   -0.950000000   -1.900297000   -0.577464000
1265    6.479692000    0.570892900   -0.947369400
1266   -0.950000000   -0.291247800   -0.227854200
1267   -0.950000000   -1.858335000   -0.629716600
1268   -0.950000000   -0.577596200   -0.665082800
1269   -0.950000000   -0.018844310   -1.325294000
1270   -0.950000000    0.468754500    0.308697300
1271   -0.950000000    0.065580700    0.693092400
1272   -0.950000000   -1.234860000   -1.003771000
1273    1.389958000    0.728836900    0.372741700
1274   11.601270000    0.973217700   -1.249511000
1275   -0.950000000   -0.056372230   -1.685651000
1276   -0.950000000   -0.684374700   -1.307950000
1277   15.227810000    1.641756000    1.463673000
1278   -0.950000000   -1.829327000   -0.061395780
1279   -0.950000000   -0.669451100   -1.662273000
1280    6.952373000    0.443521800   -0.902872100
1281   -0.777606000   -0.429885300   -0.938005000
1282    9.253634000    0.918529400    0.840424000
1283   -0.950000000   -1.321242000    1.798214000
1284   -0.950000000   -0.330711000   -0.554671200
1285   -0.204037500    0.598650400    1.522816000
1286   -0.950000000   -1.039762000   -0.789401000
1287    2.886277000    0.240145600    0.505968800
1288    3.811229000    0.185434600   -0.743362800
1289   -0.950000000   -1.328873000    0.255356500
1290    3.310499000    0.664651800    1.059604000
1291   -0.950000000    0.590405300    1.084970000
1292    6.146058000    0.813783600    0.074651320
1293   -0.950000000   -1.157374000    1.392077000
1294   -0.950000000   -1.018127000    0.562347600
1295   11.226570000    1.246061000   -1.480140000
1296    3.122110000    0.807604200    0.311618200
1297    0.621365900   -0.044308700   -1.606249000
1298   -0.950000000   -1.424862000    0.127454900
1299    1.520297000    0.524760800    1.070503000
1300    3.814554000    0.547160400   -0.453326600
1301   -0.950000000   -0.716145700   -0.065948770
1302    8.985857000    1.024765000   -0.308163700
1303   -0.950000000   -0.228386000    0.794038900
1304   -0.950000000   -1.814177000   -0.405523500
1305    7.850967000    1.033841000    0.102371300
1306   12.221850000    1.226938000   -0.774602200
1307    2.293026000    0.662142300    0.505827700
1308   -0.950000000   -1.558322000    0.971949600
1309   -0.950000000   -0.420842800   -0.466523000
1310   -0.950000000   -1.101535000    0.324809400
1311   -0.950000000   -0.460083300    0.795740700
1312   -0.950000000   -0.723392500   -0.450531700
1313   -0.950000000   -0.676499700    0.039149270
1314    9.754617000    1.074042000   -0.173060200
1315   -0.950000000   -1.952815000   -1.055303000
1316   14.723250000    1.313990000    0.144683400
1317   -0.950000000    0.092818290   -0.322249700
1318    0.636357200    0.273500900   -0.677122900
1319    5.463991000    0.704114400   -0.186676800
1320    6.895543000    0.758813200   -0.049256140
1321   -0.056452960   -0.695186500   -1.599738000
1322   12.719630000    1.080003000   -0.517619600
1323    9.496258000    1.108079000    1.093756000
1324   -0.950000000   -0.428428100    1.056767000
1325   18.430570000    1.379459000   -0.803861000
1326    0.534917200   -0.318520500   -0.251116700
1327   -0.950000000   -1.172139000    0.766903100
1328    3.068226000    0.226376100    0.598065300
1329    5.566607000    1.198502000    0.740160300
1330    0.927587700    0.313932800    0.613660700
1331   -0.950000000   -0.638795300   -0.885628400
1332    1.543962000   -0.079548240   -0.330942100
1333    1.332444000   -0.234398200   -0.898353300
1334    2.473086000    0.056071360    1.417901000
1335    9.505339000    0.611100900   -0.319121700
1336   -0.950000000   -0.510997200   -1.829769000
1337    8.313112000    0.872379300    0.731076700
1338    5.009537000    0.998388400    0.043133950
1339   -0.950000000   -0.741524900   -1.001171000
1340   -0.950000000   -1.314387000   -0.127069500
1341   -0.950000000   -1.212329000   -0.957076500
1342    7.629988000    0.675834600   -1.702455000
1343    6.946716000    0.733720900    0.470703100
1344   -0.950000000   -0.295753400    0.056650120
1345   -0.950000000   -1.381391000    0.344027300
1346   -0.607255600    0.481198500    1.004092000
1347   -0.950000000   -0.634272400    0.518585900
1348   -0.950000000   -0.296599100   -0.319321500
1349    2.947463000    0.738114100   -0.232303500
1350   -0.950000000   -0.578274700   -1.113326000
1351    0.904620300    0.137047400   -1.134195000
1352   -0.950000000   -0.129172600    0.138047300
1353    6.208736000    0.581799000    0.432513100
1354   -0.950000000   -0.331448000    0.832418100
1355   -0.950000000   -1.431405000   -1.605320000
1356   -0.950000000   -1.727013000   -0.510650800
1357   16.708550000    1.199476000    0.082593240
1358   -0.878280400   -0.078338420    0.594608600
1359   -0.950000000   -0.015722470    1.937735000
1360   11.171900000    1.021367000   -1.426404000
1361   -0.950000000   -0.773244900   -0.985137100
1362    7.907706000    0.735355200    0.395360200
1363   11.993290000    1.583614000    0.278248000
1364   -0.950000000   -0.150289600    1.599794000
1365   -0.950000000   -0.682264400   -0.680948600
1366    0.455976600    0.403823300   -0.365324500
1367    2.146751000    0.257422700   -0.886345200
1368   11.231880000    1.401611000    0.604295700
1369   -0.950000000   -0.556401800   -0.299638300
1370   -0.950000000   -1.706785000    0.349553400
1371   -0.950000000   -0.952748500   -0.274774300
1372   -0.950000000   -1.029623000    0.022274990
1373   -0.950000000   -1.552387000    1.144465000
1374   -0.950000000   -0.857732300   -0.231281700
1375   -0.950000000   -1.343329000   -0.144395500
1376    0.433382400    0.345216300    0.372034700
1377   -0.950000000   -1.072852000   -0.100296500
1378    0.633248300    0.139348900    0.003068475
1379   -0.950000000   -0.466671200    0.826285900
1380    2.547652000    0.789481400    0.642691500
1381   -0.950000000    0.562237700    1.814104000
1382    1.165343000    0.163988600   -0.820597600
1383    7.176890000    1.106257000   -0.367300800
1384    2.410898000    0.668890700    0.448937700
1385   12.799000000    1.497154000   -1.065671000
1386   -0.950000000   -1.183432000    0.233024900
1387   -0.950000000    0.227645000   -0.150210200
1388   13.919130000    1.134469000   -0.982366400
1389    5.261418000    0.706525900   -0.639631400
1390    3.403583000    0.349280900   -0.422519100
1391   -0.950000000   -0.494325100   -0.844523100
1392   -0.950000000   -0.031785430   -0.787626800
1393   -0.950000000   -0.226707100   -0.763701800
1394   -0.950000000   -0.048972900   -0.406020800
1395   -0.950000000   -1.317916000   -1.329355000
1396   -0.950000000   -0.380225900   -0.668110600
1397   -0.950000000   -1.427647000   -1.048301000
1398    3.177225000    0.685020200    0.414434600
1399   -0.950000000   -1.080186000    1.803910000
1400   -0.950000000   -1.386219000   -1.196876000
1401   -0.950000000   -0.169574500    0.108619400
1402   -0.950000000   -1.105997000   -0.158539300
1403    1.544400000    0.455718100    0.389989200
1404   -0.950000000   -1.379843000   -0.401897500
1405   -0.950000000   -0.662408700   -0.210897500
1406    9.065684000    1.089664000    0.956116400
1407   -0.950000000   -0.362691700    0.337333600
1408   -0.950000000   -0.244680800    0.560219500
1409   -0.834615800    0.063983960   -0.270897700
1410   13.046750000    1.318236000    0.088605090
1411   -0.950000000   -1.229622000    1.372089000
1412   -0.950000000   -0.136879200    0.189338500
1413    5.718527000    0.926124700    0.896408200
1414   -0.950000000   -1.007841000    0.082019220
1415   20.858860000    1.685508000    1.118625000
1416    8.169498000    0.950182600    0.331937500
1417    4.167626000    0.330459000    1.144112000
1418    6.742825000    0.820736300    0.195669700
1419    4.099583000    0.293527600    0.059431990
1420    2.284058000    0.204796500   -0.259187200
1421   -0.897471900   -0.106489200    0.189679300
1422   -0.950000000   -1.374653000   -0.920251400
1423    3.138587000    0.005546282   -1.028695000
1424    8.047296000    0.656254200    0.010074600
1425   -0.086183330   -0.228283000   -1.430183000
1426   10.938560000    0.886430600    0.579457900
1427    1.463029000   -0.136281800    1.008281000
1428   14.666280000    0.976235400   -1.026011000
1429   18.878390000    1.046137000   -0.088583470
1430    5.457986000   -0.064438900   -0.416702000
1431    0.299296000   -0.427932200    1.000115000
1432    2.709970000   -0.136207600    1.121890000
1433    1.279111000   -0.327805300    1.127380000
1434   12.884880000    0.947686900    0.311346300
1435   17.525010000    1.270276000    1.269523000
1436    2.764966000   -0.081496490    1.176494000
1437   -0.950000000   -1.081101000    1.163980000
1438   -0.290333700   -0.694058400   -0.054842650
1439   -0.950000000   -1.218461000   -1.634801000
1440   19.650610000    1.525033000   -0.303552800
1441   -0.950000000   -0.631353600    0.744060600
1442    6.646448000    0.225919300   -1.270359000
1443   -0.950000000   -0.323872400    0.356932000
1444   -0.950000000   -0.694504800    1.103275000
1445   -0.950000000   -0.285439200    0.246195200
1446   -0.853590300   -0.336698000    1.120563000
1447    5.529889000    0.381851900   -0.395712400
1448   11.401250000    1.317262000    1.112762000
1449   -0.950000000   -0.853152100   -1.763739000
1450   -0.950000000   -0.370582200   -0.505099300
1451   -0.950000000   -0.625241900    0.200206500
1452   10.834930000    1.286198000    1.588094000
1453    4.170818000    0.102202300   -0.867728000
1454    7.219453000    0.574194300   -0.263974000
1455   -0.950000000   -0.839454400    0.358424700
1456    2.022302000   -0.319458100   -0.843429200
1457   15.541970000    1.355002000   -0.408636100
1458    7.201048000    0.156395500   -0.664414600
1459   -0.950000000   -1.168647000   -0.412004900
1460   20.161550000    1.658418000    0.415521100
1461    8.809111000    0.598938400    1.030464000
1462   -0.842170300    0.160474900    1.353589000
1463   -0.950000000   -0.852639500   -1.481283000
1464    0.871825800   -0.102825900    0.888188200
1465   -0.950000000   -1.326336000   -1.084144000
1466   -0.950000000   -1.678581000    0.459829400
1467   10.635950000    0.748560700    0.398160900
1468   15.517140000    1.485718000    0.405099600
1469    7.447587000    0.703714100    0.592625800
1470   -0.950000000   -0.528013000    0.313718600
1471    1.735971000    0.172651300    0.560548500
1472    0.335978800    0.036658280    1.460053000
1473   -0.950000000   -1.523689000    0.666346500
1474    6.414904000    0.632832300   -0.979020700
1475   -0.950000000   -0.808686000    0.754350800
1476   14.249090000    1.305921000   -0.924010000
1477    1.315236000   -0.107318300   -0.577131900
1478   -0.950000000   -1.544276000   -0.625772900
1479    1.431425000    0.163447100    0.738950200
1480    0.746826700   -0.071952540    1.440933000
1481   17.910260000    1.358902000    1.037904000
1482   -0.939349400   -0.341746100   -0.365508900
1483   12.431250000    1.118610000   -0.195428800
1484   -0.950000000    0.085579110    1.092751000
1485    0.800472300   -0.118819100   -0.443735100
1486   22.739430000    1.489285000   -0.656962000
1487    8.928043000    1.534576000    1.332823000
1488    6.936611000    0.403364700    0.502103800
1489   16.497130000    0.944025300    0.560337600
1490   -0.950000000   -0.778212300    1.758208000
1491   14.969290000    0.697782900   -0.739429000
1492    3.664572000    0.052653920    0.535300800
1493   -0.909097900   -0.571892100   -0.574713600
1494   11.007840000    0.705513400    0.993237800
1495   -0.950000000   -0.928322600   -0.456605100
1496   12.464970000    0.773384800   -1.203403000
1497   11.638680000    0.648223400   -1.360002000
1498   -0.352808300   -0.251326700    0.536300300
1499   -0.950000000   -0.419223300    0.181666500
1500    8.183007000    0.566286600    0.286770800
