*y  x1  x2
   1   17.076880000    1.170017000    0.786226800
   2    5.318119000    0.383537500   -1.007188000
   3   -0.950000000   -0.802132100    1.293781000
   4   -0.950000000   -0.488189100    0.490981000
   5   13.150600000    1.175001000    0.851307800
   6   -0.950000000   -0.383286400    0.266052500
   7    1.498034000   -0.094300580   -0.554744400
   8   -0.950000000   -1.351272000    0.586813400
   9   13.241090000    0.770212800   -1.439715000
  10   -0.950000000   -1.541421000    0.044129040
  11   17.361090000    1.294269000    0.206288900
  12   -0.950000000   -0.743372700    0.356216400
  13   -0.950000000   -0.514967500    1.500355000
  14    3.695023000   -0.048021560   -0.865228600
  15   -0.950000000   -0.577165700   -0.241037500
  16    6.179394000    0.113519100   -1.195513000
  17   12.212340000    1.302301000    0.903226900
  18    4.448049000    0.179529300   -0.699122900
  19    0.094089990   -0.103018000   -0.261451300
  20    0.399742000    0.226683000    1.538712000
  21   -0.950000000   -0.390640300    1.101696000
  22    0.395854900    0.010787910    0.598644300
  23   11.076460000    0.852021700   -0.636026500
  24   16.740310000    1.287089000   -0.684105600
  25   -0.950000000   -0.878581100   -0.498254400
  26   -0.950000000   -1.351299000   -0.864117100
  27   -0.726829700   -0.394373100   -0.989400100
  28   -0.439902200   -0.255135300   -0.826610400
  29   -0.943177600    0.331282100    1.569171000
  30   -0.950000000   -0.430596500    1.349264000
  31   -0.950000000   -0.556501800   -0.546393400
  32   -0.950000000   -0.525793000   -1.688614000
  33    2.992325000    1.516405000    1.301744000
  34    6.629984000    0.943099000   -0.045086600
  35   -0.950000000   -0.232378800    0.270237100
  36   -0.950000000   -1.713745000   -0.100349800
  37   -0.950000000   -1.718421000    1.256022000
  38   -0.950000000   -0.521392700   -0.453915900
  39    5.289961000    0.284305900   -1.788343000
  40    0.981491400    0.165539000   -0.982590100
  41   -0.950000000   -0.890557500   -0.022052420
  42    8.839251000    1.019845000   -1.554277000
  43   -0.950000000   -0.943069600   -0.183715000
  44   -0.950000000   -0.621466000    1.539818000
  45   -0.950000000   -0.983382500    0.735977100
  46   -0.950000000   -0.432386700   -0.314023600
  47   -0.950000000    0.103293600   -0.427961600
  48   -0.950000000   -0.603041100   -0.567009400
  49    1.833910000    0.581640300    0.115032300
  50   19.163650000    1.769469000    0.386588800
  51   -0.950000000    0.202079700   -0.022965610
  52   -0.950000000   -1.045783000    0.523675400
  53   -0.047232880   -0.050063480    0.440968600
  54   -0.950000000   -0.070838580    0.773081200
  55   -0.950000000   -0.306764600   -0.650489400
  56   -0.950000000   -0.327995300   -1.003635000
  57   -0.950000000   -0.788786300    0.750436200
  58   11.980000000    1.211583000    0.666243000
  59   -0.950000000   -1.121529000   -0.590944800
  60   -0.950000000   -0.840265200    0.950562700
  61   -0.950000000   -0.281979200   -1.110046000
  62   -0.950000000   -1.074163000    1.138273000
  63   -0.950000000    0.391608200    1.490138000
  64   -0.950000000   -0.662940800   -1.498542000
  65   -0.950000000   -0.333352700    1.203175000
  66   -0.950000000   -0.756337000   -0.676000700
  67   -0.950000000   -0.599128800    0.121764700
  68   -0.950000000    0.584958100    1.538889000
  69   12.259400000    1.113665000    0.422065100
  70    1.416189000    0.253698300   -0.727673100
  71    1.520857000    0.088903500   -0.937943600
  72    3.505870000    0.196818000   -1.853103000
  73   19.645790000    1.613596000   -1.645456000
  74   -0.950000000   -0.784912200    0.552717300
  75   -0.950000000    0.055680360    0.086646220
  76   14.430230000    0.474171800   -1.434133000
  77    0.996821600   -0.117521600    0.972506200
  78    5.721163000    0.291206100    0.806841700
  79    0.002399098   -0.463570700    0.358153300
  80   12.843600000    0.677754200   -0.067122900
  81    2.190559000   -0.211550200    0.499144700
  82   10.338980000    0.630943100    0.125529800
  83   16.091140000    0.911773100   -1.138233000
  84   12.666390000    0.788664800    0.437762200
  85   13.739170000    0.950041600    0.685619600
  86   10.887530000    0.669909300    0.674181700
  87    8.377427000    0.795818100    1.864406000
  88   12.227540000    0.569441200    0.988720200
  89    6.332178000   -0.046579800   -1.194818000
  90   13.851380000    0.864276300    1.226473000
  91   -0.950000000   -0.121475100    1.687260000
  92    7.645653000    0.407031400   -1.006766000
  93   12.750440000    1.227671000    1.179490000
  94    3.621758000    0.846834100    0.111372300
  95    6.410734000    0.361370300   -1.333713000
  96    1.127902000    0.011534610    0.919559000
  97   -0.950000000   -1.821002000    0.333898900
  98   -0.950000000   -1.013729000   -0.804518400
  99    9.868932000    0.839478300   -0.438604800
 100    5.942198000    0.540269300    0.801332100
 101   10.901110000    1.011043000    0.536154300
 102    1.116858000    0.009571591    0.468676200
 103   -0.950000000   -1.261210000   -0.278186800
 104   15.862380000    1.457786000    0.629426400
 105   -0.950000000   -1.773490000    0.158733900
 106   -0.950000000   -1.174981000    0.621409100
 107   18.758990000    1.898853000   -0.907831700
 108   -0.950000000   -1.449977000    1.539155000
 109   -0.950000000   -0.532444300   -1.199212000
 110   -0.950000000   -0.235133900   -0.391943400
 111   -0.950000000   -1.012608000    0.141411700
 112   -0.950000000    0.184207300   -0.543449700
 113   -0.950000000   -0.161631600    0.691131700
 114   17.980470000    1.660666000   -1.202756000
 115   -0.950000000   -1.020590000   -1.026402000
 116    5.455278000    0.649810300   -0.681500900
 117   -0.950000000   -0.467332100    0.058880230
 118   -0.950000000   -0.184976500    0.908818600
 119   -0.950000000   -0.325945500    0.403239000
 120   -0.950000000   -1.348769000   -0.687502100
 121   11.724450000    1.127529000    0.657804300
 122    4.363076000    0.390415900    0.736838000
 123    5.067790000    0.334263100    0.014348670
 124   10.874820000    0.586891800   -0.286074100
 125    0.420071700   -0.463153200   -1.545973000
 126   -0.950000000   -0.670241100   -0.109911900
 127   -0.932824600   -0.429100100   -0.567890400
 128   11.487030000    0.973697400   -1.519357000
 129    0.860947900   -0.280159900    1.779533000
 130    9.979805000    1.165530000    0.347889300
 131   18.979260000    1.243573000   -1.294475000
 132   -0.950000000   -1.550524000    1.544103000
 133   -0.950000000   -0.885980900    1.499698000
 134    6.268331000    0.474752800   -0.030496720
 135   12.598750000    1.017276000   -1.325327000
 136   -0.950000000   -1.076688000    0.028852040
 137   15.129670000    1.457890000    0.106486600
 138   -0.950000000   -0.908387700   -0.661651500
 139   -0.950000000   -0.348041300    1.797671000
 140   -0.950000000   -0.716962500    1.389491000
 141   -0.950000000   -1.162718000   -0.884168700
 142    7.205385000    0.409954200   -0.284536900
 143   14.156020000    1.701767000    0.232383900
 144   28.970890000    1.737042000   -0.329911300
 145   -0.950000000   -0.673879700   -1.223108000
 146    1.007196000    0.089958590    0.958142800
 147   16.601950000    1.791130000    1.459822000
 148   11.012940000    0.798587000   -0.332117500
 149    7.964963000    0.535281100   -0.327491800
 150    8.076034000    0.314925700   -0.893420500
 151   18.721480000    1.476753000    0.360413000
 152   -0.950000000   -0.670661700   -0.577814400
 153    9.483176000    0.495019200    0.461931200
 154   25.321640000    1.657880000    0.955023600
 155    1.000728000    0.134579000    1.716547000
 156    6.129481000    0.122714300    0.692366600
 157    3.372826000   -0.317313000   -1.166670000
 158   -0.878674300   -0.097554370    0.760974000
 159   15.224420000    1.012652000   -0.427027800
 160   13.506320000    0.925888900    0.817762000
 161   15.628940000    1.103070000    0.080519950
 162    2.415804000   -0.126836200   -0.508114500
 163    2.227772000   -0.267249900    0.085902660
 164   -0.950000000   -0.379678100    1.574724000
 165   -0.950000000   -0.628388200   -0.727126000
 166    2.644618000   -0.031786810    0.205339700
 167    9.921761000    0.453978400   -0.566818000
 168   19.471960000    1.696369000   -0.353254900
 169   -0.950000000   -0.621949200   -0.361518800
 170    7.873816000    0.871073700   -0.102511700
 171    3.372236000    0.504931300    0.323447000
 172   11.463150000    0.778244200   -0.986221100
 173   11.408540000    0.899619500   -0.303218200
 174    3.927755000    0.329038100    0.414915800
 175    4.471692000    0.164990300   -0.625866200
 176   16.739430000    1.226767000    0.579287600
 177   -0.950000000   -0.997361300    0.655824900
 178   15.272190000    1.435713000   -0.180700900
 179   -0.896038400   -0.329773100   -0.614461200
 180   -0.950000000   -0.727559200   -0.015351710
 181    6.891979000    0.604844200    0.797477900
 182    1.570005000   -0.267521800   -0.279772700
 183    1.686193000   -0.206182800   -0.225829700
 184   -0.950000000   -1.897225000   -1.647397000
 185    5.816051000    0.758860300    0.645352500
 186   12.040050000    0.452488900    1.230987000
 187   23.946270000    1.645761000   -0.451753500
 188    9.918432000    0.434068400   -0.177831800
 189   10.294740000    0.392560500   -0.050932530
 190    6.425649000    1.041941000    1.382479000
 191    6.012038000    1.623515000    1.740419000
 192   -0.950000000   -0.541290600    0.807019400
 193   18.948490000    1.718950000    0.509054000
 194    5.158102000    0.577202900    0.549794300
 195   -0.950000000   -1.650780000   -1.512962000
 196    1.232363000    0.205210000   -0.901805700
 197   -0.950000000    0.050744980   -0.095802340
 198    3.953076000    0.564141300    0.496291300
 199   -0.950000000    0.104652100   -1.000142000
 200    2.548752000    0.847996200    1.092114000
 201   -0.950000000   -0.780792800    1.806035000
 202   -0.950000000   -1.799635000   -1.309444000
 203    4.187091000    0.514394400   -0.915865300
 204   -0.950000000   -1.675476000    0.729420300
 205   -0.558692900    0.311160100   -0.315625900
 206   -0.950000000   -0.815561200    0.895282700
 207   -0.950000000   -1.074740000   -0.661812500
 208   -0.950000000   -1.047903000   -1.103549000
 209   -0.238313000    0.357447500   -0.195728400
 210   -0.950000000   -0.375185700    0.154248500
 211   -0.950000000   -0.937291100   -0.571312000
 212   -0.950000000   -0.807320900    0.999204200
 213   -0.950000000   -1.770950000    1.361487000
 214   15.529970000    1.988405000    0.043233590
 215   -0.697059500   -0.049234310    0.041853990
 216   -0.950000000   -1.347676000   -1.212182000
 217    0.346795300    0.241609800    0.190559200
 218   -0.950000000   -0.765567600    0.081447020
 219   -0.950000000   -0.010764960    0.848876300
 220   18.440460000    1.648577000    0.870361200
 221    8.844414000    0.967073400    0.639894900
 222    2.702951000    0.363485000   -0.109686200
 223   -0.950000000   -0.833019000    0.020668070
 224   -0.950000000   -1.373436000    0.522266000
 225   -0.950000000   -0.706496700   -1.109815000
 226    3.259710000    0.189941900   -0.136961300
 227   -0.950000000   -0.931341900    1.155934000
 228    6.598225000    0.534046600   -0.026605290
 229   -0.950000000   -0.290683800   -0.470048600
 230    6.466913000    0.646195400   -0.804611700
 231    1.684009000    0.677692600    1.539165000
 232   -0.950000000   -0.385305000   -0.068307000
 233   -0.950000000   -1.283711000    1.571205000
 234    9.501670000    0.990210000    0.454876800
 235    3.632838000    0.327466700   -0.683569000
 236   -0.950000000   -1.615719000   -0.583531700
 237    6.966354000    0.595369600   -0.740311600
 238    1.267609000   -0.077741270   -1.202665000
 239    5.741322000    0.671558900   -0.048979890
 240   -0.950000000   -1.778148000    0.443846800
 241   -0.950000000   -0.497566000    0.518685400
 242    9.229079000    1.268509000    1.139205000
 243   -0.950000000   -1.022996000    0.216646500
 244    5.878770000    0.406450800   -0.232609300
 245   -0.950000000   -0.809276900   -0.373970000
 246   -0.950000000   -1.831098000    0.357841700
 247   19.894250000    1.263982000    1.030446000
 248    4.059570000    0.184447700    1.199672000
 249   11.855810000    0.892926400    0.691216800
 250   -0.950000000   -0.162030300    1.258325000
 251   -0.950000000   -1.362887000    0.470066300
 252   18.934740000    1.734990000    1.040359000
 253   -0.950000000   -0.780962000   -0.969146000
 254    1.831336000   -0.069449620   -0.106120700
 255   11.108140000    0.706231500   -0.991800700
 256   -0.950000000   -1.023231000    0.332349900
 257   12.159760000    1.314138000    0.016737930
 258   -0.950000000   -0.286663800   -0.090624530
 259   -0.950000000   -0.445008300   -0.878419800
 260   -0.950000000   -1.097450000   -0.191057400
 261   -0.950000000    0.136073200    0.889474300
 262   -0.950000000   -0.837693200    0.972362600
 263    8.467503000    0.861556800   -1.491120000
 264   -0.950000000   -0.005709027    0.283620600
 265   -0.360518100   -0.101645100    0.671486800
 266   -0.950000000   -0.350316600   -0.107534500
 267   13.838700000    1.483428000   -0.449423300
 268   -0.950000000   -1.562681000   -1.652458000
 269    5.460444000    0.852416000   -0.262095300
 270   -0.950000000   -0.133487200    0.107413600
 271   -0.950000000   -1.270230000   -1.005214000
 272   -0.950000000   -0.653328200   -0.243137200
 273    7.793563000    0.889766600   -0.132096700
 274   13.963240000    1.282970000   -0.796947300
 275   -0.950000000   -0.755930000    1.010862000
 276   10.596550000    0.890565100   -0.001214242
 277   14.716140000    0.838757000   -1.244341000
 278   11.861650000    1.087960000   -0.422771500
 279    8.134484000    0.703850100    1.731261000
 280    9.247978000    0.662900900    0.418821000
 281   18.815630000    1.354798000   -1.557664000
 282    8.625527000    1.159723000    0.686169200
 283   -0.950000000   -0.522446400   -0.199270000
 284    7.175543000    0.212897600   -1.064179000
 285   16.323320000    1.843942000   -0.208727800
 286   -0.013053470   -0.277145800    0.218503100
 287    3.112575000   -0.331391100   -1.047632000
 288    7.582286000    0.640001200    0.273216700
 289   -0.950000000   -0.454185700   -0.180513000
 290   -0.698882400   -0.208036200    0.402433000
 291    8.278928000    0.917165900    0.331258600
 292    0.532436700   -0.338407900    0.212363100
 293    6.883783000    0.191362300   -0.939560300
 294    3.375132000    0.301804400    1.271760000
 295   13.841470000    0.853395000    0.608445400
 296   -0.215685000    0.106759000    0.967197900
 297    5.307540000    0.381384200   -0.258066900
 298    2.543324000   -0.163885000   -0.219944000
 299   23.116450000    1.619531000   -0.923166700
 300   -0.950000000   -1.707689000   -0.556601800
 301    7.755442000    0.750191000   -0.744210900
 302   -0.950000000   -1.005155000   -0.101542200
 303   -0.950000000   -0.785902300   -0.307212500
 304   -0.950000000   -1.788385000   -0.122149000
 305    6.176103000    0.778827800    1.256549000
 306   14.535200000    1.684595000    0.340754100
 307   -0.950000000    0.065046040    0.563384700
 308    2.738996000   -0.016436550   -1.788458000
 309    1.480472000    0.201337100   -0.000817065
 310   19.379550000    1.985160000    0.494714300
 311   -0.950000000   -0.785498200   -0.156328500
 312   12.754100000    1.253714000   -0.358465600
 313   -0.950000000   -1.452704000   -0.691845300
 314   10.669110000    0.769253000   -1.251826000
 315   -0.950000000   -1.136179000    0.578227400
 316    6.457025000    0.791403400    0.643663800
 317    5.577237000    0.250347600   -0.459836600
 318   10.774840000    0.957329500   -0.453650100
 319    4.595777000    0.180383700    0.227251500
 320    0.763156000   -0.048471580    0.414212400
 321    8.689227000    0.504500600   -1.079774000
 322   -0.841632700   -0.007908769    1.191943000
 323   -0.438966500   -0.060197620    0.769687200
 324    2.046338000   -0.200131400   -0.504421200
 325    7.634477000    0.843719700    1.036652000
 326   -0.950000000   -0.918644600   -0.038767120
 327    7.889009000    0.999021200    0.624493100
 328    6.885391000    0.357334800   -0.158342300
 329   12.599080000    0.789894000   -1.007812000
 330   17.390320000    1.981030000    0.104111900
 331   -0.950000000   -0.907179200   -0.277170000
 332   -0.950000000   -0.487227500   -0.515465900
 333   -0.950000000   -0.855076200   -1.576100000
 334    0.867924900    0.170628400   -0.595464900
 335   -0.822040000   -0.144795800   -0.761868200
 336    2.209087000    0.426976100    0.925466200
 337   -0.950000000   -1.339245000    0.803790200
 338    0.028128260    0.229729300    0.568918800
 339    2.038029000    0.581753500   -0.483937400
 340   -0.950000000   -1.175263000    0.235084600
 341   -0.950000000   -0.639029700   -1.072233000
 342    2.674393000    0.496178600   -0.441590200
 343   -0.950000000    0.145080900    0.560340300
 344   -0.950000000   -1.786389000    0.772835800
 345   -0.950000000    0.017998290    1.018234000
 346    9.984703000    0.385917600    0.859151300
 347   10.926600000    0.675036900    1.535255000
 348   14.615680000    1.153711000    1.745643000
 349    2.771539000   -0.215524100    0.587035000
 350    0.800018700    0.000373879    1.195495000
 351   -0.950000000   -1.521379000   -0.012786700
 352   -0.950000000   -1.290657000    0.280421200
 353   12.180210000    0.619339500    1.615087000
 354   12.481570000    0.778167800    1.238637000
 355    0.944389400   -0.126843800    0.443440600
 356    3.032348000   -0.070535690    0.502742300
 357   -0.950000000   -0.776086700    0.872789700
 358   -0.950000000   -1.475333000   -0.609176700
 359    5.477342000    0.071176850   -0.034906480
 360   13.642050000    0.843430800    0.160613100
 361    1.118417000   -0.128239300   -0.570072200
 362    6.877277000    0.187952200   -1.607148000
 363    8.592956000    0.965022500   -0.387366100
 364   -0.950000000   -0.707963800   -1.936799000
 365   15.929040000    1.500380000    0.023913690
 366   -0.950000000   -1.116170000    0.152236600
 367   -0.950000000   -1.229442000    0.633446800
 368   -0.950000000   -1.313413000    0.861457600
 369   -0.155860400    0.047087140   -0.401883500
 370   -0.950000000   -0.289839300    0.109322600
 371    0.609280100   -0.083267520    0.548215500
 372    2.881078000    0.154145200    0.206968400
 373    5.699449000    0.482878600   -0.378788300
 374    4.874329000    0.363679800   -0.698780100
 375   -0.950000000   -0.344385400    0.450339500
 376   -0.950000000   -0.794095600   -0.181069700
 377   -0.950000000   -1.095241000    0.418998200
 378    1.754572000    0.672933600    1.023403000
 379   -0.950000000   -1.378571000   -1.133893000
 380    2.332485000   -0.134825300   -1.347894000
 381   -0.950000000    0.704930300    1.983881000
 382    4.668781000    0.263835400   -0.937365800
 383    3.641451000    0.950690600    0.410142300
 384   -0.950000000   -1.178159000   -0.627078800
 385    5.750787000    0.698908100    1.128190000
 386   11.153160000    1.296597000   -0.357907700
 387    1.727615000    0.108934900   -0.517425100
 388   -0.950000000   -1.796974000   -0.152526500
 389   -0.950000000   -1.052568000    1.697612000
 390   -0.950000000   -1.655686000   -1.061808000
 391   11.166930000    1.384093000    0.947571500
 392   -0.950000000   -1.349948000    0.165141300
 393   10.856440000    0.928514300   -0.722683600
 394   -0.950000000   -0.505978200    0.120446800
 395   -0.950000000   -0.194387200    0.806687000
 396   -0.950000000    0.057370790    0.128569600
 397    7.848599000    0.809063300    0.323461400
 398    0.130288600    0.079211180   -0.853263000
 399   -0.950000000   -0.201298200    0.702397800
 400   -0.950000000   -0.732228600    1.033166000
 401   -0.950000000   -0.373744800    0.526917700
 402   -0.950000000   -1.895926000   -1.213549000
 403   10.348330000    1.111876000   -0.276156600
 404   -0.950000000   -0.721527000   -0.252711500
 405   -0.950000000   -1.545800000   -0.845542100
 406    2.000410000    0.304369200    0.691550400
 407   18.848730000    1.359361000   -0.888205900
 408   19.695070000    1.398725000   -0.801004100
 409   14.506260000    1.311579000    0.340662700
 410   -0.950000000   -1.539898000    0.047974470
 411    8.168280000    0.355249800   -1.097454000
 412   -0.950000000   -0.298622200    0.073063380
 413   -0.950000000   -1.350115000   -0.009946567
 414    7.438895000   -0.084985080   -1.575963000
 415    6.907684000    0.553703500    0.924507500
 416   -0.950000000   -0.823908000   -0.112327900
 417   15.613820000    1.442969000    1.166884000
 418   -0.453524300   -0.411042800   -0.461397300
 419    9.966416000    0.708010600   -0.882963600
 420   -0.950000000   -0.602046300    1.734812000
 421   -0.950000000    0.036922090    0.164574600
 422   -0.348875000    0.076532570   -0.349148900
 423   -0.578890900    0.180180700   -0.327878500
 424    5.185902000    0.860379400   -0.282838900
 425   -0.950000000   -0.709275000    1.504929000
 426   -0.407458700    0.587751600    0.716022400
 427   -0.950000000   -0.507122100   -1.424811000
 428   -0.950000000    0.070174040   -0.637946200
 429   -0.950000000   -0.934787100   -0.350523900
 430   -0.950000000   -0.745750500   -0.147657900
 431   18.182680000    1.821084000   -1.911674000
 432    3.120683000    0.426071300   -0.045723420
 433   -0.950000000   -0.767638000   -0.488128800
 434   -0.950000000   -0.305371400   -0.158210800
 435   -0.950000000   -0.377506500   -0.098966960
 436   -0.950000000   -0.510923100    0.185257100
 437   -0.950000000    0.097821380    1.217219000
 438    1.497709000   -0.041218770   -0.925061600
 439   -0.950000000   -0.566913600    0.606327200
 440   -0.950000000   -0.351962600   -0.634888600
 441   -0.950000000   -0.389900600   -1.011208000
 442   -0.950000000   -0.272271300    0.590278100
 443   11.277820000    1.000830000    0.756928800
 444   -0.950000000   -0.081762510    0.925647800
 445   -0.020293530   -0.039050260    0.514387600
 446   -0.950000000   -1.640476000   -0.771780100
 447   -0.370299100   -0.314511600    1.744423000
 448   -0.950000000   -0.898700700   -0.431219500
 449    2.302200000    0.198733900   -0.160966700
 450   14.092850000    1.079090000    0.869931400
 451   -0.950000000   -1.877448000    0.233019800
 452   -0.950000000   -0.735186000   -1.970830000
 453    1.497590000    0.006455029   -0.652802900
 454   -0.950000000   -0.136460200   -0.122399100
 455   -0.950000000   -0.316961500    0.390983300
 456   -0.806549000   -0.154754500   -0.626856600
 457   11.794930000    1.552992000    0.100367900
 458    5.259915000    0.548841300    0.608926000
 459   -0.950000000   -0.758938200    1.292600000
 460   -0.950000000   -1.965097000   -0.294083900
 461   -0.950000000    0.103736300    0.015557130
 462   -0.950000000   -0.506380200   -0.717248000
 463   -0.950000000   -0.653861500   -1.547694000
 464   -0.950000000   -0.076561130    1.235418000
 465    4.380571000    0.548826100   -0.121722100
 466   -0.950000000   -0.663308300   -0.197774100
 467   -0.950000000   -0.487393000    1.024976000
 468    1.704508000    0.010278930   -0.398288300
 469   -0.950000000   -0.495469000    0.428529300
 470   -0.950000000    0.713195300    1.528586000
 471   -0.950000000   -0.259249100    0.840930400
 472    2.772440000    0.077023450   -0.543363000
 473    1.113454000    0.171379100    0.933356500
 474   -0.950000000   -0.880913800    0.368514000
 475    3.405785000    0.182214200   -0.143169700
 476   -0.950000000   -1.479621000   -0.523545500
 477   24.198660000    1.664375000   -1.434961000
 478    4.065144000    0.286695500   -0.711837300
 479   -0.950000000   -0.143383000    0.541551800
 480   -0.950000000   -1.884481000    0.307846200
 481   -0.950000000   -0.552672800   -0.048360610
 482   -0.950000000   -1.264321000    0.549744300
 483   -0.950000000   -0.488799300    0.487923000
 484    6.054510000    1.104347000    0.737817700
 485   -0.729205400   -0.213715600   -1.481345000
 486   -0.950000000   -0.613962900   -0.057461700
 487   -0.950000000   -0.371048600   -0.625073800
 488   -0.950000000   -1.060914000   -0.565537400
 489    1.741632000    0.377743200    0.192367400
 490   -0.950000000   -0.713879500    1.326010000
 491   -0.950000000   -0.203175100    0.273522400
 492    2.524255000    0.266102600    0.373165900
 493    9.140979000    1.374564000    1.809028000
 494   -0.909945500   -0.099165590   -0.569626900
 495   -0.950000000   -1.312850000    0.702305600
 496    8.975625000    0.592954100   -0.485963200
 497    3.116440000   -0.169300900    1.229182000
 498   13.401080000    0.897217200   -0.969417800
 499    5.145677000    0.126452300   -0.616408400
 500    3.479283000    0.546740900    1.248623000
 501   -0.950000000   -0.499654500    0.014415570
 502   -0.950000000   -1.005112000   -0.199591500
 503    3.278334000   -0.020246410    0.315064400
 504   -0.950000000   -0.514172700   -0.938589400
 505   10.681150000    0.460493200   -1.411995000
 506   13.514130000    1.025495000    0.248031100
 507   -0.900195600    0.041082240    1.698741000
 508   -0.950000000   -1.100494000   -0.105639700
 509   15.818120000    1.010609000    0.076825480
 510    2.625207000    0.050910390    1.423911000
 511   -0.950000000   -0.937117800    0.753433500
 512   10.665270000    0.985644500   -0.836935600
 513   -0.950000000   -0.329877300   -0.349942700
 514    4.129053000    0.369650700   -0.094799640
 515    2.554151000    0.148536300   -0.210993200
 516   -0.950000000   -0.489749600    1.540549000
 517   -0.950000000   -0.360020100    1.095898000
 518    6.066210000    0.592524900    0.111347800
 519   -0.871136200    0.179248500    0.154235900
 520   -0.950000000   -0.841345000   -0.014326980
 521   -0.950000000   -0.196278600    1.311512000
 522   13.200030000    1.493063000   -0.373254500
 523   -0.950000000   -1.107407000   -1.314106000
 524   -0.331501900    0.047697160   -0.412043800
 525   -0.950000000   -0.468443500   -1.016758000
 526   -0.950000000   -0.039965850    1.381795000
 527   -0.950000000   -0.796897000   -1.079284000
 528   -0.950000000   -1.034194000   -1.392455000
 529   -0.950000000    0.054876750    0.430117200
 530   -0.950000000   -0.621354800    0.005426118
 531    0.797238500    0.057985800    0.488166500
 532   11.479540000    1.139902000   -0.121160100
 533   -0.950000000   -1.368267000    0.329410800
 534   -0.950000000    0.322581000    1.235057000
 535    4.898743000    0.181797100    1.117626000
 536   -0.950000000   -1.358204000    0.192126700
 537   11.036900000    1.019263000   -0.108285600
 538   -0.950000000   -0.208055600   -0.306660800
 539   -0.950000000   -0.890826500   -0.137929700
 540    2.134823000    0.284525700    0.557243500
 541   -0.810427600   -0.029473980    0.875083600
 542   -0.950000000   -0.992829200    0.647380200
 543   -0.950000000   -0.496187300   -0.696408300
 544    2.380628000    0.028691110    0.286663400
 545   22.278520000    1.635312000    1.101726000
 546   -0.112626700   -0.459353600   -1.086712000
 547   -0.910158500   -0.627364300   -1.654357000
 548    8.017240000    0.467796900    0.163816900
 549    8.329779000    0.599939000    0.295330500
 550   -0.950000000   -1.631344000    0.029083580
 551   10.365760000    0.782210800    1.573820000
 552   11.802300000    0.798391900    0.719448900
 553   18.410530000    1.741663000    1.620804000
 554   14.838910000    1.420146000    0.496527800
 555   -0.950000000   -1.881274000   -1.531882000
 556   -0.950000000   -0.952643700   -0.216406400
 557   -0.950000000    0.281461300    0.886712000
 558   -0.950000000   -1.254028000    1.618951000
 559   -0.950000000   -1.852634000   -1.543149000
 560   -0.950000000   -0.422499000   -1.417839000
 561   -0.950000000    0.252119300    0.335654400
 562    3.959027000    0.522810600   -1.227476000
 563    4.362707000    0.852181600   -0.448805600
 564   -0.950000000   -1.285482000   -0.106213200
 565    0.122893800    0.297404500   -0.037709610
 566    6.453884000    0.948880300   -0.102192900
 567   -0.950000000    0.124502400    0.084274240
 568   -0.950000000    0.001294928   -1.426579000
 569    3.386689000    0.513457100   -0.625739800
 570   -0.950000000    0.000045756   -0.337077900
 571    8.069427000    0.788731100    0.207427600
 572   -0.950000000   -0.310821300    0.080745570
 573   -0.950000000   -0.433523400   -0.318573100
 574   -0.950000000   -0.686903000   -1.352023000
 575   -0.950000000   -1.201999000    1.873663000
 576   -0.950000000   -0.422975200   -0.683088600
 577   20.851120000    1.862391000    0.255456700
 578   -0.950000000   -0.264380100    1.395121000
 579   -0.950000000   -1.914063000   -0.187535100
 580   -0.950000000   -0.507925300    1.253309000
 581   -0.950000000   -0.658365100   -0.936624600
 582   -0.950000000   -0.488354900   -0.499260200
 583   12.432010000    1.174822000   -0.623960900
 584   -0.950000000   -0.181462000    1.321217000
 585    3.073186000    0.194300300   -1.624429000
 586    5.315238000    0.600733900    1.278871000
 587    5.801758000    0.531588900   -1.013053000
 588   -0.950000000   -0.795157500   -0.725622100
 589    6.175708000    0.809621100    0.065338230
 590   -0.093512170   -0.146841400    0.694768400
 591   -0.950000000   -0.252685200   -0.688970700
 592   -0.950000000   -0.022315650    0.260424400
 593    1.754198000    0.460056800    0.777917500
 594    6.630861000    0.432377900   -0.866258100
 595    2.719734000    0.347866200    1.085135000
 596   -0.950000000   -0.963006900    1.064746000
 597   -0.950000000   -0.721086800    0.408234400
 598   -0.544123800    0.173000400    0.826027300
 599   19.252500000    1.359667000   -1.521428000
 600   -0.950000000   -1.802038000   -1.419993000
 601   13.742700000    1.039281000   -1.240964000
 602    3.820574000    0.265073500   -0.008791840
 603    9.258486000    0.806161100    0.434998300
 604   -0.950000000   -0.226680500    0.123892500
 605    3.975356000    0.118403900   -0.535978700
 606   -0.950000000   -1.467725000    0.554819100
 607    8.490851000    0.465533200   -1.332108000
 608   12.641300000    1.191572000    0.093310600
 609   -0.950000000   -0.608903500   -0.177580500
 610   22.663170000    1.916086000    0.351118700
 611   -0.950000000   -0.621189000   -1.215480000
 612    4.350945000    0.379376600    0.140107900
 613   -0.950000000   -0.247878200    0.048671850
 614    3.840554000    0.445354000   -0.167503100
 615   12.864160000    1.433355000    1.724160000
 616    7.989597000    0.669018800   -1.589494000
 617   -0.131388600    0.065944300   -0.307997700
 618   -0.950000000   -1.099651000   -0.062450000
 619    5.572345000    0.202845700   -1.230774000
 620   -0.950000000   -1.365619000    0.193267400
 621    1.583448000    0.127552900   -1.342932000
 622   -0.950000000   -0.467962500    1.523641000
 623   -0.950000000   -0.471030600   -0.115278500
 624   -0.950000000   -0.700211800   -0.452143600
 625    4.052786000    0.644368200    0.008333813
 626    8.649928000    1.131539000    1.195656000
 627    0.743837900    0.211751400    0.265896900
 628    4.997955000    0.338030200   -0.064514860
 629   12.590230000    0.929709200   -1.724562000
 630   -0.950000000   -0.462132000   -0.614519900
 631    0.477224400   -0.004143665   -0.350987100
 632   -0.950000000   -1.272506000    0.414882500
 633   13.884940000    1.422516000   -0.070265090
 634   -0.444501800   -0.179668600   -0.444031400
 635   -0.950000000   -0.342669600    0.739870900
 636    1.468133000   -0.154240600   -0.774925500
 637    0.309285600   -0.181754400   -0.587037400
 638   15.123860000    1.456391000    0.897027200
 639   12.167260000    1.154144000   -0.166391800
 640   -0.950000000   -0.041481810    0.787940400
 641   -0.950000000   -0.951887000    0.816016000
 642   13.566190000    1.069410000   -0.922600600
 643   11.720630000    1.032896000   -0.617543700
 644    3.954710000    0.365293700   -0.487788400
 645   -0.950000000   -0.249561700    0.144784500
 646    1.431981000    0.405008900   -0.146651700
 647   -0.950000000   -1.080621000    0.046276010
 648    9.341473000    1.544366000    0.321636300
 649   10.933440000    1.441252000   -1.239779000
 650   -0.950000000   -0.097188560    0.103268300
 651   18.142060000    1.967415000    0.327810200
 652   -0.950000000   -1.150047000   -1.031426000
 653    0.086675510    0.048428200   -1.037037000
 654    6.545415000    0.889924500   -0.781915500
 655   -0.950000000   -1.857498000    0.440121100
 656   -0.950000000   -0.821293200    0.663002500
 657   -0.950000000   -1.422304000   -0.820504000
 658    0.106049700    0.078444090   -1.288331000
 659   -0.950000000   -0.928341700   -1.288233000
 660   -0.888259200    0.622421500    0.852542200
 661    1.743383000    0.200584800   -1.086648000
 662   -0.950000000   -0.821423400   -1.392372000
 663    0.912222600    0.297035200    0.852862600
 664    1.131119000    0.345332500   -0.052955270
 665   -0.950000000    0.011991340   -0.421459600
 666   -0.950000000    0.461073900    1.281879000
 667   -0.950000000   -1.698130000    0.901068600
 668   -0.950000000   -1.066846000   -0.602797400
 669   15.621540000    1.794111000    0.185569900
 670   -0.950000000   -0.678715100    0.427232800
 671   -0.950000000   -1.344577000    1.617877000
 672   -0.950000000   -1.059523000   -1.246545000
 673   -0.950000000   -1.124556000   -1.341737000
 674    7.283833000    1.062687000    0.502645700
 675    3.776925000    0.517075200   -0.508993000
 676   -0.771378900   -0.319175000   -0.223181900
 677    2.447094000   -0.144409700   -0.205559000
 678   -0.950000000   -1.457636000   -0.096819270
 679   -0.950000000   -0.653875000    0.243027400
 680   -0.950000000   -0.940022000    1.077585000
 681   -0.950000000   -1.317134000    1.677029000
 682   18.856030000    1.586215000   -1.065071000
 683    3.978751000    0.196991700    1.435759000
 684    5.232345000   -0.045781070   -1.109311000
 685   12.273360000    1.042487000    1.456132000
 686    0.498093000   -0.182597600    0.758080900
 687   13.980950000    1.169151000    0.409478900
 688    1.563175000   -0.066492630    0.201432100
 689    1.627139000   -0.262898100   -1.072127000
 690    0.826652000   -0.512976600   -1.080197000
 691   -0.950000000   -0.695879700    0.189992600
 692    1.485361000    0.292541500   -1.469167000
 693   -0.950000000   -0.908942700   -0.823405700
 694    2.088227000    1.136194000    1.517318000
 695   -0.950000000    0.383132000    0.684872000
 696   -0.950000000    0.188883000    0.556720000
 697   -0.950000000   -1.069617000   -0.200911900
 698   -0.950000000   -0.786230900    0.147517400
 699   -0.950000000   -1.642997000    0.576771100
 700   -0.950000000   -0.403834800   -0.968819700
 701   -0.950000000   -1.011728000   -0.209809700
 702   -0.950000000   -0.005417272   -1.092493000
 703   -0.950000000   -0.501080600   -1.550354000
 704   -0.950000000   -0.372633200    0.285251000
 705   -0.950000000   -0.675588700   -0.229969200
 706   -0.950000000   -0.698560700   -0.652363900
 707   -0.950000000   -0.837259100   -1.220225000
 708   15.787000000    1.329479000   -1.744360000
 709   11.168240000    1.635487000    0.933633800
 710   -0.950000000   -0.891299200    1.231675000
 711   -0.950000000   -0.723139700   -0.627012900
 712    9.199722000    1.029045000    0.112894000
 713    4.071798000    0.347806300   -1.117665000
 714   -0.950000000   -0.781497500    0.646678200
 715   11.743050000    0.952061300   -1.134136000
 716    0.318633700   -0.261044000   -1.226257000
 717   -0.392977700    0.170156000    0.179590100
 718   -0.950000000   -0.277264200    0.204774400
 719   14.075550000    1.365350000   -0.223752800
 720    1.167014000   -0.174353800    1.284908000
 721   11.085590000    1.348931000   -0.119325300
 722    7.878560000    0.886884900   -0.708942000
 723   -0.950000000   -1.067089000   -0.354326000
 724   -0.950000000   -1.893231000   -0.156426900
 725    1.739237000    0.324965900    0.538945500
 726   10.442730000    0.764215500   -1.201180000
 727    2.307955000    0.781389800    0.111781700
 728   -0.478810400    0.420354400    0.646653200
 729   -0.950000000   -0.166054900    0.578870900
 730    0.537131400    0.301501100    0.674828400
 731   -0.950000000   -0.250510700    0.310073800
 732   -0.950000000   -0.790066700    0.027270250
 733    8.537322000    0.878375200   -0.317263000
 734   13.723660000    1.683679000    0.696049800
 735    8.516126000    0.976214500   -0.766194600
 736   -0.950000000   -0.488577900   -0.744707600
 737    7.661363000    0.481783700    0.503268000
 738   -0.950000000   -0.898136400    0.718324200
 739   -0.950000000   -0.473316100    0.355494600
 740    2.038482000    0.114830000   -0.116867600
 741    0.033186010   -0.679416000   -1.934651000
 742   -0.950000000   -0.882681300    0.219169600
 743   14.075680000    1.036894000   -1.110910000
 744   10.374010000    1.746720000    0.374450800
 745   -0.950000000   -0.813295600    0.212388000
 746   -0.567324000   -0.139199500   -0.472064300
 747   10.664750000    1.351481000    0.193423600
 748   -0.950000000   -0.100175000    0.818079900
 749    1.738319000    0.355586300    0.250918900
 750    2.038557000   -0.075122080   -1.062714000
 751   -0.950000000   -0.662381700   -1.727983000
 752   -0.950000000   -0.828496700   -0.652020900
 753   12.252240000    1.233953000   -0.256760500
 754    1.041419000    0.071807920   -0.624093400
 755   12.795200000    1.024781000   -0.136897600
 756   -0.950000000   -0.432852000    0.567727100
 757    4.208701000    0.224733600    0.006312213
 758    5.350903000    0.330895200   -0.868716900
 759    8.581525000    0.799523600   -0.015324360
 760   -0.950000000   -0.875226100   -0.509452300
 761   18.712370000    1.493201000    0.872233300
 762   21.201890000    1.710538000   -0.464959100
 763    9.117669000    0.634696600   -1.316643000
 764    1.376860000    0.125288100    0.059953110
 765   -0.950000000   -0.686192700    1.594702000
 766   10.739300000    1.376591000   -0.635093400
 767   -0.950000000    0.197251900    0.988440200
 768   -0.950000000   -0.613326200    1.007159000
 769    1.828419000    0.662553800    1.065260000
 770   -0.950000000   -1.398790000   -1.504685000
 771   11.480630000    1.032923000   -0.825136400
 772    1.521361000    0.495439100   -0.060684920
 773    6.119238000    0.655363800   -0.772121600
 774   -0.950000000   -0.965351300    0.557922000
 775   -0.950000000   -0.103711900   -0.502494500
 776   -0.950000000   -0.557946600   -0.457188600
 777   -0.950000000   -0.347884700   -1.356876000
 778   -0.950000000    0.007408257   -0.325475300
 779   -0.950000000   -0.337048700    1.471812000
 780   -0.950000000   -0.288837600   -0.764653100
 781   16.672600000    1.391021000    0.312421500
 782    3.369120000   -0.085719470   -0.521542400
 783   -0.950000000   -0.591119000   -0.348981400
 784   -0.950000000   -0.432770000    0.517867900
 785   -0.950000000   -0.790407900    0.573471200
 786    7.620281000    0.863849200    1.797826000
 787    4.601722000    0.248163700   -0.651026400
 788   -0.950000000   -1.340019000    0.623691300
 789    5.526966000    0.304690100   -0.499965700
 790   -0.950000000   -0.931465300    0.606582800
 791    5.950275000    0.270800400   -0.472457000
 792    1.045655000    0.370927400    0.822050200
 793   15.058890000    1.434302000    0.175102200
 794    2.057353000   -0.124465400   -0.247789900
 795   -0.950000000   -0.758832600   -0.415132200
 796   -0.950000000   -1.336381000    0.143148200
 797   -0.950000000   -1.908908000    1.586478000
 798   12.380580000    0.614997200    0.054979020
 799    9.960773000    0.888621300    0.730432800
 800   16.400950000    0.904605300    0.355902800
 801    1.731541000   -0.323202100    1.050730000
 802   10.624490000    0.423828300   -1.462514000
 803   11.571220000    0.599420800    0.011881060
 804    8.608608000    0.391713900    0.246562900
 805   28.536200000    1.551637000   -0.812472200
 806    4.442547000    0.457597400    1.404336000
 807   14.183070000    0.584984200    0.672117400
 808   17.081580000    1.143668000    0.588008000
 809   -0.950000000   -1.141881000    0.273479800
 810   -0.950000000   -0.758169000    0.562092500
 811    8.405238000    0.959372400    0.912602600
 812   -0.950000000   -1.437102000   -0.185210500
 813   -0.950000000   -0.779508500    0.918027100
 814    7.608166000    0.798100500    0.894492000
 815    4.660892000    0.318372200    0.316499300
 816   -0.950000000   -0.697091000   -0.705033200
 817    8.334119000    0.657772500   -0.564763300
 818   -0.950000000   -0.335531400    1.910180000
 819   -0.950000000   -1.664828000   -0.852546800
 820    7.308650000    0.816974900   -0.095491580
 821   -0.950000000   -0.302993800    0.261895700
 822   -0.950000000   -0.758167800   -0.727878500
 823   11.384930000    1.201828000    0.551184700
 824    2.557329000    0.381554100    0.268563600
 825   -0.950000000   -1.219669000   -0.018830910
 826    4.393420000    0.054907430   -1.110169000
 827   -0.950000000   -0.280290100    0.608109900
 828    5.417249000    0.327103000   -0.411560700
 829   -0.950000000   -1.432926000    0.606663700
 830    5.409255000    0.347306600   -0.288236500
 831   12.356890000    1.167453000    0.788898100
 832   -0.950000000   -0.891599600   -0.864880100
 833   16.476960000    1.487182000    0.649179000
 834    5.067348000    1.562601000    1.893592000
 835    6.488863000    0.493866100   -0.220358600
 836   -0.950000000   -1.129941000    0.505422200
 837   -0.950000000   -0.324086100    0.540828600
 838   -0.950000000   -0.948068900   -0.005651030
 839   -0.950000000   -0.418141200   -0.663527600
 840   -0.950000000   -1.331514000   -0.832248800
 841    6.709145000    0.478843800   -0.123780900
 842   -0.950000000   -0.819554900   -0.196313100
 843   -0.950000000   -0.814197200    1.044855000
 844    2.551843000   -0.544746700   -1.551842000
 845   26.577210000    1.887677000   -1.286265000
 846   -0.950000000   -1.161700000   -0.681537400
 847   16.990180000    0.931277800   -1.729856000
 848    4.992803000    0.037522990   -0.095896650
 849   11.366680000    0.737255400    0.013803760
 850    4.578052000    0.422256400    0.184139800
 851   15.366770000    1.324883000    0.193944400
 852   19.510400000    1.571308000   -0.216951600
 853   21.251380000    1.508489000   -1.502153000
 854    4.236158000    0.107661300   -0.143263200
 855   17.937720000    1.521496000    0.529081500
 856    3.765592000    0.171330400   -0.910926400
 857   -0.950000000   -0.861496200    1.905272000
 858   -0.950000000   -0.273001800    0.332742000
 859   16.854940000    1.271403000    0.513977800
 860   -0.810542000   -0.297957500   -0.434012200
 861   -0.950000000    0.057966900    1.706260000
 862   -0.950000000   -0.034322890    0.326578000
 863   -0.040677210    0.236944700    0.793502300
 864   -0.950000000   -0.253924900    0.790207500
 865   11.744520000    0.983864500   -0.016428520
 866    2.199425000    0.080497200    0.566893300
 867   -0.950000000   -1.037372000   -0.178309700
 868   -0.950000000   -1.275130000   -1.151004000
 869   -0.950000000   -1.271160000    1.336002000
 870    6.172382000    0.365703000   -0.656245100
 871   -0.912315300    0.221402100    1.782188000
 872   -0.950000000   -1.704362000    0.283124400
 873   -0.950000000   -1.252916000   -1.298059000
 874   -0.950000000   -1.263337000    0.307775000
 875   13.906500000    0.908166200   -1.962575000
 876   18.768840000    1.375075000   -1.677537000
 877   -0.950000000   -0.629957800    0.172637900
 878    2.398578000    0.626334900    1.017388000
 879    2.035896000    0.336508100   -1.191928000
 880    8.024774000    0.980939300   -1.145888000
 881   -0.950000000   -0.448767400   -1.165252000
 882    8.008229000    1.090580000   -1.035202000
 883   -0.950000000   -0.067413580    0.494945200
 884   -0.950000000   -1.255471000   -0.911456700
 885    5.867378000    1.104458000    0.234240500
 886   13.046170000    1.056822000   -0.121891000
 887   -0.950000000   -1.894240000    0.051987590
 888   -0.950000000   -0.367865600    0.157261400
 889   -0.950000000   -0.999312800   -1.090717000
 890   -0.950000000   -0.634447500   -0.211813800
 891    3.047674000    0.444908800    0.779323800
 892    6.874307000    0.777259500    0.437574900
 893   -0.950000000   -0.055870740    0.791303000
 894   -0.950000000    0.150608300    1.356930000
 895   19.459210000    1.914871000   -1.169928000
 896   -0.950000000   -1.110093000   -0.696829100
 897   -0.950000000   -1.604478000    1.714196000
 898   -0.950000000   -1.157417000    0.183784700
 899   -0.950000000   -0.429301300    0.469466700
 900    5.125360000    0.541673200   -0.979179700
 901    3.575773000    0.284824600   -0.707041100
 902    1.746563000    0.023179940   -1.048666000
 903   -0.852903100   -0.034115070   -0.166968400
 904   -0.950000000   -0.457486800    1.383324000
 905    9.444900000    0.708134200   -0.857945600
 906   -0.950000000   -1.101953000    0.167245500
 907    0.808448300   -0.097553730   -0.310494900
 908   14.907460000    1.297526000   -0.721702000
 909    3.709374000    0.464979200   -1.224201000
 910    2.884342000    0.040724210   -0.758835700
 911   20.836810000    1.704593000   -0.612889800
 912   -0.950000000    0.020095340    0.308538200
 913   -0.950000000   -0.317865100    0.057404910
 914   -0.950000000    0.360173800    1.821168000
 915   -0.950000000   -0.826087700   -0.688894200
 916   -0.950000000   -0.092757980   -0.627088700
 917   -0.950000000   -0.179048700   -1.192187000
 918    3.044954000    0.298665400   -0.712402900
 919   -0.950000000   -1.049974000   -0.528976500
 920    3.190158000    0.242526000   -0.751648900
 921   -0.950000000   -0.421472500    1.001064000
 922   -0.950000000   -0.536020800    0.119018100
 923   -0.084746190    0.075339000   -0.638539700
 924    0.831282300    0.420450400    0.956319700
 925    7.196282000    0.959323200   -0.836680100
 926   -0.950000000   -1.944140000    0.103566900
 927   -0.950000000   -0.926667100    1.794621000
 928   -0.950000000   -1.184603000    1.412091000
 929    2.746395000    0.631453900    0.969196800
 930   -0.950000000   -1.609324000   -1.204521000
 931   -0.950000000   -0.631995700   -0.034827890
 932    5.970190000    0.100301700   -0.237601000
 933   16.521990000    0.974930500    1.183967000
 934   14.089120000    1.876847000    1.168359000
 935    7.395195000    0.684377900    0.689582400
 936   20.701780000    1.871000000    0.308575100
 937    4.948341000    0.429383600    1.291204000
 938   13.024160000    0.791101900   -0.440670200
 939    6.740672000    0.524796200   -0.154255700
 940    5.328077000    0.034490170   -0.471170400
 941    6.564627000    0.120429000    0.735735900
 942   -0.950000000   -1.663091000    0.643193000
 943   -0.950000000   -0.756390800   -0.180139800
 944    0.354969700   -0.272720600   -0.015591850
 945    7.763395000    0.335923100   -0.906364100
 946   -0.950000000   -0.892159800    1.356794000
 947   -0.950000000   -0.607317100    1.133183000
 948   -0.950000000    0.279077500    0.327738800
 949   -0.950000000   -1.999994000    0.390431600
 950   -0.950000000   -0.222827400   -0.435482600
 951   -0.950000000    0.198561200   -0.392781200
 952    3.939801000    0.375468700   -1.574087000
 953   -0.950000000   -0.326438200   -0.397981600
 954    4.603297000    0.834872600   -1.942674000
 955   -0.950000000    0.506757800    1.538326000
 956    3.161605000    0.552861900   -0.835006000
 957   -0.950000000   -0.855843500    0.571427900
 958   -0.950000000   -1.601436000   -0.311095600
 959   -0.950000000    0.197225100   -0.267696500
 960   -0.950000000   -1.879891000   -1.732741000
 961   -0.950000000   -0.967356800    0.288105900
 962   -0.950000000   -0.195917400   -1.453671000
 963    0.329492400    0.509879600   -0.018667920
 964    3.126432000    0.242084400   -0.909770900
 965   -0.950000000   -1.473442000    0.449339200
 966   -0.950000000   -0.487655300   -0.982761300
 967   -0.549521800    0.280136900    0.150633600
 968   -0.950000000   -0.359401800   -0.669670900
 969   -0.950000000   -0.771737900   -0.189173000
 970   -0.950000000    0.077214960   -0.846806100
 971    8.081485000    1.368232000   -0.050849610
 972   -0.950000000   -1.606056000   -1.094862000
 973   -0.950000000   -1.250223000    1.950454000
 974    3.859690000    0.580002200   -0.366186400
 975   -0.950000000   -0.911379700   -1.341343000
 976   -0.950000000   -0.960079700   -0.198765100
 977   16.416440000    1.154746000    0.039667250
 978   -0.950000000   -0.823878300   -0.297626600
 979   14.731070000    1.066025000   -1.721412000
 980    9.202885000    0.807812400    0.444373200
 981   -0.950000000   -1.196270000   -0.158651900
 982    0.183355300   -0.614434400    0.710462800
 983   -0.950000000   -0.217140900    1.009173000
 984   -0.950000000   -0.476287500    1.257091000
 985   14.346900000    1.115300000   -0.146111800
 986    2.795706000   -0.025427090   -0.026050150
 987   10.912310000    0.881652600    0.601482900
 988   14.495790000    1.482405000    0.348489600
 989   12.818140000    0.960544100   -0.570039900
 990   -0.950000000   -0.835265200    0.808821000
 991   -0.950000000   -0.873932900    0.206295800
 992    4.836250000    0.541544800   -0.116494000
 993   -0.950000000   -0.392413000    0.601058000
 994   -0.950000000   -1.304409000   -0.259368800
 995   14.397360000    1.186311000    0.149148400
 996   -0.950000000   -0.262540500   -0.426341400
 997   -0.950000000   -1.649318000   -0.193500000
 998    5.488632000    0.462524600   -0.802098200
 999    2.759663000    0.510269300    0.583413000
1000   -0.950000000   -1.413076000   -0.576224200
1001   12.210400000    1.168770000    0.042914590
1002   -0.568383100    0.026257980    0.369521600
1003   -0.950000000   -0.101077600    1.512959000
1004    5.940371000    0.826226400   -0.276278100
1005   17.257470000    1.337780000   -1.739981000
1006    3.326416000    0.419492100   -0.880225000
1007    5.582037000    0.507651800   -0.667922600
1008   -0.950000000   -0.023048710   -0.032033500
1009    7.092394000    0.691104400   -0.731137200
1010   -0.364273000   -0.019208960   -0.832333700
1011    6.966494000    0.860730800   -0.056191370
1012   -0.950000000   -0.552168600   -0.914718500
1013   -0.950000000   -1.015463000   -0.545494600
1014    5.379631000    0.593924300    0.163509600
1015    4.518125000    0.650429800    1.117049000
1016    1.503542000    0.120653000   -0.825001100
1017   -0.950000000   -0.779406100   -0.185946100
1018    2.592498000    0.256743200    0.791301600
1019   -0.950000000   -0.695603300   -0.570969700
1020    3.843497000    0.699627000    0.318811300
1021   15.439890000    1.019576000   -1.244039000
1022   13.540250000    1.399875000   -0.332541500
1023    1.854071000    0.906001900    1.437504000
1024    5.377545000    0.237221600   -0.234383400
1025   -0.950000000   -0.210055700    0.586927900
1026    3.220599000   -0.071301460   -0.813893100
1027   -0.950000000   -0.781866900    1.280665000
1028    3.216198000    0.449439500    0.860984800
1029    6.898262000    0.886855900    0.073686010
1030   -0.950000000   -0.518780600    0.686392800
1031   -0.950000000   -1.291951000    0.910530500
1032   -0.950000000   -0.162903100    1.068116000
1033   -0.950000000   -1.231295000   -1.421408000
1034    8.699932000    0.653118600   -0.002091508
1035    6.210432000   -0.034505130   -1.725774000
1036   -0.950000000    0.445575100    1.188661000
1037   -0.950000000   -1.585871000    1.248416000
1038   -0.950000000   -1.472833000   -1.633493000
1039    3.407634000    0.221973500   -1.637554000
1040    7.060446000    1.028698000   -0.329018200
1041    4.708001000    0.877951600    0.179908800
1042    2.985632000    0.461224000    0.233226300
1043   -0.950000000   -0.593916600   -0.476079100
1044   -0.950000000   -0.198709900   -0.675457200
1045    3.675508000    0.481779600   -0.513190800
1046   -0.950000000   -0.373231000   -0.450736500
1047   -0.950000000   -1.125611000   -1.302235000
1048   -0.950000000    0.065363430   -0.536469400
1049   -0.950000000   -0.751444500    1.955893000
1050   -0.950000000   -1.859848000   -0.201368300
1051   -0.950000000   -0.360646800   -0.891743200
1052   -0.950000000   -1.377341000    0.136017100
1053    9.541417000    0.803959900   -0.599288600
1054    9.359741000    1.142951000    1.962373000
1055   -0.950000000   -0.556300000    1.514375000
1056   -0.318353500   -0.364961600   -1.770994000
1057    8.254484000    0.756427700   -0.155385100
1058   -0.950000000   -1.861849000   -1.140845000
1059    6.545076000    0.820566600    1.613963000
1060   -0.950000000   -0.557472400   -0.712168900
1061   -0.950000000   -0.294429600   -0.088872070
1062   11.460110000    0.860001600   -1.381400000
1063    5.181221000    0.758134800    0.858481500
1064    4.216700000    0.524321800    0.060385970
1065   -0.950000000   -0.603181900   -0.725973900
1066   -0.950000000   -0.985891200   -0.927131000
1067   12.046610000    1.381653000    0.320650600
1068   -0.950000000   -1.461179000   -0.866259100
1069    7.374130000    0.724958800   -0.368075100
1070   -0.950000000   -0.243696500   -1.203069000
1071   -0.950000000    0.434360600    1.900098000
1072    6.888332000    0.400873800   -1.400238000
1073    5.941021000    0.705266300    0.057794770
1074   -0.950000000   -1.014995000   -1.180291000
1075   12.988440000    1.110194000   -1.400937000
1076    3.582727000    0.570736700    0.917933100
1077    0.127972000    0.323842500    0.294217300
1078    6.211152000    0.850859200    1.106120000
1079   -0.950000000    0.013983840    1.058487000
1080   -0.950000000   -1.732251000    0.514981900
1081    5.171134000    0.630454400    1.829263000
1082   16.563280000    0.977492400   -0.259512600
1083    4.778661000   -0.292620400   -0.666026300
1084    9.303040000    0.474419600    0.360049600
1085    9.555794000    0.918489700    0.659988500
1086   12.785230000    0.852391400    0.449896200
1087   12.026220000    1.475686000    1.771002000
1088   14.590720000    0.799271200    0.098039660
1089   12.996120000    0.753576900    1.175500000
1090   14.361550000    1.304549000    0.747208700
1091    6.337704000    0.123833800    0.698114100
1092    8.461289000   -0.243165800   -1.833156000
1093    4.886886000    0.096566300    0.351083700
1094    2.747900000   -0.763116100   -1.139122000
1095   -0.950000000   -1.353295000    0.633863000
1096   11.876850000    1.202385000    0.161366300
1097   -0.950000000    0.165556300    0.179349500
1098   18.654940000    1.694061000    0.489307700
1099   -0.950000000   -0.445583600   -0.316195400
1100   16.238860000    1.607668000   -1.641284000
1101   -0.950000000   -0.519748300    0.008078610
1102   -0.950000000   -1.576667000   -0.360617200
1103   -0.950000000   -1.387840000    0.570941300
1104   -0.950000000    0.346918700    1.539090000
1105   -0.167840000    0.490368000    1.009119000
1106   -0.950000000   -1.083436000   -0.138627900
1107   -0.950000000   -0.008086345   -0.039044500
1108   -0.950000000   -1.069820000   -0.451996800
1109    0.462302000    0.268653000   -0.583893800
1110   -0.950000000   -0.901698200    1.711590000
1111    2.357291000   -0.307486000   -0.791059200
1112    5.889731000    0.363993000   -0.313259700
1113   19.326190000    1.405406000   -0.589897100
1114    6.195228000    0.044622530    0.336985000
1115   14.385350000    0.898918100   -0.504854400
1116    7.639631000    0.228553100   -0.328679100
1117   10.510430000    0.498650600   -0.427077500
1118   -0.950000000   -0.791262800    1.393706000
1119   12.596870000    1.166655000   -0.234979600
1120    7.598069000    0.345653000    0.219519600
1121    7.238645000    0.298275600    0.322402700
1122    2.221819000   -0.013131210    0.976335900
1123    4.224375000   -0.235445200    0.955003200
1124    8.925504000    0.600061200    1.395323000
1125    7.996707000    0.534958600    1.163582000
1126    6.150066000    0.304833400   -0.543419800
1127   11.469960000    1.626713000    0.768676000
1128   -0.950000000   -1.571379000   -1.866242000
1129   -0.950000000   -0.808394400   -0.843381800
1130    9.015632000    0.818144800   -0.447996700
1131    5.391330000    0.293302700    0.212250400
1132   -0.950000000   -1.035097000    0.411392600
1133   14.245680000    1.104080000    1.894248000
1134    0.884879600    0.211914100    1.374471000
1135    4.943252000    0.041685820   -0.777822900
1136    6.438137000    0.674348300    1.065353000
1137    6.225854000    0.674290000    0.308963900
1138   -0.950000000   -1.234443000    0.342638800
1139   10.437130000    1.070574000    0.017328340
1140   -0.950000000   -1.676330000    1.000379000
1141   11.202120000    0.922634600   -1.315489000
1142    0.967688000    0.464408400    0.385253200
1143    6.772427000    0.738305600    0.310466700
1144   11.213110000    0.989129900   -0.510269000
1145   -0.950000000   -0.113196400    0.518064100
1146   -0.950000000   -0.561791700   -1.273990000
1147   -0.950000000   -0.696461500    0.588608500
1148   -0.163078500    0.033477830    0.115511800
1149   -0.950000000   -0.583027000    0.497536700
1150   -0.950000000   -1.581995000    1.755982000
1151   -0.950000000   -0.145488900    0.291349500
1152    4.815999000    0.547319100   -0.662886000
1153   -0.950000000   -0.924217600    0.744295900
1154    3.664044000    0.234314100   -1.518286000
1155    5.563499000    0.946326100    0.976837500
1156    9.686413000    0.516950100   -0.964715800
1157   13.075930000    0.762173500   -0.131977700
1158   -0.950000000   -1.882954000   -1.136473000
1159   -0.950000000   -0.109582800    1.188400000
1160    0.808761200   -0.078686210    0.701785000
1161    7.010478000    0.432268700   -0.428694800
1162   14.732540000    1.170035000   -0.606692700
1163   14.330480000    1.114908000    0.310359400
1164    8.768531000    0.494803000    0.255203300
1165   21.489200000    1.588068000   -0.112872100
1166   14.292070000    1.028713000    0.510984000
1167   -0.950000000   -0.352353200    0.003839867
1168   14.982040000    0.931019900   -0.854578600
1169    3.109139000    0.171227200    0.457243100
1170    4.827361000    0.175151400   -0.564509000
1171    0.937755900    0.133889700    0.732710600
1172    7.955644000    0.550773700    0.790255400
1173   17.297730000    1.446771000   -0.855878200
1174    4.285869000   -0.356660400   -0.928941500
1175    5.858690000    0.000648426   -0.041365410
1176   -0.950000000   -0.376481100    1.614958000
1177    1.933508000   -0.319031700    0.425266300
1178    3.094913000    0.147015400    1.226125000
1179   10.991990000    0.668444200    1.278586000
1180   13.464140000    1.058860000    1.057096000
1181   -0.950000000   -0.352124600    1.525963000
1182   14.454320000    1.203108000    0.338423500
1183    6.833914000    0.416600900    0.138482000
1184   -0.419588000   -0.621067700   -0.346662900
1185   -0.950000000   -1.389139000    0.178987800
1186   -0.950000000    0.048370190    1.077287000
1187   -0.950000000   -0.405932800    0.643284400
1188    3.331315000    0.024746130   -1.418077000
1189   -0.950000000   -0.346595100   -0.722860300
1190   10.684620000    0.852624100   -1.646588000
1191    9.857646000    0.947331800   -0.891277000
1192    8.649244000    0.797841700   -1.523160000
1193   -0.950000000   -0.567262100   -0.180448600
1194   -0.950000000   -0.470729300    1.186577000
1195    0.893417200    0.381221300   -0.514578000
1196    5.636436000    0.278981200   -1.334772000
1197   -0.950000000   -0.951956900    0.799757500
1198   15.727900000    1.629856000    0.377968400
1199   -0.950000000   -0.679072500   -0.492925000
1200    3.755662000    0.396414200    0.489898100
1201    8.940254000    0.902525200   -1.646826000
1202   -0.950000000   -0.449615600    0.724600600
1203    5.603929000    0.410141000   -0.202163200
1204   -0.950000000   -0.794412000    0.077921930
1205    0.892132400    0.218268200    0.935115000
1206   -0.950000000    0.294355800    0.714570600
1207   -0.950000000   -1.592912000   -0.141053300
1208   -0.950000000   -0.371252800   -0.676469500
1209   11.916400000    1.416496000    0.476637200
1210   -0.950000000   -0.335593900   -0.225192800
1211    2.958522000    0.351994300   -0.149625900
1212    9.806507000    1.257798000    1.030624000
1213   -0.522760300   -0.049900470   -0.229357800
1214   -0.950000000   -1.186867000   -1.052143000
1215   16.614130000    1.431184000   -1.235168000
1216   17.313060000    1.317393000   -1.127596000
1217   19.326110000    1.183225000    0.045211940
1218   16.016480000    1.262891000    1.178971000
1219   -0.950000000   -0.604088200    0.979206800
1220   10.384340000    0.391949300   -0.778909600
1221   -0.950000000   -0.758713600    0.172079300
1222   -0.950000000   -0.688310700   -0.604460500
1223    7.933485000    0.321480900    0.358365700
1224   -0.950000000   -0.577616000   -0.144678200
1225   10.685340000    0.809099900   -0.108401100
1226    3.245029000    0.121128300    0.115929100
1227   -0.950000000   -0.087221430    1.098690000
1228   -0.950000000   -1.173454000    0.161282600
1229   -0.950000000   -1.616056000    1.049961000
1230    5.013074000    0.326845100    0.999218200
1231    5.903201000    0.617463800   -1.059840000
1232   14.601230000    1.170034000   -1.613870000
1233    1.884325000   -0.107363700   -1.685710000
1234   -0.950000000   -0.278092000    0.148976800
1235   -0.950000000    0.367007900    1.220704000
1236   -0.950000000   -0.100391900    1.748350000
1237   -0.950000000   -0.086617060    0.677215400
1238   16.944470000    1.413638000   -0.561880900
1239   -0.950000000   -0.480347800   -1.614794000
1240   -0.950000000   -0.721258600   -1.528751000
1241   -0.950000000    0.055814410   -0.010193380
1242    1.434067000   -0.150870600   -1.559703000
1243   -0.950000000   -0.033097760    0.120935300
1244   -0.950000000   -1.220296000    0.310703400
1245   -0.950000000   -0.271057600    0.195749400
1246    5.692450000    0.383489000   -1.003466000
1247   -0.950000000   -0.198204900   -0.446338000
1248   -0.950000000   -0.520583300    0.040419110
1249   -0.950000000    0.042395980    1.358483000
1250    2.998392000    0.185235300   -0.753973400
1251   -0.950000000   -0.601227700   -0.031417680
1252   -0.950000000    0.147839500    0.888107300
1253    7.373866000    0.814271900    0.446660300
1254    1.442403000    0.611850700    1.599422000
1255   -0.761403100   -0.057198070    0.147827400
1256   -0.950000000   -1.282485000   -1.238475000
1257   -0.950000000   -1.077011000   -0.845197100
1258   -0.950000000   -1.607451000   -1.930753000
1259   -0.950000000   -0.862722000   -0.080008940
1260   -0.950000000   -0.685502900    0.788818600
1261   13.860080000    0.877107900   -0.830059400
1262    2.977788000    0.051273460   -0.370128700
1263   13.086810000    1.451931000    1.170778000
1264    1.718338000   -0.060495020    0.063983310
1265   -0.950000000   -1.269230000   -0.553251300
1266    1.353194000    0.127321700   -0.027669070
1267    8.116932000    0.937654500    0.227687400
1268   -0.950000000   -0.494352500   -0.663283800
1269    3.641942000    0.140943700    1.517824000
1270    9.219155000    0.915881400    0.379962600
1271    7.954881000    0.911581600    1.830142000
1272   -0.950000000    0.023419730    0.999669900
1273   -0.256322500   -0.335523400   -0.752770500
1274   16.344460000    0.954615600   -1.277139000
1275   -0.950000000   -0.180315000   -0.569696200
1276   -0.950000000   -0.181332000    1.129225000
1277   -0.950000000    0.051697560    0.410407000
1278   -0.950000000   -0.856850800    0.535715400
1279   -0.950000000   -1.292410000   -0.111907500
1280   -0.950000000   -1.339239000   -0.195301200
1281   -0.950000000   -0.618027800   -0.937311700
1282   11.587740000    0.752651700   -1.017725000
1283    3.609073000    0.469634000   -0.394681000
1284   -0.950000000   -0.053646150    0.605673900
1285    5.418050000    0.335812600   -1.675454000
1286    6.194803000    0.637859300    0.540695500
1287   12.538900000    1.586145000   -0.337190700
1288   -0.950000000   -0.253158700   -0.360458000
1289   12.174980000    1.143142000   -0.222676500
1290   -0.950000000   -1.842602000    0.376338900
1291   -0.950000000   -1.832089000    0.784506700
1292   -0.950000000   -1.119790000    0.479795100
1293   -0.950000000   -1.004738000   -1.893792000
1294   -0.950000000   -1.760949000    1.078253000
1295   -0.950000000   -1.284612000    1.754259000
1296    3.890473000    0.452312300   -1.701635000
1297   -0.950000000   -1.475650000    1.084509000
1298    1.490408000    0.025471580   -1.484244000
1299   -0.950000000   -1.043716000    0.681299900
1300   -0.950000000    0.096390550    1.863523000
1301    8.644429000    1.051458000    0.368282300
1302   11.026930000    1.206637000    0.227626900
1303    8.620901000    1.111008000   -0.093171850
1304   -0.950000000    0.218260400    1.500479000
1305    2.108978000    0.572511400    0.356684400
1306   -0.950000000   -0.481282400   -0.898530300
1307   -0.110458400   -0.466100200   -1.123642000
1308   -0.950000000   -0.369771600   -0.324397200
1309   -0.950000000   -0.939338600    0.905518200
1310   -0.950000000   -0.736691200    1.120515000
1311   11.089530000    0.943088300    1.998580000
1312   -0.950000000    0.020142400    1.007997000
1313   -0.950000000   -1.550835000    0.705814500
1314    6.278190000    0.341132700    0.131300300
1315    1.153530000   -0.094602410   -0.534646000
1316   18.140150000    1.819284000   -0.034812890
1317   -0.950000000   -1.386279000    1.166450000
1318   -0.950000000   -0.713840600   -0.010159830
1319   14.395480000    1.360433000   -0.060288100
1320   11.891170000    1.200485000    0.464723700
1321   -0.950000000   -0.179458700    0.452467100
1322   -0.950000000   -0.028476350    1.876091000
1323   -0.950000000   -1.274209000    0.052876560
1324    2.677363000   -0.047903130   -1.148740000
1325   -0.950000000   -0.226680400    1.946193000
1326   10.985020000    1.245115000   -0.049287210
1327    7.723162000    0.960362100    0.036163950
1328   -0.552625900    0.315410700    0.449799800
1329   17.491640000    1.989242000   -0.003647640
1330    8.898415000    0.769561400   -1.085105000
1331   -0.950000000   -0.354567000   -0.935769900
1332   -0.950000000   -1.617980000   -0.089240100
1333   -0.950000000   -0.135829500    0.491122400
1334    4.834262000    0.205457800   -1.083802000
1335   -0.950000000   -1.190550000    0.478906200
1336   -0.950000000    0.350050700    1.397788000
1337    0.516851500    0.250156500   -0.809464700
1338   -0.950000000   -1.685545000    0.598417400
1339   -0.950000000   -0.889676400    1.382120000
1340   -0.950000000   -1.390269000   -0.602373400
1341   -0.950000000    0.576700900    0.712344200
1342   -0.519830400    0.318591300    0.001306400
1343   -0.950000000   -0.638016300   -1.314039000
1344   -0.950000000    0.210608200    0.415357200
1345   -0.950000000   -0.262396700   -1.872247000
1346   -0.950000000   -0.417086300   -1.530308000
1347   17.952160000    1.591796000   -0.895034600
1348   -0.950000000   -1.002188000    0.197961100
1349   -0.950000000   -0.620182500    0.792330000
1350   -0.950000000   -0.817136900   -1.130790000
1351    4.428585000    0.632915600   -0.648117400
1352   11.920020000    1.061362000   -1.344608000
1353   17.958030000    1.871732000    1.869955000
1354    2.128596000    0.252520200   -1.405027000
1355   -0.950000000   -0.533163500   -0.598050900
1356   -0.950000000    0.019072310   -0.117136000
1357   10.488010000    1.039491000    0.093539990
1358    3.199835000    0.143137800   -0.692745700
1359    6.893487000    0.913564700    0.395429500
1360   -0.950000000   -0.722036200    0.809468200
1361   14.711960000    1.368149000   -0.506665600
1362    5.372137000    0.719539500   -0.191972200
1363   -0.950000000   -0.602299200   -1.538139000
1364   -0.950000000   -0.787866300   -0.333282000
1365    4.863061000    0.621934000   -0.779549000
1366    1.118864000    0.078487880    0.618818100
1367    4.591277000    0.351780000   -1.129629000
1368   -0.950000000   -1.221682000   -0.027483880
1369   -0.950000000   -0.145833300    0.642962700
1370    7.745769000    1.568443000   -0.165347600
1371    2.336772000    0.262807000    0.646635700
1372    4.745472000    0.455944100   -1.460726000
1373   -0.950000000   -0.549463100   -0.745847300
1374   -0.950000000   -0.240809600    1.630886000
1375   -0.950000000   -1.151592000   -0.932033000
1376   -0.950000000   -0.221598800    1.267417000
1377   -0.950000000   -0.690685600    0.420425900
1378   -0.950000000   -1.861318000   -0.904042100
1379   -0.950000000   -0.638300700    0.494363400
1380    5.906647000    0.842867900    0.526843400
1381    6.436091000    0.468737300   -0.199015400
1382    7.111015000    0.789728100    0.071644600
1383    1.114405000    0.447916100    1.482650000
1384   -0.950000000   -0.956551900   -0.962582600
1385    0.111630000   -0.327461400   -0.258392600
1386    7.160586000    0.695773500    1.272245000
1387    3.214469000    0.068199570    1.119249000
1388    1.394823000   -0.135296600   -0.037884200
1389    9.973138000    0.832560300    0.935185300
1390   -0.950000000   -1.192067000   -0.202364300
1391    4.721445000    1.333644000    1.451637000
1392    9.080370000    0.560975700   -0.213574600
1393   -0.950000000   -1.694104000   -1.005059000
1394   -0.950000000   -0.910977900   -0.051892970
1395   12.737870000    0.962554100   -0.069174260
1396    2.903431000    0.157850600   -0.919592600
1397    2.222836000   -0.268106300   -1.744916000
1398   -0.950000000   -1.060919000   -0.269556700
1399    5.543709000    0.749384100    0.908455800
1400   -0.950000000   -0.852231500    0.466717600
1401   11.704420000    1.182822000    1.034339000
1402   -0.950000000   -0.545990100   -1.104875000
1403   11.690910000    1.313133000   -0.137446500
1404   -0.950000000   -0.279636400   -0.152884800
1405   -0.950000000   -1.210859000   -1.225834000
1406    6.725588000    0.715689300    0.480999200
1407   -0.950000000   -0.007441067    0.381208000
1408    6.360263000    0.416228900   -1.549113000
1409   -0.950000000   -0.066566320   -0.252562300
1410   -0.950000000   -1.408813000    1.440672000
1411   -0.950000000   -1.940692000    0.361132500
1412   -0.950000000   -1.092461000   -1.240753000
1413    4.748629000    0.368057800   -0.801774400
1414   25.506920000    1.804263000   -0.052267610
1415   -0.950000000   -0.548233700    0.229509100
1416    1.680366000    0.182544900    0.312372900
1417   -0.950000000   -1.283891000   -0.964750300
1418   12.005120000    0.877257600   -1.253092000
1419    2.325276000    0.223407700   -0.857088300
1420    3.306279000    0.129634600   -0.946663500
1421   13.951610000    1.341357000    0.805083900
1422   19.733790000    1.694943000    0.253087700
1423    3.790087000    0.540482300    0.984268900
1424   -0.950000000   -0.976324200   -1.384411000
1425   12.604460000    1.183473000    0.387764000
1426   17.469450000    1.096214000    0.468694500
1427   -0.950000000   -0.646534100    0.655212500
1428    7.131327000    0.199325200   -1.336646000
1429   -0.950000000   -1.246998000   -0.835555300
1430   10.410840000    0.829605400    0.890964400
1431   26.090330000    1.963204000   -0.265559400
1432   17.728630000    1.549819000    1.886791000
1433    8.160560000    0.487229400    0.208037100
1434   16.961090000    1.289208000   -0.149329100
1435   12.095410000    1.378411000   -0.107250100
1436   -0.950000000   -1.684057000    0.686055100
1437    8.641739000    0.242623800   -1.973345000
1438    7.674429000    0.598271300   -0.749868700
1439    3.471812000    0.103573400    0.042275630
1440    2.465696000   -0.092098590    0.149441400
1441    3.538497000    0.801988600   -0.362671100
1442   -0.950000000   -0.675945200   -0.759011200
1443    4.908087000    0.621521300   -1.222301000
1444    1.509874000    0.391013000   -1.120419000
1445   -0.950000000   -1.352334000   -0.266473600
1446   -0.022130460    0.263125300   -0.259710000
1447   -0.601011300    0.357514700   -0.040637370
1448    4.598992000    0.467882000   -1.492392000
1449   -0.950000000   -1.496554000    0.953666800
1450   -0.950000000   -0.031534520   -0.216243000
1451   -0.950000000   -0.126013200    0.501977400
1452    2.786176000    0.667860800   -0.153093800
1453   -0.950000000   -0.469702200   -0.257119500
1454   -0.950000000   -0.134337300   -0.174542400
1455   -0.950000000   -1.912280000    1.695466000
1456   -0.950000000   -0.342278500   -1.203908000
1457    8.347184000    0.919947700   -1.178545000
1458   -0.950000000   -1.322837000   -0.715361200
1459   -0.950000000   -0.166072900    1.285676000
1460   -0.950000000   -0.498181300   -0.157079100
1461   -0.950000000   -0.279457800    0.970629200
1462   -0.950000000   -0.137711800   -0.237642100
1463    8.726765000    0.733359300   -1.033485000
1464   -0.950000000   -0.284140000    1.667624000
1465   -0.950000000   -0.872108000    1.607523000
1466   -0.950000000   -1.351793000   -0.574327400
1467   -0.950000000   -0.271264200    0.138071600
1468   -0.950000000   -1.183874000   -0.748450400
1469    5.840692000    0.767333600   -0.141030600
1470   -0.950000000   -0.831711200   -0.140428800
1471   -0.950000000   -0.547700700   -0.597470000
1472   -0.950000000   -0.601566600    0.315069400
1473   -0.950000000    0.017238970   -0.646752500
1474   -0.950000000   -0.465389100   -0.628586000
1475   -0.950000000   -1.582652000   -0.207670700
1476   -0.950000000   -0.451860100    0.468570600
1477   -0.249620800    0.351936200   -0.574396200
1478   -0.950000000   -0.741827500    0.716918100
1479   -0.950000000   -0.321760000   -1.329879000
1480   -0.950000000   -0.555722300   -0.449620200
1481   -0.950000000   -0.539075700   -0.662308800
1482   -0.950000000    0.215674700   -0.512239900
1483   -0.950000000   -0.788238300   -1.226108000
1484   -0.950000000   -0.536071100    0.176898800
1485    0.982363200    0.935758700   -0.369915100
1486    3.759522000    0.281741200   -0.740875800
1487    2.986536000    0.170831000    0.128124300
1488   -0.950000000   -0.458229700   -0.444266800
1489    5.923649000    1.254472000    0.150474900
1490    7.938521000    1.049024000    0.335855800
1491   -0.950000000   -1.961862000    0.323755600
1492   -0.950000000   -0.515099900   -1.287347000
1493   -0.950000000   -0.577428200    0.652394000
1494   10.204110000    0.993259800   -1.506086000
1495   -0.950000000   -0.396181800   -0.406708100
1496   -0.909147900   -0.001613537   -0.286016700
1497    2.822333000    0.175146000   -0.389492500
1498    8.289527000    0.799189100    0.766375100
1499   11.929330000    1.057562000   -1.424101000
1500   -0.950000000   -0.045296650   -0.505417600
