*y  x1  x2
   1   -0.950000000   -0.060075220    0.511427000
   2   -0.950000000   -0.583689300   -1.760186000
   3   -0.434996500   -0.181560000    1.636745000
   4    4.164566000    1.041961000    0.347420600
   5   -0.950000000   -0.507165200   -0.228136800
   6   -0.950000000   -1.317450000    1.216565000
   7   -0.950000000   -1.503564000    0.820945600
   8   -0.950000000    0.075563610    0.687415300
   9   -0.950000000   -1.321624000    0.340677800
  10    2.427550000    0.365585900    0.506055800
  11   -0.950000000   -1.002243000   -1.153383000
  12   -0.950000000   -0.800034700    0.751194000
  13    7.733773000    1.040408000    0.335621100
  14   -0.950000000   -0.600152600   -0.468766300
  15    9.368825000    1.040298000   -0.727488500
  16    6.072687000    0.557983000   -1.973125000
  17   -0.950000000   -0.502590100    1.358062000
  18   -0.950000000   -1.815972000    0.001435199
  19   -0.950000000   -0.569614200   -0.454561400
  20    1.152741000    0.369075500   -0.020822920
  21   -0.950000000   -0.417054300   -0.046763120
  22   -0.950000000   -0.268018800    1.643872000
  23   -0.950000000    0.437263600    0.222635000
  24    1.199587000    0.405316600    1.006868000
  25   -0.950000000   -1.256534000   -0.591622300
  26   -0.950000000   -0.872654100   -1.129768000
  27   -0.950000000   -0.510583500    0.412984700
  28   -0.950000000    0.134256000   -1.121276000
  29   -0.950000000   -0.836526500    0.266395900
  30   19.739940000    1.439618000   -1.365646000
  31   -0.950000000   -0.353729000   -0.005384214
  32   -0.950000000   -1.121776000   -0.886860400
  33   -0.950000000   -1.611024000    1.920768000
  34   -0.950000000   -0.382071200   -0.782692800
  35   -0.950000000   -0.234997400    0.364032600
  36   -0.950000000   -0.693003000   -1.052575000
  37    9.080490000    0.816808000   -0.022795030
  38   12.488540000    1.085109000   -1.127864000
  39    8.447375000    1.393344000    0.336327900
  40    4.935141000    1.381649000   -1.516133000
  41   -0.950000000   -0.169844800    0.583735000
  42   11.492880000    1.617280000    1.051170000
  43   22.962410000    1.915859000   -1.545254000
  44   -0.950000000   -0.020353180   -0.906204700
  45    3.577262000    0.084826590   -1.330236000
  46   -0.950000000   -0.313376200    0.132264200
  47    2.352868000   -0.023758260   -0.793906600
  48   -0.950000000   -0.677567900    0.112653400
  49    1.668479000    0.210621000    0.051988920
  50   -0.950000000   -1.700753000    0.724647800
  51   16.012740000    1.896890000    0.197017200
  52    6.253382000    1.032565000    0.456453000
  53   -0.950000000   -0.611829900    1.862936000
  54   -0.950000000   -0.539112500    0.907235300
  55    6.151157000    0.692216400   -0.512683700
  56   15.550780000    1.295733000   -1.946296000
  57    2.369413000    0.012859460   -1.220035000
  58   22.739760000    1.572629000   -1.545927000
  59   -0.950000000   -0.518264300    0.373378800
  60    0.279377900    0.017528860   -0.260128400
  61    8.466593000    0.695250300    0.151519900
  62    8.748989000    0.605456800    0.651691500
  63   -0.950000000   -0.781819400   -0.120268100
  64   14.925330000    1.278397000   -0.452893600
  65   -0.950000000   -0.657351200   -0.245167800
  66   12.498350000    1.356353000    0.849039100
  67   15.258710000    1.516809000   -0.248793300
  68   -0.291296000   -0.061090240    0.464306200
  69   19.674120000    1.798561000   -0.624607000
  70   -0.950000000   -0.978927600    0.828421100
  71   -0.838074200   -0.262120900   -0.244131600
  72   13.757150000    0.868633500    1.495812000
  73   -0.950000000   -1.304054000    1.656641000
  74   -0.950000000   -0.881641800   -0.620979100
  75   25.945320000    1.945442000   -0.002393140
  76    9.124840000    0.562500100   -0.160254800
  77   19.399320000    1.314463000    0.356421300
  78    2.760103000   -0.051695190    0.797880000
  79    1.575687000   -0.619363900   -1.621937000
  80   12.561390000    1.604033000    1.360180000
  81   13.636720000    1.324128000    0.616061200
  82    6.003048000    0.361167100    1.209198000
  83    4.186209000   -0.025682330   -0.733466300
  84    2.476415000   -0.315709200    0.828069000
  85    9.411076000    0.515492700   -0.263344600
  86    2.983659000   -0.429851000   -0.852684900
  87   20.763690000    1.690684000   -0.458585400
  88   11.744550000    0.643489200   -0.384732800
  89    4.247245000   -0.162916100    0.274148800
  90    5.595523000   -0.119909000   -0.877183000
  91   -0.950000000   -0.029917510   -0.417355100
  92    0.473114800    0.905687800    1.048351000
  93   -0.950000000   -0.085868270   -0.920379100
  94   -0.950000000   -1.533950000   -0.133095400
  95   -0.950000000   -1.372453000    1.766643000
  96    5.056310000    0.906297600   -1.206047000
  97   -0.950000000   -1.154316000   -0.376829900
  98    6.118820000    1.430904000    0.704550700
  99   -0.950000000   -1.053411000   -0.676326500
 100   -0.950000000   -1.285738000   -0.411599800
 101   -0.950000000   -1.989719000    0.156324100
 102   -0.950000000   -0.547437500   -1.635622000
 103   -0.950000000    0.131298000   -1.093642000
 104   -0.950000000   -0.294613400    0.564298400
 105   -0.950000000   -1.561717000   -1.257811000
 106    9.650964000    0.657992200   -0.375028100
 107   -0.950000000   -0.923041800   -0.331488300
 108   -0.950000000   -0.126205100    1.330058000
 109    1.965350000    0.088454870   -0.345809600
 110   -0.950000000   -0.165642000    0.312504500
 111   -0.950000000   -0.133985600   -0.022228180
 112   -0.950000000   -0.838469500    0.052016230
 113    0.282350700    0.431997700    0.620464900
 114   -0.950000000   -0.207386600    0.307513800
 115    9.725921000    0.747860200   -0.603417200
 116   15.284590000    1.965680000    0.928797600
 117   16.791450000    1.644125000    0.842095100
 118   -0.950000000   -1.702945000   -1.178259000
 119   -0.143237100   -0.054322810    0.153754600
 120   -0.950000000   -1.422557000   -1.146508000
 121   -0.950000000   -0.902686000    0.227346800
 122   -0.950000000   -0.444575800   -0.175013900
 123    4.683224000    0.599491800    0.836435100
 124   -0.950000000   -0.123400400    1.014586000
 125   -0.949278800   -0.193266400    0.205882800
 126   -0.950000000   -1.045385000    1.373774000
 127    5.770770000    0.275180900    1.788229000
 128   -0.950000000   -0.161923100    1.188370000
 129   -0.278715200   -0.206239500   -1.766009000
 130   -0.950000000   -0.713537600   -0.513829100
 131    3.823233000    0.333432400   -1.580562000
 132   14.026060000    1.529791000    0.006445094
 133   -0.950000000   -0.472932600    0.351550000
 134   -0.950000000   -0.364835800    1.508893000
 135   11.378550000    0.650383400   -1.736198000
 136    9.268139000    1.174986000   -0.597131200
 137    0.611233800    0.430611300   -0.294612200
 138    8.612532000    0.766766000   -1.393603000
 139   -0.950000000   -1.822331000    0.548658100
 140   -0.950000000   -0.818140700   -1.394926000
 141   -0.950000000   -0.778760200   -0.271259600
 142    1.273102000    0.330781600   -0.334940100
 143   -0.950000000   -0.669314400    1.178953000
 144    6.123990000    1.003818000   -0.463284400
 145   -0.950000000   -0.323626800    0.550218200
 146   -0.950000000   -0.719404700   -0.201342800
 147   -0.950000000   -0.355520000    1.283545000
 148   -0.950000000   -1.440395000    0.797093400
 149    6.878789000    0.631879200   -1.029962000
 150   -0.950000000    0.024146740    1.051073000
 151    4.846580000    0.436694400   -1.083708000
 152   13.195170000    1.522502000   -0.465142900
 153   -0.950000000   -1.563582000    0.188733000
 154   11.073390000    1.155411000    0.192196700
 155   -0.950000000   -0.617354900   -1.558873000
 156    8.013305000    1.054539000    1.381429000
 157   -0.950000000   -1.773808000   -0.205357900
 158   -0.950000000   -0.940713400    1.373445000
 159   -0.950000000   -0.120859000   -0.715562900
 160   -0.950000000   -0.832866100   -0.465400600
 161   -0.754745800   -0.157651100   -0.728826300
 162   -0.950000000   -0.712218100    0.949530300
 163   11.304510000    1.256733000    0.362752300
 164    5.032622000    0.606783600   -0.018696320
 165    2.141100000    0.366219200   -0.209954700
 166   -0.950000000   -1.454454000   -0.196395100
 167   17.037910000    1.577245000   -0.908426300
 168    5.194944000    1.014927000    1.564532000
 169   -0.950000000   -0.811613200   -1.407724000
 170   -0.950000000   -0.736361700    0.154976700
 171   -0.950000000   -0.786759400   -0.789159300
 172    8.382094000    0.967340700   -0.381898500
 173    2.480236000    0.161109900   -0.447555400
 174    3.304971000    0.436629700    1.010417000
 175   -0.950000000    0.054371570    0.557232500
 176    0.421313100    0.133331500    0.387839500
 177   12.287390000    0.998732600   -1.173115000
 178    7.534948000    0.782551500   -1.438723000
 179   -0.950000000   -0.291858000   -0.626211900
 180   -0.950000000   -1.277290000    1.678842000
 181    0.993251200    0.641103800    0.922934800
 182   -0.950000000   -0.362149500    1.435533000
 183   12.125470000    1.466229000   -0.779164900
 184   -0.950000000   -0.027611240   -1.347424000
 185   -0.950000000   -0.322049500    0.409637500
 186   -0.950000000   -1.472743000   -1.158821000
 187   -0.950000000   -1.969488000    0.208397900
 188   -0.950000000    0.209244400   -0.044288390
 189   -0.950000000   -0.105016200   -1.396780000
 190   -0.950000000   -0.917069800   -1.876997000
 191    0.546645600    0.258426100    0.152740500
 192   -0.950000000   -0.809677000   -0.050554390
 193   -0.950000000   -0.256392700    0.295583200
 194    4.268966000    0.918002600   -0.564239600
 195   -0.950000000   -0.837066900   -0.374364000
 196    6.646960000    0.580946100    0.438172800
 197    3.737142000    0.345905200    0.900739200
 198    4.004103000    0.222370100   -0.287764100
 199   -0.950000000   -0.142826600    1.017304000
 200   -0.454563100   -0.267853100    0.692980800
 201   15.526400000    1.568430000    0.204676000
 202    3.278152000    0.412101900    0.390854300
 203   -0.457583800   -0.479426300   -1.252604000
 204    4.414893000    0.099855900   -0.234608900
 205   -0.950000000   -0.645765100   -1.117936000
 206   -0.950000000   -1.215181000    0.943019000
 207   12.362240000    1.077125000    0.354422300
 208   20.520760000    1.998010000   -0.396676200
 209    0.284312900    0.042293160    0.174188400
 210    9.377604000    0.308407900   -1.362803000
 211   -0.950000000   -0.897899800    0.254772400
 212   17.194880000    1.367093000   -0.508114400
 213   -0.950000000   -0.957751600    1.355782000
 214   -0.950000000   -0.584299800    0.170634400
 215   -0.950000000   -0.306044300    1.167696000
 216   -0.950000000   -0.074494450   -1.041762000
 217   16.156050000    1.340496000   -0.580637500
 218   -0.950000000   -0.196615900    0.517143700
 219    2.395305000    0.269419600    1.167416000
 220   -0.950000000   -0.736751900    1.409640000
 221   -0.950000000   -1.389981000   -0.948563400
 222    9.936314000    1.208486000    1.023900000
 223    0.336218700    0.026528430   -0.618038200
 224   -0.950000000   -1.368326000   -0.058419350
 225   -0.950000000   -0.289468200    0.568208800
 226    5.636844000    0.229135000   -0.981850900
 227   15.520240000    1.976837000    1.249887000
 228   18.021540000    1.909304000   -1.680023000
 229    3.132980000    0.232229700    0.383774400
 230    0.669128200   -0.239040300   -0.353909400
 231   -0.950000000   -1.095172000    0.233048700
 232    2.583595000    0.493659700    0.575159400
 233    7.235383000    1.022891000    0.057463900
 234    4.570897000    0.203705700   -0.918949700
 235   -0.950000000   -0.636110600   -1.700909000
 236   -0.950000000   -0.322829000   -1.549445000
 237   14.035400000    1.046634000   -0.811873200
 238   -0.950000000   -0.630209400    1.683402000
 239   11.437540000    1.449171000   -0.020245090
 240   -0.950000000   -0.491843000   -0.211807800
 241   10.916140000    0.547586400   -1.479128000
 242   17.732310000    1.080431000    0.255383300
 243   13.308480000    1.055018000   -0.019927040
 244    3.201293000   -0.129164600    0.156430800
 245    9.865528000    0.776076000    1.100044000
 246    9.139546000    0.693053200    0.027536720
 247   -0.950000000   -0.681452100   -0.348387700
 248   20.439520000    1.284367000    0.542480700
 249    9.637846000    0.691871900   -0.146469900
 250   18.219570000    1.530556000   -0.661697100
 251    6.336710000    0.544842100    0.881647100
 252    0.092870920   -0.596645100   -0.866211200
 253    7.543355000    0.538190100    0.339976100
 254    6.049764000    0.309630200    0.573288200
 255    2.127731000    0.068967600    1.709689000
 256   -0.950000000   -0.022033840    0.136199100
 257   -0.950000000   -1.119622000   -0.696716600
 258   19.285790000    1.845713000    1.962167000
 259   -0.950000000   -0.337717300    0.676115300
 260   -0.950000000   -0.191556500    1.075884000
 261   -0.950000000    0.353472500    1.546387000
 262    7.500355000    1.395003000    0.350227200
 263    5.332958000    0.805959100   -1.641966000
 264   -0.950000000   -1.349951000   -1.540419000
 265   -0.950000000   -0.257590200    0.373843300
 266   -0.950000000   -1.063207000    0.140065500
 267   -0.950000000   -0.406889100   -1.502167000
 268   -0.950000000   -0.220380100   -1.095675000
 269   -0.950000000   -0.266478300   -0.861033000
 270   -0.950000000   -1.158918000   -0.723695700
 271    1.475767000    0.342091600    0.486267600
 272   13.933090000    1.634894000    1.318316000
 273    1.735372000   -0.033895010   -1.310464000
 274    6.424003000    0.530125700   -1.030882000
 275   -0.950000000   -1.929106000    0.765036900
 276   11.407520000    1.167279000   -1.354274000
 277   -0.950000000   -1.019373000    0.091234240
 278   -0.950000000   -1.091259000   -1.165730000
 279   19.879780000    1.863849000    1.301100000
 280   -0.950000000   -1.809025000   -0.785143400
 281   -0.950000000   -1.568283000    0.874134200
 282   -0.950000000   -0.202332000    1.298961000
 283   -0.950000000   -0.736103500    0.404784200
 284   20.548510000    1.880268000   -1.070501000
 285    5.220278000    1.081563000    0.110051900
 286   -0.950000000   -0.678960700    0.387008100
 287   -0.950000000   -0.624544900   -0.520232700
 288    7.456535000    0.718995100    1.216498000
 289   -0.950000000    0.070925620    0.624829800
 290    8.169037000    1.561989000    1.586087000
 291   -0.950000000   -0.385892900    0.001066390
 292   -0.950000000   -1.432471000   -0.060556650
 293   -0.950000000   -0.183721800   -0.153783700
 294   -0.950000000   -0.250298900   -0.427651000
 295    0.304871600   -0.067388690    0.709169000
 296   15.579190000    1.196647000   -1.214697000
 297   16.562070000    1.342334000    0.504486200
 298    1.289952000   -0.080659140   -0.645715400
 299    9.431624000    0.590998400   -0.718396200
 300    0.398703100   -0.104797600    0.542868400
 301   10.888760000    1.153177000    0.191700700
 302   -0.950000000   -0.396987100    1.846732000
 303   10.484050000    0.991450800    0.047256360
 304    3.227450000    0.217398200    0.184817500
 305   -0.950000000   -1.456752000   -0.329822900
 306   -0.366527000    0.296638900    1.674259000
 307   -0.950000000   -0.593748600    0.934411700
 308   -0.950000000    0.219370100    1.824923000
 309    6.637344000    0.529398600   -0.503137100
 310    2.313681000    0.207334800    0.249887600
 311   -0.950000000   -0.444429300    0.237886200
 312   11.657710000    0.799159900   -1.239191000
 313    8.161857000    0.724616900   -0.446794700
 314   -0.950000000   -1.720812000   -0.210308400
 315   -0.950000000   -0.449527200    0.654054300
 316    8.194733000    0.339943300   -0.624335200
 317   -0.950000000   -1.417967000    1.349140000
 318   13.992200000    0.844466200   -0.765846500
 319   10.016070000    0.517217200   -0.148108700
 320    2.574344000   -0.007908482    0.947645100
 321   22.325620000    1.528587000    0.842492400
 322    9.185680000    0.874433500    0.549253300
 323   13.620100000    1.137047000    0.057351800
 324   -0.950000000   -0.559274300    1.671860000
 325    5.163762000    0.452925400    1.304527000
 326    3.517840000    0.041539840    0.976513600
 327    2.081608000   -0.209448700   -0.685778400
 328   15.986660000    1.223094000   -0.326335600
 329   12.039950000    0.803318000   -1.506390000
 330   15.179720000    0.960108500   -0.068360230
 331   -0.950000000   -1.479128000   -1.030513000
 332   14.130490000    1.238896000   -0.633129400
 333   -0.950000000   -0.336883200    0.764626100
 334   -0.950000000   -0.542696100   -0.125821600
 335   14.133910000    1.401967000   -0.458299400
 336   -0.950000000   -1.263822000    1.140004000
 337    8.339108000    0.851220900    0.142267800
 338   -0.660219800    0.056817160    0.253296200
 339   -0.163334900    0.043875210    0.125016100
 340    6.654151000    0.475190500   -0.645375200
 341    6.305986000    0.676540000   -0.644948400
 342    6.642663000    0.462959800   -0.207988600
 343   -0.950000000   -1.650432000   -0.309102200
 344    7.184812000    0.753891800   -1.206240000
 345    9.778751000    0.769880100   -1.922160000
 346    3.537740000    0.317387600   -0.067718680
 347   -0.950000000   -0.617925800    0.480700200
 348   10.549530000    0.859968600   -0.146440800
 349   13.918840000    1.448989000    0.637028900
 350    1.139684000    0.148230300    0.241217800
 351   -0.950000000   -0.197274400   -0.104436200
 352    4.180872000    0.157242000   -1.921040000
 353   -0.950000000   -0.241984600    0.219753400
 354    2.241289000    0.182343200   -0.427151100
 355   13.399150000    0.947497200   -1.714773000
 356   -0.950000000    0.370245500    1.224097000
 357   -0.950000000   -0.766457600   -1.414511000
 358   -0.950000000   -1.629784000    1.320327000
 359    6.270593000    0.688902800   -0.431838100
 360    1.542252000    0.233478400    1.111486000
 361   -0.950000000   -0.542951300    0.246295700
 362    4.163147000    0.211867600   -0.614682100
 363   -0.950000000   -0.786038300   -1.103590000
 364   -0.950000000    0.109597700    1.390393000
 365   -0.950000000   -1.533765000    1.227467000
 366    3.925854000    0.464658500    0.021039680
 367   14.421210000    1.615337000   -0.177243600
 368   -0.950000000   -1.268341000    0.831983700
 369   -0.950000000   -0.454866800    0.936153400
 370    4.569699000    0.524231100    0.142212000
 371   -0.950000000   -0.890694900   -1.388019000
 372   -0.950000000   -0.876969200    1.106014000
 373   -0.950000000   -1.518095000    1.355253000
 374    7.760664000    0.421980500   -1.693452000
 375    9.037494000    0.696435700   -0.703779000
 376   -0.950000000   -0.613177700   -0.336538200
 377   -0.950000000   -0.804870100   -0.291323600
 378   -0.950000000   -1.711110000    1.400712000
 379   -0.950000000   -0.720430300    1.091313000
 380    3.563937000    0.615052600   -1.688112000
 381    5.297595000    0.671410100    0.130127000
 382   -0.950000000   -0.116729800    0.623392600
 383   -0.950000000   -0.757857200    1.012473000
 384   12.947890000    1.884533000   -0.348428700
 385   -0.950000000   -0.861709100   -0.792168200
 386   -0.950000000   -1.011603000    1.004723000
 387   -0.950000000   -1.192601000   -0.115335700
 388    6.468063000    0.846978500    0.099736470
 389    5.030157000    0.468820700   -0.079234240
 390   -0.950000000   -0.542983000    0.403119500
 391   -0.950000000   -0.241362500    1.468671000
 392    2.939864000    0.359078500   -0.644343900
 393    6.234871000    0.840486100    1.037371000
 394    4.390206000    0.438753200   -0.179336700
 395   -0.950000000   -1.419448000   -1.191538000
 396    0.120326900   -0.209912100   -1.910918000
 397   -0.950000000   -0.507707800   -0.260064300
 398   -0.950000000   -0.563045400   -0.355937500
 399   -0.950000000   -0.321823800    0.178507200
 400    8.553479000    0.965993900   -0.080618170
 401    6.885362000    0.650229700    0.897579800
 402   -0.950000000   -1.688983000   -0.376874200
 403   -0.950000000   -0.532992700    1.037684000
 404   -0.950000000   -0.951443700    1.186334000
 405   -0.950000000    0.035838470    1.206194000
 406    4.227350000    0.280797800    0.179306300
 407   -0.950000000   -0.968030600    0.390034400
 408    3.171021000    0.009926511   -0.655475700
 409   16.231300000    1.175418000   -0.269339800
 410    4.132597000    0.075714530   -0.724326000
 411   13.246320000    1.256473000    1.550160000
 412   -0.950000000   -0.055977890    0.560761600
 413    6.832996000    0.304275900   -0.121804300
 414   -0.950000000   -0.736447300   -0.879522000
 415    9.804292000    0.207973400   -1.809777000
 416    4.603978000    0.506790400    0.964886100
 417    8.822365000    0.687827400    0.918185300
 418   12.890740000    0.891063800    1.004909000
 419    2.130399000   -0.097710900   -0.599803600
 420   -0.677353700   -0.282991900   -0.136338800
 421    3.928716000    0.213275000   -1.038339000
 422    3.591308000    0.506466000    0.752994900
 423    4.429415000    0.321320200   -1.117980000
 424    1.248151000   -0.158155800   -1.410960000
 425   -0.950000000   -1.297090000    0.368287100
 426   10.910540000    0.891910400   -0.898004900
 427   10.452200000    0.754718400   -0.488771000
 428    3.179079000    0.203604400   -0.997964300
 429    8.597070000    0.558720600   -0.444792000
 430    2.108283000    0.302642500   -0.170843400
 431   -0.950000000   -1.407058000    1.519680000
 432    3.635613000    0.762117700    1.047361000
 433   -0.726272200    0.094522150    1.567441000
 434    8.642250000    0.982210800    0.172107600
 435   -0.950000000   -1.304756000   -0.485624100
 436   -0.950000000    0.032000820    1.497415000
 437   -0.950000000   -1.445606000   -0.186795300
 438   -0.950000000   -1.280977000    1.002994000
 439   -0.950000000    0.137802000   -1.785238000
 440    4.208198000    0.844015900   -0.494605000
 441   -0.950000000   -1.906732000   -1.442194000
 442   -0.950000000   -0.332982900    0.124318300
 443   -0.950000000   -0.823936800    0.103739000
 444   -0.950000000   -0.326900400    1.367716000
 445   -0.950000000   -1.746366000   -1.231080000
 446   12.860760000    1.740046000   -0.399683200
 447   -0.950000000   -1.074449000    0.629659600
 448   -0.950000000   -1.072149000    0.341192000
 449   -0.950000000   -0.977091300   -1.115625000
 450   -0.950000000    0.111361400   -1.062346000
 451   -0.950000000   -0.840761500   -0.442862900
 452   12.585530000    1.615212000   -0.090732350
 453    1.709624000    0.379447600   -0.092410250
 454   -0.950000000   -0.793243100    0.866961800
 455    7.520212000    0.813848000    0.181347200
 456   -0.950000000    0.682556400    1.682480000
 457   14.909370000    1.208548000   -1.089058000
 458    3.327825000    0.112913600   -1.543141000
 459   -0.950000000   -0.881032500   -1.492368000
 460   -0.950000000   -1.359654000   -1.011307000
 461    4.277462000    1.132257000    1.079355000
 462    0.165783400   -0.060003240   -1.119511000
 463    5.041509000    0.606246900    0.222664300
 464   16.437370000    1.048521000   -1.304394000
 465   -0.950000000   -0.094834390    0.773749000
 466    0.601225700   -0.061991320   -1.141339000
 467   12.169910000    1.273734000   -0.574370500
 468   15.396580000    1.119940000   -1.873455000
 469    5.958888000    0.368417500   -1.228665000
 470   -0.950000000   -0.464201900    0.406968400
 471    0.535222200    0.123449100    0.977908100
 472   -0.950000000   -0.328955900   -0.065742570
 473   -0.950000000   -0.523204600   -0.570047700
 474    2.833361000    0.276701200    0.357149300
 475   -0.950000000   -0.526595400    0.312763100
 476    1.302624000    0.202654600    0.112487600
 477   10.331560000    1.170379000   -0.030906480
 478   -0.950000000   -0.614618400    0.644425100
 479   -0.950000000   -0.506233900    0.042912080
 480    3.952606000    0.365255000   -0.444150300
 481   -0.499561400   -0.140084900   -0.139864200
 482    1.456655000    0.131353000   -0.246254700
 483   11.588360000    1.239097000    0.840643100
 484   -0.950000000   -0.309380600    1.262114000
 485   -0.950000000   -1.794732000    0.673075700
 486   -0.950000000   -1.159505000   -0.982804400
 487    5.939419000    0.420876100   -0.349821300
 488   -0.950000000   -0.816540800    0.601864700
 489   15.837650000    1.117528000    0.863383800
 490   -0.950000000   -0.225283200   -0.181584800
 491   -0.673807700   -0.262199300   -1.048994000
 492   14.158430000    1.265776000   -1.639257000
 493   -0.595631400    0.335814100    0.460266500
 494    4.137669000    0.544842900    1.064897000
 495    0.994516400   -0.239217300   -1.433902000
 496    2.086466000   -0.141900600   -0.767748500
 497    1.090463000   -0.444743400   -1.590639000
 498    5.492151000    1.322796000    1.507589000
 499    1.065762000   -0.374182800   -1.508705000
 500    8.218713000    0.637128600    0.762019600
 501   -0.950000000   -1.561624000    0.626397100
 502   20.059370000    1.391555000   -1.003041000
 503    8.070246000    0.376389400    0.234408800
 504   12.644720000    0.947635700   -0.953099400
 505   14.587570000    0.990518000    0.477564300
 506   -0.950000000   -0.362804900    0.412720200
 507    0.178607100   -0.313620700   -0.864775800
 508   -0.950000000    0.121715400    0.889330400
 509   10.720680000    0.578480300   -1.842272000
 510    1.157496000    0.067014060    0.097655590
 511   -0.950000000   -1.778233000    1.926025000
 512    4.112337000    0.153743200   -0.811387000
 513   10.263610000    1.504834000    0.431218000
 514   -0.950000000   -0.165514600    0.359548200
 515    1.193240000    0.196266800    0.125969800
 516   -0.950000000   -1.255803000   -0.239288700
 517    0.978433000    0.178187400    0.312225500
 518   -0.950000000   -0.502772800   -0.869370300
 519    0.612273400    0.558558000    1.469097000
 520   -0.950000000   -0.287998300   -0.276024800
 521   -0.950000000   -0.943300400   -0.413079900
 522    7.835146000    1.018730000    0.711618800
 523   -0.950000000   -0.447878500    0.394006300
 524    4.684607000    0.194190700   -1.362265000
 525   -0.950000000   -0.862337600   -0.891011200
 526    7.775635000    0.743609300    0.025373520
 527    4.963165000    0.519850300    0.503674500
 528   -0.950000000   -1.166793000   -0.146222100
 529   -0.950000000   -1.063121000   -0.950934200
 530   -0.950000000   -0.538138100    0.117934900
 531    4.723308000    0.635222300   -0.855552000
 532   -0.950000000   -0.486739100   -0.147389500
 533    3.899877000    0.524135000   -0.227725900
 534    1.957617000    0.222305900   -0.479536500
 535    4.378410000    0.667656200    0.833185300
 536   -0.950000000   -0.289428200   -0.680571700
 537    3.155347000    0.405579300   -0.184264700
 538    9.419599000    1.177904000   -1.627700000
 539   -0.950000000   -0.163096100    1.849363000
 540   -0.950000000   -0.553385100   -1.711022000
 541    4.257839000    1.409040000    1.829901000
 542   10.299890000    0.961052400   -1.048161000
 543    0.338825200    0.554147700    0.796783300
 544   -0.950000000   -1.511858000   -1.087378000
 545    2.145729000    0.490732700    1.118793000
 546   -0.950000000   -0.055205930   -1.217053000
 547    4.999722000    0.740807800   -0.049394300
 548   15.291410000    1.628627000   -0.196856600
 549   -0.950000000   -0.613976800   -1.603035000
 550   -0.950000000   -0.564273500   -0.791721600
 551   -0.950000000   -0.181530200   -0.091376490
 552   -0.950000000   -1.138143000    0.299848900
 553   -0.950000000    0.005691232   -0.647044200
 554    1.934560000    0.286106300   -0.174097600
 555   -0.950000000   -1.610390000    0.669620800
 556    7.833507000    1.225985000   -0.039212710
 557   -0.950000000   -0.991554400    0.134721900
 558   -0.950000000   -0.294098100    0.147292000
 559    8.519748000    0.309095300   -1.993011000
 560   -0.950000000   -1.670370000    1.729780000
 561   -0.950000000   -1.095907000   -0.207910100
 562    0.914666400    0.291035100   -1.006000000
 563   -0.950000000   -1.302527000    0.391632200
 564   -0.950000000   -0.143182600   -0.619303500
 565    9.778197000    0.852153500   -1.731717000
 566   -0.950000000   -0.669854700    1.096680000
 567    6.424095000    0.568889100   -0.849338600
 568   -0.950000000   -0.753663700    1.544101000
 569   -0.950000000   -0.512304500   -0.221789200
 570   -0.950000000   -1.431912000    0.960887300
 571   -0.950000000   -1.365091000   -0.399977000
 572    9.238254000    0.440328400   -1.175225000
 573    9.189225000    1.211112000    0.151572400
 574    7.202600000    0.648572200    0.838309900
 575    7.744536000    0.110050800   -1.140417000
 576   13.058910000    0.864708700    0.458681600
 577    5.250139000    0.634956200    0.289752100
 578   -0.621991100   -0.158190400    1.181921000
 579   -0.950000000   -1.203504000    1.312464000
 580    7.657773000    0.246002700   -1.400610000
 581    5.300564000    0.117408500   -0.386257400
 582    6.971178000    0.993495200    1.667923000
 583   14.051550000    1.308885000    0.956634000
 584   -0.950000000   -1.424586000   -0.418586200
 585    0.817552100   -0.351287800   -0.574094900
 586   -0.950000000   -0.290095000   -0.479652500
 587   -0.950000000   -1.101740000    0.093703380
 588   -0.950000000   -0.636478100    1.776228000
 589    9.470041000    1.292439000    0.192629500
 590   -0.950000000   -1.727419000   -0.297080400
 591   -0.950000000   -0.038655770   -0.229055900
 592   -0.950000000   -1.088106000    0.618603500
 593   -0.950000000    0.040765890    0.980624700
 594   -0.950000000   -1.211078000   -0.392378300
 595    6.975644000    1.250403000    0.029930460
 596    8.833967000    0.832984900   -0.823601200
 597   -0.388698700   -0.119211400   -1.385324000
 598    9.737766000    1.034946000    0.391644200
 599   12.580750000    1.313870000   -0.088035270
 600   -0.950000000   -1.945483000   -1.337672000
 601    4.744037000    0.537131100    0.070190090
 602    0.652451900   -0.072724910    0.505772900
 603    4.904940000    0.276725000   -0.810886000
 604    1.887492000    0.039389300    0.850816200
 605    7.002261000    0.915583400    0.827648700
 606    7.202728000    0.486683400    0.131604900
 607    9.794166000    0.720014100   -1.707938000
 608    5.760180000    0.488183700   -0.112996900
 609   -0.514937700   -0.174953200    0.768442000
 610    9.274907000    0.481861600   -0.301481100
 611   -0.434980100   -0.167858900    0.244418200
 612    7.648470000    0.176013400   -1.797314000
 613    5.799258000    0.394831400    0.332786800
 614    2.668134000    0.010700350   -0.577397600
 615    8.933359000    0.679390000    0.044645220
 616   -0.950000000   -0.209927400    1.674375000
 617   -0.950000000   -0.873693300    0.502981700
 618   -0.950000000   -0.549645300    0.381026100
 619    0.247370500    0.037825850    0.516155800
 620    1.722983000    0.179085000    0.701768900
 621   -0.950000000   -0.844647600    1.078335000
 622   -0.950000000   -1.500114000   -0.480248600
 623   12.535500000    1.360777000    0.609017300
 624    4.910869000    0.244620900   -1.012127000
 625    1.516132000    0.107981700    1.444242000
 626    9.323833000    0.766949300   -1.061707000
 627    2.086176000   -0.043335550   -1.190985000
 628   -0.950000000   -1.230787000   -0.770370100
 629   -0.950000000   -0.670464400    0.758323500
 630   -0.950000000   -1.156468000    1.148990000
 631   14.044750000    1.469979000    0.085838350
 632    0.174316900    0.096018860    0.562583500
 633    8.264128000    0.666257700   -0.189674100
 634   -0.950000000   -0.862866500    0.547719600
 635   -0.950000000   -0.887740200    0.227855600
 636   -0.950000000   -1.086935000   -0.736330300
 637   -0.950000000   -0.433454400    0.427160600
 638   -0.950000000   -1.151500000    1.499880000
 639   12.123130000    0.986297300   -1.388696000
 640   -0.950000000   -1.017249000   -0.381655000
 641   -0.950000000   -0.210300400    0.893394400
 642    8.033544000    0.964474800   -0.983076300
 643    2.498804000    0.252867800   -0.644709500
 644   18.430480000    1.974296000   -0.632982800
 645   -0.950000000   -0.348885500    1.162227000
 646   -0.950000000   -1.346577000    0.504567600
 647    6.858256000    0.385995700   -1.414246000
 648   -0.950000000   -0.208584700   -0.545552700
 649   -0.950000000   -0.331919300   -1.376183000
 650   -0.950000000   -1.112026000   -0.753329700
 651    6.902891000    1.021867000    0.198090700
 652   15.453670000    1.647905000   -0.241703500
 653   -0.543799800    0.216281000   -0.311947300
 654   14.830660000    1.355506000    0.024056570
 655    3.324744000    0.301510600    0.800430500
 656   -0.950000000   -1.567450000    0.804004900
 657    8.718999000    1.488051000    0.801764500
 658    1.702124000    0.391894800    1.643569000
 659   -0.950000000   -0.966727700   -1.739218000
 660   -0.950000000   -1.747373000    0.165660400
 661    5.322297000    0.724870800   -1.139738000
 662   10.238860000    1.051887000   -0.634758800
 663   -0.950000000   -0.398955100   -1.281108000
 664    6.283466000    1.018920000   -0.494382700
 665    1.138871000    0.218097600   -0.227233300
 666   -0.950000000    0.194385800    0.906688800
 667   -0.950000000   -0.631735700   -0.075058710
 668    5.946507000    0.910529700    0.221416200
 669   13.915280000    1.678917000    0.147587900
 670   -0.950000000   -1.838251000    0.106629900
 671   -0.950000000    0.296736700    1.494255000
 672    2.535936000    0.377189100   -0.578587500
 673   -0.950000000   -0.577603200   -0.700141800
 674   -0.950000000   -0.751345000   -1.741532000
 675    6.497620000    0.566794200   -1.578373000
 676    3.451834000    0.441569500    0.272812100
 677    4.116588000    0.325518600   -1.171614000
 678   -0.950000000   -1.032960000   -0.745013600
 679    9.233830000    0.715953600   -1.169296000
 680    1.143609000    0.371434700    0.510338900
 681   -0.950000000   -0.063931800    0.922701400
 682    2.146178000    0.496128800    0.493096600
 683   -0.131399500    0.004008523    0.752474800
 684   12.592620000    1.363097000    0.439387400
 685   -0.950000000    0.355759400    1.936644000
 686   -0.950000000   -0.458337800   -0.637647900
 687   -0.950000000   -0.380392200    0.161106900
 688   -0.950000000   -0.394987800   -0.556209800
 689   -0.950000000   -1.147246000    0.189431800
 690   -0.950000000   -1.218764000   -1.817226000
 691   -0.950000000   -0.715379500    0.092727600
 692    5.009659000    0.213494700    0.719365300
 693   15.513720000    1.094612000   -0.124311000
 694    4.554174000    0.234984700    0.218124900
 695   -0.950000000   -0.622238800    0.403622800
 696    9.017825000    0.757942200   -0.017261080
 697    1.354919000   -0.307776500   -0.476962400
 698    0.125298600   -0.450538500    0.233982700
 699   -0.950000000   -1.269254000    1.136958000
 700   17.352980000    1.524863000    0.777981400
 701   -0.950000000   -1.221765000   -0.385137100
 702   25.709200000    1.621228000    0.108124800
 703   15.117620000    1.303531000   -0.076378930
 704    2.697307000   -0.173619800   -0.913497500
 705    0.054223700    0.014138780    0.916862200
 706   26.679210000    1.846588000    0.357088400
 707    6.961743000    0.315038700   -0.637349100
 708   -0.950000000   -1.870534000   -1.065476000
 709   -0.139871300    0.071528140   -0.336902900
 710   -0.153077800   -0.346548200   -1.494306000
 711   -0.950000000   -1.334013000   -0.129560600
 712    7.219620000    0.750589900   -0.137880800
 713    1.629626000    0.722302500    0.815959000
 714   -0.950000000    0.028070090    0.690867800
 715    8.064415000    0.776529100    0.118653000
 716   -0.950000000   -0.388499900    1.246235000
 717   -0.950000000    0.110403800    1.088900000
 718   -0.950000000   -0.100076200   -0.036019510
 719   -0.950000000   -0.180984900    0.569023700
 720   -0.459484400   -0.165359100   -0.652073500
 721   -0.950000000   -0.673174200   -0.897040700
 722   -0.950000000   -0.379894000    0.144387500
 723   -0.950000000   -0.619544900    0.795817200
 724   -0.950000000   -1.041310000    0.163958300
 725   -0.950000000   -0.188087000    0.682163900
 726    1.517857000    0.228182500    0.814151500
 727    0.453264900   -0.236814200    0.124006600
 728   20.806800000    1.764800000    0.901193100
 729   -0.950000000   -1.075083000   -1.391964000
 730    6.031603000    0.865587100    0.261772000
 731    5.073226000    0.085101060   -0.389386900
 732   10.244600000    0.859173500   -0.768751000
 733   14.633470000    1.454790000   -0.300391900
 734   -0.950000000   -0.250885200    0.962209700
 735   16.529670000    1.337106000   -0.256192800
 736   -0.950000000   -1.803174000   -0.079217020
 737   -0.950000000   -0.695052500    0.284591600
 738   -0.950000000   -0.737836900   -0.241718300
 739   -0.950000000   -0.530072500    0.942954800
 740   11.747620000    0.768044300   -0.269932700
 741    4.108974000   -0.020667130   -0.140240500
 742    3.217939000    0.262471400    0.443502200
 743   -0.950000000   -0.529329200    0.279458600
 744   -0.950000000   -0.002119484    0.977137300
 745    6.043319000    0.313540400    0.209157800
 746    7.929634000    0.451692100   -0.624236300
 747   -0.950000000   -0.433401600    0.398449600
 748   -0.950000000   -0.431762400   -0.042035140
 749    7.504375000    0.383574700   -1.134580000
 750   13.117960000    1.149321000    1.719187000
 751    3.779850000    0.320660800   -1.030651000
 752   -0.880377000    0.120992300   -1.145123000
 753   -0.950000000   -1.530873000    0.228993100
 754    9.322525000    0.853833000   -1.235104000
 755   -0.950000000   -0.913912300    1.540128000
 756   -0.950000000   -1.689474000    1.310129000
 757   -0.950000000   -0.208780100    0.275897900
 758   -0.950000000   -0.258049300   -0.740355000
 759   -0.950000000    0.173757500    0.773821200
 760    3.824487000    0.658848400    0.151496700
 761   -0.950000000   -0.990857300   -0.385189000
 762   -0.950000000   -0.912863300   -0.951198500
 763   -0.950000000   -0.603576500   -0.675159000
 764    4.082100000    0.881437900    0.518588700
 765   -0.950000000    0.259991800    1.397455000
 766    7.536951000    0.748464800    0.985327400
 767   -0.950000000   -1.434301000   -0.005372294
 768   11.248230000    1.679448000    0.519966000
 769   -0.383768500   -0.031876720   -1.670531000
 770   -0.950000000   -0.385921900   -0.838079400
 771    3.365279000    0.736271000   -0.223027300
 772   -0.950000000   -0.206222900    1.681551000
 773    2.977920000    0.361421000    1.327121000
 774   -0.950000000   -1.589045000   -0.761346100
 775   -0.950000000   -0.483358800   -1.333762000
 776   -0.950000000   -0.597225300   -0.336611000
 777   -0.950000000   -0.407169600   -1.063023000
 778    2.611808000    0.189327200   -0.540416200
 779   -0.950000000   -1.309362000    0.223611100
 780   -0.950000000   -0.433616600    0.640528700
 781   -0.950000000   -0.171598700    1.479206000
 782    1.360142000    0.032322920   -0.137140400
 783    9.089704000    0.982390900    0.340656300
 784   -0.950000000   -0.463700800    0.614237000
 785   -0.950000000   -0.063776250    0.987253300
 786   -0.950000000   -1.173880000   -0.793245600
 787   -0.950000000   -0.358741500   -0.258263000
 788    4.412544000   -0.060433730   -1.391892000
 789    9.931962000    1.066534000   -0.978751300
 790   -0.950000000   -0.678156300   -0.130382500
 791   -0.950000000   -0.754575700   -0.448924100
 792   -0.950000000   -0.906130500    0.238268400
 793   -0.950000000   -0.399419500    0.289870800
 794   -0.950000000   -0.698873000    0.131693000
 795    8.784444000    0.659422200   -0.556992500
 796   -0.950000000   -0.879224600    0.991170200
 797   -0.950000000   -1.047204000    0.604641300
 798   -0.950000000   -0.493739900   -1.047219000
 799   -0.950000000   -0.416634200   -1.202929000
 800   -0.950000000    0.035898500   -0.522574700
 801    5.188266000    1.121424000    0.888030400
 802   -0.539232100    0.382417700   -0.312947600
 803   -0.950000000   -0.633990100    0.098082000
 804   -0.950000000   -0.923258700   -0.844446300
 805   -0.950000000   -0.316435500    0.569381700
 806   -0.950000000   -0.225608500   -0.147296900
 807   -0.950000000   -0.052115550   -1.057896000
 808   -0.950000000   -0.345103100    0.994520400
 809   -0.950000000   -1.739046000   -1.243434000
 810   -0.950000000    0.022489430   -0.878713400
 811   14.144860000    1.631302000   -0.737152000
 812   -0.950000000   -0.189559900   -0.197302400
 813   -0.950000000    0.133125200    0.021828480
 814    3.628970000    0.258667600   -1.669590000
 815    1.962450000    0.146546200   -1.229424000
 816   -0.950000000   -0.827912100   -0.436662800
 817   -0.950000000   -1.519345000    0.248522500
 818   -0.326252700    0.181955600    0.591562900
 819   -0.950000000    0.017860450    0.604483700
 820    6.804202000    0.569070300   -1.374322000
 821    3.627561000    0.528498500    0.199357700
 822    5.868745000    0.620990700    0.104018500
 823   -0.950000000   -0.903553200   -0.266388700
 824    3.882847000    0.731475000    0.178265400
 825   -0.040356690    0.171434900    0.657463400
 826   -0.950000000   -0.017633740    0.912467700
 827   -0.950000000   -1.099850000   -0.874482100
 828   -0.950000000    0.055483230   -1.359046000
 829   -0.950000000    0.161957000   -0.255112300
 830    4.277251000    0.871265200   -1.321508000
 831   -0.950000000   -1.287363000   -0.043449170
 832   -0.950000000   -1.260724000   -0.036704630
 833   -0.950000000   -0.541031400   -0.909045900
 834   -0.950000000   -0.085965060   -0.318774100
 835   -0.950000000    0.054951700   -0.641749100
 836    4.851197000    0.912152400   -0.533561500
 837   -0.950000000   -1.667348000   -0.729396400
 838   -0.950000000   -0.124608700   -0.142223500
 839   -0.950000000   -0.236036500   -1.119227000
 840   -0.950000000   -0.711880700    0.397119100
 841    9.320551000    0.941968500    1.606038000
 842    5.302908000    0.194746900   -0.389485300
 843    4.997835000    0.230690400   -0.253930500
 844    3.592072000    0.272277200    1.140416000
 845    1.926897000    0.064911420    0.232468100
 846    2.423742000   -0.018310860   -0.746135100
 847   -0.773445700   -0.748907500   -1.494463000
 848    8.378786000    0.458951300   -0.627812000
 849   -0.950000000   -0.545237700    0.130076700
 850   18.052490000    1.533262000    0.441825800
 851   -0.950000000   -1.104605000    0.539063700
 852   -0.950000000   -1.232863000   -0.131039500
 853   14.291300000    1.187324000    1.674068000
 854    9.384016000    0.599695800   -1.141359000
 855    2.988862000    0.165922400   -0.743524700
 856   -0.950000000   -0.342336600   -0.948474700
 857   -0.950000000   -0.433000500   -0.244142100
 858   -0.950000000   -1.119633000   -1.357260000
 859   -0.950000000   -0.635893800    1.814616000
 860   -0.950000000   -1.278033000    0.322685500
 861    1.195839000    0.362048600   -0.009040458
 862   -0.429244900    0.438171800    0.495402500
 863   10.365840000    1.250784000   -0.918022600
 864   -0.950000000   -1.635811000   -0.575507400
 865   19.676870000    1.792984000   -0.539625500
 866    0.765199100    0.263476600    0.005559484
 867   17.310160000    1.425262000   -0.449988000
 868   -0.950000000   -0.858585500    1.561131000
 869   16.094960000    1.393072000   -1.152346000
 870   -0.950000000   -0.077649060    0.213604500
 871   -0.950000000   -1.002891000    0.490301900
 872   -0.950000000   -0.364773100   -1.319241000
 873    8.625005000    1.579155000    1.376091000
 874   -0.950000000   -0.630448500   -0.066937080
 875   -0.950000000   -1.643234000   -0.190202100
 876    0.456653600    0.620115000    0.414449200
 877   -0.950000000    0.017139380   -0.254094000
 878   10.172210000    1.035792000   -0.814075600
 879    4.923860000    0.411598200   -0.979483600
 880    7.628369000    0.604008000   -1.336621000
 881   -0.950000000    0.028470600    0.072416720
 882   -0.950000000   -0.506320400    0.243161700
 883   -0.950000000   -1.586157000    0.757385800
 884    5.968151000    0.476349000   -1.051397000
 885   -0.950000000   -0.972528900    0.613667300
 886   -0.950000000   -0.280183900    1.004185000
 887    2.611104000    0.328718100   -0.792240200
 888   -0.950000000   -0.910647100   -0.664467700
 889   15.202580000    1.323961000   -1.049184000
 890   -0.950000000    0.003757036    0.637204300
 891   -0.950000000   -0.218023500    0.262078200
 892   -0.950000000   -1.759591000   -1.558482000
 893    5.434857000    0.996654500    0.078732630
 894   -0.950000000   -0.747990000    1.699401000
 895   -0.950000000   -0.924108800   -1.470813000
 896    6.582918000    0.880558700   -1.268494000
 897    0.929051300    0.236156300    1.179679000
 898   -0.950000000   -0.978088500   -0.432364100
 899   -0.950000000   -1.037893000   -0.485411000
 900   -0.950000000   -1.285952000    0.002053262
 901   -0.950000000   -0.810919500   -0.819907500
 902    3.281138000    0.001551246   -0.776402900
 903    3.820730000    0.532354200    1.052449000
 904    5.209646000    0.380870500    0.010738280
 905   -0.950000000   -1.684336000   -0.443526100
 906   -0.758412200   -0.113105500    0.486239000
 907   -0.950000000   -0.431865200   -0.271768100
 908    8.277539000    1.001263000    0.819930700
 909   -0.950000000   -0.427909100    1.485077000
 910   19.491850000    1.672067000   -0.092780790
 911   -0.950000000   -1.210698000   -0.388725200
 912   -0.950000000    0.004778558    1.378254000
 913   26.993320000    1.828291000   -1.233282000
 914   -0.950000000   -1.752207000    0.332104800
 915   21.773160000    1.655547000    0.783791500
 916   -0.950000000   -0.099367250   -0.708039000
 917   -0.814180200    0.008537020   -0.857689300
 918   -0.950000000   -0.225856200   -1.277223000
 919   -0.536218400    0.231596400   -0.563477700
 920    2.242723000    0.519303500    1.563259000
 921   -0.950000000    0.137534900    1.243153000
 922    0.057388990   -0.111648900   -1.255899000
 923   -0.950000000    0.131391000   -0.038146070
 924   -0.950000000   -0.925938200   -0.460884500
 925   10.681950000    0.993461100    0.747810900
 926    4.714678000    0.832200500    0.551157500
 927   -0.950000000   -1.370547000    0.488168200
 928   -0.950000000   -0.268060100   -0.936637800
 929   -0.185626500   -0.064045900   -1.245028000
 930   -0.950000000   -0.168374400    0.226481700
 931    6.498779000    0.353652800   -0.210443000
 932    5.325373000    0.357175400   -0.330010200
 933   14.439620000    0.872280700   -0.017872350
 934    2.780185000   -0.243419900   -1.136030000
 935   10.288900000    0.679543400    1.751884000
 936    3.680577000   -0.210544100    1.431909000
 937   13.132830000    1.254236000    0.009943198
 938   -0.950000000    0.333041200    1.481598000
 939   -0.950000000   -0.648974900   -0.610003100
 940   16.832450000    1.516619000    0.906020900
 941    7.654400000    0.338430700   -0.017202450
 942   -0.950000000   -1.765025000   -0.491268400
 943    1.536125000   -0.360825100    1.343646000
 944    3.189401000   -0.061308170   -0.832697200
 945    4.373253000    0.077618390   -0.575444400
 946   -0.950000000   -0.973315500    1.386069000
 947    5.208977000    0.302294400   -0.177726700
 948   14.496880000    0.881124600   -0.016301600
 949    3.138014000    0.073654250    0.799867000
 950    8.132574000    0.655550700    0.588332300
 951    1.452995000   -0.490399900   -1.013892000
 952    8.289054000    0.654057400    0.553159800
 953   16.987290000    1.625252000    0.570301100
 954   -0.950000000   -0.628613000   -0.299122300
 955   12.660980000    0.625160000   -1.342976000
 956    5.596838000    0.230213400    0.597381100
 957    8.955315000    0.631119900   -1.394220000
 958   16.319590000    1.476335000   -0.453918200
 959    8.085621000    0.703266300    0.248728900
 960   -0.950000000   -0.532913600    0.873631200
 961   -0.950000000    0.027508520    1.716048000
 962   23.575280000    1.541968000   -1.560882000
 963    2.884157000   -0.031548170   -0.248469200
 964    2.733442000   -0.052288820    1.142793000
 965    7.509400000    0.624069800    0.335865700
 966   -0.330792300   -0.321530700   -0.668804800
 967   15.771040000    1.292039000   -0.330808300
 968   10.188520000    0.625004300    0.709173500
 969   -0.950000000   -0.656342300   -0.656994000
 970   16.204250000    1.498539000   -0.679817400
 971   -0.950000000   -0.154675600    0.806508800
 972   -0.950000000   -0.642008000   -0.811660700
 973   -0.950000000   -0.826975600    0.875186700
 974   -0.950000000   -1.556735000    0.168358800
 975   -0.950000000   -1.452608000    1.593648000
 976   10.789830000    1.386871000    0.514023900
 977    2.805275000    0.256000000    0.100481500
 978   -0.950000000   -0.977198200   -0.997716200
 979   -0.950000000   -0.818036000    0.079896640
 980    6.362642000    0.212276500   -0.707301700
 981   15.752140000    1.466088000    0.798909100
 982   -0.502239600   -0.257159000    0.616513200
 983    6.709935000    1.491173000    1.688170000
 984    0.829607200   -0.142405900    0.802028600
 985    5.715615000   -0.065473680   -1.362801000
 986    6.554910000    0.044717320   -0.882587700
 987   -0.950000000   -0.541850900    0.710707400
 988   -0.950000000   -0.402334300    0.342305000
 989    4.635759000    0.504823200    0.570245000
 990   18.348110000    1.136920000   -0.374945300
 991    5.561113000    0.454908200    0.188044700
 992    1.620143000    0.159194300    0.648044700
 993   16.741640000    1.483882000   -0.334971300
 994   11.027900000    0.628231800   -1.813879000
 995   -0.950000000   -1.011077000    0.161491100
 996   13.234800000    1.020313000   -0.712098100
 997   -0.950000000   -0.804376300    0.661954200
 998   -0.950000000   -0.153809600    0.661697000
 999   -0.950000000   -1.077128000    0.557397100
1000   -0.950000000   -1.194559000   -0.316823300
1001    1.576595000   -0.148329100   -0.201053900
1002   -0.950000000   -0.641571200   -0.320663700
1003   -0.950000000   -0.142746400    0.877705200
1004   -0.950000000   -0.321585400   -0.146071500
1005   -0.950000000   -0.756671800    0.357666300
1006   11.844610000    1.767055000   -0.839872400
1007   -0.950000000   -0.301802600    0.689541200
1008   -0.950000000   -1.349950000   -0.460241100
1009    5.769814000    0.858848000   -0.520358900
1010   -0.950000000   -1.224062000    0.528994800
1011   -0.950000000   -0.165135700   -0.122090800
1012   -0.950000000   -1.513166000   -0.834224900
1013   -0.950000000   -0.138728800   -0.432709100
1014   -0.950000000   -1.683117000   -0.717131200
1015   -0.950000000   -0.017389480   -0.487884500
1016   -0.950000000   -0.669559700   -0.725902800
1017   13.604870000    1.399054000   -0.544983000
1018    4.960779000    0.803561700    0.846219700
1019   -0.950000000   -0.360770700   -0.449448600
1020   12.150860000    1.605922000   -0.282896300
1021   -0.950000000    0.038132510    1.622110000
1022   -0.950000000   -1.084815000    0.752886300
1023   -0.950000000   -1.493655000    1.396129000
1024    8.341639000    0.475164300   -0.531768000
1025    4.842652000    0.117646100    0.539892900
1026   -0.950000000   -1.334398000   -0.844515100
1027   -0.950000000   -0.903532600    0.240615000
1028    4.919561000    0.652435200    0.266243300
1029    6.015340000    0.675315000   -0.000639409
1030   -0.950000000   -1.079750000    1.518923000
1031   -0.950000000   -0.364131500   -0.719946700
1032    7.775774000    0.650178900   -0.916226800
1033    3.282691000    0.143579400   -0.483570200
1034   -0.950000000   -1.082128000    0.707972900
1035   -0.950000000   -0.319467100   -0.457604400
1036    3.616593000    0.453984500   -1.032402000
1037   -0.950000000   -1.125813000    0.438686000
1038   -0.950000000   -0.354976900   -0.643499500
1039    5.791737000    0.712893400    0.557513100
1040   -0.950000000    0.008645320    0.497430500
1041    9.422089000    0.577257200   -1.322488000
1042   10.734650000    1.205855000   -1.262600000
1043   -0.950000000   -1.116661000    0.235438400
1044   -0.950000000   -0.362853200    1.281432000
1045   -0.950000000   -1.923431000    0.559355900
1046   -0.950000000   -1.193633000    0.805173200
1047   -0.950000000   -1.780487000    0.343897000
1048    8.235265000    0.776420300   -0.837806600
1049    7.240733000    0.768744300   -0.084809620
1050   -0.950000000   -1.706187000    0.986295100
1051    1.077922000   -0.091418180   -0.701333600
1052    0.841307700   -0.164260400    0.780732100
1053   -0.950000000   -1.444363000   -0.037474190
1054    5.623995000    1.381608000    0.202133300
1055    5.033866000    0.259430500    0.345515200
1056   15.123770000    1.138129000   -0.575018800
1057    5.835493000    0.251113400    0.356214300
1058    0.618275000   -0.064915960    0.979898900
1059   -0.950000000   -1.296272000   -1.527883000
1060   -0.950000000   -0.647933100    1.613670000
1061    3.788355000    0.386274000    0.630015300
1062   17.602470000    1.686058000   -0.180025100
1063    3.856548000    0.084939730   -0.095337070
1064    9.946580000    0.393368600   -1.257441000
1065    6.866602000    0.434007100   -0.355998800
1066   -0.950000000    0.036565160   -0.809509100
1067   -0.678241200    0.509006800    0.111998800
1068   -0.950000000   -0.106516400    0.004448607
1069   -0.950000000   -0.152281400   -1.857814000
1070    2.835866000    0.733720500   -0.823975000
1071   -0.950000000    0.289455700    0.870200700
1072   -0.950000000   -0.664822000    0.771579800
1073   14.280430000    1.431361000   -1.301496000
1074   -0.950000000   -1.268556000    0.304819700
1075   -0.950000000    0.080029400   -0.222317100
1076   -0.950000000   -0.294673900   -1.059619000
1077   -0.950000000   -0.463890300   -1.778091000
1078   -0.950000000   -0.154023400   -0.086684340
1079   -0.950000000   -0.644179600   -0.145306100
1080   -0.950000000   -0.842859200   -0.257419200
1081   19.745110000    1.446977000    0.016656930
1082    8.754659000    0.550500400    0.285778600
1083    9.334193000    0.208274400   -1.915516000
1084    4.715962000    0.175629700    0.071994340
1085    5.491621000    0.563624800    1.046566000
1086   14.901750000    0.982812400    0.741935100
1087   13.848010000    0.798560900   -0.008148038
1088   15.893910000    1.290801000   -0.109973900
1089    2.392649000   -0.211618400   -0.688663400
1090    7.259362000    0.181331600   -0.603976000
1091   17.800820000    1.291702000    0.475238900
1092    9.605396000    0.242975300   -0.955769600
1093    3.810086000    0.137832100    0.664096400
1094    5.699809000    0.652273600    1.722000000
1095    8.534921000    0.600931900   -0.253219600
1096   -0.950000000   -0.827058700    1.369637000
1097   -0.448922600   -0.272742600   -0.549326100
1098   -0.950000000   -1.174105000   -0.825961700
1099   16.002840000    1.215464000   -0.437809800
1100    4.954163000    0.269821100    0.081439280
1101   -0.950000000   -0.733553100   -1.201055000
1102   15.766760000    1.167665000    0.890906900
1103    4.767117000    0.345229600    0.109868500
1104   -0.950000000   -0.180495700    0.852298000
1105   13.951250000    0.926204000   -0.602226600
1106    6.042392000    0.372562500   -0.095873550
1107    4.273318000    0.223785200   -0.845852700
1108   15.126340000    0.853407000   -1.499639000
1109    3.592662000    0.633618400    0.771241300
1110    5.705262000    0.280494700   -0.364603100
1111   -0.950000000   -0.550145800   -1.386656000
1112   -0.950000000   -0.063955920   -0.623191300
1113   -0.950000000   -0.791700200   -0.139192300
1114   -0.950000000    0.193197400   -0.138026000
1115    3.840814000    0.376633000   -1.111651000
1116   -0.950000000   -0.089683480   -0.485112300
1117   -0.950000000   -0.637581800   -0.327182300
1118   -0.950000000   -0.355925800    0.595231000
1119   -0.950000000   -0.036839390    0.231910300
1120    6.283855000    0.884021300    0.488288000
1121    4.190915000    0.935132300    0.521135100
1122    0.259937400    0.198583200   -0.335996400
1123   -0.950000000   -0.071718100    0.914483000
1124   -0.950000000   -0.920295900   -1.728758000
1125   -0.847973400    0.297502200    0.176801500
1126   -0.950000000   -0.361095700   -0.441598300
1127    9.082394000    0.929397700   -0.351027500
1128    5.016973000    0.209266500   -1.469616000
1129   -0.950000000   -0.605110300    0.623474300
1130    3.142598000    0.184498100   -0.307890400
1131    6.821459000    0.566185800   -0.154415300
1132   -0.950000000   -0.295390300   -0.604177500
1133   12.866270000    0.869764700   -1.525785000
1134   -0.950000000   -0.122879000    0.526221400
1135    4.018213000    0.495658400    0.441484900
1136    2.019874000    0.084385070   -0.813752300
1137    5.599450000    0.702448300    0.152151300
1138   17.270400000    1.887266000    0.087757050
1139    4.973973000    0.320890200   -1.653099000
1140   -0.950000000   -1.019327000    0.818839600
1141   -0.950000000   -0.030673790    0.140139000
1142   -0.950000000   -0.507207000    1.022627000
1143    0.722092200    0.156168000   -1.104591000
1144   -0.950000000   -0.485339700    0.597206000
1145    2.450370000    0.226780200   -1.014178000
1146   -0.950000000   -1.062518000    0.780068400
1147   -0.950000000   -0.353721700   -0.469874800
1148   -0.950000000   -0.697865500    0.036824950
1149   -0.950000000   -1.185036000   -1.921883000
1150    8.274891000    0.835097900   -0.173927500
1151   -0.950000000   -1.100333000    1.205215000
1152   -0.950000000   -0.108419900    1.005727000
1153   -0.950000000   -0.000942684   -0.549863500
1154    4.773593000    0.563651400   -0.651642800
1155    6.915341000    0.829733000   -0.466621600
1156    0.647041500   -0.081686100   -1.448322000
1157   13.010720000    1.380208000   -0.975014400
1158   -0.950000000   -0.407830700    1.061571000
1159   10.756790000    1.138856000   -0.316401400
1160   -0.950000000   -0.343106400    0.253092800
1161   -0.950000000   -0.416755600   -0.204670200
1162   -0.950000000   -1.003353000    0.208555700
1163    7.673037000    0.917384500    0.269556900
1164   -0.950000000   -0.840276800    0.070793850
1165   -0.950000000   -0.752972600    1.306044000
1166    0.058887340    0.037918580    0.532870900
1167    5.542047000    0.958620100    0.640368800
1168   -0.950000000   -0.310862100    0.048365020
1169   -0.795127200   -0.314531800   -1.381754000
1170   -0.950000000   -0.436719900   -0.343190200
1171    4.945959000    0.762808000   -0.618973400
1172   -0.950000000   -1.167012000    1.088556000
1173   11.241410000    1.750993000   -0.131241300
1174   -0.950000000   -0.022900700    0.206862200
1175   -0.950000000   -0.138632700   -1.590688000
1176   -0.950000000   -0.822630800   -0.976591100
1177   -0.950000000   -1.410777000   -0.659976900
1178   -0.950000000   -0.089180620   -1.537985000
1179   -0.950000000   -0.589107600   -1.700592000
1180   -0.950000000   -1.968288000   -0.229197000
1181    0.560816500    0.060147110   -1.721845000
1182   -0.950000000   -0.236601400    0.917078400
1183   -0.950000000   -0.528242700   -0.054545030
1184   -0.950000000   -0.441512400   -1.184027000
1185   -0.950000000   -0.583291400   -0.326980700
1186   -0.950000000   -0.987965900    0.115086000
1187    2.057013000    0.406616800   -0.341049700
1188    4.092552000    0.617182100   -0.170982000
1189   -0.950000000   -0.808051600    0.100820300
1190   -0.950000000   -0.045163180    0.290303600
1191   -0.950000000   -1.208066000   -0.140056900
1192   15.997530000    1.515770000   -0.820519800
1193    0.830865800    0.382932300    0.308793100
1194   -0.950000000   -0.054334370    0.744333200
1195    4.242748000    0.677567500    0.251343700
1196   -0.950000000   -0.739139600    0.754257900
1197    2.827057000    0.094341820   -1.555048000
1198   -0.950000000   -0.312175200    0.537845800
1199   -0.950000000   -0.386085100   -0.015631140
1200    1.045443000    0.351944000   -0.181690800
1201   14.855080000    0.716181700   -0.415163700
1202    3.816317000   -0.111392500    0.540692500
1203    5.559855000    0.335448500    0.853343500
1204    8.530633000    0.368187100   -0.665902300
1205   19.382380000    1.855632000    1.630745000
1206    4.414308000   -0.108611500   -0.093778340
1207    3.654613000   -0.273948500    0.277120400
1208   24.723510000    1.937702000    0.902386300
1209   15.196150000    0.974055900    1.961917000
1210   14.565520000    0.951661900    0.150804800
1211   -0.174049400   -0.935936600   -0.926747500
1212    1.227499000   -0.472543100   -0.537573800
1213   -0.950000000   -0.934782400    0.015127990
1214   17.514410000    0.560028800   -1.583543000
1215    6.974727000    0.239308600    0.323698800
1216   -0.524488000   -0.098945860    0.439174900
1217   -0.950000000   -0.818255000    1.887610000
1218    1.455666000   -0.517906800    1.210321000
1219   -0.298102700    0.210915700    0.789746900
1220   -0.950000000   -0.512878300    0.964870600
1221    1.597164000   -0.224663200    0.837242900
1222    1.398021000    0.010866040   -0.021115020
1223   -0.950000000   -0.262286500    1.774698000
1224    5.225190000    0.280729300   -0.244957500
1225   18.182850000    1.792479000    0.272858500
1226    5.238726000    0.055383490   -0.995651800
1227   -0.950000000   -1.784305000    0.656067900
1228   -0.950000000   -1.097894000    0.028687450
1229    3.934587000    0.138250900   -0.275404400
1230   17.051050000    1.370588000   -0.509193800
1231    5.994378000    0.850114900   -0.202554900
1232   -0.950000000   -0.089546110   -0.166104200
1233    6.013198000    0.299684000   -0.928445000
1234   -0.950000000   -0.697928300    1.115829000
1235    9.267053000    0.842859800   -1.183602000
1236    6.185938000    0.660138000   -0.676941400
1237   -0.950000000   -0.258921800   -0.702703600
1238    7.541189000    0.798128000   -0.675939200
1239   -0.950000000   -1.400423000    0.719641500
1240   -0.950000000   -0.997141900    0.082254590
1241   11.977020000    1.503819000    1.583347000
1242   -0.950000000   -1.568814000   -0.343611000
1243   -0.950000000   -1.400642000   -1.545836000
1244   -0.950000000   -0.727930900    1.690023000
1245   -0.950000000   -0.530761200    0.761364300
1246   -0.745464000   -0.437206900    0.183014400
1247   -0.950000000   -1.669766000   -0.125356900
1248    4.213800000    0.128102300   -0.028008080
1249   22.407410000    1.657364000   -0.681931900
1250   19.495980000    1.767628000   -0.154156800
1251   14.298290000    0.880083000   -1.961039000
1252   10.111450000    1.369504000    0.647479700
1253    1.928496000   -0.141830300   -0.162659600
1254    8.690563000    0.554503100   -0.187333600
1255   -0.950000000   -0.644561000    0.702201200
1256    8.417415000    0.818571000    0.405299500
1257   -0.950000000   -0.767947200    1.903665000
1258   -0.950000000   -1.205069000   -1.247097000
1259   20.717120000    1.869350000    0.521147300
1260    0.561722300   -0.416624100   -0.079866540
1261    5.293389000    0.544865100    0.206217500
1262   -0.950000000   -0.202776500    0.672026400
1263    2.089545000   -0.011983420    0.825529000
1264   -0.950000000   -0.496993900   -0.842426900
1265    3.107463000   -0.185704600   -1.651124000
1266    3.820957000    0.301678800    0.494518800
1267   -0.687374600    0.166267600    0.189485000
1268   -0.950000000   -0.202458700    1.327643000
1269   -0.851492300   -0.234945700   -0.620306000
1270   -0.950000000   -0.314023600    0.722937000
1271   -0.950000000   -0.655045400   -0.356344100
1272   -0.950000000   -1.699887000    0.762933700
1273    0.031938040   -0.117715100   -1.124757000
1274    7.019247000    0.826851600    0.522143800
1275   -0.950000000   -0.515614500   -0.334188400
1276   -0.950000000   -0.343639100   -1.049738000
1277   -0.950000000   -0.780418100   -1.985745000
1278   -0.950000000   -1.010067000   -0.148943900
1279    9.990326000    1.423250000   -0.574316800
1280    1.614399000    0.522243200    1.090893000
1281   -0.950000000   -0.136258700    0.173983800
1282    6.783344000    0.345999100    1.034495000
1283   -0.950000000   -0.320652900    0.106126500
1284   13.575830000    1.331234000   -1.944442000
1285    8.072131000    1.166999000    1.298010000
1286    4.154166000    0.551302600   -1.474386000
1287   -0.950000000   -0.178802200   -0.416030800
1288   -0.950000000    0.010870450   -0.359837500
1289   -0.950000000   -1.121453000   -0.578823200
1290    5.679256000    0.507858500   -0.712780700
1291   -0.950000000   -1.797057000    0.556404600
1292    1.820864000   -0.479322600   -1.004908000
1293   -0.950000000   -1.145931000   -0.353369100
1294   16.377880000    1.741682000    1.163792000
1295   16.687280000    1.308657000    0.526804700
1296   -0.950000000   -0.461043700    1.193765000
1297    8.957860000    0.988048600    1.182233000
1298    0.949621700    0.073757660    1.728174000
1299   -0.950000000   -0.653855300    0.380392000
1300    8.553046000    0.601489100    0.078448830
1301    4.853005000    0.090571970   -0.384322600
1302    9.106738000    0.336782400   -1.719199000
1303   -0.950000000   -0.787874200   -0.682907200
1304    6.687349000    0.653783700    1.655840000
1305    9.265273000    0.530872300    1.315922000
1306    2.830117000   -0.354651800    1.433990000
1307   -0.950000000   -1.641889000   -0.190118300
1308   -0.950000000   -1.390004000    0.467153700
1309    9.342322000    1.573949000    1.760387000
1310    1.171183000    0.009651090    1.731266000
1311    1.014918000   -0.024468400    1.794501000
1312    4.686296000   -0.218015500   -0.973197400
1313   21.823650000    1.232881000    1.142152000
1314    4.283095000    0.152694800    0.556402400
1315    6.312887000   -0.192657400   -1.258781000
1316    3.662946000   -0.182907900   -0.687097100
1317   17.680930000    1.177398000    0.407410400
1318    7.653885000    0.499668700    0.535551500
1319   -0.812702800   -0.427086900    0.232579800
1320   17.624750000    1.274050000   -1.053140000
1321    6.439417000    0.448309400   -0.864313900
1322    0.801673300    0.011094730   -0.034490760
1323   -0.950000000   -0.321680800    0.397548600
1324   18.006660000    1.587147000   -0.697196900
1325   26.798830000    1.854836000    0.681771700
1326    7.406171000    0.663587400    0.180139200
1327   -0.950000000   -0.359527100    0.393195500
1328   15.845270000    1.945077000   -0.826365600
1329    4.308647000    0.321710600   -0.543964100
1330    3.888183000    0.019761950   -1.140964000
1331   -0.645277500   -0.472630200   -1.885794000
1332   -0.950000000   -0.278704900    1.301443000
1333    9.025933000    0.768958400   -0.748102700
1334   -0.950000000   -0.480318500   -1.236122000
1335    1.406059000    0.120484600    1.214120000
1336   -0.950000000   -0.930513600   -0.325897400
1337    1.013124000    0.179093800    0.720468900
1338    5.977480000    0.494963500    0.302247900
1339    0.519971600    0.031371000    0.246363000
1340   -0.950000000   -1.047742000   -1.227311000
1341   12.577000000    1.199047000   -0.553850900
1342   13.649240000    1.290786000   -0.916287400
1343    4.327810000    0.426746500    0.123443300
1344   -0.950000000   -0.151272900    0.897773100
1345   12.540330000    1.096522000   -1.665053000
1346    4.200137000    0.494884600    0.270958000
1347   10.740210000    0.779624300   -1.004552000
1348   -0.950000000   -0.681659700   -0.733704300
1349   -0.950000000   -0.741328700    1.111327000
1350    9.591561000    1.053386000   -0.039371870
1351   16.079830000    1.327663000    1.440677000
1352   -0.950000000   -1.032037000   -0.597459400
1353    8.171921000    1.242962000   -0.600471400
1354    1.604718000    0.099605660    0.006447952
1355   16.426760000    1.590936000   -0.502848600
1356   -0.950000000   -0.961416400   -0.848133500
1357   -0.950000000   -1.253276000   -1.012859000
1358    7.709149000    1.080643000    0.708088600
1359   -0.950000000   -1.350895000   -1.364272000
1360   -0.950000000   -0.872758500    0.839261400
1361    6.330659000    0.572331900   -0.898753300
1362   -0.950000000   -0.233206200    0.516482300
1363   -0.950000000   -1.420218000    1.616846000
1364   -0.950000000   -0.813134500   -0.630092300
1365    0.535624600    0.188601200   -0.216527400
1366   -0.950000000    0.001202477    1.032305000
1367   -0.950000000   -0.527716100    1.106341000
1368   -0.950000000   -0.701694700   -0.101018200
1369   10.207200000    0.691229400   -1.755762000
1370   10.924230000    1.343964000    1.637027000
1371    3.635036000    0.538675000    1.336591000
1372    3.702539000    0.206437200    0.404956700
1373    5.640089000    0.191790400    0.162348500
1374   -0.868738000   -0.506653300   -0.906640100
1375    0.562768500   -0.338721500   -0.618889400
1376   -0.950000000   -0.539184600    0.512758400
1377    0.005757230   -0.346244000    0.233250400
1378    2.657203000    0.207881300    0.496484200
1379   -0.742920100   -0.209148700    0.609124600
1380   14.954690000    1.390084000   -0.160601800
1381   23.207630000    1.823937000   -0.632542900
1382   19.893690000    1.605899000   -0.116012300
1383   -0.950000000   -0.339941500    1.775720000
1384   -0.950000000   -0.478963500    0.463292400
1385   -0.950000000   -1.018817000   -1.321423000
1386   17.985920000    1.216292000   -0.057548900
1387   -0.950000000   -1.118637000   -0.423627500
1388   -0.950000000   -0.742703300   -0.540072200
1389    9.817798000    0.396164000    1.599937000
1390    1.983709000   -0.219677200    0.684026400
1391    8.612700000    0.531940100   -0.637056900
1392   18.841910000    0.998905400   -1.511926000
1393   11.511760000    0.759299200   -0.149012700
1394    1.065378000   -0.273036900   -0.126166900
1395   -0.950000000   -1.210892000    1.952986000
1396    8.238531000    0.482146400   -1.312932000
1397   11.426430000    0.754419200   -1.035138000
1398   15.418940000    1.521908000   -0.702765700
1399    3.091612000    0.289798000    1.089971000
1400    2.053925000    0.099002970   -0.030863200
1401    1.236121000    0.020591390    0.138905600
1402   -0.950000000   -1.408624000    0.460258200
1403    3.388228000    0.170896300   -1.637926000
1404   -0.950000000   -0.484941200    1.653047000
1405   -0.950000000   -0.116875100    0.776142200
1406   -0.950000000   -1.791701000    0.499070600
1407   13.714380000    1.166358000    1.573039000
1408    2.775202000    0.455317700    0.112184000
1409   13.316180000    1.158534000    0.008708250
1410    5.123386000    0.276315400   -0.862806700
1411   -0.950000000   -1.239709000    0.806299500
1412   23.616520000    1.799770000   -1.218999000
1413   -0.489093600    0.022582900    0.082637760
1414   -0.950000000   -0.571671500   -1.599956000
1415   -0.950000000   -0.769596500    0.303235000
1416    6.458722000    0.716563900    0.247972600
1417   -0.950000000   -0.305240000    0.232766600
1418    0.177133400   -0.137957600   -1.339065000
1419    3.070657000    0.521512900    0.784534900
1420    4.754377000    0.521411300    0.525746400
1421   16.147440000    1.871118000   -1.670808000
1422   -0.950000000   -0.908409600    1.150232000
1423    4.914471000    0.406549300    1.181781000
1424    7.307769000    0.522515300   -1.333665000
1425    1.686666000    0.224140900   -0.618974400
1426    2.204830000    0.651214800    1.921038000
1427    1.988038000    0.428704400    0.075622040
1428   12.063960000    0.995859100    0.503167000
1429    9.906014000    0.574346900   -1.085287000
1430   15.810670000    1.317018000   -0.444855600
1431    7.265436000    0.373089100   -0.654824800
1432   17.228010000    1.784779000   -1.162088000
1433   -0.950000000   -0.603623500    0.513396500
1434   11.742960000    1.290391000    0.687531200
1435    1.555815000    0.005151230   -0.817670000
1436   -0.950000000   -0.323740700   -1.100628000
1437   -0.950000000   -0.488317600   -1.397740000
1438    2.092568000   -0.058567600   -0.774399300
1439    4.519544000    0.202479800   -0.676976400
1440   15.765740000    1.208706000    0.116210400
1441    7.485669000    0.434539800    1.243636000
1442    3.586881000   -0.116716000    0.018544180
1443   -0.950000000   -0.733892900   -0.902890200
1444    6.846033000    0.835259100    0.663091600
1445   -0.950000000   -0.768104100    0.330538700
1446   -0.950000000   -0.599616300    0.326040700
1447    9.889263000    0.832020900   -0.342846000
1448    3.561141000    0.074096080   -0.340273300
1449    6.027150000    0.031649190   -0.757905600
1450   16.364460000    1.395807000    0.290562500
1451    8.650949000    0.468024800   -0.539492500
1452    0.877832600    0.516357700    1.129478000
1453   16.170770000    1.163425000    0.007611542
1454    5.472129000    0.320976000    0.040694020
1455    5.586590000    0.184264300    0.029554950
1456   -0.950000000   -1.428032000    1.958276000
1457   -0.950000000   -0.500764000    0.563483100
1458   -0.950000000    0.329437100    1.193592000
1459   13.544180000    0.852429600   -0.501694100
1460   -0.950000000   -0.168732900    0.354066600
1461   -0.950000000   -0.921773400   -0.445843100
1462   -0.950000000   -0.976854200    0.127082100
1463   15.636390000    1.460785000    0.408286600
1464   10.126120000    0.629386000   -1.717530000
1465   -0.950000000   -0.581563500    0.557701100
1466   -0.950000000   -0.607057800   -0.805119100
1467   26.881380000    1.953745000   -0.472090800
1468    7.659433000    0.724331500    0.515625000
1469   -0.950000000   -0.553744300    0.350833000
1470   -0.950000000   -0.271974700    1.051200000
1471   -0.950000000   -1.000247000   -1.642636000
1472   18.815030000    1.509807000   -1.154513000
1473    4.543665000    0.726514600   -0.102125200
1474   -0.950000000   -1.466152000   -0.854241000
1475   -0.950000000   -0.569456900   -0.253329800
1476    5.094037000    0.454636900   -0.303895400
1477   -0.950000000   -1.181541000    0.655141800
1478   -0.950000000   -0.417931000    0.771919700
1479    8.914046000    1.022476000    0.512700400
1480   -0.552654300   -0.296594500    0.609685600
1481   19.114860000    1.420933000   -1.099022000
1482   11.082000000    0.810293500   -0.794025700
1483    2.005646000    0.741644600    1.637746000
1484   15.005900000    1.485094000    0.602392300
1485   -0.950000000   -1.145222000    0.016496170
1486   -0.950000000   -0.955817200    0.010149860
1487   -0.950000000   -0.824183100   -1.837997000
1488    3.192685000    0.354187200    1.073924000
1489   15.964220000    1.282827000    0.328515600
1490   -0.950000000   -0.885237700   -0.549169100
1491    3.791284000    1.414847000    1.731909000
1492    8.250298000    0.840624700    0.315249300
1493   -0.950000000   -1.008223000    0.756698500
1494   -0.950000000   -1.667364000   -0.575250900
1495    2.942825000    0.441769500    0.916829700
1496   -0.950000000   -0.311591700   -0.240399100
1497    3.604504000    0.227158900    0.313684500
1498   12.644870000    0.582125800   -1.544193000
1499    3.072335000    0.030503460   -0.683137100
1500    4.533582000    0.204206800   -0.676145100
