*y  x1  x2
   1    3.966887000    0.138148000    0.296236900
   2   10.647130000    0.510708400   -0.896180200
   3   -0.950000000   -1.275259000    0.666602000
   4    1.903272000   -0.108874200    0.752772000
   5   16.890360000    1.233979000    0.026661110
   6    5.850001000    0.201565200   -0.517077700
   7   17.319480000    1.423117000   -1.022416000
   8   -0.950000000   -0.700952000   -0.239690700
   9   12.654310000    1.179280000   -0.551768100
  10   -0.579434300   -0.167931700    0.229385300
  11    3.913593000   -0.038095380    0.132030900
  12    6.432271000    0.349866300   -0.266013300
  13    8.599231000    0.672085100   -0.745386800
  14   -0.950000000   -0.338186700    0.813675800
  15   -0.950000000   -0.851107300    0.505547300
  16    3.830083000    0.180537200   -0.548505600
  17   -0.950000000   -0.664019000    0.979944100
  18   -0.950000000   -0.289734800    1.234265000
  19   -0.950000000   -1.173224000    0.019378460
  20   -0.950000000   -1.597834000    1.265082000
  21   -0.950000000   -0.795099800    1.483489000
  22    1.015022000   -0.061397650   -0.199929600
  23   -0.950000000   -1.502757000   -0.915752300
  24    1.759987000   -0.150272000   -0.935347000
  25    4.211750000   -0.014084580   -0.671641100
  26   -0.950000000   -0.789763400    0.328423900
  27    5.881653000    0.559989400   -0.620356200
  28    2.160998000    0.005752786    0.918761000
  29    4.852433000    0.256839200    1.315670000
  30   11.474090000    1.249651000    0.081493060
  31   -0.950000000   -0.148284900    1.897586000
  32    9.942358000    0.621840000    0.007413443
  33   -0.950000000   -0.104991900    1.621754000
  34   21.278880000    1.527419000   -0.731788000
  35   13.556470000    0.963892700   -0.766074300
  36   17.238990000    1.441120000    1.944074000
  37   -0.950000000    0.013742190    1.067175000
  38   -0.950000000   -1.093404000    0.097653210
  39   -0.950000000   -0.557622700   -0.198697100
  40    9.675839000    0.978784800   -0.845005000
  41   -0.950000000   -1.140423000   -0.302327700
  42    0.090606260   -0.245927700   -0.451932300
  43   -0.950000000   -1.112237000   -0.520189600
  44   14.816040000    0.736998000   -1.921075000
  45   14.317000000    1.395158000    0.031305240
  46    1.071726000    0.080615880   -0.276406200
  47   -0.915539900   -0.031344620    0.003815754
  48    2.182039000    0.313220300    0.826477400
  49    9.319063000    0.431855200   -1.850874000
  50   -0.950000000   -0.698586600   -0.046218860
  51   12.340820000    1.336838000    0.624386300
  52    9.288575000    0.936782500    0.627576400
  53   -0.950000000   -0.666714800    0.352706200
  54    7.791406000    0.895717200   -0.199993100
  55   -0.950000000   -0.102751500    1.109528000
  56   13.838870000    1.142708000   -1.174610000
  57   -0.950000000   -1.701392000   -0.791908800
  58    5.582040000    0.808142700    0.184502000
  59   -0.950000000   -1.003861000    1.361410000
  60    4.523132000    0.994893500    1.299381000
  61    0.579837200    0.101680300   -0.542822000
  62    4.455866000    0.407583100   -0.558517600
  63   -0.950000000   -0.336705700    1.184589000
  64   -0.950000000   -1.109194000   -1.129462000
  65    2.028553000    0.098027340   -1.009746000
  66    0.762950900   -0.225602000   -1.151578000
  67    5.545313000    0.614958700   -0.824907500
  68   -0.950000000    0.027990740    0.801406000
  69    4.039279000    0.339043200    0.062359030
  70    1.806917000    0.620634400    0.691476400
  71   -0.950000000   -0.820354900    0.103479800
  72   -0.950000000   -0.727896400    0.801832600
  73    2.528077000    0.108470400   -0.653759800
  74   -0.950000000   -0.741771000    0.010867140
  75   -0.950000000   -0.476890800    0.725854700
  76   -0.950000000   -0.099334030   -0.044394020
  77    8.113657000    0.962570600    0.553882500
  78    5.499107000    0.530777600    0.440234800
  79    8.424639000    0.948147900    1.177300000
  80   -0.950000000   -0.966558700    0.020111050
  81   12.121940000    1.125932000   -0.205091000
  82    0.590586700   -0.154788600   -0.805637500
  83   11.742440000    1.207533000    0.295590000
  84   -0.950000000   -0.861348400   -0.637067100
  85    6.601816000    1.069749000    0.329398400
  86   -0.950000000   -1.094643000   -0.024166140
  87    1.281018000    0.105919500   -0.167934900
  88   -0.950000000   -0.372736700    1.906424000
  89   -0.777842600   -0.158134400   -0.163077000
  90   -0.950000000   -0.351983100    0.286942800
  91   -0.950000000   -0.858662500   -0.114703200
  92   23.027870000    1.759368000   -0.505908400
  93   -0.593740500   -0.245514100   -0.113308700
  94   -0.950000000   -0.929631700    0.691841900
  95   14.503790000    0.923748700   -1.340475000
  96   -0.950000000   -0.488083200    1.092062000
  97    1.942588000    0.005137169    0.110745800
  98   -0.950000000   -1.400851000   -1.490538000
  99    0.342374200   -0.181927400    1.558066000
 100   10.315320000    0.929576600    0.576851900
 101   13.768360000    1.095760000    0.404837400
 102   -0.950000000   -1.133303000   -0.640066200
 103   10.931360000    0.765237500   -0.901711000
 104   13.754450000    1.375684000   -0.060922500
 105    2.823653000    0.168648500    1.078490000
 106   -0.950000000   -0.710469900   -1.719948000
 107    0.950989900    0.057642080   -0.668616300
 108    1.380367000   -0.087661920   -0.849784200
 109    3.034375000    0.406432300    0.398954200
 110    9.671744000    0.638558400    0.627598700
 111    6.781221000    0.823582000    0.243603200
 112   -0.950000000   -0.726541000    1.316737000
 113    6.047907000    0.450855400    0.340824300
 114   -0.950000000   -0.285781800    1.339888000
 115   -0.950000000   -0.968235200   -0.241607700
 116   13.555460000    1.333450000    0.626476900
 117    8.091745000    0.876113000    0.514036700
 118   -0.950000000   -1.674691000    1.867448000
 119    8.266433000    0.537139800   -1.401552000
 120    8.508781000    0.632046200   -0.190783600
 121    6.520109000    0.145414800   -0.847698200
 122   -0.429659200   -0.490677100   -1.374705000
 123   18.406960000    1.633443000    1.302433000
 124    6.289810000    0.231990200   -0.475602400
 125    6.082550000    0.517782900    0.613931600
 126    8.371612000    0.712921000   -0.150210000
 127    0.477276200    0.160566600    1.118446000
 128   -0.950000000   -0.613801300   -0.329770500
 129    8.239905000    0.402362600   -0.855147600
 130   -0.950000000   -0.845306600    0.305675000
 131    1.248911000   -0.175332500   -0.139760400
 132    0.292997700   -0.286369400   -0.691825800
 133    7.411700000    1.052478000    0.556691400
 134   -0.950000000   -0.546513600    0.167092900
 135   -0.950000000   -0.998978000   -0.793120800
 136   -0.950000000   -1.359312000    0.891898900
 137   -0.950000000   -1.049606000    1.133657000
 138   -0.242463800    0.139327800   -1.351539000
 139    5.260958000    1.060230000   -0.393181400
 140   -0.950000000   -0.569198500   -1.414723000
 141   -0.950000000   -0.424954200   -0.630628700
 142   -0.950000000   -0.120104300   -1.474281000
 143   -0.950000000   -0.134267500    1.846171000
 144   -0.950000000   -1.479940000   -0.759090800
 145   -0.950000000   -0.476382100   -0.497766900
 146   -0.950000000   -0.954524700   -0.524034400
 147    4.425321000    1.129504000    0.329772000
 148   -0.950000000   -1.863188000    0.691390100
 149   -0.950000000    0.537846500    0.865234800
 150   -0.950000000   -0.610519600   -0.386156400
 151   -0.950000000   -1.677435000   -1.057935000
 152   -0.950000000   -0.714062400   -0.261131200
 153   -0.950000000   -1.270441000    0.547293600
 154    9.434037000    0.990672400    0.475256100
 155   -0.950000000   -0.924335500   -0.130298900
 156   -0.950000000   -1.563634000   -0.778539500
 157    0.927753400    0.578567500   -0.862001400
 158   -0.950000000    0.077696810    0.557909200
 159   -0.950000000    0.286485000    0.635943000
 160   -0.171817600    0.594778000    1.407712000
 161   -0.950000000   -0.301671600   -1.208070000
 162   -0.950000000   -1.648908000    1.030108000
 163   -0.950000000    0.167333700    0.306679700
 164    2.983680000    0.619453700   -0.475503000
 165   -0.950000000    0.222080500    1.321479000
 166    1.632631000    0.430161100    0.534171200
 167   -0.950000000   -1.191082000   -0.588171700
 168   -0.950000000   -0.310504700    0.765391000
 169   -0.950000000   -0.152253500    0.315181700
 170    1.718686000    0.817649700    0.768708600
 171   -0.950000000   -0.173452400   -0.014555050
 172   -0.950000000   -0.258636800   -1.649897000
 173    6.029634000    0.751770500   -0.145963000
 174   -0.950000000   -0.018503070    1.000886000
 175    0.647822000    0.130315300   -0.441892200
 176   -0.950000000   -0.709455000   -1.224599000
 177   -0.729083200    0.042484400    0.207811300
 178   -0.950000000   -0.669282600    1.246306000
 179    0.844958000    0.027750810   -1.881548000
 180   -0.950000000   -1.531646000   -0.561730500
 181    5.251295000    1.028649000    0.722707600
 182   -0.613463900    0.224793400    0.999662200
 183    7.679386000    0.794058900    0.197987500
 184   -0.950000000   -0.325660700   -0.360996400
 185    9.916104000    0.745943300   -0.372517100
 186   -0.950000000   -0.697660300    0.283166500
 187   -0.950000000   -0.602116000    0.570126900
 188   -0.950000000   -0.973938400    0.747842200
 189   -0.950000000   -0.435114000    0.291838900
 190   -0.950000000   -0.353098800    0.947211000
 191   -0.950000000   -0.132970200    0.699769400
 192    0.001493250   -0.000804420    1.284772000
 193   -0.950000000   -0.151847200    0.300530200
 194   10.490750000    0.479186000   -0.969795200
 195   -0.950000000   -1.925776000    0.483745700
 196   -0.950000000   -1.054822000   -0.359805200
 197   -0.950000000   -0.854586500   -0.434171100
 198    0.157655000   -0.183198200    0.415465400
 199    9.388992000    0.551255400    0.259409600
 200   -0.950000000   -1.679131000    1.861684000
 201    1.651487000   -0.075228800    0.065700320
 202   -0.950000000   -0.732601700    0.598043900
 203   29.032980000    1.945017000   -0.055245320
 204   12.213170000    0.834993900    1.693876000
 205   -0.950000000   -0.814998000    0.938762000
 206   -0.950000000   -0.003388346    1.727781000
 207   -0.950000000   -0.560619200    0.068942080
 208    0.188775800   -0.407716200    1.514364000
 209   -0.950000000   -0.484045300   -0.187530300
 210    6.420488000    0.472099500    0.058417540
 211   19.663800000    1.819886000   -1.247733000
 212   -0.950000000   -1.668995000    1.698682000
 213   -0.950000000   -1.385670000    1.939471000
 214   -0.950000000   -1.148025000    0.290431000
 215   17.986920000    1.872378000    1.967560000
 216   -0.950000000   -0.802135200    0.247890000
 217    1.079230000   -0.219163700   -1.103552000
 218   -0.950000000   -0.090378510    0.167238500
 219   -0.950000000    0.003811247    0.022649670
 220    7.826351000    0.638483800   -0.397031000
 221   -0.950000000   -0.178556300    0.900893700
 222   -0.950000000   -1.557918000    0.729787800
 223   -0.615230800   -0.245740400   -0.923550100
 224   -0.509639600   -0.315734900   -1.216004000
 225    5.406696000    0.452413400   -0.354245000
 226    6.753119000   -0.041649960   -1.658561000
 227    5.484066000    0.165851000   -1.470456000
 228   -0.950000000   -1.461252000    0.506029200
 229    3.051389000    0.550114100    1.707190000
 230    3.879157000    0.296377900   -0.341156800
 231   17.692560000    1.054822000   -1.676625000
 232   16.127840000    1.314509000    0.901289800
 233    7.350272000    0.709261400    1.099054000
 234   -0.339254900   -0.408375600   -1.357968000
 235   24.915300000    1.897807000    0.126788700
 236   10.441150000    0.839016500    1.482884000
 237   -0.950000000   -0.946370700    0.094424840
 238   -0.950000000   -1.026632000    0.340149500
 239   -0.624543600    0.077219620    1.188529000
 240    1.432232000    0.375588900    0.673700300
 241   -0.950000000   -0.095029710    1.201610000
 242   -0.950000000   -0.858418300   -0.249632000
 243   -0.950000000   -1.249652000    0.876675600
 244    5.629045000    0.366886000    0.657308700
 245    3.505955000    0.178788100   -0.082949740
 246   -0.950000000   -0.984782100    0.603941500
 247   11.307310000    0.926443500   -0.861305500
 248   -0.950000000   -0.491868200    1.400761000
 249   13.894700000    0.836630800   -0.830265400
 250   -0.950000000   -0.535544400    0.941636700
 251    1.989934000    0.194464000    0.261238600
 252    2.443720000   -0.089579320   -1.363040000
 253   -0.950000000   -1.197443000   -0.370647600
 254    5.649075000    0.913782100    0.917826900
 255   -0.950000000   -0.862429200   -1.302196000
 256   -0.950000000   -1.187082000   -0.527968000
 257   -0.950000000   -0.577431600   -0.180371500
 258   -0.950000000   -1.533646000   -0.602060300
 259   -0.950000000   -0.773032500   -1.443390000
 260    3.278307000    0.262898300   -1.314722000
 261   -0.950000000   -1.348117000   -0.991720900
 262   10.461180000    0.985587600   -0.736283200
 263   -0.950000000   -0.618388100    0.556391000
 264    3.407673000    0.396919400   -0.778442800
 265   -0.950000000   -0.565928200    0.292637600
 266    4.379650000    1.013654000    0.864785400
 267   -0.950000000    0.123751600    0.844123800
 268    8.653272000    0.848889700   -0.086227170
 269    6.485632000    0.872470600    1.462647000
 270   -0.950000000   -0.504987800    0.094974680
 271   -0.950000000   -0.205089700    0.417936900
 272    0.785081400    0.458481700   -0.257986700
 273   -0.950000000   -0.610892300   -1.980835000
 274    3.122635000    0.691698800   -0.948384500
 275   -0.950000000   -0.063173050    0.083675120
 276   -0.950000000   -0.801171100   -0.124040200
 277   -0.950000000   -1.110417000   -0.195634500
 278    0.712758100    0.482502800    0.805443000
 279   -0.950000000    0.028215120   -0.593467600
 280   13.039750000    1.230668000   -0.265382000
 281    0.437115700   -0.021609820   -1.909264000
 282   -0.950000000   -1.157653000   -0.954405600
 283   -0.950000000   -0.614697500   -0.002567445
 284   -0.950000000   -1.033675000   -0.379619100
 285    4.851860000    0.728530000   -0.188914000
 286   -0.950000000   -0.339497700   -0.069537450
 287   -0.950000000   -1.247166000    0.601398100
 288   -0.950000000   -0.212604400    1.112196000
 289   15.888540000    1.023859000   -0.293173800
 290    1.191934000    0.051533450   -0.045508650
 291   -0.950000000   -0.890918500   -0.087394090
 292   -0.950000000   -0.329031600    0.245497100
 293    9.937849000    1.078869000    0.883653600
 294    8.029943000    0.531723500   -0.951704000
 295    5.533544000    0.268076700   -0.443076100
 296   17.851970000    1.507934000   -0.055439450
 297   -0.950000000   -1.966482000   -0.854553600
 298    1.061550000    0.398672800    1.289613000
 299   -0.950000000   -0.682356000   -1.663506000
 300    2.961092000    0.073502810    0.300754600
 301   -0.950000000   -0.919324700    0.271969500
 302   -0.950000000    0.027404080    0.925806300
 303   -0.950000000   -0.999221100   -0.122484300
 304    2.703079000    0.349604700   -0.211524900
 305   -0.950000000   -0.233019900    0.913425000
 306   -0.950000000   -0.437597500    0.594837900
 307    5.771971000    0.629187500   -0.774635200
 308   -0.950000000   -0.418912500   -0.680808500
 309   -0.950000000   -1.004758000    1.038161000
 310   -0.950000000   -0.051957400    0.653304900
 311   -0.950000000   -0.485021400    0.342331800
 312    3.330141000    0.516412700    0.217733100
 313    5.745936000    0.557689700   -1.354563000
 314    0.828509100    0.014015480    0.823589000
 315   -0.950000000   -1.484174000    0.188570500
 316   -0.705345100    0.232865600    0.725091400
 317   -0.950000000    0.018985060    0.293224700
 318   -0.196472000   -0.293685400   -0.423704600
 319   -0.950000000   -0.529238800    0.896613000
 320   10.956760000    0.935096300    0.277826900
 321   -0.950000000   -0.261052500    0.388609900
 322    3.987026000   -0.068767430   -1.368468000
 323   -0.950000000   -0.680898600   -0.094373980
 324    7.962244000    0.241057100   -1.083023000
 325   -0.417924700   -0.166808600    0.206959900
 326   -0.950000000   -0.634016500   -0.367992700
 327   10.732560000    0.699777200   -0.297120400
 328   13.641430000    1.044430000    0.281761500
 329   -0.950000000   -1.491041000    0.953077100
 330   13.897570000    1.592133000    0.939274100
 331   12.121270000    0.835439300    1.023881000
 332   21.534490000    1.911075000    0.429861500
 333   -0.950000000   -1.023895000   -0.272372300
 334    8.208261000    0.704934600    1.010080000
 335   -0.950000000   -0.956422800    1.312541000
 336    9.014759000    0.538655100   -0.705499600
 337   -0.950000000   -1.874306000    0.218549800
 338    8.150494000    0.566392900    0.546435100
 339    9.699198000    0.318614000   -0.472949900
 340    4.053457000   -0.182246100   -0.751388800
 341   -0.950000000   -0.629545700   -0.016260440
 342    9.413142000    0.588194000   -0.392280300
 343   -0.950000000   -0.235047100    1.336794000
 344    6.146965000    0.486551000    0.439857200
 345   21.587980000    1.244287000   -1.333279000
 346    7.626189000    0.890740400    1.261019000
 347   -0.145666700    0.196022000   -0.027584430
 348   -0.950000000   -0.265874800   -0.749819700
 349    0.827531400    0.216496300   -0.244412000
 350   -0.950000000   -0.502852400    0.063924790
 351   -0.950000000   -0.844113300   -0.105474200
 352    0.177897800    0.151106200   -0.032133580
 353   -0.950000000   -1.932851000   -0.173431000
 354    5.333237000    0.597664900   -0.318111500
 355   -0.950000000   -0.000221966   -0.656724200
 356    1.361521000    0.225734400   -0.217731800
 357    2.758218000    0.712178300    0.726205900
 358   -0.950000000   -0.149325400    0.692311100
 359   -0.950000000   -0.133312600   -0.377605500
 360   -0.950000000   -0.508125200    1.686422000
 361    8.346129000    0.827019500   -0.154502800
 362   -0.950000000   -0.911715100   -0.352246400
 363    2.811585000    0.510494900   -0.153602900
 364   -0.950000000   -1.327822000    0.402066900
 365   -0.950000000   -0.155299500    0.443043800
 366   -0.950000000   -1.707779000   -0.101691300
 367    4.584073000    0.682088700    0.541319700
 368   -0.950000000   -0.012831850   -0.527929100
 369   -0.950000000   -0.657219700    0.110595100
 370    5.304376000    0.511955300   -0.814841200
 371   -0.950000000   -0.919665200   -0.363727500
 372   11.995790000    1.059981000    0.392438700
 373   -0.950000000   -0.056227820    1.105109000
 374    3.284749000    0.577573900   -1.068223000
 375    4.425012000    0.549820700   -1.206143000
 376   -0.950000000   -1.312244000    0.325534900
 377    7.117602000    0.341245800   -0.375646800
 378   -0.950000000   -0.889487800    1.342180000
 379   11.075850000    0.877765800    1.027393000
 380   -0.950000000   -1.557941000    0.212549700
 381   -0.950000000   -1.454702000    0.340615200
 382   -0.950000000   -0.252047200    1.797955000
 383   18.492430000    1.427121000   -0.124670600
 384    4.148642000    0.198523900   -0.206241000
 385   -0.950000000   -1.126252000   -1.858170000
 386   17.327560000    1.368118000   -1.628609000
 387   13.030820000    1.207082000    0.665754200
 388   -0.950000000   -0.321305100    1.094428000
 389   -0.950000000   -0.624672000    1.785073000
 390   -0.950000000   -0.763685100   -1.081137000
 391    6.847838000    1.179521000    0.295681100
 392   -0.950000000   -1.272550000   -0.776653600
 393    6.218116000    0.597488200    0.114895900
 394    7.205419000    0.647810400   -1.003418000
 395   -0.950000000   -0.599990200    0.009247858
 396   -0.950000000   -0.864551400    0.077419800
 397    0.096020150   -0.162658900   -1.175171000
 398    4.142868000    0.593734000    0.608604700
 399   -0.950000000   -0.820348500    1.215073000
 400    7.308612000    0.665932700   -0.822168300
 401   -0.950000000   -0.063699470    0.608355300
 402   15.445490000    1.566439000    0.374661400
 403    9.129030000    0.831984600   -0.184280300
 404    0.918698900    0.122253100   -0.558638400
 405   -0.950000000   -1.005535000   -1.291957000
 406   -0.950000000   -0.810255100    0.345357600
 407   10.152290000    1.283062000   -1.207086000
 408   -0.950000000   -0.848066000   -0.344114300
 409   -0.950000000   -1.337865000   -0.324576400
 410   -0.950000000   -0.817867700    0.350114800
 411   13.930000000    1.433003000   -0.239495000
 412    2.625259000    0.666688600    1.074721000
 413    6.891919000    0.603181800    0.602551600
 414    5.116011000    1.041048000   -0.240053700
 415    7.940416000    1.014380000    0.239174800
 416   -0.950000000   -0.642821200   -0.481163700
 417    5.891803000    0.491377300   -0.779348800
 418   -0.950000000   -1.916652000    0.601656900
 419   -0.950000000   -0.435604800   -0.386100800
 420   12.121630000    1.275988000   -0.217949700
 421    8.134636000    0.758712300    0.311778500
 422   -0.950000000   -1.595563000    0.248467400
 423   14.610200000    0.927856700   -1.310521000
 424   -0.950000000   -0.645567900    0.040460340
 425    7.690461000    0.643260600    0.567960900
 426    7.872906000    1.642224000    0.825936900
 427    2.500432000    0.016920190    0.363897000
 428   10.098930000    0.710773700   -0.298949000
 429    3.436935000    0.290660200    0.739787900
 430   11.156930000    0.926861400    0.821096900
 431   -0.950000000   -0.848938000    0.893264300
 432   20.395200000    1.837766000   -0.786988700
 433   17.764320000    1.407122000   -0.687710100
 434   -0.950000000   -1.313968000   -0.383091000
 435   11.837530000    0.831655700   -0.039496110
 436    0.228286000    0.294504200    0.068912320
 437   -0.950000000   -0.692735500   -1.664513000
 438   -0.950000000   -0.157347600    0.737504000
 439    6.819703000    0.640432200   -0.753124700
 440    1.573330000    0.427326700   -0.635338200
 441   11.691470000    1.117692000   -0.072420420
 442   -0.950000000   -0.577396100    1.976949000
 443   -0.950000000   -1.604040000    0.025159940
 444   -0.950000000   -0.593180800   -1.677424000
 445   -0.950000000   -0.289769700   -0.639625300
 446   -0.950000000   -0.577016700    1.129655000
 447   -0.950000000   -0.513226400    0.418782400
 448   -0.950000000   -1.182337000    0.113162800
 449   -0.950000000   -0.989848000    0.902826900
 450   -0.950000000   -0.200017200    0.294410400
 451    9.265917000    0.621176100    0.580040400
 452   -0.950000000   -0.856100700    1.013437000
 453    3.813403000   -0.022271690    1.180000000
 454   13.085940000    0.838385800    0.676532300
 455   10.379080000    0.327415700   -0.526181000
 456   -0.950000000   -1.034519000    0.105484900
 457   -0.950000000   -1.581021000    0.135632700
 458   22.217720000    1.211209000    0.877612200
 459   -0.950000000   -1.052411000    0.508204700
 460   21.169830000    1.935762000    0.026195000
 461   -0.950000000   -0.417264800    0.991598500
 462    8.895133000    1.222586000    1.753285000
 463   -0.950000000   -1.359655000    0.686749100
 464    2.888297000   -0.207198200   -0.077918910
 465   -0.950000000   -0.626802400    1.373108000
 466   -0.950000000   -0.895669300   -0.959158800
 467    4.857546000    0.289333400    0.293000000
 468    1.451542000   -0.316702600    0.290378800
 469   -0.950000000   -0.806574900   -0.517563100
 470   18.926020000    1.342553000   -1.714160000
 471    7.362227000    0.556401000    0.518630500
 472   19.177270000    1.749129000   -0.176788400
 473    7.083945000    0.369693100   -0.410474800
 474   11.601060000    0.748310600    1.454834000
 475   10.133580000    0.527391800    0.140309400
 476    2.139273000    0.130469300    1.649272000
 477   17.069580000    1.640624000    1.702068000
 478    6.396077000    0.047010460   -0.730611800
 479    3.920613000    0.186434300    0.724303500
 480   18.848280000    1.303786000   -0.251953800
 481    2.931608000    0.255060200   -0.025485600
 482   -0.950000000   -0.202866700    0.424188500
 483   -0.950000000   -0.549790400   -0.646057300
 484   -0.950000000   -0.123407600    0.716509400
 485    6.508469000    0.596778400    0.955520000
 486   -0.950000000   -0.935837100   -0.007049873
 487   10.420560000    0.895857500   -1.630179000
 488   -0.950000000   -0.307115900    0.006763118
 489    8.324316000    1.346302000    1.507587000
 490   -0.048675310   -0.314238700   -1.401936000
 491   13.986200000    1.171189000    0.051311140
 492   19.446890000    1.709300000   -1.254814000
 493   -0.950000000   -1.815808000    0.636518100
 494   -0.950000000   -0.712643800   -0.296054500
 495    9.525143000    0.860436200    0.126960700
 496    0.042033980   -0.109988900   -0.331408500
 497    9.540257000    1.602520000    0.394418200
 498   -0.353353600   -0.298206400   -0.845929000
 499    6.028569000    0.577932300    0.374149900
 500   11.319000000    1.025994000    0.742487800
 501    5.465845000    0.442418100   -1.264430000
 502    9.209403000    0.597472500    0.113783000
 503    0.402029100   -0.052729240    0.381592600
 504   -0.950000000   -0.300901600   -1.455029000
 505   12.355920000    1.257084000    0.387493200
 506   -0.950000000   -1.116246000   -0.253928400
 507   15.253830000    1.321238000   -1.006990000
 508    4.640404000    0.789123000    0.766957700
 509   -0.425135500   -0.290903800   -1.100823000
 510   -0.950000000   -1.341295000    0.319274900
 511   21.198280000    1.858793000    0.306423300
 512   -0.950000000   -1.120596000   -0.481983400
 513    4.061811000    0.126462300   -1.359105000
 514   13.104310000    0.718777300   -0.987576700
 515   12.367230000    1.175886000    0.051856130
 516   -0.950000000   -0.920983200    1.238824000
 517   -0.950000000   -0.442611000   -0.205040500
 518   28.692230000    1.870334000   -1.090823000
 519    8.459911000    0.409575600   -1.055994000
 520    3.873733000    0.359308500    0.550037800
 521    5.326942000    0.427387200    0.509085000
 522    1.170464000    0.597768300    1.505996000
 523    4.454039000    0.169735700   -0.340672100
 524    4.980861000    0.191409000   -0.624234300
 525   -0.950000000   -1.380370000    0.179203200
 526   -0.950000000   -1.434694000    0.677005900
 527    3.885865000    0.442637000    0.989855500
 528    1.399232000    0.098708200   -1.265696000
 529    0.720749300    0.377162400    0.227512500
 530    2.004013000    0.039920950   -0.797020500
 531    2.171685000    0.248869500    1.615573000
 532   -0.950000000   -0.209451600    0.241645300
 533   -0.950000000   -0.924034800    0.116001700
 534   -0.950000000   -0.383427300   -1.384632000
 535   -0.950000000   -0.601725700   -1.601273000
 536   -0.950000000   -0.901252500    0.641596900
 537    3.532791000    0.793124200    0.512324700
 538    3.001798000    0.394374700    0.606578900
 539   11.754190000    0.921619100    0.566933100
 540   -0.950000000   -0.303776100    0.689937400
 541   11.372460000    0.691943200   -1.243187000
 542   -0.950000000   -0.743897700    0.990072100
 543   -0.950000000   -0.381176700    0.273025400
 544   23.842620000    1.852063000   -1.756451000
 545   -0.950000000   -0.817999900    0.518376400
 546   -0.253405600   -0.055051560    0.464128400
 547    2.233384000    0.029300350    1.023315000
 548   11.998800000    0.964724000    0.701300700
 549    3.173246000    0.140952800   -0.718378600
 550   10.884600000    0.821630200    1.368377000
 551   -0.950000000   -0.931848100   -0.417725300
 552   23.700900000    1.527716000    0.198486000
 553    5.436483000    0.283426400   -0.618338200
 554   18.656700000    1.797035000   -0.373027900
 555   -0.950000000   -1.674975000    0.089803890
 556   16.923070000    1.347699000   -0.182810800
 557   -0.950000000   -1.072993000   -1.161762000
 558   -0.950000000   -1.167380000    0.616033200
 559   -0.950000000   -1.489388000   -0.629199700
 560   -0.950000000   -0.624786900    0.976443200
 561    1.493728000   -0.162345300   -1.145586000
 562    1.918129000    0.282169400    0.162653100
 563    1.245028000   -0.096073020   -0.105472600
 564   -0.950000000   -0.515203000    0.369271400
 565    1.099558000    0.110788100    0.783598900
 566    0.386090500   -0.086002070   -0.089430870
 567    3.743856000    1.013044000    1.357881000
 568   16.695760000    1.258566000    1.549248000
 569   12.621840000    1.027898000   -0.001034755
 570   14.550080000    0.969114800   -0.901233000
 571    0.133580900    0.301492900    1.037496000
 572    5.328848000    0.368107700   -0.779131600
 573   15.529710000    1.391068000    0.056631290
 574    0.764602300    0.225605800    1.318582000
 575    5.707419000    0.415581700   -0.888528400
 576   10.113630000    0.667446400   -0.733227000
 577   -0.137205100   -0.190547300   -0.390603300
 578   11.797790000    0.626396000   -1.759024000
 579   16.156800000    1.038722000   -1.206769000
 580   -0.950000000   -0.239764400    0.209763900
 581   -0.950000000   -0.286544700   -0.412389600
 582    4.824486000    0.228272300   -0.356015500
 583   -0.950000000   -0.991477300   -1.579129000
 584    6.597939000    0.573213400    1.324028000
 585   -0.950000000   -0.506398700    0.865689200
 586   14.974530000    1.215335000    0.005191673
 587   10.246750000    0.537051000   -0.374861300
 588    3.025534000   -0.298224200   -1.393100000
 589    2.583595000   -0.080972010   -0.324356500
 590    1.594531000   -0.080377300   -0.538323000
 591   -0.950000000   -1.456095000    0.022566760
 592   18.021740000    1.349647000    1.593117000
 593   -0.950000000   -0.679609100    1.722690000
 594   25.001650000    1.730487000   -0.985899700
 595    2.744220000    0.275970500    1.133053000
 596   -0.950000000   -0.553885000    1.043496000
 597   -0.950000000   -0.433979600    0.416576300
 598   10.118140000    0.665901900    0.047764270
 599   13.478410000    0.943906700   -0.487928000
 600    2.246675000    0.059940350    0.307520800
 601   15.289830000    1.190182000   -1.643916000
 602   12.236460000    1.602061000    0.869348200
 603   -0.950000000   -1.451389000    0.009066205
 604   10.973900000    0.919933100   -0.351326100
 605   -0.950000000   -0.265857400    1.297366000
 606   -0.950000000   -0.748104200    0.119614700
 607   -0.950000000   -0.483372900   -1.079973000
 608    5.473693000    0.208943800   -1.349169000
 609   -0.950000000   -1.504845000   -0.607734400
 610   12.601440000    1.065879000    0.147069500
 611   -0.950000000   -0.909837600    1.025830000
 612    3.284938000    0.809673900    1.218608000
 613   -0.950000000   -0.645233300    0.637819500
 614    8.711941000    0.575880300   -0.610943400
 615   19.401230000    1.375343000   -1.000272000
 616   -0.950000000    0.297887200    0.382240100
 617   -0.950000000    0.015152590    0.404629400
 618   -0.950000000   -1.209390000   -0.508702700
 619   -0.950000000    0.382705800   -0.534235900
 620    7.661464000    0.949216600   -1.351322000
 621    3.587048000    0.897871800    0.204362600
 622   -0.950000000   -0.772849800   -0.529689000
 623   -0.950000000   -1.248430000   -0.448156900
 624    5.623696000    1.115704000   -0.541638100
 625   -0.950000000   -0.136314400   -0.010248960
 626    1.662475000    0.676649700    0.474657000
 627   -0.950000000   -0.098763740    0.564685900
 628   -0.950000000   -0.882295400   -0.023892460
 629   -0.950000000   -1.974351000   -0.194015100
 630   -0.950000000   -0.793390300    0.614247800
 631   -0.950000000   -0.577564500    1.862844000
 632   12.557740000    1.316603000    0.377014500
 633   11.421260000    0.926501600    0.238439800
 634    0.999196800   -0.354553800   -0.981772600
 635   -0.950000000   -1.025497000    0.641597800
 636   14.739300000    1.010081000   -0.304800900
 637    2.670788000   -0.046993190   -0.357687400
 638   22.178240000    1.726884000   -0.678081600
 639   -0.950000000   -0.517267700   -0.189051800
 640   -0.950000000   -0.699563200    0.080626410
 641   -0.339873500   -0.219555000   -0.076980340
 642    0.986811100    0.051160910    0.296764700
 643    1.459376000    0.109852300    0.016539630
 644    2.198050000    0.079090090    0.667737200
 645   10.117780000    1.035293000    1.670085000
 646   15.488630000    1.612547000    0.650595300
 647    0.325315800    0.176832800    1.377403000
 648   -0.950000000   -1.181277000   -0.229844900
 649   -0.950000000   -0.937508000   -1.523708000
 650   -0.253667200   -0.530107300   -0.216154700
 651   -0.950000000   -1.490992000    0.533879100
 652   13.992330000    0.739727100   -0.811645400
 653   23.132150000    1.357387000    0.018452210
 654   20.158810000    1.542829000    1.417388000
 655   -0.835785000   -0.429951400    0.376415100
 656    8.354271000    0.506970500    1.228737000
 657    8.220012000    0.225426800   -1.071917000
 658   -0.950000000   -0.699960000   -0.575841700
 659   14.154560000    1.334811000    0.245669700
 660    7.394315000    0.148941800    1.039198000
 661   -0.950000000   -0.208462000    1.009790000
 662   -0.950000000   -0.911716200   -0.830130800
 663   -0.950000000   -1.207305000   -1.308786000
 664   -0.950000000   -1.812757000   -1.275575000
 665   -0.950000000   -0.553019700   -1.678921000
 666   15.150910000    1.996299000   -0.644255800
 667   -0.950000000   -0.250296800    0.529999700
 668   -0.950000000   -1.661772000    1.351173000
 669   -0.950000000   -1.507727000   -0.664638200
 670   -0.950000000   -0.590656600   -1.713283000
 671   -0.950000000   -0.254804800   -0.978532600
 672   -0.950000000   -1.156938000    0.316817500
 673   -0.950000000    0.590881600    1.229627000
 674   -0.950000000   -0.113806200   -0.773445600
 675   -0.950000000    0.459532800    0.238130500
 676    2.627255000    0.086786350    0.969964600
 677   26.932530000    1.758952000    0.221101600
 678   16.615340000    0.989706000    1.044489000
 679   -0.950000000   -0.977716600    0.593419500
 680    1.531230000    0.504231700    1.742819000
 681    5.777302000   -0.041581890   -0.505477400
 682   10.610910000    0.414039800    0.075313900
 683    0.928416900   -0.517076100   -0.366129200
 684   -0.451016100   -0.323647200    0.154504500
 685    7.934277000    0.173761900   -0.161454400
 686   13.865010000    0.465669000   -1.091875000
 687   17.525860000    1.351280000    1.667595000
 688    4.684234000   -0.051408560    0.456927700
 689    7.144895000    0.474480600    0.332760700
 690    4.516294000    0.050133240    1.400667000
 691   -0.950000000   -0.493969600   -0.623907100
 692   -0.950000000   -1.271104000   -1.090543000
 693    5.436442000    0.453778100   -1.139178000
 694   -0.950000000   -1.003490000   -0.093168620
 695    8.939609000    1.000543000    0.910392100
 696   -0.950000000   -1.719040000    0.584333300
 697    1.743069000    0.424220100    0.574187100
 698    6.841894000    0.879662300    0.123434000
 699   -0.950000000   -1.153148000   -1.558965000
 700   -0.950000000   -1.735710000   -0.940985400
 701   17.305860000    1.925356000   -0.111344500
 702   -0.950000000   -0.408584700    1.025947000
 703   16.794590000    1.201778000   -1.035265000
 704   -0.950000000   -1.110625000    1.332320000
 705   -0.950000000   -1.242469000    1.563296000
 706    0.563249600    0.378547100   -0.312796800
 707   -0.950000000   -1.912379000   -1.260228000
 708    2.257309000    0.597590000   -0.516139300
 709    5.146758000    0.879508100    1.169318000
 710   -0.950000000    0.289287600    0.243136000
 711   -0.950000000    0.095612120    0.150856500
 712    4.680902000    0.707611500   -0.791886200
 713   -0.950000000    0.064339240   -0.140837700
 714    3.285582000    0.239431200   -0.898481200
 715   -0.950000000   -0.735233700   -0.787597000
 716   -0.950000000   -0.562508200    0.146799200
 717    7.702233000    0.982954500   -0.665761700
 718   -0.950000000   -0.091491290    1.061810000
 719   -0.950000000   -0.671715400    1.114479000
 720   -0.950000000   -1.001958000    0.266311300
 721   -0.950000000   -0.579667000   -1.140497000
 722   -0.950000000   -0.676178000    0.327317300
 723    9.725338000    0.918579900   -0.438738600
 724   -0.950000000    0.002774995   -0.305750200
 725   -0.950000000   -1.171776000   -0.988650200
 726   -0.950000000   -0.762917500    0.306467500
 727    4.123679000    0.494384400   -1.149062000
 728   -0.457571800    0.163094200   -0.813091800
 729   -0.950000000   -0.242613700   -0.080932070
 730   -0.950000000   -0.454605700    0.936020900
 731   -0.950000000   -0.953935400    0.331071100
 732    5.977957000    1.038580000    0.352033200
 733   -0.950000000   -0.650349300   -1.017743000
 734   16.766390000    1.817245000   -0.648398200
 735    1.966472000    0.485363700   -0.845101000
 736    7.496146000    0.582086100   -1.005446000
 737   -0.163400500   -0.043702240   -0.659131300
 738    0.545364300    0.620225900    1.082147000
 739    2.627274000    0.642874500   -0.207567200
 740   -0.950000000   -0.669207200    0.105973400
 741   -0.950000000   -1.202030000   -0.066236990
 742    0.240088000    0.245321200    0.184313200
 743    1.838473000    0.291683300   -0.338629600
 744   -0.950000000    0.057028320   -0.421472900
 745   -0.950000000   -0.333664700    1.517902000
 746   -0.950000000   -0.338813500    0.647140100
 747   -0.950000000   -0.670478400   -0.496295200
 748   -0.950000000   -1.818009000   -0.429048800
 749    9.642354000    1.102858000   -0.124834900
 750   -0.950000000   -0.615434400   -1.881205000
 751    8.196910000    0.615687300    0.300415500
 752   -0.950000000   -1.473840000    0.121236400
 753   -0.950000000   -1.197316000    0.766666300
 754    4.087531000    0.527963400   -0.132016400
 755    1.285140000   -0.239393000   -1.948772000
 756    3.758018000    0.359568400   -0.085635180
 757    5.412489000    0.652693900    0.751222100
 758    4.070425000    0.675429300    0.631889100
 759    3.784565000    0.538140700   -0.079689160
 760   -0.950000000   -1.640796000    1.007134000
 761   -0.950000000   -1.022280000    0.451129400
 762   -0.950000000   -0.026281310    1.599321000
 763   16.870240000    1.197606000   -1.677838000
 764    2.865633000    0.020122040    0.609849800
 765   -0.950000000   -0.568709600   -0.029270440
 766   -0.950000000   -0.501155900   -0.009049939
 767   -0.950000000   -1.775012000   -0.813532900
 768    3.413496000    0.283685700   -0.699234700
 769   -0.950000000   -0.358634500   -1.060304000
 770   11.902550000    1.473830000    0.750960000
 771    3.826202000    0.651304700    0.457457000
 772   -0.950000000   -0.518845200   -0.611533800
 773    5.355913000    0.845729700   -0.487041300
 774    8.871903000    1.109343000   -1.624533000
 775    7.516329000    0.804549100   -0.362298100
 776   -0.950000000    0.381962800    1.066457000
 777   -0.950000000   -1.786433000    0.262673900
 778   -0.950000000   -1.219357000    0.008785141
 779   12.592610000    1.486511000   -0.453201500
 780   -0.950000000   -0.131897900   -1.069767000
 781   -0.950000000   -1.090759000   -0.515364200
 782   -0.950000000   -1.033277000   -0.722290100
 783    3.900956000    0.555087200   -0.347872500
 784    4.193906000    0.694640400   -0.590073600
 785    2.624461000    0.421762100   -1.195218000
 786    6.681844000    0.616879500    1.609377000
 787    3.110654000    0.753316700    0.495536500
 788   -0.950000000   -0.434924100   -1.170247000
 789   -0.950000000   -0.493792600    0.394124700
 790   -0.950000000   -0.312709600   -1.089502000
 791   -0.950000000   -0.583095500   -0.294177900
 792   -0.950000000   -0.460262600    1.375599000
 793   -0.950000000   -1.250428000    1.180937000
 794    0.373519000    0.235614500   -0.286219500
 795    1.681405000    0.097517730   -1.071280000
 796   14.432170000    1.348874000   -0.036866980
 797    1.131518000   -0.173879100    0.888700900
 798   -0.950000000   -1.408720000   -0.445229100
 799    4.355411000    0.394389000    0.106174500
 800    5.218816000    0.055459790   -0.889456300
 801    6.237294000    0.249796600    0.561771600
 802   -0.950000000   -0.983707200    1.547322000
 803    9.142294000    0.898967500    1.376250000
 804    5.637754000    0.275938800   -0.337924700
 805   13.324490000    0.798041500   -0.340243200
 806    4.294626000    0.163795700    0.167673900
 807   11.983320000    1.115096000    1.413075000
 808   -0.950000000   -1.053532000    0.392563500
 809   -0.950000000   -1.064785000   -1.602822000
 810   -0.950000000   -0.521821300   -0.336438500
 811   -0.950000000   -1.175355000   -0.928791500
 812   -0.950000000   -0.465062800   -0.319663300
 813   -0.950000000   -0.284291500    1.058967000
 814    9.103739000    1.075239000   -0.986327200
 815   -0.950000000   -0.588026500    0.279791100
 816   -0.950000000   -1.915619000   -0.171958200
 817   -0.950000000   -0.503133300   -0.275384000
 818   -0.950000000    0.355424000   -0.035048150
 819    2.097591000    0.517142500   -0.679342200
 820    8.701196000    0.972487600   -0.452286000
 821   -0.950000000   -0.497919900   -0.559771300
 822   -0.950000000   -0.663316600   -1.022071000
 823   -0.950000000   -0.589401200   -0.196899000
 824   -0.950000000   -0.553245300    1.241298000
 825   -0.950000000    0.605030000    0.952999200
 826    1.286722000    0.269436400   -0.607260100
 827    5.439446000    0.515062700   -1.753798000
 828   -0.950000000   -1.372176000    0.275267200
 829   -0.950000000   -0.705846800   -1.117958000
 830    0.114330000   -0.458627000   -1.971775000
 831    5.103592000    0.579072300   -0.717637900
 832   -0.950000000   -0.086826800   -0.303012700
 833    1.628098000    0.448947600    0.773318300
 834   -0.950000000    0.162698800    0.650200900
 835   -0.950000000   -0.101488600    0.308513000
 836    6.271431000    0.344308900   -1.236908000
 837   -0.950000000   -1.167530000   -0.057051590
 838   -0.950000000   -0.144883800   -1.794812000
 839    2.006323000    0.697035500    0.535757000
 840    4.719093000    0.797736900    0.780230000
 841   -0.950000000   -0.372336000   -1.015690000
 842   -0.950000000   -1.711772000   -1.475632000
 843   -0.263565800   -0.079444410   -1.163893000
 844   -0.950000000   -1.048967000    0.261126800
 845    7.177906000    0.458863900    1.216195000
 846    9.580239000    0.804703800    0.040588890
 847    4.169877000    0.633423400    0.076326970
 848    6.174076000    0.806496700    1.199461000
 849   -0.950000000   -0.046731100    1.084647000
 850   -0.950000000   -0.759211600    1.276500000
 851   -0.950000000   -0.337064200   -0.446319300
 852   -0.950000000   -1.685125000    1.536169000
 853    6.558306000    0.463815200   -1.259717000
 854    0.475217500   -0.033418580   -0.532683500
 855   14.509410000    1.244274000    0.588529400
 856   -0.950000000   -0.108599500    0.622334300
 857   -0.950000000   -0.418094400    1.561857000
 858   -0.950000000    0.232208600    1.115714000
 859   -0.950000000   -1.288368000   -0.250817300
 860   -0.950000000   -0.948306700   -0.755113000
 861   -0.950000000    0.223624300   -0.343946500
 862   -0.950000000   -0.782227900   -0.952286900
 863   -0.950000000   -1.477706000   -0.305401800
 864   -0.950000000   -0.026696290   -0.846196300
 865    2.264278000    0.656841600   -0.609328400
 866   -0.950000000   -0.375427400    0.406282400
 867   -0.950000000   -0.182261600   -1.530426000
 868   -0.950000000   -1.100074000   -1.063145000
 869   -0.950000000   -0.238371500   -0.890138900
 870   -0.950000000   -0.964329000    1.109149000
 871    2.597360000    0.023844480   -0.449852700
 872   -0.950000000   -0.513559500   -1.366298000
 873   16.838770000    1.229478000    0.247487900
 874   11.880000000    1.312078000    0.316406600
 875   -0.950000000   -0.355103100    0.267970100
 876   -0.950000000   -0.313853800    1.146402000
 877    0.598119200   -0.356682500   -1.937942000
 878   15.297010000    1.739461000    0.004462674
 879   -0.950000000   -1.214392000   -0.202479400
 880   -0.950000000   -0.585205300   -0.156043700
 881   11.428530000    1.348806000   -0.193066600
 882   15.026120000    0.979849500   -1.298317000
 883   -0.950000000   -1.122383000    0.226275600
 884    0.722833200    0.283233900    1.561437000
 885   16.093690000    1.401572000   -1.087352000
 886   -0.950000000    0.373269200    1.625911000
 887    3.108536000    0.586652200   -0.354822300
 888   -0.950000000   -0.680266600   -0.176420300
 889   -0.950000000   -0.725994700    0.202176600
 890   -0.950000000   -1.111087000   -0.934201800
 891   -0.950000000   -1.268058000    0.615251300
 892   -0.950000000   -1.182283000   -1.336736000
 893   -0.950000000   -0.575097700    0.717892500
 894    8.257171000    0.977129500   -0.611187600
 895   -0.950000000   -0.917883200    0.274387500
 896   -0.950000000   -1.861553000   -1.368688000
 897   -0.950000000   -0.984696100   -0.067481520
 898    7.011859000    0.625160000   -1.442976000
 899   11.511740000    1.298338000   -0.120504700
 900   -0.950000000   -1.287162000    1.466767000
 901    4.811212000    0.400392000   -0.476730600
 902    3.986694000    0.335658300    0.722284800
 903   -0.950000000   -0.225009600    0.100730800
 904   16.875650000    1.172733000   -1.109584000
 905   -0.950000000   -0.414444700    1.747961000
 906    1.784386000    0.313256800   -0.137668300
 907   -0.950000000   -1.888613000    0.017747020
 908    0.758877500    0.315942000    0.577077600
 909    5.163599000    1.294085000    1.690318000
 910   -0.950000000   -0.379551600   -0.494894400
 911   -0.950000000   -1.325412000   -0.183880500
 912   -0.950000000   -0.907122000    0.717854000
 913   -0.950000000   -0.181877300   -0.154910200
 914   -0.950000000   -1.404709000   -1.376960000
 915   -0.950000000   -0.586278400    0.679443500
 916   -0.950000000   -0.928209500    0.605077000
 917   -0.950000000   -0.871331200    0.873522500
 918    7.116106000    0.417642800   -0.593299200
 919   23.074660000    1.861659000    0.398265600
 920    5.834958000    0.355192700   -1.108979000
 921   -0.950000000   -1.072685000   -0.527248700
 922   -0.950000000   -0.814129200    0.605453300
 923    2.462537000    0.312296000    0.272029000
 924   -0.950000000   -1.656815000   -0.009714199
 925    1.725692000    0.182860600    0.764045400
 926    7.118902000    0.298918800    1.508685000
 927    3.507202000    0.118724800    0.647385400
 928   15.894290000    0.820694400   -1.729603000
 929    2.375466000    0.042112840   -0.528894900
 930   14.824580000    1.301840000   -1.029426000
 931    5.513854000    0.521294000    1.064204000
 932   -0.950000000   -0.464324900    0.703041500
 933   -0.950000000   -0.568669600   -0.356146300
 934    2.350029000    0.825244200    1.225526000
 935   -0.950000000   -0.299514700   -0.051612210
 936   -0.950000000   -0.980795300    0.885436400
 937    0.246760600   -0.190126600   -0.680164200
 938   -0.950000000   -0.485740900   -0.707711600
 939    7.500292000    0.787848600   -0.234746300
 940   14.677990000    1.640056000   -0.123254600
 941   -0.950000000   -1.304236000   -0.165050100
 942   -0.950000000   -0.963665100   -1.228722000
 943   -0.950000000   -1.275123000    0.621653400
 944    6.484591000    0.530589700   -0.824506500
 945   -0.950000000   -0.905615700    1.303861000
 946    5.466621000    0.614276100   -0.356843800
 947   14.992340000    1.920123000   -1.929947000
 948    1.570087000    0.106935300   -0.056343600
 949   -0.950000000   -0.766231100    0.956984800
 950   -0.950000000   -0.944419300    1.909848000
 951   -0.950000000   -1.589801000   -0.429601600
 952   -0.950000000   -0.493732800    0.407951400
 953   -0.950000000   -0.558385500   -0.297452300
 954    7.068393000    0.809426700    0.172402800
 955   -0.950000000   -0.641083500    0.207977100
 956    2.904873000    0.333800900   -0.097767410
 957    0.309327300    0.008705859   -0.773493100
 958    6.202163000    0.776911000   -0.945643400
 959   -0.950000000   -0.751470800    1.478588000
 960   -0.950000000   -1.272422000    1.214732000
 961    9.325277000    0.833890400    0.655574300
 962   11.784390000    1.027000000   -1.137015000
 963   10.242660000    0.830022400   -0.265060600
 964    2.162392000    0.056793720   -0.676288700
 965   -0.950000000    0.237046600    1.941713000
 966    3.170511000    0.224914100   -0.676007500
 967   -0.950000000   -0.470438100    0.206099000
 968    8.327637000    0.552514800   -0.804781700
 969    6.907780000    0.215115300   -0.609362000
 970   -0.950000000   -0.584962900   -1.078910000
 971    5.064660000    0.382580200   -0.718639800
 972   16.751630000    1.762871000    0.174370200
 973    7.045545000    0.472925500   -0.793305600
 974    3.812681000    0.380266800    0.277775900
 975    8.536800000    0.447287500   -0.046172570
 976   14.001500000    1.159069000    0.074977560
 977   -0.553118400   -0.255189700   -0.039313010
 978    0.413131700   -0.102312300   -0.381171900
 979   -0.950000000   -1.136629000   -1.029722000
 980   10.858580000    0.899891300   -0.065676360
 981    4.567369000    0.262215800   -0.053489860
 982   12.902900000    1.543449000   -0.496031400
 983   21.271530000    1.474703000    0.351403600
 984    7.156319000    0.528470900    0.212917100
 985   -0.950000000   -0.939667000   -0.162115700
 986   12.177640000    0.664710000   -0.302098800
 987   14.439510000    0.882969800   -0.946315800
 988   -0.950000000   -1.314498000   -1.376658000
 989   11.415270000    0.914419200    0.013200800
 990   15.454590000    1.756225000    0.877748100
 991    2.524803000    0.083408310    0.937830000
 992   21.603970000    1.701476000    0.017681810
 993   15.849820000    0.644882400    0.428041900
 994   -0.950000000   -1.226621000    0.914115700
 995   11.853020000    0.296334400    1.324947000
 996   14.764840000    0.603048300   -0.454110100
 997   -0.950000000   -1.157799000    0.691740900
 998    4.404495000   -0.543998400    1.539595000
 999   14.132800000    1.241882000   -0.054233420
1000    3.243660000    0.231524100    1.437441000
1001   17.998670000    1.089753000   -1.150503000
1002    3.971743000    0.157851400    0.371415800
1003    9.391198000    0.276303500   -0.840712800
1004   20.337430000    1.448079000   -0.922289700
1005   17.195480000    1.006022000   -0.781559200
1006   -0.950000000   -0.780534200    0.543953700
1007    0.695506900    0.382812400    1.337065000
1008   -0.950000000   -1.274885000   -0.204961000
1009   -0.950000000   -0.486483600   -0.980697100
1010    8.563052000    0.407364900   -1.778565000
1011   -0.950000000   -0.479150000    0.770454600
1012   -0.950000000   -0.114013900   -0.948912400
1013   16.161160000    1.653951000    1.494125000
1014    2.498295000    0.073897980   -0.774043700
1015   -0.950000000   -0.452569100    1.111388000
1016   -0.950000000   -0.843222600   -0.338173600
1017   -0.950000000   -1.599500000    1.906360000
1018    2.301204000    0.327530200    0.945713700
1019   -0.950000000   -0.253932100    0.495081100
1020   -0.950000000   -0.811434600   -0.408504600
1021   -0.950000000   -0.522952500    1.726639000
1022    3.961771000    0.254467400    0.888223800
1023   14.468900000    1.042586000    0.498716500
1024    7.327434000    0.002596831   -1.147890000
1025    2.100742000    0.322679300    1.523079000
1026   -0.950000000   -1.091521000    1.223124000
1027   17.293350000    1.224034000   -0.056703440
1028    8.472383000    0.121554700    0.065402280
1029   -0.950000000   -0.594123200    1.266554000
1030    2.511119000   -0.261974500   -0.052430170
1031   12.488020000    0.574253500   -0.190955700
1032   20.881080000    1.284248000   -0.048847540
1033    2.086427000   -0.251702600    0.341627700
1034   -0.950000000   -1.106320000    0.407642300
1035    8.759427000    0.705027100    0.386660000
1036    7.329182000    0.991578400   -0.127012500
1037   -0.950000000   -0.087436730    0.123676300
1038    3.585377000    0.688406600    0.030271930
1039   -0.950000000    0.450953700    1.607836000
1040   -0.950000000   -1.803023000   -0.584605300
1041    9.276110000    0.887710700   -1.179008000
1042    9.326061000    1.238625000   -0.858556600
1043   -0.950000000   -1.829611000   -1.253112000
1044   -0.950000000   -0.491430600   -1.505787000
1045    0.964993800    0.282840200    0.505638100
1046   -0.950000000   -1.637334000   -0.103500900
1047   -0.950000000   -0.276859700    0.958785800
1048    0.360344500    0.084011490   -0.887065000
1049    8.445304000    1.180396000    0.918804500
1050   -0.950000000   -0.375304300   -0.706646700
1051   -0.950000000    0.064908770    1.659079000
1052   -0.950000000   -1.105340000   -1.801575000
1053    6.625149000    1.660408000    1.750868000
1054   -0.950000000   -1.776851000    1.037637000
1055    2.199499000    0.159058900   -0.432529500
1056    0.574045600    0.218318300   -0.242408000
1057   -0.950000000   -1.536595000   -1.072768000
1058   -0.950000000   -0.512608200    0.264789400
1059   -0.950000000   -0.344671200   -1.534827000
1060   -0.950000000   -0.428311700    1.447884000
1061    6.507844000    0.884626100   -1.934253000
1062    1.951562000    0.303711800   -0.523037800
1063    6.612330000    1.105896000    1.579576000
1064    8.717912000    1.074486000    0.129538800
1065    7.490951000    0.860249000   -0.492255100
1066   -0.950000000   -0.981698500   -0.988803800
1067   -0.950000000   -0.996979300    1.103790000
1068    3.858750000    0.742119600   -1.795919000
1069   -0.950000000   -1.300453000   -1.107023000
1070   -0.950000000   -0.641060600   -0.389442700
1071   -0.950000000   -0.388898300    1.164105000
1072   -0.950000000    0.288947700    0.758641300
1073   -0.950000000    0.027576100   -1.041132000
1074   -0.950000000    0.099550600   -1.143118000
1075   -0.950000000   -1.467968000   -1.136021000
1076   -0.950000000   -0.056362320    0.622029800
1077    4.749314000    1.009388000    0.345392900
1078   -0.950000000   -0.762525800    0.748816600
1079   -0.950000000   -0.862909300    0.601343100
1080   -0.950000000    0.038421810   -1.772867000
1081   -0.950000000   -0.902269000   -0.407328700
1082    8.726803000    0.531506600    0.134587300
1083   17.124380000    1.290115000   -0.052284630
1084   16.912690000    1.109462000   -0.422681000
1085    9.123020000    0.383633900   -0.457116300
1086   16.402350000    1.547192000    0.187251300
1087   11.549800000    0.679564000    0.353594900
1088   15.172840000    1.180831000    0.240487500
1089    1.030280000   -0.552847800   -0.881596100
1090    5.134300000    0.118005800    0.170628100
1091   -0.950000000   -0.670130500    0.686935000
1092   23.875530000    1.995386000   -0.654295000
1093    6.826861000    0.172417200   -0.020780510
1094    9.565669000    0.663191400    0.090619400
1095   14.008390000    1.307530000    0.217140200
1096    7.609997000    0.036223300   -0.187001600
1097   14.579260000    0.656918700   -0.326836500
1098   24.827880000    1.285844000   -1.219439000
1099    7.030664000    0.672410100    0.939659800
1100    1.087022000   -0.452095300    0.269292600
1101    8.551068000    0.980108500    1.547244000
1102   24.379110000    1.506325000    0.591307400
1103   22.975570000    1.658587000   -0.382015400
1104    8.848104000    0.218813200   -0.220676000
1105    9.235460000    0.348531800    0.373533500
1106   -0.950000000   -0.332980600    1.853345000
1107   -0.950000000   -0.804943200    0.101289800
1108   17.578710000    0.922848600    0.259262400
1109   -0.950000000   -0.646130600    0.667542900
1110    6.979350000   -0.057677130    0.732001800
1111    4.422850000    0.361396200   -1.458199000
1112    7.030328000    0.864857200    0.540703400
1113   -0.950000000   -1.872915000    0.480842500
1114   -0.950000000   -0.216335000    0.179381300
1115    2.580391000    0.252251700    1.364534000
1116    4.185064000    0.260619200   -1.136029000
1117   -0.950000000   -0.211956900    1.596463000
1118   -0.950000000   -0.170518300    0.238332800
1119   -0.950000000   -1.822591000   -0.801633500
1120    4.236223000    0.317144600   -1.220034000
1121    8.731076000    1.038867000    0.002909183
1122   -0.950000000   -0.778535400   -0.640430400
1123    1.387695000    0.459275700    1.080150000
1124    6.414495000    0.421480300   -0.679599800
1125    8.382880000    0.921031700    0.496562200
1126    2.231087000    0.464351500    0.825408200
1127   -0.950000000   -1.400855000    0.328149500
1128   -0.950000000   -0.383101400   -0.341060600
1129   -0.950000000   -0.392349700   -0.619600400
1130   -0.950000000   -0.344723900   -1.310168000
1131   -0.950000000    0.498971500    1.836827000
1132   -0.950000000   -0.026645090    1.398288000
1133   -0.950000000   -0.775800400    0.476142300
1134    5.769045000    0.854157800    0.095979860
1135   -0.950000000   -0.671728200    0.411597600
1136   -0.950000000   -1.248683000    0.050404350
1137   -0.950000000   -1.737296000   -1.900244000
1138   -0.950000000    0.094546700    0.099683670
1139    0.709897800   -0.214258200   -1.485314000
1140   -0.950000000   -0.682551300   -0.536623800
1141   -0.950000000   -1.169641000    1.457288000
1142    1.292489000    0.309977200    0.330911300
1143   10.812900000    1.416355000   -1.239144000
1144   -0.950000000   -0.166024500   -1.458529000
1145   -0.950000000   -0.062841030    1.887301000
1146   -0.950000000   -1.227152000   -0.611080800
1147   -0.950000000    0.083020800    1.624904000
1148    2.817189000    0.339669500   -0.206888500
1149   -0.950000000   -0.096818510   -0.166640200
1150   -0.950000000   -0.214149800   -1.394428000
1151   -0.950000000   -0.345722100   -0.599067000
1152   -0.756840100   -0.098781810   -1.046196000
1153   -0.063105120   -0.043733860   -0.778905600
1154   -0.950000000   -0.870887400   -0.970804100
1155    3.975771000    0.352874900    0.971534900
1156   -0.649021800   -0.406602200   -1.239297000
1157   10.232430000    0.760004100   -0.489872800
1158   11.206020000    1.086166000    1.061632000
1159    8.031621000    0.617011400   -0.847010200
1160   -0.950000000   -0.004696725    0.779835900
1161    3.069972000   -0.016356350   -0.924002700
1162   -0.950000000   -0.510474000   -0.621975600
1163   -0.950000000   -0.394021600   -0.199354100
1164    8.997654000    0.651593600   -1.126716000
1165   -0.950000000   -0.534094400    0.739018200
1166   -0.950000000   -0.009582579    0.936126200
1167    0.625122900   -0.067494670    0.257335600
1168    6.216759000    0.732253400    0.956039400
1169   20.253700000    1.650557000   -0.854682100
1170   -0.950000000   -0.971558100    1.458770000
1171   13.174750000    1.280328000   -0.087177790
1172    3.337108000    0.120415800   -0.043557250
1173   11.041600000    0.728090400   -1.057131000
1174   -0.950000000   -0.838630300   -1.170295000
1175    5.927018000    0.305714100   -0.703487900
1176    8.341967000    0.426459500    0.845292700
1177    4.036011000    0.938891100    0.737329400
1178    6.051369000    0.290079400   -0.106456600
1179   -0.950000000   -0.142385500    1.553819000
1180    9.216697000    0.857131000   -0.273641900
1181   -0.950000000   -0.227639400    1.019721000
1182   -0.950000000   -0.744385800    0.469022500
1183    6.404483000    0.244291700   -0.797474800
1184    3.847649000    0.195188400    0.290123700
1185   -0.950000000   -1.744262000    0.139449900
1186   -0.950000000   -1.288582000    0.884892300
1187   -0.950000000   -0.600468300   -0.506804100
1188   -0.950000000   -0.685240400    0.284081900
1189    4.635144000    0.947771100   -0.011994080
1190    3.002554000    0.800811300   -0.354664500
1191   -0.950000000   -1.575622000   -0.712416200
1192   -0.950000000   -1.032774000   -1.259184000
1193   -0.950000000    0.067263200   -0.187598900
1194   -0.950000000   -1.256683000    0.332466100
1195   -0.950000000   -0.771525900    0.146410000
1196    9.735211000    0.808964900   -1.980101000
1197   -0.950000000   -1.962467000    1.719704000
1198    2.240807000    0.694785700   -0.809353400
1199   -0.950000000   -0.652421200    1.125545000
1200   -0.950000000   -1.666404000   -1.958986000
1201   -0.950000000   -0.239007100   -0.249825700
1202   -0.950000000   -0.011978960    1.540082000
1203   14.616650000    1.250970000    0.709921200
1204    2.982477000    0.019717630   -1.581757000
1205   14.927850000    1.581741000   -0.457246900
1206   13.653400000    0.848794300   -1.499955000
1207   -0.857583000   -0.194034700   -0.536380000
1208   -0.950000000   -0.172752400    0.883693600
1209   -0.067997880    0.230944000    0.469911200
1210    8.841168000    0.727878300   -0.718681100
1211    9.563063000    0.681054700   -0.600962400
1212   19.760820000    1.737231000    0.009457631
1213    1.825972000   -0.039165750   -0.905079800
1214   16.098640000    1.356183000   -1.450097000
1215   -0.290382900   -0.124321100   -0.284808100
1216   -0.950000000   -0.438065600    1.731635000
1217    0.651533600    0.108034900   -0.692807400
1218   -0.950000000   -1.683091000   -1.751220000
1219   -0.950000000   -1.239174000   -1.222230000
1220   -0.950000000   -0.135970100   -0.405027100
1221   14.125350000    1.281845000   -1.272404000
1222   -0.950000000   -0.757340600    0.304873500
1223   -0.950000000   -0.371360000   -1.484108000
1224   -0.950000000   -0.932733700   -0.083166490
1225   -0.950000000   -0.390152200    0.903614500
1226   -0.950000000   -1.658884000   -0.218103000
1227   12.749000000    1.106363000   -0.357322800
1228   -0.950000000   -0.584332600   -0.204395200
1229    2.697296000    0.995667000    1.354445000
1230    8.825422000    0.701080500    0.076138640
1231   -0.950000000   -0.184320800   -0.974821600
1232    5.317964000    0.621865400   -1.470570000
1233   -0.950000000   -1.635471000    0.387551000
1234    6.643408000    0.800386400   -1.031502000
1235   -0.950000000   -0.295134900   -1.319008000
1236   -0.950000000   -0.032605490   -0.917252200
1237   -0.950000000    0.227617800   -0.133831700
1238   -0.950000000   -1.568242000   -0.997840600
1239   -0.950000000    0.404913200    1.000940000
1240   -0.950000000   -0.843940100    1.404836000
1241   -0.950000000   -0.329549900    1.376728000
1242    6.381542000    1.507472000    1.425534000
1243   -0.950000000   -0.969865700   -0.509664000
1244   -0.950000000   -0.268588100   -0.724272100
1245   -0.950000000    0.174293700    0.665871700
1246   -0.950000000   -0.798620800   -0.298925700
1247    4.616533000    1.277404000    1.603618000
1248    0.853758300    0.163569800   -0.453756600
1249    2.335422000    0.323389000   -0.332042400
1250   -0.950000000   -1.226577000    0.219777300
1251   -0.950000000   -1.383642000   -0.094924030
1252   -0.634452600    0.364164200    1.161895000
1253   -0.950000000   -0.088131710   -0.079623980
1254   -0.950000000   -1.154363000    1.283418000
1255   -0.950000000   -0.900380200   -0.013372660
1256   -0.950000000   -0.292836600   -1.268428000
1257   -0.950000000    0.150657400   -0.121393000
1258   12.505810000    1.162727000    0.063633630
1259   -0.950000000    0.132505900    0.656584100
1260   -0.950000000   -0.386698100   -0.049301150
1261   10.247270000    1.162136000   -1.370566000
1262   -0.950000000   -0.975624800    0.465253500
1263   12.730880000    1.576637000    0.835753200
1264   -0.950000000   -0.904250800   -0.173939500
1265   -0.950000000   -0.503724200   -0.433563700
1266    5.428658000    0.558484900   -0.760167400
1267   -0.950000000    0.116948500    1.087821000
1268   -0.612199600    0.070762950   -0.026488980
1269   -0.950000000   -0.050462350    0.423704000
1270    0.968108300   -0.014656450   -0.654328800
1271   -0.950000000   -0.077255550   -0.215523100
1272   -0.950000000   -1.328613000   -0.737642200
1273   17.112440000    1.559912000   -1.588039000
1274   -0.950000000   -0.963952600   -0.474394500
1275   -0.950000000   -0.391294000    0.019031000
1276   -0.950000000   -0.775606800   -0.082993770
1277   -0.950000000   -0.936001300    0.778171800
1278   -0.950000000   -0.823374600    1.579183000
1279   -0.950000000   -0.472696700   -1.155151000
1280   -0.950000000   -0.982786800   -0.969084400
1281   -0.950000000    0.045808070    1.982320000
1282   13.584870000    1.527380000    0.650067400
1283   -0.950000000   -0.012077030    0.315495900
1284   27.130200000    1.966594000   -1.129584000
1285   11.436160000    0.886210300   -1.120225000
1286   -0.950000000   -0.498049900    0.283393100
1287    4.108574000    0.570504600    1.022154000
1288   -0.950000000   -0.705813400    0.849048300
1289   -0.950000000   -0.499380900    0.569669300
1290    3.378798000    0.124103900   -0.880844900
1291   -0.950000000   -0.174605900    0.750915900
1292   -0.950000000   -0.077120230   -0.116058100
1293   -0.950000000   -1.983413000    0.428532900
1294    1.582831000   -0.042095540   -0.632384100
1295    3.538457000   -0.172884400   -1.502649000
1296   -0.950000000    0.226083700    1.699649000
1297    8.327845000    1.559922000    1.843124000
1298   10.475200000    0.663397600   -0.693438900
1299    0.122473600   -0.250325800   -1.065026000
1300   11.177350000    0.908411800   -0.498780000
1301   -0.950000000   -0.433119200    0.407139400
1302   -0.950000000   -1.618419000    0.074040900
1303   -0.950000000   -0.893145300   -1.100034000
1304   11.850450000    1.144521000   -0.296436500
1305   10.399840000    0.840586800    0.714859900
1306   10.192770000    0.809530700    0.119614100
1307    7.742178000    0.905847100   -0.035975200
1308    7.630822000    1.010344000    1.395401000
1309   -0.950000000   -0.287854800    0.458014400
1310    1.295245000   -0.003679917   -1.002662000
1311    2.996986000    0.091987270   -0.183316100
1312   11.869630000    0.563656400   -1.370103000
1313   12.028410000    1.240198000    0.452829600
1314   -0.950000000   -1.780953000   -1.048945000
1315   20.063520000    1.732905000   -0.615788900
1316   -0.950000000   -0.532631400   -0.066713400
1317   -0.950000000   -0.552152000   -0.293206700
1318    4.980140000    0.354162700   -0.203811400
1319    5.382934000    0.365412100   -0.425091100
1320   10.276190000    0.773072800   -0.416561000
1321   -0.950000000   -0.781020000    0.619544900
1322    4.381368000    0.159152500    0.352090200
1323    2.250518000   -0.181411000   -0.425534500
1324   15.617180000    1.229381000    0.176139300
1325    7.048050000    0.663074900   -1.480476000
1326   15.865360000    1.290971000    0.263573400
1327    4.465274000    0.554565500    1.463204000
1328    6.233133000    0.504538300    1.070608000
1329   12.702800000    1.083145000   -0.627475100
1330    7.811657000    0.907874800    0.428094200
1331   11.312390000    0.944594200   -0.259179700
1332   -0.950000000   -1.465469000    0.350702100
1333    3.408876000   -0.115918300   -1.151871000
1334    7.945059000    0.971122600    1.371888000
1335   -0.950000000   -0.760098100   -0.880424100
1336    2.362579000   -0.084300800   -0.444878400
1337    7.344023000    0.440178300    0.378734900
1338   16.049940000    1.602318000   -0.219933000
1339   12.285120000    0.983108000   -0.528219900
1340    1.951885000    0.186064000    0.879211200
1341   -0.950000000   -0.713498300    0.598473300
1342   -0.950000000   -1.334312000    0.622335200
1343   10.598620000    0.621923700    0.094048400
1344    3.624558000   -0.120634900   -0.110572500
1345   -0.950000000   -1.632864000    1.635401000
1346   -0.193433200   -0.463678900   -0.547284100
1347   12.449500000    0.830083300   -1.051613000
1348    8.301876000    0.800698900    0.775306600
1349   -0.328547800   -0.203208500    0.316318300
1350   -0.950000000   -0.819105700   -0.734078400
1351    8.121271000    0.955516900    0.555840900
1352   -0.950000000   -0.336875200   -0.563764100
1353   -0.176776200    0.052719010   -0.498354100
1354   -0.950000000   -1.718517000   -0.859335000
1355    5.414407000    0.672533700   -0.041846760
1356    5.940321000    0.718309600    0.411082700
1357   -0.950000000   -0.148839800   -0.277936700
1358    3.925111000    0.593657400   -0.023986100
1359   -0.950000000   -0.629921200   -0.865578200
1360   -0.950000000   -0.987856100    0.043617600
1361   21.172050000    1.500099000   -1.320508000
1362   -0.950000000   -1.417823000   -0.363139700
1363    5.491166000    0.983075700    0.884419100
1364   -0.950000000   -0.985030900   -0.798480500
1365   -0.950000000   -1.072786000   -1.050564000
1366   -0.950000000   -0.441681000   -0.576864400
1367    2.356729000    0.966196400    1.046752000
1368   -0.950000000   -0.410328900   -1.305028000
1369   12.213530000    0.805584000   -0.956397300
1370   13.493610000    1.754025000   -0.117547300
1371   13.916900000    1.471338000   -0.169639600
1372   -0.696115300    0.048535260   -1.899181000
1373   -0.950000000   -0.346473600   -0.338891800
1374   -0.950000000   -0.159632600    0.940886000
1375   -0.950000000   -0.486754700    0.746874600
1376    6.145263000    0.548029900   -0.989037600
1377    7.428332000    0.823250900   -0.591863400
1378    4.893028000    0.440243100   -1.822819000
1379   -0.950000000   -0.320562200   -0.539265800
1380    2.619097000    0.250984400   -0.000464557
1381    7.980141000    0.238772300    0.168877200
1382   -0.950000000   -1.180827000    0.751838100
1383   -0.950000000   -0.710663900    1.179877000
1384   19.062810000    1.344902000    0.996072900
1385    6.285490000    0.490398200    1.369982000
1386   16.517250000    0.642557400   -1.212311000
1387    4.065881000    0.068281820    1.410433000
1388    6.632445000    0.261995900   -0.645163100
1389    0.965682400   -0.020578670    1.608575000
1390    6.712755000    0.259770200   -0.093666460
1391    3.581792000   -0.235710900   -0.654923800
1392    6.665834000    0.299831000    0.012546240
1393    9.603576000    0.817669300    0.907879800
1394    8.724369000    0.314992800   -0.504219200
1395   11.008750000    0.601157800    0.030154600
1396   -0.950000000   -0.259949200    0.121233200
1397   16.514270000    1.383772000   -0.793146900
1398   -0.950000000   -1.016953000   -0.267616500
1399   -0.950000000    0.084959470   -0.179813100
1400   -0.950000000   -0.284209700   -0.384419100
1401    8.134262000    1.050891000   -1.880858000
1402   -0.950000000    0.009823490   -1.064871000
1403   -0.950000000   -1.216902000   -0.455310400
1404   -0.950000000   -1.349633000    0.785574000
1405    3.242854000    0.252540100   -1.230838000
1406    0.591781700    0.433761100   -0.300626800
1407   -0.950000000   -0.850217700    0.020343920
1408   -0.950000000   -0.629044400   -0.049001930
1409    0.641923000    0.272950500   -0.740226700
1410    5.642900000    1.930361000    0.952426400
1411   -0.950000000   -1.869678000   -0.347871300
1412    0.984349900    0.213637000   -0.637548000
1413    0.781740200    0.934397000    1.366747000
1414   -0.950000000   -1.278157000    0.937196500
1415    2.083798000    0.347775700   -1.200917000
1416    4.323470000    0.949666600    0.320256900
1417   -0.950000000   -0.508521700    0.717490700
1418   -0.950000000   -1.769610000   -0.269017000
1419    4.172050000    0.587026600    0.597421000
1420   -0.950000000    0.291001600    0.537672600
1421   -0.950000000    0.221460400    0.256102700
1422   13.280380000    1.441137000   -1.081632000
1423   -0.950000000   -0.755932300   -0.831167500
1424   -0.950000000   -0.556553500   -1.532276000
1425   -0.950000000   -1.021807000   -0.657338200
1426    1.101036000   -0.100172100    0.186267400
1427   12.462990000    1.276923000   -1.025523000
1428    5.625690000    0.313410600   -0.310962000
1429   -0.950000000   -0.401900800   -0.111955900
1430    0.185609300    0.111474400    0.811600600
1431   -0.950000000   -0.929126500    0.233027500
1432   16.977080000    0.894214600   -1.311624000
1433    2.547251000    0.204975200    0.005884364
1434    8.205225000    0.691769600    0.578323300
1435   -0.950000000   -0.777229900   -0.815342800
1436    8.300799000    0.696157400   -0.243833700
1437   -0.950000000   -1.328152000    1.398051000
1438    6.868569000    0.491921900   -0.146168000
1439    5.411400000    0.658331100    1.369768000
1440    7.737032000    0.578312200   -0.309135400
1441   -0.950000000   -0.108607100    0.524221200
1442   -0.950000000   -0.286756400   -0.124645400
1443    5.432967000    0.536208800   -1.671598000
1444   -0.950000000   -0.165776500    0.740586800
1445   -0.226864300    0.205175400    0.610473600
1446   -0.950000000   -0.545373400   -1.019302000
1447    6.816483000    0.930062700   -0.054459750
1448   -0.950000000   -1.749276000    0.834041500
1449   -0.950000000   -0.419462300   -0.120948400
1450    9.610020000    0.337637200   -1.530070000
1451    0.910752500    0.184216500    0.577094600
1452    3.569031000    0.333486400   -0.499112000
1453   12.600350000    1.396791000    0.135008900
1454   -0.756325700    0.600228100    1.272845000
1455    2.374086000    0.030864670   -0.538779100
1456   -0.950000000   -1.028212000   -0.796373200
1457    6.812530000    0.375799300   -0.624707900
1458   -0.950000000   -1.758550000    0.436283300
1459    6.427902000    0.321308600   -0.100574800
1460   -0.950000000   -0.694003300   -0.269729800
1461   -0.950000000   -0.515387600    1.183864000
1462   -0.950000000   -1.237906000    0.936673600
1463    1.020919000   -0.010116780    0.593687700
1464   -0.950000000    0.010750610    1.271682000
1465   -0.950000000   -0.664119900   -0.637286900
1466   16.152000000    1.636852000   -0.186634600
1467    2.720535000    0.261306100    1.172226000
1468    9.615656000    1.148672000    0.383637100
1469   -0.950000000   -0.753557500   -0.594675800
1470   -0.950000000   -0.765588700   -0.278999700
1471   -0.950000000   -1.592341000    0.653414200
1472    8.269476000    0.325585300   -0.393086300
1473   16.505690000    1.496214000   -0.088782370
1474   12.654640000    1.557937000    1.602760000
1475    7.462132000    0.117620600   -1.692066000
1476    9.680535000    0.698201900    0.654351000
1477   10.816470000    0.779222400    1.237123000
1478   -0.950000000   -0.809626900   -0.226928000
1479   -0.950000000   -0.600097800    0.341348000
1480    2.916463000   -0.093433640   -0.660894000
1481   -0.950000000   -1.262320000    0.425394300
1482   11.806920000    0.693073700    0.699947000
1483    4.614970000    0.380215100    1.313802000
1484   -0.950000000   -0.552900700    0.052678980
1485    8.762158000    0.651723300    0.924313300
1486   13.548290000    1.071569000    0.781773000
1487   18.805190000    1.375201000    0.379166800
1488   -0.950000000   -0.710001000   -0.050090260
1489   20.996270000    1.891483000   -0.702457200
1490   -0.950000000   -0.573092900   -0.109556600
1491   -0.950000000   -0.086983870    1.902029000
1492   -0.950000000   -0.920789300   -0.341812600
1493   -0.950000000   -1.042003000    0.437082600
1494   10.461020000    0.390388500   -1.002338000
1495    8.388226000    0.169882600   -1.215353000
1496    3.899394000    0.655625000    1.810816000
1497   -0.950000000   -1.366629000    1.423852000
1498    8.741485000    0.383056800   -0.459336900
1499    4.124589000   -0.077071610   -0.765625500
1500    5.400970000    0.005938074   -0.178025300
