*y  x1  x2
   1    9.474833000    1.176878000    0.130262000
   2   -0.950000000   -0.854920700    0.482164600
   3    5.786297000    0.401816300    1.048011000
   4    2.988676000    0.181748400    0.264226700
   5   -0.608575200    0.047342120    1.372296000
   6    2.336136000    0.000041017   -1.171308000
   7    8.344721000    0.809011800    0.263869000
   8   -0.411495200   -0.411311900   -1.322915000
   9    1.172922000    0.217788800    0.702839100
  10    3.746422000    0.635541800    1.089373000
  11   12.655580000    1.190932000   -0.935586300
  12   -0.950000000   -1.588749000   -0.403260000
  13    3.939432000    0.020040380   -0.988239700
  14    8.047499000    0.172683900   -1.774254000
  15   -0.950000000   -1.086892000   -1.147262000
  16    0.436519500    0.395352500    0.438289200
  17   -0.950000000    0.254797600    1.174319000
  18    2.517450000    0.117403800    1.162662000
  19    2.441236000    0.807337800    1.678460000
  20   -0.950000000   -0.259111100   -0.805340800
  21    1.527966000   -0.105174400   -1.436213000
  22   -0.950000000   -1.664600000   -0.386472200
  23    3.794274000    0.395073100   -0.565105800
  24   -0.950000000   -0.766453700    0.034074400
  25   15.700590000    1.490529000   -0.280586300
  26   -0.950000000   -0.456539600   -1.302536000
  27   -0.950000000   -0.448724500   -0.409065600
  28   -0.950000000   -1.232517000   -0.829561400
  29   -0.857517400    0.163162500    0.176805800
  30   -0.950000000   -1.161813000    0.753564200
  31   -0.950000000   -0.718172700   -0.204172200
  32    2.084944000    0.572515900   -0.177861800
  33   -0.950000000   -0.476544700    0.963991600
  34   -0.950000000   -1.106664000   -0.731759900
  35    6.431728000    0.963599700   -1.314233000
  36   -0.950000000    0.362941200   -0.147087900
  37   -0.950000000   -1.175751000   -0.671405300
  38   -0.950000000   -0.152007700    1.113647000
  39    0.039152650    0.238725200   -1.566416000
  40   14.209250000    1.653584000   -0.533834800
  41   -0.950000000   -1.482564000   -0.898645700
  42   -0.950000000   -1.263293000    0.566631400
  43   -0.950000000   -1.593494000   -0.989887700
  44   -0.950000000   -0.354001200    1.998999000
  45   -0.950000000   -0.804717500   -1.110088000
  46    1.825718000   -0.008446595    1.169667000
  47    2.772232000   -0.248527900   -1.715768000
  48    4.128497000    0.246886600    0.420161600
  49   19.421600000    1.759816000    0.596014400
  50   17.603360000    1.486365000   -0.247466100
  51   -0.950000000   -0.043167370    0.915540600
  52   -0.950000000   -0.537525900    0.540241700
  53    8.519303000    0.433770300   -1.147234000
  54    6.356808000    0.384015700   -0.450976400
  55   -0.950000000   -0.871195000   -1.940175000
  56   -0.950000000   -1.229293000   -0.034715320
  57    5.421101000    1.035303000    1.509631000
  58   13.856300000    1.241989000    0.078840890
  59    4.838192000    0.440972900    1.915549000
  60    0.274820400   -0.151723900    0.619997800
  61   -0.950000000   -0.377704600    0.561080200
  62   -0.950000000   -0.693252200   -0.295014300
  63   -0.950000000   -0.826281200   -0.342467800
  64   -0.950000000   -0.287848300   -1.441044000
  65   -0.950000000   -1.257693000   -1.543321000
  66   -0.848163400   -0.053454140   -0.699822800
  67   -0.950000000   -0.998085100   -0.778215400
  68   -0.950000000   -0.600513600   -0.874340800
  69   -0.950000000   -0.192039700    0.279200800
  70    8.855610000    0.986477300    0.010489270
  71    6.027431000    1.415570000   -0.141609800
  72   -0.950000000   -0.353483900    1.119537000
  73   -0.950000000    0.370185700    1.585102000
  74    1.864228000    0.264524200    0.226968900
  75   -0.950000000   -1.041544000   -0.432855100
  76   14.883800000    1.429250000   -1.197172000
  77   -0.950000000   -0.649900900    1.327696000
  78   -0.950000000   -0.978440800    0.348887100
  79   -0.950000000   -1.109756000   -0.074432320
  80   14.420590000    1.599372000   -1.311174000
  81    1.371156000    0.297240500   -1.319487000
  82    7.630423000    0.881649900   -1.079396000
  83   -0.950000000   -0.220311600    0.752016500
  84    2.915580000    0.414064000   -1.554504000
  85   -0.950000000   -0.807224300    0.347379100
  86    6.548816000    0.706461100   -0.316854300
  87   -0.950000000   -1.191765000   -0.547472600
  88   -0.950000000   -1.899877000    0.079666830
  89   -0.950000000   -0.075350530    0.465314300
  90   -0.950000000   -0.009639143    1.697878000
  91   -0.950000000   -0.931471200   -0.501871300
  92   15.013940000    1.567634000    0.005967062
  93    4.670870000    0.264338600   -0.231673200
  94   -0.950000000   -0.764934600    0.871141000
  95    8.507229000    1.223876000    1.336226000
  96   -0.619377400   -0.432956500    0.210661900
  97   16.676870000    1.116579000    0.705713600
  98   -0.950000000   -1.221529000   -0.425823900
  99    9.279360000    0.226891800   -1.388966000
 100    7.328154000    0.990098600    0.974312500
 101    1.431707000   -0.267175100   -1.045275000
 102    9.630777000    0.848392900   -0.197013000
 103    8.522293000    0.575862500    0.818284000
 104   -0.638491200   -0.350630100   -0.690183100
 105   20.629170000    1.684924000   -0.432103900
 106   -0.950000000   -0.807862000   -0.634435800
 107    8.076312000    0.729796000   -0.451376900
 108   10.457080000    1.023414000   -0.342887800
 109    4.653328000    0.204817900   -0.630733500
 110   -0.950000000   -1.164587000   -1.663081000
 111    8.836476000    0.666277200   -0.240773800
 112   -0.545277800    0.263145600    0.586683500
 113    2.229087000    0.145265300    0.177387900
 114   -0.950000000    0.125639100    1.617222000
 115   16.826020000    1.162201000    0.466041000
 116   17.237310000    1.091326000   -1.268830000
 117    3.181848000    0.206030700   -1.978946000
 118   18.485840000    1.231124000   -1.225985000
 119   -0.950000000   -0.545964200    0.462945400
 120   -0.950000000   -0.530272800    1.798351000
 121    5.143639000    0.863834600    0.643259700
 122   -0.950000000   -0.016435200    0.607819900
 123   -0.950000000   -0.473739000   -0.036867820
 124    0.473047600    0.491992300    0.411182900
 125   -0.950000000   -0.486645900   -0.753076400
 126   -0.950000000   -0.268098200    0.198877000
 127   -0.950000000   -0.685638500    1.181558000
 128   -0.950000000   -0.949619900   -0.060430790
 129   -0.950000000   -0.478667600   -0.251795700
 130   -0.950000000   -1.136154000   -0.428675400
 131   -0.950000000   -0.178626800   -0.060499270
 132   -0.950000000   -0.474519000   -0.416543900
 133    4.304091000    0.812679900    0.181937100
 134    1.177350000    0.566369500    0.265277000
 135   -0.950000000   -0.518537800   -0.555516800
 136    4.695124000    0.572078600    1.596982000
 137   -0.950000000    0.416809900    0.949169600
 138   -0.950000000   -1.266511000   -0.334200600
 139    2.147142000    0.322401300    0.653203300
 140   -0.950000000   -1.698799000   -0.490599200
 141   -0.950000000   -0.831062600   -0.130835800
 142   -0.225306600    0.474164900    0.931327700
 143   -0.950000000   -0.681411000    0.766701300
 144   -0.950000000   -0.833955100   -1.245401000
 145   12.601790000    1.225415000   -0.540225000
 146    8.212184000    1.727955000    0.882723600
 147   -0.950000000   -0.593192600    0.407940600
 148   -0.950000000   -0.919795500    0.415263900
 149    1.625068000   -0.138761400   -1.260409000
 150    7.816381000    0.200039100   -1.677735000
 151   15.980770000    1.500308000    0.401572100
 152   -0.950000000    0.165533400    1.499960000
 153   -0.950000000   -0.935993200    1.553094000
 154   -0.950000000   -0.680918200   -0.027871960
 155    0.515833600    0.338980400    0.940700000
 156   12.655890000    0.956696300   -1.179370000
 157   -0.950000000   -0.631738200    0.298999700
 158   -0.950000000   -0.195317200    0.172770400
 159   -0.950000000   -1.321534000   -0.589481500
 160    2.480145000   -0.001268938   -0.702616700
 161    4.943048000    0.314824400    0.200541700
 162    6.983244000    0.184162200   -1.111226000
 163    5.608847000    0.670616900    1.837664000
 164    8.135524000    0.902781600    0.286541800
 165   -0.950000000   -1.214246000   -0.885223200
 166    9.669035000    0.811614500    1.745621000
 167    0.411628900   -0.188778700   -1.125449000
 168   -0.508175500   -0.110850300   -0.348468900
 169   -0.950000000   -0.677859100    1.092774000
 170   -0.950000000   -0.860712100    0.118087700
 171   -0.950000000   -0.309036300    1.061672000
 172    1.659855000    0.136971900   -0.505617900
 173   -0.950000000   -1.912380000   -0.178214200
 174   -0.950000000   -0.495337400    0.553500200
 175    4.362273000    0.100715000    0.045217500
 176    9.246924000    1.141433000    0.922390300
 177   -0.950000000   -0.784438700    0.759966700
 178   -0.297835300   -0.114211100    0.135866700
 179   -0.950000000   -0.776616600    0.113058000
 180   -0.950000000   -0.792863600   -0.089584660
 181    2.586486000   -0.040863280   -0.164674100
 182    0.434364900   -0.385188000   -1.707747000
 183    5.744915000    0.387159800   -0.046467280
 184   -0.950000000   -0.618273100    0.185944300
 185   16.975700000    1.657418000   -0.831919400
 186    6.072053000    0.401365600    1.195536000
 187   14.479180000    0.808631400   -0.310723900
 188    0.837773100   -0.151380200    0.524619600
 189   10.140770000    0.712717700   -0.192818000
 190   -0.799558800    0.053730820    0.661041800
 191   -0.950000000   -0.333473100    0.569248700
 192    1.512107000   -0.053872780    1.071374000
 193   -0.950000000   -0.959742600   -0.064693690
 194    9.461339000    0.831305000    0.505122900
 195   19.954850000    1.744993000   -0.606360000
 196   -0.950000000   -0.390671700    0.074745210
 197   -0.950000000   -1.911838000   -0.374317000
 198   -0.950000000   -0.617725000    0.717255600
 199   -0.950000000   -0.918860200   -1.737926000
 200   -0.950000000   -0.292211300    0.617221000
 201    5.596862000    1.125684000   -0.721634600
 202   -0.950000000   -0.534336600    0.651714700
 203    3.691970000    0.885763100   -0.885354200
 204   -0.950000000   -0.576240100    0.505000300
 205   -0.950000000   -1.185528000   -0.983795900
 206    6.165115000    1.314583000   -0.112633800
 207   -0.950000000   -0.527728200    0.924157800
 208   -0.950000000    0.004969376   -0.443655300
 209   -0.950000000   -0.591371400   -1.701188000
 210   -0.950000000   -1.266753000   -0.221262300
 211   12.307090000    0.661245400   -0.440858500
 212    5.174132000    0.318892100    1.150868000
 213    7.853357000    0.617341800   -0.149286700
 214   -0.950000000   -1.376593000   -0.741538900
 215    3.056793000    0.353722400    1.029901000
 216   18.830030000    1.125666000    0.074294830
 217   -0.950000000   -1.653229000    0.515786900
 218    2.817971000    0.011901530   -0.415934200
 219    1.031426000   -0.170775500   -0.403719500
 220   -0.950000000   -1.431779000    1.337989000
 221   18.836440000    1.582587000    1.518071000
 222    3.277294000   -0.126642400   -0.800772200
 223    6.199412000    0.530024300    0.070386720
 224   24.233970000    1.652758000    0.992185800
 225   16.688230000    1.155342000   -0.623272800
 226   -0.950000000   -1.123065000    1.071399000
 227   10.616330000    0.833402200    0.424467000
 228    0.683690400    0.268827700    0.796202000
 229   -0.950000000   -1.211919000   -0.386074200
 230    6.738611000    0.254470900    0.617322700
 231    5.453672000    0.209663800    0.164644900
 232    7.373516000    0.248804900    1.227166000
 233    5.975786000    0.278876800    0.054012640
 234    0.808767600   -0.132800200    1.514998000
 235   16.885030000    1.298528000    0.053656580
 236    0.080069290   -0.169979100    0.666610900
 237   -0.950000000   -0.726421400   -0.245781600
 238   -0.950000000   -0.610838100   -0.093370260
 239    5.131160000    0.293759900   -1.432224000
 240    5.662014000    0.459006900    1.252416000
 241   -0.950000000   -0.231684000    0.639015200
 242   -0.950000000   -1.730344000   -0.334385400
 243   -0.950000000   -0.658971300    1.194449000
 244   -0.950000000   -0.553684800   -0.542212100
 245   -0.950000000   -0.463079300   -0.430740900
 246    2.556012000    0.390745500    0.452893000
 247   -0.950000000   -0.117133100   -0.002823336
 248   17.195500000    1.563113000   -1.646979000
 249   16.928060000    1.594214000   -1.129246000
 250    9.039964000    0.688356000    1.431128000
 251    9.613667000    1.039971000   -0.147216500
 252    3.749078000    0.309875500   -1.008025000
 253   -0.950000000   -1.230612000   -1.241808000
 254   -0.950000000   -0.473155200    0.611776000
 255   -0.950000000   -0.370808100    0.669136700
 256    2.630912000    0.050190940   -0.850769800
 257    6.103544000    0.841200200    0.149621700
 258   -0.950000000   -0.158241600    1.261712000
 259    4.442148000    0.337100300   -0.354036700
 260    0.642932000    0.030377720    0.160107500
 261   -0.950000000   -1.132488000    1.419725000
 262    2.481364000   -0.049317990   -0.993697500
 263   -0.950000000   -0.524982700   -0.153930200
 264   -0.950000000   -0.926843300   -0.107512700
 265   -0.950000000   -0.988080700   -0.766785200
 266    8.794660000    0.966924300    0.275504900
 267   -0.950000000   -0.538850200   -0.406302600
 268   -0.950000000   -0.312316400    0.204807300
 269   -0.950000000   -0.780075000    0.202796200
 270    0.875460400    0.244330100    0.459311100
 271   -0.950000000   -0.019069560    1.271390000
 272    4.482825000    0.741528400    0.932274200
 273    2.665690000    0.300710000    0.586765500
 274   -0.950000000   -1.705637000   -0.659572600
 275    2.895776000    0.298368900   -0.881197600
 276   -0.950000000   -0.740792400    0.014770150
 277   -0.950000000   -0.943177600    0.285953200
 278   -0.950000000   -1.862000000   -0.410605800
 279   10.022090000    0.796884000   -0.359002200
 280   -0.950000000   -0.498423400    1.182560000
 281   -0.950000000   -0.862954200    1.501539000
 282    7.321936000    0.803426600   -0.434895300
 283    1.625587000    0.193976900    0.587836200
 284   -0.950000000   -0.383679800    0.031773240
 285   -0.950000000   -0.094782660   -0.153301300
 286   -0.950000000   -0.157395100   -0.862283700
 287   -0.950000000   -1.364845000    0.071879480
 288   -0.950000000   -1.728857000    1.529337000
 289   -0.950000000   -1.119763000    1.359756000
 290   -0.950000000   -1.547351000   -0.985740400
 291   12.951400000    1.284311000   -1.385596000
 292    1.731636000    0.270028700    1.090820000
 293   -0.950000000   -1.683486000    0.223034100
 294    0.663143200    0.041838960    1.232655000
 295    6.459836000    0.472535300    0.274470600
 296    5.993650000    0.794052400    0.965314000
 297    5.449106000    1.577113000    1.471017000
 298   -0.950000000   -0.742014800    1.438265000
 299   -0.950000000   -0.195365600   -0.162453100
 300   -0.950000000   -1.152984000   -0.769700200
 301   -0.950000000   -0.546021900   -0.030016070
 302   -0.950000000   -0.595773200    0.282372700
 303    2.245367000    0.605646100   -0.084591770
 304    9.793392000    0.863943900   -1.227605000
 305   -0.950000000   -0.421569000    0.017390470
 306   11.518330000    1.260154000   -0.279003700
 307    0.115043900    0.166455800    0.138832600
 308   11.193310000    1.468062000    0.108850800
 309   -0.950000000   -0.351301600    1.007432000
 310   -0.950000000   -0.625659800   -1.218628000
 311   -0.950000000   -0.895046600    0.060490670
 312   -0.950000000   -1.035025000    1.059877000
 313   -0.950000000   -0.430882800   -0.266119800
 314    4.493231000    0.510127000   -1.076479000
 315   -0.950000000   -0.471491900   -1.147952000
 316   -0.950000000   -0.705968700   -0.695595900
 317    6.057301000    0.665410000    0.500991400
 318   -0.950000000   -0.840931300    0.282141900
 319    0.147740300    0.064996730    1.052229000
 320   -0.950000000   -1.575029000   -1.206078000
 321   10.925110000    0.559455100    0.489161900
 322   13.327190000    0.865269600   -0.273166000
 323   -0.950000000   -0.602962500    0.547439100
 324   22.015860000    1.886391000    1.157827000
 325   13.502540000    0.833493500   -0.167233700
 326   -0.639585300   -0.472121900    0.129120400
 327   26.637130000    1.989142000   -1.423184000
 328   18.854350000    1.910702000    1.154157000
 329   -0.950000000   -1.110006000   -0.244171600
 330   11.419450000    0.741442900   -0.829744000
 331    5.372420000    0.054968530   -0.598920800
 332    1.044008000    0.180222300    1.063784000
 333   -0.950000000   -0.489672600    0.750557700
 334   14.046700000    0.757956600   -1.314674000
 335   -0.950000000   -0.949227300   -0.048646460
 336    6.792646000    0.312134300   -1.195427000
 337    8.878083000    0.593219100    0.612505200
 338    6.478168000    0.804014400    1.126970000
 339    4.376663000    0.341252400    0.510810200
 340    8.492806000    0.381946800   -0.101954100
 341   13.927020000    1.022133000   -0.872476000
 342    5.067849000    0.292633600    0.075245570
 343    5.960287000    0.406704800    0.119278400
 344   -0.950000000   -0.651760600    0.587286400
 345   13.499250000    0.850191000   -1.086396000
 346    9.716735000    1.349246000    0.063930860
 347    3.025135000    0.629495000    0.232968900
 348   -0.950000000   -0.176437100   -0.731998400
 349   -0.950000000   -0.337563900   -0.980126600
 350   15.143080000    1.375533000   -0.656997300
 351   -0.950000000   -1.107378000   -0.300563600
 352   -0.950000000   -1.190937000    0.141504000
 353   -0.950000000   -0.736243900    1.283351000
 354   -0.950000000    0.049122220   -0.944074500
 355   -0.950000000   -0.289762200   -1.440453000
 356    0.874326600    0.503546300   -0.618937600
 357    8.054485000    1.113628000   -0.109418700
 358    2.789835000    0.866098700    0.348108800
 359   -0.950000000   -1.235287000   -0.153906600
 360    2.886088000    0.566286500   -1.175180000
 361   -0.950000000   -1.219927000    1.491544000
 362   20.939220000    1.522095000   -0.106593500
 363   -0.950000000   -0.958418200    0.607969900
 364   -0.950000000   -0.376060400    1.374365000
 365   19.101360000    1.896794000   -0.106835600
 366   10.067210000    0.378558100    0.664051200
 367    4.811892000   -0.158101600   -1.173391000
 368   -0.950000000   -1.033772000    0.569452600
 369    5.915624000    0.147488500   -0.892627900
 370   -0.681356100   -0.577370400   -0.824973800
 371   -0.950000000   -1.288395000    1.314432000
 372   18.946170000    1.588295000    0.157772900
 373    6.325765000    0.310772200    0.193904000
 374   12.627740000    0.703216400    0.127164500
 375   -0.950000000   -1.000515000    0.446120100
 376   -0.950000000   -0.441820000    0.602587700
 377   -0.950000000   -0.692234100   -1.402191000
 378   -0.950000000   -0.043044690    0.672497700
 379    9.223751000    1.505118000    0.614890800
 380    0.575915600   -0.038142170   -0.050479030
 381   10.007490000    0.588945500   -1.454869000
 382   23.051180000    1.666825000   -0.484108300
 383   -0.950000000   -0.967304100    1.128969000
 384    8.133680000    0.785154800    0.777842300
 385   -0.950000000   -1.231570000   -0.467715100
 386    0.296707300   -0.027393810   -0.170343600
 387    1.170393000    0.092883920    1.936429000
 388   -0.950000000   -1.125288000    1.195617000
 389   -0.950000000   -0.566774400    0.039368520
 390    3.697201000   -0.010378950    0.373823100
 391   -0.950000000   -0.731687100   -0.158917500
 392   -0.132547500    0.054868350   -0.695611600
 393   -0.950000000   -0.576780600    0.195963800
 394   -0.852579300    0.041696470   -0.188832500
 395   -0.950000000   -1.260536000   -0.039652890
 396   -0.950000000   -0.092126690    0.815641700
 397    1.997868000    0.416036500   -0.042081270
 398   -0.950000000   -0.762575400    1.507913000
 399   -0.950000000   -0.357188000   -0.785171800
 400   -0.950000000   -0.392163900    0.563304700
 401    3.587273000    0.354361000   -0.272279100
 402    4.456007000    1.202899000   -1.402456000
 403   -0.950000000   -1.039393000    0.106737000
 404   -0.950000000   -1.010030000   -0.786578600
 405   12.226480000    1.060635000   -0.936237600
 406   -0.950000000   -0.184609600    0.405895300
 407   -0.950000000   -0.441487400   -0.003594066
 408    5.513458000    0.549515000   -0.953298600
 409   12.105780000    1.438143000   -0.001134286
 410   -0.950000000   -0.910241600   -0.486221700
 411    1.971304000    0.939374600    1.759659000
 412   -0.950000000   -0.870715400   -1.174940000
 413   -0.950000000   -1.715951000   -1.625557000
 414   -0.950000000   -0.592598400    1.025320000
 415    1.685308000    0.178319900   -0.345027700
 416    5.875150000    0.559280700   -0.920030100
 417    4.646848000    0.538557400    1.219655000
 418   -0.950000000    0.110749600    0.376157300
 419   -0.950000000   -0.662119900    0.071177140
 420   -0.950000000   -0.356021800    0.353954800
 421    4.328667000    0.509894900    0.679232300
 422    5.711439000    0.290789300   -0.285366500
 423   14.739940000    1.668928000    0.647527600
 424   -0.950000000    0.126493400    1.387307000
 425   -0.950000000   -0.411303100   -0.285014400
 426    9.180807000    0.548930300   -0.101779200
 427   -0.950000000   -0.581722300    0.134554100
 428    1.763177000   -0.185014700    0.229413600
 429   15.830120000    0.844180900   -1.759720000
 430   -0.950000000   -0.833897700    1.134681000
 431   14.315280000    1.197287000    0.275253300
 432   13.773880000    1.046379000   -0.285002800
 433    1.332948000   -0.244410600   -0.543842300
 434   10.932780000    0.528467000   -1.520844000
 435   -0.723066800   -0.167270000    0.729931900
 436   -0.950000000   -0.460331800    0.326456900
 437   14.631710000    0.900417600   -0.824480000
 438   -0.950000000   -0.820305300   -0.727168400
 439   -0.950000000   -0.898604200   -0.988944700
 440    1.276044000    0.017096050   -0.028421100
 441   -0.950000000   -1.559852000    0.156809400
 442    7.995096000    1.131043000    0.665328900
 443    0.439691400    0.082790770    1.453629000
 444    2.438579000    0.508789700    0.720598200
 445   18.609790000    1.564399000   -0.236062500
 446    1.891490000   -0.137878500   -0.662227600
 447   23.162070000    1.975025000   -1.070041000
 448   18.704220000    0.977426200   -1.841327000
 449   16.984450000    1.328798000   -1.434704000
 450   20.792120000    1.798248000   -0.803173300
 451   -0.950000000   -1.320433000    1.206552000
 452   -0.950000000   -0.660100400    0.379305400
 453   -0.950000000   -0.170788700    1.376430000
 454   16.486120000    1.626168000    0.751949300
 455    9.401204000    0.698000200    0.150398800
 456   -0.950000000   -1.808271000    1.026718000
 457    4.628974000    0.053340850   -0.681045800
 458    1.747546000   -0.102849100   -0.160569200
 459    3.134189000    0.278170000    0.503994600
 460    7.372428000    0.482766100    0.075735480
 461    6.665893000    0.266522800   -0.698573300
 462   20.316810000    1.684791000    0.437586900
 463    6.380213000    0.153483800   -0.956236700
 464   -0.950000000    0.035355840    0.678861600
 465    4.312182000   -0.006318275   -1.277702000
 466   10.320320000    0.710404600    0.171664600
 467    2.821719000    0.057300750   -0.788611900
 468   -0.950000000   -0.042403120    1.042687000
 469   -0.950000000   -0.526740500    0.364959500
 470   14.247520000    1.246764000   -0.137938400
 471    8.983148000    0.716053500   -0.661468500
 472    1.541779000   -0.050844320    0.082089870
 473   -0.950000000   -0.343891300    1.269220000
 474    2.745792000   -0.100495800   -1.262471000
 475   -0.950000000   -1.348648000   -0.148554400
 476   -0.950000000   -0.548696400    0.258559500
 477    2.581222000    0.212385700    1.665276000
 478   -0.950000000   -0.236802300    1.044487000
 479   -0.950000000   -1.212282000   -0.335274800
 480   -0.950000000   -0.679344800    0.274947300
 481   -0.870371100    0.138074600   -0.062907280
 482    6.300496000    0.722107600   -1.526244000
 483    6.530289000    0.972308600   -0.902879800
 484   -0.950000000   -0.383274400   -0.607970100
 485   -0.950000000   -1.693803000   -0.185339100
 486   -0.950000000   -0.036826350    0.681636400
 487   -0.950000000   -1.050266000   -0.266211100
 488   -0.950000000   -0.693224200    0.448875500
 489   -0.950000000   -0.478911000    0.796354900
 490   -0.950000000   -0.676613100    0.789949000
 491   12.700500000    1.355224000   -0.182582900
 492   -0.950000000   -0.887638100    0.998791900
 493   -0.950000000    0.092893480   -0.026443990
 494   -0.950000000   -1.669091000   -0.560288100
 495   -0.950000000   -0.085590190   -1.365259000
 496    5.377395000    0.830616000    0.926202600
 497   16.029560000    1.030156000   -1.079529000
 498    9.336929000    0.848844100    1.908970000
 499    8.322565000    0.399114500   -0.285850400
 500    9.379809000    0.402270200   -0.976318400
 501    5.174320000    0.302099300    0.413410200
 502    4.471818000   -0.064021760   -0.767462800
 503    3.967159000    0.172120800    0.827705300
 504   15.488000000    0.827993800    0.586288800
 505   -0.950000000   -1.562729000   -1.638565000
 506   -0.950000000   -0.926410500   -0.867211600
 507   11.335650000    0.597567600    1.060164000
 508   -0.950000000   -1.426671000   -0.057881800
 509   -0.950000000   -0.328730500    0.742070700
 510   -0.950000000   -0.573739900    0.621136300
 511   -0.950000000    0.080693350    1.305878000
 512   -0.950000000   -0.492728900   -0.819553400
 513   11.353270000    0.792190000   -1.340224000
 514   -0.950000000   -0.342824400    0.421243500
 515    6.810934000    0.922362700    0.671535800
 516   -0.950000000   -1.365543000    0.297380600
 517   -0.950000000   -0.037337050    0.241358100
 518    1.114297000    0.258358600   -0.298770200
 519    1.159921000    0.157241300   -0.176263400
 520   -0.950000000   -0.571708400   -1.306426000
 521   -0.950000000   -0.199129400    1.176628000
 522    1.715435000    0.270741400    0.362524000
 523   -0.950000000   -0.379695100    0.085664890
 524   11.212480000    1.413700000   -0.538617900
 525   -0.950000000   -0.761449500    0.229593300
 526    6.016177000    1.096974000    1.639499000
 527   16.392550000    0.610144400   -0.409471500
 528   10.627290000    1.154965000    0.411509400
 529   -0.950000000   -1.218030000    1.839737000
 530   17.123550000    1.413429000    0.264323200
 531   12.171810000    0.533541900   -1.324615000
 532    5.756561000   -0.159469300   -0.662432700
 533   14.202870000    0.596406900    1.494579000
 534    9.047871000    0.209567100    0.569091500
 535    4.913569000   -0.172536700    1.053071000
 536    5.411589000   -0.201586800   -0.801064000
 537    9.764287000    0.544166200    1.449962000
 538   19.469130000    1.505667000    0.084331550
 539   20.224750000    1.344394000   -0.518495200
 540    2.291190000   -0.200320000    0.173655500
 541   -0.950000000   -0.638473700   -1.127548000
 542   -0.950000000   -0.895026400    1.235204000
 543   -0.950000000   -0.336208900   -0.575518300
 544    1.875630000    0.467606700    0.738399200
 545   -0.950000000   -0.673919200   -0.663479600
 546   -0.950000000   -0.977713700    0.488598600
 547   19.829110000    1.655805000   -0.670492900
 548    7.011544000    0.821903000   -1.397424000
 549    1.285989000    0.713550900    1.398306000
 550   15.827210000    1.660942000   -0.359883500
 551   -0.950000000   -1.248279000   -1.169751000
 552   -0.950000000   -0.513942400   -1.641424000
 553    9.185174000    1.106275000    0.337282300
 554   -0.950000000    0.027739330    0.877429500
 555   -0.950000000   -0.130268000   -0.345759300
 556    8.316372000    0.916117600    0.541765100
 557   -0.064136940   -0.146418900    0.252306900
 558    3.027837000   -0.271825300   -0.596828300
 559    6.441934000    0.525722200   -0.276956800
 560   -0.950000000   -1.153551000    1.217723000
 561    7.446292000    0.389618700    1.249092000
 562   -0.950000000   -0.608129300    0.164766500
 563   23.920740000    1.946388000   -0.832706300
 564   18.745890000    1.422833000    0.003630688
 565   -0.950000000   -0.287037700    0.724084300
 566    8.594081000    0.840365800    0.232710700
 567   13.936160000    1.013892000   -1.002176000
 568   10.897640000    1.061499000    0.890832100
 569    6.692457000    0.155886900   -0.867453000
 570    0.274101100   -0.249169700   -0.121688000
 571   -0.950000000   -1.219110000    0.059170230
 572    0.151316700   -0.039587420   -1.938162000
 573   -0.950000000   -0.949550000    0.230046600
 574   -0.950000000   -0.390905900   -0.418184800
 575    4.977619000    1.303414000   -0.067144920
 576   -0.950000000   -1.027529000    0.401296400
 577   -0.715628200    0.117565300   -1.071222000
 578   -0.950000000   -0.009332821   -0.453064000
 579    7.404562000    1.102155000   -1.699511000
 580    2.757102000    0.719546700    1.025404000
 581   -0.950000000    0.006730993   -0.289683900
 582    5.713132000    1.032636000   -0.179602000
 583   -0.950000000    0.004141366   -0.249784600
 584   -0.950000000   -1.040642000   -0.069128750
 585   -0.950000000   -0.716179100    0.903820400
 586   -0.950000000   -0.515061500    0.036505740
 587    3.954653000    0.740295300    0.549843000
 588   -0.950000000   -0.052753780    0.361341700
 589   -0.153489400    0.080004720   -0.374205700
 590   11.775880000    1.044493000   -0.595202500
 591   -0.950000000   -0.649470700   -1.030284000
 592    2.325772000    0.287242800   -0.265954500
 593   -0.950000000   -0.371383200    0.423287900
 594    3.450876000    0.378768500   -0.216477700
 595   -0.895083500   -0.110438300   -0.275029800
 596    3.087163000    0.465630500    0.561273700
 597   -0.950000000   -0.865150000    0.466654300
 598   -0.950000000   -0.777094700   -1.352353000
 599   -0.950000000   -0.568450800   -0.368492200
 600    6.528460000    0.610663200   -0.566562300
 601   -0.444786000    0.090622000   -0.584354600
 602   -0.950000000    0.402262500    0.216109000
 603   -0.707514200   -0.083082560   -1.190208000
 604   -0.950000000   -0.292433100    0.047204040
 605   14.266090000    1.467802000   -1.371654000
 606   -0.950000000    0.012334170   -0.249646800
 607   -0.950000000   -1.283558000    0.996606500
 608    4.159043000    0.824467100    0.237807900
 609   -0.950000000   -1.378920000   -1.584429000
 610   -0.950000000   -0.680364500    0.282994600
 611    3.994579000    0.619616800   -1.040339000
 612    6.788775000    0.887778400   -1.247270000
 613   -0.950000000    0.257690000    1.048613000
 614   -0.950000000   -0.920406900   -1.065502000
 615   -0.950000000   -1.627097000    0.249951000
 616   12.701990000    0.363154900   -1.563803000
 617   16.837500000    1.104721000    1.297790000
 618    8.150107000    0.689540200    1.047692000
 619    6.587292000    0.105283500    1.553509000
 620   -0.950000000   -0.562635700    0.470563200
 621   20.851820000    1.408874000    0.535558800
 622   18.890990000    1.494982000    1.544229000
 623   -0.950000000   -0.702153700    0.322911800
 624   22.805820000    1.448164000   -0.680627900
 625    8.470127000    0.261948300   -0.094849040
 626    9.068084000    0.556239200    0.036459850
 627   16.554730000    0.876664100   -0.814009600
 628    3.849895000    0.016630330    0.545428700
 629   -0.950000000   -0.985463100   -0.015713570
 630   -0.950000000   -0.886554000    0.537695600
 631    4.793216000    0.455885200   -0.242478400
 632   -0.950000000   -1.236794000   -0.777149500
 633   -0.950000000    0.294113100    1.149725000
 634   -0.950000000   -1.438567000   -0.609448700
 635   -0.950000000    0.197052100    0.961270100
 636   -0.950000000   -0.397592900   -0.814610300
 637    6.656299000    1.383536000    0.872785800
 638   -0.950000000   -0.957152500    0.159966700
 639    0.319166900    0.105185300    0.605720100
 640    2.202676000    0.180168600   -1.732666000
 641   11.694430000    1.812397000   -0.560733500
 642   -0.950000000   -0.981520600    1.042317000
 643   -0.950000000   -0.317198100   -1.345945000
 644   -0.950000000   -0.712117800   -0.380468400
 645   -0.950000000   -1.297074000    1.238113000
 646   10.996750000    0.720024200    0.085357970
 647    8.822042000    0.419428300   -0.783749700
 648   28.745940000    1.820880000    0.355453700
 649    2.110236000   -0.048808510    0.728309800
 650   11.328290000    0.589516000    1.403324000
 651    1.874960000   -0.181920600   -0.278515000
 652   12.981630000    1.013708000    0.555419900
 653   12.757930000    1.094195000    0.704395400
 654   11.586620000    0.687562500   -0.286256000
 655    2.155652000   -0.274758200    0.226050100
 656   -0.950000000   -0.746558700   -0.294120000
 657   -0.950000000   -1.431233000    0.122507200
 658   19.551980000    1.302476000   -1.297604000
 659   -0.950000000   -0.716958800   -0.285122300
 660   19.747850000    1.446177000    0.191138600
 661   -0.950000000   -0.490170800    0.073527280
 662    4.086646000   -0.020938020    1.884880000
 663   12.348760000    1.227554000   -0.326009800
 664    7.572298000    0.628556800   -0.229287500
 665   -0.950000000   -1.243535000    1.292011000
 666    6.156213000    0.362349200   -1.245990000
 667   -0.950000000   -0.394173700    0.306566900
 668    4.161858000    0.666774000    0.533903300
 669    1.556846000   -0.003303708   -0.588277100
 670   -0.950000000   -0.733194800   -0.586953900
 671   -0.950000000   -1.631083000    1.380262000
 672    3.739883000    0.105095700   -1.186235000
 673   -0.950000000   -0.950930600    0.526321600
 674   -0.950000000   -0.481460300   -0.721626600
 675    3.286511000    0.292880200   -0.179673100
 676   -0.950000000   -0.676015400    0.669142600
 677    0.886157100   -0.047177650   -1.093674000
 678    3.261314000    0.183026500   -0.607418300
 679   -0.950000000   -0.280936100   -0.413150600
 680   20.698730000    1.612797000   -0.226941100
 681    2.845701000    0.234540700    0.655007900
 682    7.214522000    1.033191000    0.434548200
 683    8.395165000    0.441626500   -1.524094000
 684   -0.950000000   -1.415403000   -0.309103100
 685   10.671280000    1.305340000    0.753688700
 686   15.784310000    1.402047000   -1.389427000
 687    8.520785000    0.907868400   -0.371988400
 688    1.498341000    0.296655800    0.633931300
 689    7.606578000    0.669670500   -0.886620300
 690   -0.950000000   -0.756670500    0.714656000
 691    0.826080900   -0.061811770    0.103408100
 692   -0.950000000   -1.091184000   -0.440655100
 693    5.838145000    0.535264300   -0.021523460
 694   -0.950000000   -0.309005900    0.795316200
 695   -0.950000000   -0.943465100    0.404180700
 696    6.633831000    0.510638900    0.419009100
 697   -0.950000000   -1.832684000   -1.169104000
 698    5.216330000    0.157768900   -0.387777300
 699    3.447702000    0.205966700    1.074001000
 700   18.808440000    1.358058000   -0.618304700
 701    8.426653000    0.651073300   -0.760892500
 702   -0.950000000   -0.648763400   -0.837682800
 703    3.142293000    0.326433200    0.016811300
 704    3.555733000    0.147710500   -0.843718100
 705    6.629008000    0.799855300    0.844442400
 706   -0.950000000    0.450151800    1.024571000
 707   -0.950000000   -0.613717400   -0.355659800
 708   -0.950000000   -0.227476000   -0.437476500
 709   -0.950000000   -1.468739000   -0.726759700
 710   -0.950000000   -0.912463600   -0.049232070
 711   -0.950000000   -1.240015000   -0.601337000
 712   12.157660000    1.050307000   -0.840836800
 713    1.112255000    0.375353700   -0.504781000
 714    0.477541700    0.263169900    0.288377500
 715   -0.950000000   -0.812453900   -0.388939700
 716   -0.950000000    0.008041800   -0.458235600
 717   -0.950000000   -0.790820300    1.399479000
 718    2.100875000    0.304686000   -0.531572700
 719    8.395142000    0.765733500   -0.175923900
 720   -0.950000000   -0.383058400    0.323995800
 721   12.983960000    0.910601900   -0.635474700
 722   -0.333280800   -0.478443500   -1.184147000
 723   10.317710000    1.313616000    0.605704700
 724   14.728050000    0.843463100   -1.207867000
 725   11.242570000    1.098524000    0.156381600
 726    1.625398000   -0.159270600    0.545286500
 727   -0.950000000   -1.911503000    0.024167480
 728    3.275299000    0.571086900    0.946448800
 729   -0.950000000   -1.257896000   -0.223672700
 730    7.835401000    0.715317500   -0.308817900
 731   18.874910000    1.442566000    1.482295000
 732    0.457665300   -0.242150800   -0.354775400
 733   17.017270000    1.537980000    0.755575900
 734   -0.950000000   -0.065395190    0.911209800
 735   10.745930000    0.641259000   -1.457504000
 736   -0.950000000   -1.601152000   -0.048517470
 737   15.080460000    1.099421000   -1.474729000
 738   -0.950000000   -0.209749300   -0.173739100
 739    6.498245000    1.070760000    1.060202000
 740   -0.950000000   -1.842995000   -0.176895900
 741   -0.950000000   -0.929421500   -0.647981900
 742    0.588282400    0.245792600   -0.243691600
 743   -0.950000000   -0.734162900   -0.090339180
 744    3.924124000    0.580388700   -0.328388900
 745   -0.950000000   -1.262094000   -0.717293900
 746   -0.950000000   -0.619051000    0.182809000
 747    4.802258000    0.489347900   -0.078586450
 748    6.184445000    0.991636900    0.149316200
 749   -0.950000000   -0.598377200   -0.407854800
 750   -0.950000000   -0.524788100   -1.093732000
 751   12.314590000    0.863597200   -0.768187200
 752    7.799695000    0.828696400   -0.437077100
 753    2.727965000   -0.088224090    0.646513000
 754   -0.950000000    0.063295160    0.723243800
 755   -0.950000000   -1.105192000    0.496891200
 756   13.330070000    1.149920000   -0.853358500
 757    4.356847000    0.055994730   -1.037342000
 758   10.830630000    0.798013000   -1.284791000
 759   -0.950000000   -1.578864000   -0.312529600
 760   26.391810000    1.966863000   -1.000610000
 761   -0.950000000   -1.102969000   -0.045322510
 762   -0.950000000   -0.443025000   -0.073557240
 763    6.465961000    0.674379700    1.454325000
 764   -0.950000000   -0.570510500    0.952410700
 765   -0.503985500    0.097663530    1.291159000
 766   10.076580000    0.776332200    0.638873800
 767   -0.950000000   -0.465457400    1.319645000
 768    9.220011000    0.773595300    0.752319600
 769    1.364059000    0.168429000    1.074824000
 770    2.139866000   -0.321657000   -0.913939600
 771   -0.950000000   -0.549894700   -0.653092600
 772   -0.950000000   -0.712834800    0.922861300
 773    8.884498000    0.473159700    0.205894600
 774   -0.950000000   -1.044325000    0.269880900
 775   12.445670000    0.966097500   -1.080602000
 776   -0.950000000   -0.631535500   -0.123889600
 777   -0.950000000   -0.610227000    0.645560700
 778    0.071573800    0.029592270    1.554600000
 779    7.311408000    0.389421800   -0.812605800
 780    3.282565000    0.339867100    0.857511600
 781    4.330818000    0.295284900   -0.297574900
 782   -0.444877800   -0.140044800    1.188551000
 783   -0.950000000   -0.576800400   -1.076105000
 784   -0.950000000   -0.451427400    0.695994200
 785   14.829880000    1.385068000    0.648287100
 786    4.136528000    0.133623400   -0.193753700
 787   -0.950000000   -1.522465000   -0.369832300
 788   -0.950000000   -1.147456000   -0.446946800
 789    0.977406300    0.003280044   -0.118865000
 790   -0.950000000   -0.389530700    0.866146200
 791   -0.950000000   -0.253737300   -0.173771400
 792    8.206371000    0.850263800    0.701231000
 793   16.940110000    1.517706000   -0.444291200
 794    0.037304610   -0.045317500   -0.236533700
 795    8.132817000    1.123837000    0.797495900
 796   -0.480715400   -0.066744610   -0.330581000
 797   -0.950000000   -1.664529000    1.489516000
 798    7.753184000    0.721727600    0.328155300
 799   -0.950000000   -1.211459000    0.263636300
 800   -0.162700900   -0.385526500   -1.296202000
 801   -0.877881700    0.189382200    0.717437200
 802   18.358090000    1.300434000   -1.102155000
 803   17.743540000    1.302866000   -0.244089000
 804   -0.950000000   -1.768709000   -0.646106300
 805   -0.950000000   -0.697579800   -0.103921300
 806    4.391025000    0.236981200    0.840151700
 807    2.814235000    0.201807800    0.854852100
 808   -0.832766900   -0.118363300    0.315349900
 809   -0.950000000   -0.358500000   -0.312261700
 810    3.674999000    0.102092600    1.131220000
 811   -0.950000000   -0.670244200    0.982899000
 812   13.895390000    0.870857300    0.105436100
 813   13.323500000    0.989959200    0.602503700
 814    9.156790000    0.331391800   -0.829251400
 815    3.026890000    0.303060300    1.750908000
 816   13.950510000    0.943788700   -0.246671300
 817   14.754260000    0.804391600    0.783113500
 818   -0.950000000   -0.405502600    0.970997700
 819   20.932810000    1.690671000    1.489461000
 820   -0.950000000   -1.575539000    1.021980000
 821   -0.950000000   -0.794637700   -0.151262700
 822    7.840047000    0.676857400    0.163438700
 823    1.493237000   -0.264238700    0.779751700
 824   11.720290000    0.839627900   -1.209671000
 825   12.442780000    0.527575600    0.441778700
 826   -0.950000000   -0.320794600    0.978107700
 827   -0.950000000   -1.111812000    1.293049000
 828   -0.950000000   -0.522625900   -1.796109000
 829   15.759960000    1.279816000   -1.854804000
 830   -0.950000000   -1.980732000    0.047407030
 831   -0.950000000   -1.461144000   -0.976751100
 832   -0.950000000    0.184815100    0.563423900
 833   -0.950000000   -0.152778200   -0.024530590
 834   -0.950000000   -0.226185700    0.931198300
 835   -0.950000000   -0.027815810   -1.247166000
 836   -0.950000000    0.097138050    0.073830950
 837    5.530910000    1.033218000    0.899648200
 838   -0.950000000   -0.447120100    1.143172000
 839   -0.950000000   -0.346249400   -0.941659600
 840   -0.950000000   -1.139864000    0.354230700
 841   -0.950000000   -0.106855800    0.739257300
 842   -0.950000000   -1.024098000   -0.667512600
 843    3.920493000    0.287578000   -0.564671900
 844   12.489440000    1.640348000    0.297245600
 845   -0.950000000   -0.214724700    0.802909000
 846   -0.950000000   -1.103919000    1.517622000
 847   -0.950000000   -0.152676500   -0.033431880
 848   -0.950000000   -1.303101000   -0.933346200
 849   -0.950000000   -0.932866600   -0.602738700
 850    4.456682000    1.092692000    0.426417400
 851   -0.631181100    0.287967300    0.705723100
 852   -0.950000000   -1.798514000    0.885243600
 853    5.541686000    0.649102900    0.203038400
 854   -0.950000000   -0.069708500    0.231889200
 855   -0.950000000   -1.396180000   -0.586032100
 856   20.741540000    1.527497000   -0.167005700
 857   -0.950000000   -1.180281000    1.752474000
 858   19.593050000    1.746682000   -0.433604000
 859    7.230333000    0.456353900   -0.099743740
 860    5.530570000    0.196123500   -0.051995530
 861   -0.950000000   -0.688260800   -0.009515753
 862   -0.950000000   -1.349320000    0.151204300
 863   -0.950000000   -0.612289100    0.294508500
 864   12.567710000    1.051841000   -0.336958200
 865    9.182975000    0.732720300   -0.233279700
 866    9.671227000    0.413333600   -0.328556400
 867    7.556477000    0.535479200    0.080455480
 868   11.784020000    0.730137100    1.461372000
 869    3.498904000    0.006444187    0.389738300
 870    8.485429000    0.485689300   -0.934039800
 871    7.626766000    0.489030100   -0.996731900
 872   -0.950000000   -0.559899800   -0.039763070
 873    6.124129000    0.528560900    0.091649880
 874   -0.950000000   -1.033081000   -1.280892000
 875    2.304373000    0.295113100    0.658201700
 876    5.447706000    1.136950000    1.598351000
 877   -0.950000000   -0.583769500    1.279029000
 878   -0.950000000   -0.645612300    1.797901000
 879   -0.950000000   -0.167436300    1.457012000
 880   -0.950000000   -1.766455000    0.490513300
 881    4.741177000    0.264030300   -0.783861000
 882    6.718981000    0.230815000   -0.906693500
 883    2.604081000   -0.088929430   -0.536801800
 884   -0.950000000   -1.043718000   -0.502214900
 885   17.206080000    1.575437000   -0.027561090
 886    7.145615000    0.909720800   -0.710134700
 887   -0.950000000    0.290898200    1.700822000
 888   -0.950000000   -0.664306000    0.301249600
 889   14.890000000    1.425043000    0.506548000
 890    6.697136000    0.280957300   -1.134504000
 891   -0.571096000   -0.556255700   -1.962279000
 892   -0.950000000   -0.275327000    1.949346000
 893   -0.950000000   -1.826540000    0.387351700
 894    9.207077000    0.884908600    0.194355700
 895   10.170080000    0.721959500   -0.266820200
 896   -0.950000000   -0.382962700   -0.106414200
 897   -0.950000000   -1.046527000    0.293662300
 898    5.304477000    0.129782900   -1.614661000
 899    3.334513000    0.190061700   -1.122952000
 900    0.296354800   -0.100945700   -0.063179020
 901   -0.950000000   -0.602800000    0.294782700
 902   -0.950000000   -1.495286000    0.114497100
 903   -0.950000000   -0.821067000   -0.416760800
 904   14.080720000    1.255916000    0.880583300
 905    4.452685000    0.584430600   -0.742137800
 906   -0.950000000   -0.339801900    0.370929400
 907   -0.950000000   -0.239331500   -0.901641900
 908    7.539704000    0.727663600   -0.260421500
 909   10.823940000    1.334491000    0.891329600
 910   -0.950000000   -1.623040000    0.705974200
 911   -0.950000000   -0.340736300   -0.094754650
 912    4.484580000    0.638368200   -0.199470600
 913    6.943887000    0.853234700   -1.090026000
 914   -0.950000000   -0.400188400    0.184972600
 915    7.861560000    1.160960000   -0.893144400
 916   -0.950000000   -1.432026000    0.960434200
 917   -0.950000000   -1.123900000    0.393222100
 918    2.298971000    0.688020700    0.082052650
 919   -0.950000000   -0.748709700   -1.149662000
 920    2.164327000    0.877495300    0.684493800
 921    7.606508000    0.952153500   -0.680313900
 922   -0.950000000   -0.840393700    0.686617400
 923   14.070390000    1.691983000   -0.893584400
 924   -0.950000000   -0.375766100   -0.652092900
 925    5.555419000    0.600899900   -1.709912000
 926   -0.950000000    0.375556900    1.177483000
 927   -0.950000000   -1.967254000   -1.034460000
 928   -0.950000000   -0.161076000   -0.401583800
 929   -0.950000000    0.052755700    0.239397900
 930    0.930877200    0.321365900   -1.036445000
 931   -0.950000000   -0.540686200   -0.943913200
 932   -0.950000000   -0.106031200   -1.560383000
 933   -0.950000000   -0.524174400   -0.352250200
 934    3.198156000    0.177027800   -1.761309000
 935   -0.950000000   -1.200052000   -1.029129000
 936    0.974247500    0.388474700   -0.938037800
 937    3.601537000    0.949707200   -0.787862100
 938   -0.950000000   -0.759629700   -0.334563900
 939   -0.950000000   -1.530534000   -0.204431500
 940   -0.950000000   -1.033821000    0.526807900
 941   -0.950000000   -0.267244600    0.695339300
 942   -0.950000000   -1.038864000   -0.745140300
 943   -0.950000000   -0.448585400    0.638671900
 944   -0.950000000   -0.093320430    1.279514000
 945   -0.950000000   -1.124580000    1.656452000
 946   -0.950000000   -1.638427000    1.265222000
 947    4.211384000    0.578819400   -0.163467200
 948   -0.950000000   -1.448316000    1.273816000
 949    0.087286910    0.039975220   -0.195791400
 950   -0.950000000   -1.044465000   -0.334270700
 951   -0.950000000   -0.689777700   -0.263757000
 952   -0.950000000   -0.143811600   -1.178532000
 953   -0.950000000   -0.023271210   -0.881994000
 954   -0.950000000   -0.835137500    0.193071700
 955   10.527990000    1.506743000   -0.173886100
 956   -0.950000000    0.256275900    0.949687800
 957   -0.950000000   -1.063409000   -0.771844700
 958   12.093560000    1.318138000    0.068616250
 959   -0.950000000    0.008147808   -0.520743600
 960   -0.737828500   -0.106594700   -0.753243900
 961    5.837534000    0.609633300    1.601358000
 962   -0.950000000   -1.243626000   -0.584792500
 963   -0.950000000   -1.081019000    0.112996900
 964   14.103300000    0.993621000    0.617850800
 965   21.609170000    1.988657000    0.289305500
 966   21.296400000    1.750197000   -0.466900300
 967   -0.789877000   -0.450393600   -0.341322600
 968    6.378973000    0.277146200    0.695020300
 969   -0.950000000   -1.637548000    0.649208700
 970    3.760585000    0.106432900    0.848007800
 971    3.247039000    0.456884600    0.539438000
 972    4.039120000    0.679414100    1.388284000
 973    2.079350000   -0.055605470    0.614255700
 974   16.961530000    0.984634300    0.060704400
 975   -0.950000000   -0.690508500    0.335636500
 976   14.736460000    0.972001500    0.641378900
 977   13.978240000    1.250983000    0.275086700
 978    9.453028000    0.881822200    0.029864350
 979    0.368003700   -0.275532500    0.708531600
 980    8.122528000    0.615937100   -0.775570000
 981   13.557600000    0.742782400    1.049793000
 982    1.748277000   -0.423586700   -1.363437000
 983   14.912900000    1.021128000   -0.554106100
 984    5.774786000    0.127153400   -0.167584000
 985   -0.950000000   -0.704785400    0.130716400
 986   -0.950000000   -0.828308000    0.678198500
 987   -0.950000000   -0.763712800    0.350218900
 988   -0.950000000   -0.719506400    1.408435000
 989   -0.950000000   -0.634535100    0.862763200
 990   10.521530000    0.547345200   -0.705358300
 991    4.924659000    1.033391000    0.330255300
 992   -0.950000000   -0.441215500    0.883348500
 993   -0.950000000   -1.539898000   -0.361199000
 994   -0.950000000   -0.975133800   -0.931909800
 995   -0.950000000   -1.480939000    0.096713510
 996   -0.950000000   -0.014808570   -1.045719000
 997   -0.950000000   -1.717473000   -1.468389000
 998    1.250140000    0.402030300    1.756156000
 999   19.216870000    1.813415000   -0.045309980
1000   -0.950000000   -0.741320900   -1.658228000
1001    0.023018100    0.047314530   -1.371163000
1002    4.759673000    0.466721300   -1.068660000
1003    0.098946150    0.238764000    1.105198000
1004    0.758646900    0.098956850   -0.338783000
1005   -0.950000000    0.302223200    1.475696000
1006   -0.950000000   -1.087078000   -1.754741000
1007   -0.950000000   -1.154798000   -1.493410000
1008   -0.950000000    0.113349200   -0.386060400
1009   -0.950000000    0.355115800   -0.127000800
1010   11.350490000    1.537540000    0.801895900
1011   15.146930000    1.424072000   -1.277275000
1012   -0.950000000   -0.342881800   -1.324824000
1013   -0.950000000   -0.471092600   -0.309712200
1014    0.676776900    0.384038400    0.261896200
1015   -0.950000000   -0.022641550    0.723939100
1016   10.171100000    1.874240000    0.978146200
1017   -0.950000000   -0.902437300   -0.264917800
1018    4.871272000    0.609180400   -0.594944400
1019   -0.950000000   -0.619681500    0.774670200
1020    0.317968100    0.295850100   -1.468895000
1021   -0.950000000    0.181388800    0.447940300
1022   -0.950000000    0.197318000    0.578630400
1023   -0.950000000   -0.949576700    0.944664700
1024   -0.950000000   -0.979145400   -0.753949600
1025   -0.950000000   -1.349872000   -0.288806000
1026   -0.950000000   -0.155472800   -1.460154000
1027    5.622572000    0.745201700    0.173264500
1028   -0.455083800    0.143932300    0.088866970
1029   -0.950000000   -1.395188000    0.974414500
1030   -0.950000000   -0.896402800    0.682474000
1031    1.202120000    0.274715400   -0.642775600
1032   -0.950000000   -0.399145800    0.256920200
1033   -0.950000000   -1.613912000    0.699895600
1034   -0.950000000   -0.966813600   -0.464857600
1035   -0.950000000   -0.238749700   -0.436401800
1036   -0.950000000   -0.215576500    0.948670000
1037   -0.950000000   -1.141623000   -0.363757900
1038    0.400578000    0.093907590    0.934314400
1039    6.310271000    0.891467100   -0.359452500
1040    9.421759000    1.328587000    0.023089180
1041    2.267656000   -0.013529740   -1.128231000
1042   -0.950000000   -0.432414600   -1.177318000
1043   11.686870000    1.293884000    1.904227000
1044   -0.950000000   -0.559451600    0.491100700
1045   10.477470000    1.208092000    0.057789510
1046   -0.950000000   -0.394318900   -0.623326900
1047   10.399840000    0.785459300   -0.245882200
1048   -0.950000000   -0.281342000   -0.006758590
1049   11.279990000    1.135715000   -0.785904600
1050   -0.950000000   -0.934126100    0.174081700
1051   -0.950000000   -0.706389200   -1.717625000
1052   11.453160000    1.328010000   -0.469742000
1053   -0.950000000    0.208175400   -0.673026400
1054   -0.950000000   -1.617833000    0.043303830
1055   -0.950000000   -1.288927000   -0.478228700
1056    1.721550000    1.369076000    1.454371000
1057   -0.950000000   -1.434847000   -0.971628200
1058   -0.950000000   -1.069171000    1.427523000
1059   -0.950000000   -0.492120300   -0.819184700
1060   -0.950000000   -1.424588000    0.040386620
1061   -0.950000000   -1.143885000   -0.934206500
1062   -0.950000000   -1.415544000   -1.737276000
1063   -0.950000000   -0.352389800    0.181971900
1064   -0.950000000   -0.445947700    1.190631000
1065   -0.950000000    0.392495000   -0.485657800
1066    8.394833000    0.863720600    1.717364000
1067   -0.950000000   -1.598492000    0.034360450
1068   -0.950000000   -0.705947700    1.445809000
1069    4.975634000    0.275377500   -0.556555300
1070   -0.950000000   -0.721736300    0.226083300
1071   -0.950000000   -1.406465000    0.914277500
1072    6.100892000    0.199238300    1.340816000
1073   -0.302147500   -0.201916300    0.568872800
1074    3.028301000    0.194358400    0.029042810
1075   -0.950000000   -1.350841000   -0.037090990
1076    1.028526000   -0.081244960    1.315339000
1077   -0.950000000   -0.215210000   -0.159727500
1078   -0.950000000   -1.789918000    1.834634000
1079   -0.950000000   -0.994759500    0.685564500
1080   -0.950000000   -0.610596400    0.702089600
1081    8.648510000    0.646925800   -0.018112490
1082   15.511080000    1.681478000   -0.089074150
1083   -0.950000000   -1.059832000   -0.580182100
1084    9.643834000    0.792765700    0.552893500
1085   16.367310000    1.283960000   -0.175384200
1086    0.044104710   -0.346463500   -1.938485000
1087   -0.950000000   -0.587938200    1.312769000
1088    0.969324200   -0.115417800   -1.496456000
1089   -0.096351640   -0.126404800   -0.101514500
1090    2.873651000    0.670732900    1.137310000
1091   16.432820000    1.362700000   -0.735435000
1092    8.406924000    1.276182000    1.212158000
1093   -0.950000000   -0.336546500   -0.108271500
1094   -0.604509200   -0.237119600   -0.567343300
1095   -0.950000000   -1.307329000   -0.609819600
1096    2.306629000    0.386689700   -0.113725700
1097   -0.950000000   -1.155647000   -0.630317500
1098    9.222235000    1.401704000    0.618691300
1099   18.205870000    1.140120000   -1.127463000
1100    0.108954400    0.168169300   -0.099210080
1101   -0.077001640    0.238956800   -0.877551000
1102    2.939198000    0.290446100   -0.565677600
1103    0.327118000    0.111974900   -1.104477000
1104   -0.950000000   -0.562175400   -0.104121500
1105    3.680827000    0.372296000   -0.792322700
1106   -0.950000000   -0.076166270   -0.773711000
1107   -0.950000000   -1.464449000    0.171569300
1108   18.161940000    1.465395000   -0.253468500
1109    5.164615000    0.380009900   -1.508617000
1110   -0.950000000   -1.407814000    0.487702600
1111   -0.950000000   -0.743342800    1.530923000
1112    4.585916000    0.259582200   -0.364648900
1113   -0.950000000   -0.423256200   -0.513251200
1114   -0.950000000   -0.636082800    0.299864600
1115    8.572540000    0.816530200    1.645988000
1116   -0.950000000   -0.331874400    0.503075700
1117    8.953827000    0.720714700   -0.437852300
1118   -0.950000000   -0.353065700    1.204375000
1119   14.627920000    1.303923000    0.994551800
1120    2.175982000    0.019510020   -1.072231000
1121   -0.950000000   -0.605588500    0.419788200
1122   -0.950000000   -0.524771700    0.295706300
1123   -0.466170100   -0.282717200   -0.610392300
1124   -0.950000000   -0.332340400    1.470265000
1125    5.723497000    0.328219200   -1.104296000
1126    6.435406000    0.898008700   -0.665831200
1127   -0.950000000   -0.064767580    0.274387600
1128    4.202180000    0.953737900   -0.672339000
1129    4.893422000    0.936836300    0.060485270
1130   11.612490000    1.345018000   -0.587419500
1131   -0.950000000   -0.279076200   -1.467935000
1132   -0.950000000   -0.738488600   -0.688344200
1133   -0.950000000   -0.295293600   -1.269286000
1134   -0.950000000   -1.337975000    0.548380000
1135   -0.950000000   -0.966284700   -0.884605800
1136   -0.950000000   -0.140004100    0.207790400
1137   -0.950000000   -0.951308200   -1.088077000
1138   -0.950000000   -0.082370150   -0.050388150
1139   -0.950000000   -0.078526190    0.345018700
1140   -0.950000000   -0.622419600    0.266983400
1141   -0.950000000   -1.070868000   -1.056555000
1142   -0.950000000   -0.669400800   -0.546767500
1143   -0.950000000   -0.843724100    0.295265000
1144   -0.950000000   -1.629261000    0.250157800
1145   -0.950000000    0.059655090   -0.620968300
1146    6.745396000    1.006267000    0.091963460
1147    4.542156000    0.625746000   -1.186391000
1148   -0.950000000   -0.440420900   -0.789751700
1149   -0.950000000   -0.118315400   -0.006367391
1150   -0.950000000   -0.900453000   -0.892019300
1151    1.738537000    0.596615100    0.204643800
1152   -0.950000000   -0.624216800   -0.576127900
1153   -0.950000000   -0.315931900    0.997492000
1154   -0.950000000   -0.363540700   -0.053603480
1155   -0.065239650    0.101240700   -0.717851200
1156    1.630760000    0.310625400   -0.942045500
1157    1.876937000    0.168213900   -0.981423900
1158    6.279299000    1.044591000    0.882301700
1159   -0.950000000   -1.657390000   -1.456707000
1160   -0.950000000   -0.077831020    0.329157300
1161   -0.950000000   -0.737569600   -0.950968200
1162   -0.950000000   -0.369531500   -0.506174100
1163    5.502259000    0.517335800   -0.767619800
1164   -0.950000000   -0.878451900   -1.065587000
1165   -0.950000000   -0.823728000   -0.760547700
1166   -0.950000000   -0.588556100   -1.916150000
1167    2.605824000    0.625761800    0.199991900
1168   -0.950000000   -0.992803800    1.564281000
1169    3.607658000    0.430536000   -0.580034300
1170   -0.950000000    0.261821900    1.079461000
1171   -0.950000000   -1.074149000    1.124126000
1172    1.987282000    0.661643200    0.871195200
1173   -0.950000000   -0.501659300   -1.659708000
1174   -0.950000000   -0.294067800   -1.693217000
1175    0.016820790    0.245578800    0.791473300
1176   -0.950000000   -0.438549400   -0.555885100
1177    3.913032000    0.418624800   -0.984167300
1178   -0.950000000   -0.938213600    0.726038300
1179   -0.950000000   -0.551899800   -0.999321000
1180   -0.950000000   -0.385930300   -0.942512500
1181   14.763990000    1.567040000    1.722414000
1182   10.996030000    1.258481000   -0.089762720
1183   14.745580000    1.205552000   -1.160974000
1184    0.560254500    0.332683100   -0.485097700
1185   -0.950000000   -0.127993800   -0.125643900
1186    7.926014000    0.469882000   -1.256753000
1187    7.040115000    1.110605000    1.079785000
1188   -0.950000000   -0.837194100    0.330119700
1189   13.774640000    1.257043000   -0.034853890
1190    5.236017000    0.494741200   -0.270645700
1191    5.519112000    0.641093200    0.534184100
1192   -0.950000000   -1.607397000    0.540986700
1193   -0.950000000   -0.648171300    0.996063700
1194    6.094221000    0.344492800   -1.582673000
1195   -0.950000000   -0.420060800    0.043843360
1196   -0.950000000   -0.429161700    0.599379100
1197   -0.950000000   -1.343396000    0.462412800
1198   -0.950000000   -0.767745800   -0.292467100
1199   15.498300000    1.506061000   -1.504059000
1200    7.392970000    0.634168700   -1.341020000
1201   -0.950000000   -0.151783500    0.236604300
1202    5.629665000    0.614680200   -0.519587300
1203   -0.950000000   -0.935659100    1.407250000
1204   -0.950000000    0.239370600    1.293122000
1205   -0.950000000   -0.476267600    0.868502000
1206   -0.950000000   -0.353730200    1.424952000
1207   19.951660000    1.395943000   -0.720929400
1208   -0.950000000   -0.688606700    0.653242300
1209   -0.950000000   -0.888245800   -0.469335400
1210   -0.950000000   -0.416033500    0.715243800
1211   -0.950000000   -0.704644400   -0.564174800
1212    1.686490000    0.066309700   -1.040215000
1213   -0.950000000   -0.089061990   -0.297990500
1214    6.801583000    0.400792700   -0.972384700
1215   -0.950000000   -0.669417700   -1.450729000
1216   -0.590835500    0.106876600    0.826723600
1217   10.541940000    0.972253300   -0.730167200
1218    8.241738000    0.580361100   -0.190912300
1219   -0.950000000   -0.535535400    0.840267600
1220   -0.399860600   -0.538723800   -1.075708000
1221   -0.950000000   -1.389872000    1.164815000
1222    1.141073000    0.045899220   -0.360473700
1223    5.912051000    1.055704000    0.456477500
1224    4.029616000    0.143098700   -1.634265000
1225   12.036610000    1.130263000   -0.598404100
1226   -0.950000000   -0.747354200   -0.685531700
1227    5.521056000    0.678213800    0.341829800
1228   -0.950000000   -0.734565500   -0.718764000
1229    6.857132000    1.341066000    0.466267900
1230    6.578434000    0.285261800   -1.168846000
1231    7.349969000    0.657279300   -0.757349100
1232   -0.950000000   -0.537663300   -1.047326000
1233   -0.950000000   -0.424088700    0.178884300
1234    0.234423500   -0.250699700   -0.657453700
1235   12.237860000    1.208972000    0.325344600
1236    0.593147900   -0.040285010   -0.468906600
1237   -0.950000000   -1.574312000   -0.290853700
1238   -0.950000000   -0.701581000    0.551986500
1239   13.046490000    1.499708000    0.668885300
1240   -0.950000000    0.216765200    0.981924900
1241    0.236070300   -0.242777600   -0.847490300
1242   -0.691624800    0.087839810    0.542036200
1243   19.956860000    1.618335000   -0.256023000
1244   14.989950000    1.628017000    0.640137100
1245   -0.950000000   -1.465599000    0.611747000
1246   12.225750000    1.155144000   -0.262174500
1247    3.285428000    0.402386900    0.705000300
1248    0.318553600   -0.029472240   -0.331883000
1249   -0.950000000   -0.665145600   -0.679787700
1250   -0.950000000   -1.279655000    0.554492600
1251   -0.950000000   -0.807411400   -0.124030700
1252    0.919020600    0.154855100   -0.587098200
1253   13.431730000    0.928437500   -1.148292000
1254    9.152195000    1.420215000    0.491334600
1255    7.374821000    0.734133900   -0.669570700
1256    3.133403000    0.729892400    0.562372600
1257    8.217336000    0.871673000   -0.528872200
1258   -0.950000000   -0.534765000   -0.854641900
1259   -0.950000000   -0.892436400   -0.236586100
1260   -0.950000000   -0.367480000   -0.724116700
1261   -0.950000000   -0.428814800    1.256939000
1262    0.568743800    0.339419700    1.209439000
1263   -0.950000000   -0.833761200   -1.343798000
1264   -0.950000000   -0.822958800    0.077013000
1265   -0.950000000   -1.258539000   -1.259450000
1266   -0.694538900   -0.179264100   -0.676910000
1267   -0.950000000   -1.409115000    1.263879000
1268   -0.950000000   -0.276544800   -1.046800000
1269   19.099290000    1.624050000   -1.165521000
1270    5.603611000    0.344394200   -0.849941400
1271   -0.950000000   -0.191757400   -0.405375100
1272   -0.950000000   -0.178525500    0.631838100
1273    7.917395000    1.193021000    1.583442000
1274   -0.950000000   -0.370187500    1.002526000
1275   -0.746548600    0.042298640   -0.048654170
1276    4.260139000    0.031702810   -0.993759800
1277    3.064207000   -0.115995100   -0.937210100
1278   -0.950000000   -1.479827000    0.373203300
1279    4.542451000    0.640374100    1.490444000
1280   16.401020000    1.356209000    0.337706600
1281   13.451040000    1.368246000    1.349419000
1282   -0.950000000   -1.091906000   -0.101724000
1283   -0.950000000   -0.654907600    0.696758400
1284   -0.950000000   -0.248294500    0.997647100
1285    2.748463000    0.016221470    1.241252000
1286   -0.950000000   -0.466970600    0.535774400
1287   -0.950000000   -1.204402000    0.037008340
1288    9.089209000    0.485732100   -0.043558650
1289   -0.950000000   -0.236766500    0.648964100
1290   -0.950000000   -0.075142920    1.553585000
1291    1.724670000    0.028552810   -1.162622000
1292   -0.950000000   -0.367111800    1.130296000
1293    8.377584000    0.844602100   -0.911407300
1294   -0.950000000    0.110294900    1.708100000
1295   -0.446756000    0.090371200   -0.537591200
1296   -0.950000000   -0.182729100    0.503092200
1297   -0.950000000   -1.691947000    1.451446000
1298   -0.176156900   -0.008776695   -1.742896000
1299   -0.309976100   -0.075051950    0.048016930
1300    0.334407000   -0.195688500   -1.559746000
1301   -0.950000000   -0.587517300    0.206426500
1302    4.728998000    0.834338400    0.302500400
1303    5.970083000    1.101633000    1.147519000
1304    4.951822000    0.509099800   -0.536173000
1305   -0.950000000   -0.453723800   -0.650176900
1306   -0.666762700   -0.123389000   -0.961512200
1307   -0.461757900   -0.071852540    0.063934260
1308    9.655721000    0.734514900   -0.874020700
1309    4.545703000    0.703801700    0.971202400
1310   12.544630000    1.180552000   -0.264394300
1311    1.210577000    0.166015800    0.526079200
1312    1.666094000    0.119114800   -0.824141000
1313    0.041665780   -0.018530210    0.729392100
1314   -0.950000000   -0.820007700    1.326991000
1315   -0.950000000   -1.300783000   -0.373605200
1316   -0.950000000   -1.638568000   -0.879143100
1317    1.494986000    0.742375800    1.790890000
1318    7.892892000    0.588517400   -0.385900100
1319   -0.950000000   -0.753525900    1.678031000
1320   -0.950000000   -0.627011600   -1.593037000
1321   11.831920000    0.764266900   -0.973128900
1322   -0.950000000   -1.364716000    0.545342900
1323   11.963180000    0.851264300    0.240424200
1324   -0.950000000   -0.948306300   -0.155049300
1325   -0.950000000   -0.434307900   -0.154558900
1326   -0.950000000   -0.631733400    0.310727300
1327   17.499220000    1.243783000   -0.469926700
1328   12.137230000    1.517181000    1.774367000
1329   11.100730000    0.568362800   -0.738439500
1330    1.115611000   -0.049445720   -0.013428420
1331    4.085956000    0.407342000    0.344903000
1332   -0.950000000   -0.601843500    0.634754700
1333   15.635020000    1.120611000    0.247123700
1334    0.520410300   -0.473962400   -1.186685000
1335    4.740887000    0.287429200   -0.016254080
1336    1.320336000    0.144489300    0.178846600
1337   -0.950000000   -1.251204000    0.507877300
1338    7.589683000    0.558207200    0.668940500
1339   -0.950000000   -1.585950000   -0.745589500
1340   -0.688247700    0.122485000    0.600602700
1341   -0.950000000   -0.417690200   -0.982917700
1342   -0.950000000   -0.075373690    1.696955000
1343    8.932518000    0.736712600   -0.369364200
1344    2.828140000    0.311176500   -0.239760000
1345   -0.950000000   -0.377627200   -0.387939100
1346    0.380788100    0.215651200    0.133233700
1347   -0.950000000   -1.742590000    1.201245000
1348    1.642419000    0.381273800    0.514933700
1349   -0.713788400   -0.168711100   -1.389225000
1350   -0.950000000   -0.851535200    0.495775500
1351    6.152271000    0.798634900    0.971507200
1352   -0.950000000   -0.678638600   -0.873262200
1353    3.688039000    0.703686600    0.270934000
1354    1.430954000    0.124897300   -0.497508600
1355    1.273000000    0.090892010   -1.686940000
1356   -0.950000000   -1.098252000   -1.694356000
1357    2.960686000    0.361646900   -1.415744000
1358   -0.950000000   -0.214819000    0.341133900
1359   -0.950000000   -1.193582000   -1.261953000
1360    5.666776000    0.822301100   -0.903241700
1361   -0.950000000   -0.362336700    1.882817000
1362   -0.950000000   -0.044117540   -0.016818650
1363    2.109456000    0.587943600    0.369691500
1364   -0.950000000   -0.619052300    0.902844500
1365   -0.950000000   -0.424082400    1.251138000
1366    0.083176110    0.023630760    1.322086000
1367   -0.950000000   -1.176484000    0.287133400
1368    3.180108000    0.095200810    1.313318000
1369    8.945153000    0.879005700   -0.277041900
1370   -0.950000000   -1.017743000   -0.518997600
1371   -0.950000000   -1.164802000   -0.599968100
1372   -0.872514700    0.030939600    1.268258000
1373    2.725005000    0.218999500   -0.099155180
1374   -0.648216500    0.522349800    1.507273000
1375   -0.950000000   -1.480974000   -0.629908100
1376   -0.950000000    0.154068000    1.215539000
1377   -0.950000000   -0.348735100   -0.760220300
1378   -0.950000000   -0.461228400    1.562880000
1379   -0.950000000   -0.230351000   -0.529205600
1380   -0.950000000   -0.395440600   -0.200709900
1381   -0.640700700    0.622711000    1.696191000
1382    0.033043080   -0.175166500   -0.639068000
1383   -0.950000000   -0.071624770    1.290417000
1384   -0.814150500   -0.113168200   -1.201269000
1385   -0.950000000   -0.936197200    1.301771000
1386   -0.950000000   -0.215293300   -0.564775200
1387   -0.950000000   -1.898043000    0.634582100
1388    0.946732100    0.201597900   -0.167481300
1389   13.616540000    1.960048000   -0.165384800
1390   -0.950000000   -0.373119600   -0.928152500
1391    5.565138000    0.405777500   -0.725428300
1392   -0.950000000   -0.971874300   -0.900039200
1393   -0.950000000   -0.318609200   -0.313149200
1394    5.594619000    0.787494100   -0.356184700
1395   -0.950000000   -0.970642300    0.533717500
1396    3.376063000    0.229545300    0.554803000
1397   -0.950000000   -0.901215900    1.767583000
1398   -0.950000000   -0.820578200    0.418561300
1399   -0.950000000   -1.491125000   -1.105857000
1400   12.799140000    1.150713000    1.185746000
1401    2.448168000   -0.028711420   -0.077369070
1402    1.401684000    0.077559480    0.039766890
1403   17.492800000    1.121339000   -1.679876000
1404    9.688413000    0.942905400    1.279516000
1405   16.154620000    1.827381000    0.080705150
1406    4.330663000    0.099254820   -0.550665500
1407    6.324897000    0.461903500    1.132381000
1408   -0.950000000   -0.148843100    1.013354000
1409   -0.950000000   -0.583838100    0.549287300
1410   -0.950000000   -0.293602300    0.275843700
1411   -0.950000000   -0.280123300    0.158426100
1412    5.913461000    1.101583000   -1.525312000
1413   -0.950000000   -1.846484000   -0.837381800
1414    2.529774000    0.611222900   -0.068059230
1415   -0.950000000   -1.546997000   -0.261167800
1416   -0.950000000    0.278634400    0.553653100
1417   -0.950000000    0.327535800   -1.598804000
1418   -0.950000000   -0.675333900   -1.674688000
1419   -0.950000000    0.169474700   -0.456222700
1420   -0.950000000    0.616780600   -0.038830390
1421   -0.950000000   -0.762525100    0.324674500
1422   -0.950000000    0.389004400    1.318728000
1423   -0.950000000   -0.741409800    0.189132200
1424   -0.950000000   -0.737294800   -1.766768000
1425   -0.950000000   -0.624325500   -1.100156000
1426   -0.950000000   -0.963634100    0.586498800
1427   12.426280000    0.923301200   -0.025822620
1428    2.155286000   -0.116127700   -1.542820000
1429   11.323430000    0.904773000   -0.199469900
1430    6.732130000    0.496042600    1.107826000
1431   21.669620000    1.495442000   -0.148914100
1432    1.005537000   -0.032188330   -0.099663850
1433   11.229370000    0.815007500   -0.962321100
1434   -0.950000000   -1.202657000   -0.093241970
1435   17.779910000    1.758906000    0.050330940
1436    4.087974000    0.292254100   -0.497174100
1437    4.182092000    0.028728280   -1.007006000
1438   12.366610000    0.703047400   -0.632467800
1439   -0.950000000   -0.236906600    0.913193400
1440    3.623360000    0.064978460   -0.632805500
1441   -0.950000000   -0.657653200    1.708285000
1442   -0.950000000   -0.725981500    1.461130000
1443   -0.868306100   -0.040058080    0.396098400
1444   -0.950000000   -0.600217300   -0.161153300
1445   19.203170000    1.649332000   -0.931822200
1446   -0.950000000   -0.701712300   -0.536147600
1447    6.442363000    0.366458600   -1.465642000
1448    8.118153000    0.399029000   -1.366406000
1449    2.661079000    0.329566700    0.752473800
1450   -0.950000000   -1.579529000   -1.530371000
1451    4.530527000    1.282675000    1.336517000
1452   11.003690000    1.251688000    1.026077000
1453   -0.144238600   -0.376911400   -1.473699000
1454   -0.950000000   -1.195239000    1.266974000
1455    4.845607000    0.253850700   -0.383115600
1456   -0.950000000   -0.306620400    1.070291000
1457   -0.950000000   -0.453872100    0.086417780
1458    6.989849000    1.052226000    0.453676900
1459    8.307902000    0.990771100   -0.322778100
1460   14.405690000    1.261760000   -0.734494500
1461   -0.950000000   -0.195142900   -0.115436100
1462   12.452480000    1.069531000   -0.492988700
1463   -0.950000000   -0.638611500    0.361311400
1464   -0.950000000   -0.383402000   -0.937941100
1465   -0.950000000    0.014028340    0.140488900
1466   -0.950000000   -1.225586000   -0.983537100
1467   12.313770000    1.355006000    0.258805300
1468    5.198085000    0.755616500    0.381325700
1469   -0.950000000   -0.471409900   -0.184854600
1470   -0.950000000   -0.686800600    0.162541600
1471   13.477780000    1.275604000   -0.839287800
1472   11.254610000    0.932709700   -0.168412300
1473    5.621530000    0.686001300    0.439890900
1474   -0.950000000   -1.024926000    0.339110800
1475   -0.950000000   -0.710426400   -0.140501100
1476   -0.950000000   -0.288935500    0.122945900
1477    8.802030000    1.134966000    0.539582200
1478   -0.950000000   -0.995620900   -0.765062600
1479   12.225020000    1.236323000    0.065682880
1480   -0.950000000   -1.042968000    0.820283200
1481    7.521620000    0.539165200   -0.236960100
1482   10.685240000    0.715429400   -1.119104000
1483    5.138444000    0.389163200   -0.261727600
1484   17.483020000    1.622833000   -0.604301900
1485    2.412430000   -0.082906580    0.681472300
1486    5.939467000    0.387799400   -1.504355000
1487   -0.950000000   -0.865218900    0.667408200
1488    3.552274000    0.076420290   -0.754204500
1489   -0.950000000    0.050949510    1.102044000
1490    2.035978000    0.263708400    0.408468400
1491   15.600700000    1.456778000   -0.272476900
1492   15.235920000    1.146103000   -0.298195700
1493   -0.950000000   -1.057065000   -0.253018200
1494    0.561346100    0.036874540    0.555127900
1495    6.475445000    0.761333500   -0.517268300
1496   14.831620000    1.245889000   -0.391900700
1497    1.654061000    0.079525760   -0.552422100
1498   -0.950000000   -1.435895000    1.339875000
1499   -0.950000000   -0.886888400    1.018862000
1500   -0.473146200   -0.228330200   -0.231784700
