*y  x1  x2
   1    6.900274000    0.725490500   -0.850969600
   2   -0.950000000   -0.826599500    1.224725000
   3    2.682166000    0.204471200    0.935938000
   4   -0.950000000   -1.213641000    0.515341300
   5   -0.950000000   -0.987682700    0.498282000
   6    4.349638000    0.034450220   -1.658138000
   7   -0.950000000   -1.146556000    0.592104300
   8   -0.950000000   -0.705577900   -0.224182000
   9    3.287673000    0.329311000   -0.359034300
  10   -0.950000000   -1.965040000    0.777183200
  11   -0.950000000   -0.261094200    0.933641000
  12    0.575901800    0.369861800    0.256573100
  13   -0.950000000   -0.921483700    1.157606000
  14   -0.950000000   -0.037582860    0.526036000
  15   16.397900000    1.494080000   -0.323971400
  16   -0.950000000   -0.393828100    0.111049500
  17   -0.950000000   -0.525680700    1.202332000
  18   -0.950000000   -0.380592200    0.717496100
  19    9.000938000    0.592857400   -0.804965800
  20    8.282089000    0.477820900    0.277343500
  21   -0.950000000   -0.625918200   -0.294389200
  22    0.549470500    0.445206500    1.273863000
  23    9.366603000    0.624381500   -0.993814800
  24   -0.950000000   -1.243443000    1.249807000
  25    5.057135000    0.389725200   -0.980226100
  26    0.183825000   -0.039689680   -0.258884000
  27    6.874731000    0.451765700    1.651072000
  28    0.317755800   -0.087343450    0.377545000
  29    8.599310000    0.949258200    0.243934000
  30   -0.950000000   -1.063601000   -0.389803200
  31   -0.950000000   -0.442679100   -0.043879080
  32   18.751430000    1.128613000   -1.862664000
  33   -0.216346300   -0.260997500    0.749236600
  34    3.779066000    0.450381500    0.493608000
  35    2.327522000    0.674893200    1.795306000
  36   -0.950000000   -0.454327800    1.385179000
  37   -0.950000000   -0.983596800    0.325447400
  38    5.841207000    0.040853210   -0.372159300
  39   21.040660000    1.534051000   -0.171031200
  40   -0.950000000   -1.240566000   -0.462029100
  41    6.876738000    0.523920900    0.620432300
  42    7.229880000    0.601216400    1.020792000
  43    3.008748000    0.029457200   -0.483058400
  44   14.120420000    0.823102400   -0.977473900
  45    8.801880000    0.297022900   -1.974721000
  46    7.773250000    1.040516000    1.897456000
  47    9.333115000    0.571486700   -0.984042800
  48   -0.950000000   -0.961784200   -1.676003000
  49   -0.950000000   -0.312128100    0.641403000
  50    2.835098000    0.309879800   -0.559355900
  51    0.894805800    0.168087500   -0.480330200
  52   -0.069726680    0.096794970   -0.468108500
  53    0.083177400   -0.034640880   -0.860158200
  54   -0.950000000   -0.019418950    0.406303200
  55    3.221910000    0.320476100   -0.271878700
  56   -0.950000000   -0.618720400    0.045003490
  57   11.277450000    1.639020000    1.290094000
  58    4.174124000    0.926688500   -1.088973000
  59   -0.950000000   -1.036363000   -0.359643800
  60    6.978332000    0.906724000   -1.283347000
  61    6.358813000    0.850711300    0.091813970
  62   -0.950000000   -1.868784000   -0.294253000
  63    5.682782000    0.828544300    0.848163600
  64    1.883475000    0.490480800   -0.116812000
  65    4.857887000    0.850941600    0.309629600
  66    4.691313000    0.674950100   -0.821573300
  67   -0.950000000   -0.321793200    0.420503600
  68   -0.512839900    0.114281400    0.347085400
  69   -0.950000000   -0.177023900   -1.396904000
  70   -0.950000000   -0.464189900   -0.574393700
  71   -0.950000000   -0.181956200    0.379387700
  72   -0.950000000   -0.250296600   -0.600778300
  73    3.263761000    0.473763100   -0.523546600
  74   -0.950000000   -0.812659100    0.285514700
  75   -0.950000000   -0.133322100    0.616207200
  76   10.434890000    0.802414700   -0.401066000
  77   10.627940000    0.692465800   -0.338262900
  78   12.677960000    1.070476000   -0.388205600
  79   -0.950000000   -0.560651000   -0.594850400
  80   -0.950000000   -1.007123000    0.250458500
  81   -0.950000000   -0.758130800    0.037752520
  82   -0.950000000   -0.264382500    0.067055450
  83    8.798723000    0.925696800    0.487450200
  84   14.538480000    1.227048000   -0.113868700
  85    9.142521000    0.582712300   -1.231162000
  86   -0.325855800   -0.411847300   -0.465249100
  87   -0.081182520   -0.283765500    0.790915200
  88    4.780335000    0.476759900    0.211685100
  89   10.107710000    1.058622000   -0.276333400
  90    2.337188000    0.753542600    0.620788300
  91   -0.382442700   -0.542728800   -1.034165000
  92    8.116248000    0.499703400    0.730251200
  93   21.023020000    1.792960000   -0.123829500
  94    5.839402000    0.609481600   -0.082510900
  95    9.333781000    0.857985800    0.306725700
  96    0.275543400    0.198580900    0.649866400
  97    9.525488000    0.453213900   -0.930389900
  98    1.594388000   -0.109456100   -0.231143100
  99   13.874730000    0.909138900    1.126653000
 100    1.036530000    0.063725950    0.326038400
 101   -0.950000000   -1.425579000   -0.624949800
 102    1.722525000    0.488700400    0.996539400
 103    9.600720000    0.805159000    1.349060000
 104   -0.950000000   -1.140966000   -0.926031600
 105    9.890197000    0.425916000   -1.093346000
 106   -0.950000000    0.029559950   -0.744118700
 107   -0.950000000   -0.783565900    1.996959000
 108   -0.950000000   -0.537274400    0.664802300
 109   -0.950000000   -1.097210000   -0.544955500
 110   -0.950000000   -0.961948500   -0.770762300
 111    8.340923000    1.247569000    1.055402000
 112   -0.950000000    0.126028000    0.058609970
 113   -0.950000000   -1.090045000   -0.004830675
 114   -0.950000000   -0.308220300   -0.381889900
 115   -0.950000000    0.125209000   -0.513790300
 116    3.435655000    0.984376400    0.934396300
 117   -0.950000000   -1.262395000   -0.296255200
 118   -0.950000000    0.187761900    1.626397000
 119   -0.950000000   -1.230022000   -1.807239000
 120   -0.950000000    0.225715800   -1.994445000
 121   -0.950000000   -0.724817700    0.644622900
 122    3.789614000    0.030309700    1.146689000
 123   -0.950000000   -0.926179000   -1.354926000
 124   20.576040000    1.618950000   -0.388710200
 125   -0.794145500   -0.543215400   -1.059220000
 126   -0.950000000   -0.866049800    0.930950700
 127   12.288110000    0.921590400   -0.276274600
 128   -0.950000000   -0.089940240    0.983008100
 129    4.648995000   -0.023847520   -1.259354000
 130   -0.950000000   -0.580318100    0.211600200
 131    1.280497000    0.087215380    0.350043100
 132   -0.950000000   -0.426685200    1.182479000
 133   21.881170000    1.977022000   -0.576380400
 134    9.263752000    1.080107000    0.156618000
 135    6.890914000    0.431423200   -0.262387800
 136   -0.950000000   -1.076356000   -0.179942000
 137    2.313009000    0.584927800   -0.204422000
 138    5.657577000    1.023129000    0.289819000
 139   -0.950000000    0.152428000    1.579226000
 140   -0.950000000   -0.192383900    0.308184300
 141   -0.950000000   -1.550243000   -0.702686400
 142   -0.763188300    0.150889800   -1.289155000
 143   -0.950000000   -0.466465300   -0.509487100
 144   -0.130880700    0.093991450   -0.460997000
 145   -0.950000000   -1.554340000    0.591309800
 146   -0.950000000   -1.622053000   -0.019819370
 147    2.131080000    0.388332200   -0.293250500
 148   -0.950000000   -0.850236300    0.444592600
 149   -0.950000000   -1.933672000    1.545933000
 150   -0.950000000   -0.559609800    0.281236700
 151   -0.616277200   -0.556642300   -0.296424600
 152   -0.950000000   -1.476880000    1.640148000
 153    3.030293000    0.155100100    0.228914000
 154   20.791000000    1.364510000   -0.043969360
 155    3.358904000    0.068106280    0.229504500
 156    7.917020000    0.390952300   -0.828733100
 157   15.695440000    0.964545800   -1.546227000
 158    6.656729000    1.081185000    1.445689000
 159    3.679730000    0.444816700    0.886958500
 160    6.769537000    0.490499300   -0.040211380
 161   14.926720000    1.423522000    0.391041400
 162   -0.950000000   -1.572365000   -0.526570800
 163   11.275790000    0.708338200   -0.462505900
 164   12.077040000    0.653999300   -0.518201500
 165    6.788440000    0.224496800   -0.104334900
 166   -0.950000000    0.269190600   -0.841479300
 167   -0.950000000   -0.881482100   -1.284286000
 168   -0.950000000   -0.057189570   -0.865985500
 169   -0.950000000   -1.232934000   -1.724207000
 170   -0.950000000    0.075633160    0.244398300
 171   -0.950000000   -0.958179200   -1.599046000
 172   -0.950000000   -1.627912000   -0.388334600
 173   -0.412646500    0.413628500   -0.485782200
 174   -0.950000000    0.012482820   -0.181071100
 175   -0.950000000    0.097366140   -1.178822000
 176   -0.950000000   -0.757819000   -1.153347000
 177   13.924920000    1.577794000   -1.011690000
 178   -0.950000000    0.539290400    1.206993000
 179   -0.950000000    0.174566100    0.219004500
 180   -0.950000000    0.800641000    0.857346300
 181   -0.950000000   -0.871841700   -1.318033000
 182    9.944526000    1.255400000   -0.463653700
 183   -0.950000000   -0.651321400   -1.196429000
 184   11.440030000    1.210618000    0.245566600
 185   -0.950000000   -0.057803340    0.624705100
 186   -0.950000000   -1.079595000   -0.216224600
 187   -0.950000000   -0.670572500   -0.705578300
 188    3.977432000    1.123907000    1.487370000
 189   -0.950000000   -0.913096900   -0.294019300
 190   -0.950000000    0.089971190    0.509647000
 191   -0.950000000   -0.024881360   -1.145468000
 192    3.303733000    0.468071500   -0.005739357
 193   -0.950000000   -0.010652440   -0.072307950
 194    0.555786600    0.127528200   -0.665586100
 195   -0.950000000   -0.444091700    0.130295900
 196   -0.950000000   -0.450985800   -0.163680900
 197    4.450419000    0.034164150   -0.658521300
 198    4.876450000    0.217608600    1.070316000
 199    6.939490000    0.533384500    1.171369000
 200   13.253750000    0.999515700    0.647268400
 201    4.389149000    0.079387050    0.453362600
 202   -0.950000000   -1.827454000   -0.295182900
 203   -0.950000000   -0.982354400    0.655333600
 204   -0.950000000   -0.514039700    0.394067600
 205   12.397030000    1.727915000    1.480771000
 206   26.552500000    1.921179000    0.609167400
 207    6.339236000    0.082520850   -0.438981200
 208   -0.950000000   -0.748851500   -0.386867800
 209   15.030900000    1.242510000    1.076035000
 210   -0.950000000   -0.644254300    0.192072900
 211   -0.950000000   -1.779398000    1.209895000
 212   12.152340000    1.271587000    0.255109200
 213    7.570829000    1.678454000    1.588358000
 214    0.569460300   -0.252325400    0.584673900
 215   10.220080000    0.895474300    0.322570100
 216    1.343600000    0.023159030    0.208055200
 217    8.848414000    0.642657200   -0.979025000
 218    2.409177000    0.416704000    0.521644700
 219   -0.950000000   -0.160150900    1.628196000
 220   14.268710000    1.200109000    0.565422700
 221    2.591936000   -0.229732300   -1.655923000
 222   -0.950000000   -0.824739500    0.088074650
 223   16.979050000    1.199231000   -0.345175000
 224   -0.950000000   -0.524282400   -0.592928000
 225   -0.950000000   -1.121283000   -0.581218100
 226    1.448565000   -0.208299500   -1.252066000
 227   -0.950000000   -1.912489000    1.568757000
 228   -0.950000000   -1.044351000   -1.489804000
 229   14.721160000    0.976813600   -0.018572960
 230   11.230640000    1.316125000   -1.086113000
 231   -0.950000000   -0.899578600    1.783872000
 232   -0.950000000   -1.004268000   -0.173933600
 233    3.904057000    0.230116000   -0.206622900
 234    8.844115000    0.571354000   -1.107545000
 235    7.892506000    0.309840200   -1.240979000
 236    5.724694000    0.388265700   -0.002244004
 237    8.927235000    0.692985800    0.512497500
 238    6.391347000    0.826769600    0.005317350
 239   17.321900000    1.818229000   -0.638152400
 240   20.646420000    1.389814000    0.836084600
 241   -0.950000000   -1.332727000    1.013405000
 242   -0.950000000   -0.221395100   -0.245630200
 243    3.931166000    0.572506400    0.885625800
 244    4.416708000    0.315466400   -1.028869000
 245   -0.950000000   -0.161324500   -1.214599000
 246    9.770172000    1.222172000    1.091420000
 247   -0.950000000   -0.477849500   -0.198377700
 248   -0.950000000   -0.065216600    0.133373300
 249   -0.950000000   -1.261278000    1.509738000
 250   -0.950000000   -0.464638500   -0.851020000
 251    2.754463000    0.363128200    0.813747100
 252   -0.950000000   -1.335435000   -1.347497000
 253   -0.950000000   -0.292493000   -0.304960400
 254   -0.950000000   -0.173001400   -0.657972300
 255   -0.950000000   -0.168157000    1.893147000
 256   -0.950000000   -1.313503000   -0.196358700
 257    6.176553000    0.571229200   -0.065826710
 258   -0.950000000   -0.257864700    0.482825200
 259   -0.950000000   -0.250271500    0.305153300
 260   -0.950000000   -0.213759600   -0.177942800
 261    3.591398000    0.365687400   -1.229594000
 262    3.479572000    0.442404600    0.243971000
 263   -0.950000000   -0.454394300    0.737692100
 264   13.122820000    1.399999000   -0.638883700
 265   -0.950000000   -1.701216000    0.291026800
 266   16.639430000    1.300881000   -1.566950000
 267    1.900329000    0.095050800   -0.421324100
 268   -0.950000000   -1.078077000   -1.318612000
 269   -0.950000000   -0.392316000    0.612254800
 270    6.790250000    0.452251700    1.339065000
 271   -0.950000000   -0.208375500   -1.408403000
 272   -0.950000000   -0.413961500    1.094747000
 273   -0.950000000   -0.136925900   -0.412341500
 274   -0.950000000   -0.221260400   -0.279318600
 275   14.023370000    1.438767000   -0.882673200
 276    3.434811000    0.451188600   -0.856799000
 277    6.356613000    0.643408600    1.065417000
 278   -0.950000000   -0.112601200    0.157834000
 279    0.375319900    0.219484400   -0.083537370
 280   -0.950000000   -0.774345000   -0.688947000
 281   -0.587461900    0.124106200   -0.414648700
 282   -0.950000000   -1.435610000   -0.063834320
 283    9.823059000    1.035466000   -0.411928100
 284   14.906660000    1.992025000   -0.838958600
 285   -0.950000000   -0.105382700   -0.718628100
 286   -0.950000000   -0.705099500   -1.437272000
 287   -0.950000000   -0.393365300    0.379711900
 288   -0.950000000   -1.085554000    1.449836000
 289   -0.950000000   -1.228824000    0.543787900
 290   -0.950000000   -1.307794000   -0.245099700
 291   -0.214254100    0.605782300    0.725602500
 292   -0.950000000   -0.348610300   -0.384898600
 293    4.886184000    0.767790800    0.981867800
 294   -0.950000000   -0.755563300    0.320866500
 295   -0.950000000   -1.640802000   -1.300426000
 296   -0.950000000   -0.077454220    0.500261200
 297   -0.360305900    0.050915900   -0.691376200
 298   -0.950000000   -0.953352800   -1.689559000
 299    2.450580000    0.634741000    1.162677000
 300   -0.950000000   -0.133639000    0.646479400
 301   15.388640000    0.750332000   -0.567142300
 302   16.227500000    1.672422000    0.568805800
 303    3.727519000    0.023460240   -0.678291100
 304   -0.950000000   -0.545325300    1.451185000
 305    8.607019000    0.514301100   -0.170027000
 306    9.498818000    1.307325000    1.607925000
 307   10.457380000    0.703634400   -0.644888500
 308   -0.950000000   -0.041353980    1.944588000
 309   -0.950000000   -0.943852900   -0.291450300
 310    5.190629000   -0.069235000   -1.093586000
 311   -0.950000000   -1.566408000    0.167928100
 312   -0.950000000   -1.059998000   -1.277290000
 313    6.981368000    1.072041000    0.919958500
 314    6.223972000    0.119298200   -0.435907400
 315   -0.950000000   -0.859754500   -0.347678200
 316    5.032738000    0.553894900    0.010884380
 317   -0.950000000   -0.632100000    0.310821200
 318    4.554085000    0.481760000   -0.134958600
 319   10.914790000    1.329934000   -0.556426200
 320   -0.950000000   -0.310901500    0.054311970
 321    5.169306000    0.454404800    0.301291100
 322   -0.950000000   -0.628857600    0.826124200
 323   -0.950000000   -0.479741400    0.340798300
 324    7.535017000    0.580802200   -1.375861000
 325    8.364535000    0.674114000   -0.526433800
 326    3.418851000   -0.030057780   -1.506698000
 327   -0.950000000   -1.202760000    1.713593000
 328   -0.950000000   -1.135164000    0.798262200
 329   -0.950000000   -0.152525200   -0.656972900
 330    4.467219000    0.305451800   -0.440553600
 331   -0.950000000    0.085094930   -0.259328500
 332    3.525155000    0.275203200   -0.081377640
 333   -0.950000000    0.030111500    0.390919500
 334   -0.950000000   -1.330669000    0.326685000
 335   -0.950000000    0.060375160    1.073898000
 336   -0.950000000   -0.920935100   -1.408639000
 337   -0.950000000   -0.603069500   -0.456505100
 338   -0.950000000   -0.152591200   -0.891342300
 339    8.452586000    0.709800800   -1.019095000
 340    3.334352000    0.487964900    0.566992800
 341    1.163324000    0.181301800   -0.441512200
 342   14.422690000    1.302556000   -0.808773500
 343   -0.950000000    0.058045350    0.962465600
 344    0.351379000    0.198429000    0.021949510
 345   -0.950000000   -0.852403900    0.229325300
 346   -0.950000000   -0.315870000    1.537524000
 347   -0.950000000   -0.766729200    1.049550000
 348   -0.950000000   -1.185650000    0.195602100
 349   -0.950000000   -0.580079600    0.811322500
 350    6.316564000    0.382502600   -0.017781850
 351   11.273630000    0.703556500    0.520582500
 352   20.077630000    1.494691000   -0.468345000
 353   19.332520000    1.072292000   -0.369773700
 354   -0.310647700   -0.287256700    0.264453500
 355   -0.950000000   -0.779157600   -1.130280000
 356   -0.950000000   -0.811276100   -0.796579800
 357    3.270254000    0.200898400    0.204010800
 358   15.942260000    1.037062000    1.228355000
 359    3.050768000    0.337909800    0.784566800
 360    1.591554000    0.142147200    1.948184000
 361   -0.950000000   -0.068551690   -0.891839400
 362    5.802939000    0.818969000   -0.474559200
 363   -0.950000000   -0.199814500    0.539739600
 364    0.054085980   -0.045781320    1.119988000
 365   -0.950000000   -0.627498500   -1.367732000
 366    8.184939000    0.949918400   -0.374090900
 367   -0.950000000   -0.747192200    1.289169000
 368   -0.950000000   -1.223694000   -1.845130000
 369   -0.950000000    0.162083900    1.576781000
 370   -0.950000000   -0.503538300   -0.285198600
 371    4.431050000    1.053749000    0.159509500
 372    7.465138000    0.987226500   -0.325635200
 373    0.156240900    0.265921900   -0.477997300
 374   -0.950000000   -1.593085000   -0.402783600
 375   -0.950000000   -0.610913800   -1.084601000
 376    3.966717000    0.377924100   -0.794889000
 377    3.428709000    0.616925700    0.326077800
 378   -0.950000000   -1.096495000   -0.396265300
 379   -0.950000000   -0.102500100    0.838494800
 380   -0.926467500   -0.006943671    0.230344800
 381   -0.950000000   -0.272828000    0.705141500
 382   -0.950000000   -0.705661100   -0.007143411
 383    6.124278000    0.906670600   -0.126706600
 384    4.567029000    0.498999400    0.265363800
 385    7.277158000    0.568409900   -0.764024500
 386   -0.950000000   -0.395447700    0.382298600
 387   -0.950000000   -1.872515000    0.839575900
 388   -0.950000000   -1.134419000   -0.373987900
 389   -0.950000000   -1.085850000    0.153449100
 390   -0.950000000   -0.883163400   -0.750350900
 391   -0.950000000   -0.421418800    0.473849400
 392   -0.950000000   -0.006502047   -0.078848550
 393   -0.950000000   -0.855697400   -0.604053700
 394   -0.950000000   -0.603972900    1.381051000
 395   -0.950000000   -0.788010700   -0.237750700
 396    6.476997000    0.833633800    0.596771000
 397   -0.950000000   -1.369978000    0.777401200
 398   -0.950000000   -0.643581400   -0.825422000
 399   -0.950000000   -0.100234800    0.341752500
 400   -0.950000000   -0.022131080    0.870693800
 401   -0.950000000   -0.737914700    0.117534000
 402    0.536740300    0.190452600    0.192369300
 403    0.152124200    0.334606700   -0.065223030
 404    8.276205000    0.895390600   -0.715341600
 405   -0.950000000   -1.479774000   -1.750372000
 406    9.501286000    0.970942600   -0.642591400
 407    2.750835000   -0.023480250   -1.007601000
 408   -0.950000000   -0.570559600   -0.103833300
 409   -0.950000000   -0.126266500   -0.897804500
 410   -0.950000000   -0.445229800    0.731333900
 411   -0.950000000   -0.355724300    0.438607500
 412    9.063601000    0.809184200    1.429562000
 413   -0.950000000   -0.904518000    0.455338600
 414    1.306201000    0.166869200   -0.320432100
 415   -0.950000000   -1.511233000    0.108984100
 416   -0.950000000   -0.615382000    0.785975000
 417   -0.950000000   -0.403028700    0.004495171
 418   -0.950000000   -0.383592400   -0.659576800
 419    3.900532000    0.640458000    0.213326400
 420   -0.950000000   -1.712734000    1.947430000
 421   -0.369306700    0.126883500   -0.586888000
 422   -0.950000000    0.056351760    1.152619000
 423   -0.950000000   -0.197637600   -0.892147300
 424   -0.950000000   -0.084538560   -0.598137100
 425   -0.950000000   -1.458704000   -0.423884100
 426   -0.950000000   -0.582327200    0.920179200
 427    8.448161000    0.776537000   -0.670693500
 428    7.176677000    0.610799100    1.658505000
 429   -0.950000000   -0.035006360   -1.112587000
 430   -0.950000000   -0.764873000    0.248159700
 431   -0.950000000   -0.551795300   -0.095547610
 432   -0.950000000   -0.398761900    1.290724000
 433   -0.950000000   -1.082406000    0.283316300
 434   -0.950000000   -1.341636000   -0.510863000
 435   -0.950000000   -0.855177000   -1.601509000
 436   -0.950000000   -0.726673500    0.265589600
 437   -0.950000000   -0.415908200    1.970675000
 438   -0.950000000   -0.739835200   -0.235924600
 439   -0.950000000   -0.562871400   -0.379770000
 440   -0.950000000   -1.733010000    0.225651100
 441   -0.950000000    0.266831000    1.172685000
 442   -0.898228200   -0.022335820    0.164777000
 443    3.804145000    0.637092100    1.439099000
 444   16.267780000    1.500686000   -1.608740000
 445    5.847515000    0.439945100   -0.412700700
 446   -0.950000000   -1.670799000    1.114205000
 447    5.572323000    0.320682300   -0.676572600
 448   -0.516591900    0.386852700    1.337463000
 449    1.762097000    0.187451000    0.117676200
 450   -0.950000000   -0.657933500    0.989252600
 451   -0.950000000   -0.994890100   -1.123771000
 452   11.924810000    1.085075000    0.577210600
 453   13.214550000    0.742984600   -0.575585900
 454   -0.950000000   -1.280782000    0.856190600
 455   24.879050000    1.933795000    0.830281900
 456   13.750600000    1.019350000    0.138595700
 457   17.228510000    1.363416000    0.819032100
 458   16.242120000    0.831100200   -1.474454000
 459   11.076180000    0.636852400    0.049315720
 460   12.342550000    0.721296000    0.392705800
 461   13.891310000    0.793497400   -0.158569700
 462   -0.950000000   -1.140544000    0.197047500
 463   -0.950000000   -0.170194400    1.779886000
 464   -0.950000000   -0.705766800   -0.256418200
 465   20.671980000    1.448279000    0.123074700
 466    8.245750000    0.792964900    0.532395100
 467    2.835537000    0.777523200    1.008191000
 468    9.214712000    0.983869000   -0.541394200
 469    6.262515000    0.471094800   -1.032529000
 470   -0.950000000   -1.196249000    0.532845000
 471   -0.950000000   -0.438826500    0.397875200
 472   -0.950000000   -0.354028000   -0.806032200
 473    3.174889000    0.285959200   -0.899387200
 474    5.168637000    0.757372600    0.718605600
 475   -0.950000000   -0.796544900   -0.120459800
 476   16.598670000    1.624540000    1.491563000
 477   -0.950000000   -0.913353500   -1.596564000
 478    3.983477000    0.077121990   -1.941078000
 479    3.709602000    0.546850900    0.001832350
 480   -0.950000000   -0.393470400   -0.335085100
 481    4.166186000    0.400807900   -0.392344400
 482    4.690381000    0.813002200    0.151543200
 483   -0.950000000   -1.224644000   -0.332433300
 484   -0.950000000   -0.386446300   -1.127897000
 485   -0.950000000   -0.314319300   -0.858652400
 486   -0.950000000   -0.978383500    0.057822170
 487   -0.950000000   -1.185944000   -0.490096300
 488   -0.540477000   -0.203957300    1.848167000
 489   -0.950000000   -0.754026900   -0.558057100
 490    6.650167000    0.699241200   -0.903782500
 491    0.970805000    0.088468300    0.057603150
 492    8.802251000    1.696853000    1.194870000
 493    0.761243400    0.152643900   -0.727523300
 494   -0.950000000   -0.474660300   -0.658802900
 495   11.388730000    1.831555000   -0.140224900
 496   15.716510000    1.401952000    0.646420600
 497   -0.950000000   -1.595811000    0.117632700
 498   -0.950000000   -1.072395000    0.387866500
 499   13.342460000    0.961268900   -0.136860500
 500    3.591302000   -0.462290800    1.496699000
 501   16.047510000    1.233588000    0.425274100
 502   17.745040000    1.648685000    0.393004900
 503   -0.950000000   -1.320457000   -1.077670000
 504   15.293290000    1.708029000   -0.792013500
 505    2.848580000    0.126184700    1.009385000
 506    1.098362000   -0.699465600   -1.528159000
 507    9.903654000    0.967341400    1.465438000
 508   16.557620000    0.953376000   -0.226707700
 509   15.144350000    0.733237900   -0.547453700
 510    3.754999000   -0.224797200   -0.517429800
 511   -0.950000000   -0.804411200    0.800665200
 512   -0.950000000   -0.774374000   -0.205570400
 513    4.097557000   -0.118688900    0.272781000
 514    1.095758000   -0.367100300    1.054249000
 515    7.995959000    0.712306100    0.847867000
 516   20.589470000    1.429337000   -0.251532600
 517   13.547150000    1.357341000    0.657385800
 518   20.470780000    1.265707000    0.141433600
 519   25.073490000    1.939201000   -0.764923900
 520    6.271264000    0.218297700   -0.118549500
 521   19.496740000    0.999662500    0.920278200
 522    5.076848000   -0.092600370   -1.344350000
 523    3.410074000   -0.162098400   -0.150861500
 524   11.289860000    0.596637700    0.295578100
 525   -0.950000000   -1.795933000    1.000350000
 526   -0.841229500   -0.095316200    0.135397200
 527    3.010546000    0.317618600   -0.006880616
 528    0.390196000    0.198704100    0.686711800
 529   15.733330000    1.630469000    0.560329500
 530    8.242844000    0.791056900   -0.652112200
 531    7.745238000    0.629603400   -0.198718200
 532    0.565027300    0.363795100    0.760004100
 533   -0.908489400   -0.077906430   -0.324203200
 534   -0.950000000   -1.778280000    1.174984000
 535    5.951189000    0.592002900    0.913981200
 536   -0.950000000   -0.404442700   -1.533628000
 537    1.941644000    0.303914000    0.228096400
 538   -0.950000000   -1.038723000   -0.576509000
 539    0.246162900   -0.060630080   -0.720400300
 540   -0.950000000   -1.524336000   -0.470224300
 541   -0.950000000   -1.369632000   -0.968534300
 542    7.229297000    0.586733000   -0.282044200
 543   17.812680000    1.217813000   -0.537067600
 544    4.399309000    0.757115400    1.376731000
 545   -0.950000000   -0.499232000    0.829862300
 546   -0.950000000   -1.003822000    0.246407700
 547   17.139380000    1.035756000    1.533440000
 548   -0.950000000   -0.368226400    0.367903200
 549   -0.950000000   -1.277500000    0.012865740
 550   -0.950000000   -1.469254000    1.366379000
 551    4.316840000    0.462648200    0.140347700
 552    2.429414000    0.206742400    1.094564000
 553   -0.950000000   -1.189655000   -0.098979020
 554   -0.950000000   -0.304903100   -0.082899420
 555   -0.950000000   -0.900636700   -0.599028200
 556    3.226034000    0.499197500   -0.742233200
 557   -0.950000000   -0.737711100   -0.913681500
 558   -0.950000000   -1.087701000    0.657818600
 559   -0.950000000   -1.174178000    0.556234500
 560   -0.923085600    0.231281300    0.366131500
 561    4.621833000    0.715056000    0.186677800
 562   -0.144675800    0.463413700    0.804859700
 563    1.012742000    0.281973700   -1.029949000
 564    1.588030000    0.288202300   -1.661144000
 565   -0.950000000   -0.280588900    0.390827600
 566   -0.950000000   -0.333735400    1.191200000
 567   -0.950000000   -0.481971100    0.665815900
 568    3.462838000    0.231181500   -1.320146000
 569   -0.950000000   -0.584132100   -0.127253800
 570   -0.950000000   -1.484294000   -0.128179900
 571    3.451604000    0.400305800   -0.996640300
 572   -0.950000000   -1.650341000    1.851497000
 573   -0.950000000   -0.156821600    0.288914200
 574   13.386330000    1.007729000   -0.578233900
 575    6.443089000    0.716038400    0.119192100
 576   -0.950000000   -0.766168500    0.273495500
 577   -0.278891800   -0.011869640   -0.677789900
 578   -0.950000000   -0.515922700    0.123997400
 579    1.313043000    0.413570000    0.337059300
 580   -0.950000000   -1.254792000    1.106616000
 581   -0.950000000   -0.656482900    0.913326500
 582   -0.950000000   -0.567241600   -0.094115250
 583   -0.950000000   -1.315326000   -0.176353100
 584   -0.950000000   -1.255426000   -0.089241050
 585    7.627348000    0.904276200   -0.409998200
 586   22.882900000    1.660130000   -1.025770000
 587   12.630230000    1.501956000    1.063797000
 588    0.751012900    0.345610600    1.001142000
 589   -0.950000000   -0.863925000    1.125604000
 590   -0.950000000   -1.720811000    0.441218100
 591   -0.950000000   -0.505311300    0.756779900
 592    0.553360700    0.008785587    1.207217000
 593   -0.950000000   -0.748458900   -0.204434600
 594   10.635180000    0.704522500    1.483467000
 595    9.003365000    0.654069500   -0.271673400
 596    4.392214000    0.252277800   -0.552063300
 597   -0.950000000   -0.693713900   -1.492103000
 598   -0.950000000   -0.212496300    0.355555500
 599    1.893356000   -0.009989949   -0.725769100
 600    3.149698000    0.055453090   -0.994854100
 601   -0.950000000   -1.244906000    0.455265700
 602   -0.950000000   -1.482911000    0.386035200
 603    5.553580000    0.843737200    0.981938200
 604   -0.950000000    0.032498410   -0.791394000
 605   -0.950000000   -1.802359000   -0.586596300
 606   -0.950000000    0.089945840   -0.455730600
 607   -0.950000000    0.141263900   -0.549063600
 608   -0.950000000    0.036716820    0.792087300
 609   -0.950000000   -0.906529500   -0.817600000
 610   -0.950000000   -1.269254000    0.721512400
 611    7.354027000    1.037506000   -1.619097000
 612   -0.950000000   -0.385559400   -0.157944600
 613   -0.950000000   -0.715893700    1.442296000
 614   -0.950000000   -1.042329000    0.534857000
 615   -0.950000000   -0.498824100    0.578518000
 616   -0.950000000   -0.428901500    0.259570500
 617   -0.950000000   -0.062259670    0.939018400
 618   -0.950000000   -0.618566700   -0.681764000
 619   -0.950000000   -0.552878100   -0.834291100
 620   -0.950000000    0.005257261    1.022038000
 621    3.784085000    0.607412600    0.408243200
 622    1.993997000   -0.131264500   -0.827860100
 623   -0.950000000   -0.915565200    0.298739900
 624   13.470330000    1.163330000   -0.339960300
 625    1.570689000   -0.389295700   -1.654903000
 626    6.872039000    0.597077600   -0.839369900
 627   13.553030000    0.971952400   -0.079419860
 628   -0.950000000   -0.513315400    0.702385600
 629   -0.352412700    0.137138300    0.956530300
 630   -0.950000000   -0.858684700    0.249557400
 631   -0.594692400    0.005201435    0.631995100
 632   -0.950000000   -0.804249500    0.622988100
 633    2.266977000    0.143879200   -0.088119850
 634   -0.950000000   -1.237203000    1.197042000
 635    2.080973000    0.129612400   -0.103640600
 636   -0.950000000   -1.064540000    1.415584000
 637   -0.950000000   -0.711298400    0.185626800
 638   -0.711372500   -0.360136200   -0.223862500
 639   -0.950000000   -1.201732000    0.010566320
 640   -0.950000000   -0.375008400    1.539796000
 641   -0.950000000   -0.721641800   -0.463011600
 642   -0.950000000   -1.705156000    1.893844000
 643    1.903042000    0.272044900    0.014945100
 644   -0.950000000   -0.815403900    0.816718900
 645   -0.950000000   -0.161741700    0.180109000
 646   16.544790000    1.245763000   -0.468631400
 647   -0.950000000   -1.056409000   -0.223713300
 648    2.509859000    1.017017000    1.796033000
 649    4.767547000    0.217423400   -0.359796600
 650   -0.950000000   -0.797383400   -0.510541300
 651   -0.950000000   -0.496218500    1.428250000
 652   -0.950000000   -0.406276200   -0.501921400
 653    9.573339000    1.279768000    0.803797000
 654   -0.950000000   -1.216568000    0.766566800
 655    1.252923000   -0.384406600   -0.206460100
 656   -0.950000000   -0.906715400    0.991796900
 657   -0.950000000   -0.246329000    1.098810000
 658   15.031670000    1.098470000   -0.024624480
 659   21.960540000    1.840278000   -0.676944700
 660    5.568265000    0.102785800   -1.632343000
 661   -0.950000000   -0.593764600    0.012662860
 662   -0.950000000   -1.013441000    0.405373400
 663   -0.950000000   -0.543242600    1.447474000
 664   -0.950000000   -0.187006300    0.822731200
 665    4.391011000    0.249056200    1.107194000
 666   -0.950000000   -0.620099100   -0.010261690
 667   11.196560000    0.953011700   -0.682370400
 668   -0.950000000   -0.955017700   -0.514558500
 669    5.351572000    0.470901400    1.994442000
 670    8.581138000    0.654578500    0.279548000
 671   -0.950000000   -0.722652000    0.947502800
 672   -0.950000000   -0.518775200    0.899050900
 673   -0.950000000   -1.436003000   -0.458954100
 674   -0.950000000   -0.110613100    1.472382000
 675   -0.950000000   -0.342277900    0.638780500
 676    5.780822000    0.389250700   -0.782797800
 677    3.496824000    0.234650800    0.528113300
 678   -0.950000000   -1.256110000    0.018063800
 679    5.907219000    0.353753100   -1.294458000
 680   -0.950000000   -0.362924000    0.841699500
 681   23.652380000    1.948880000    0.835220000
 682   -0.950000000   -1.506431000    0.054980030
 683   -0.950000000   -0.764954500    1.432727000
 684   -0.950000000    0.203198200    1.599798000
 685   -0.950000000   -1.621286000    0.322571500
 686   11.884040000    0.866619100   -0.908512300
 687   -0.950000000   -1.427092000   -0.105611100
 688   -0.950000000   -1.097999000    0.714613500
 689    5.025695000    0.487354000    0.649520100
 690   11.389710000    0.976248100    0.000366163
 691    9.625444000    1.372555000    0.594659800
 692   -0.950000000   -0.896567900   -0.663886500
 693    9.112268000    0.968272100   -0.784260600
 694   -0.950000000   -0.708224000    0.214150700
 695   13.036910000    1.002442000   -1.025122000
 696   -0.950000000   -1.232415000    0.556600700
 697    6.523954000    0.479713400   -0.373872500
 698   -0.950000000   -1.162372000   -1.219665000
 699   -0.950000000   -0.601221700   -1.375522000
 700   -0.950000000    0.297359700    1.666337000
 701   -0.950000000   -0.608261200    0.583874000
 702   20.254710000    1.784077000   -1.858046000
 703    3.800897000    0.514221900    0.940836300
 704    5.621515000    0.680954200    0.888664700
 705   11.784410000    1.260748000   -0.261604200
 706   -0.950000000   -1.165047000   -0.683874900
 707    2.566084000    0.634169400   -0.703653600
 708    9.630217000    1.215912000   -0.588346100
 709    3.787845000    0.826317000    0.874986400
 710   -0.950000000    0.248293400   -0.818172400
 711    0.382702400    0.250608200   -0.669421100
 712   -0.950000000   -1.192648000    0.062706160
 713   -0.950000000   -1.100751000   -1.572839000
 714   -0.950000000   -0.794156000   -0.026538570
 715   -0.950000000   -0.412802100    1.180625000
 716    1.602223000    0.501663000   -0.856508400
 717   -0.950000000   -0.294768700    0.894587100
 718   -0.950000000   -1.532674000   -0.568764000
 719   10.419640000    1.188197000   -1.399055000
 720   10.316450000    1.412118000    0.427257600
 721   13.306640000    1.455711000    0.199594200
 722    1.247529000    0.532380400    0.216324000
 723   -0.950000000   -0.207328600   -0.901606800
 724   -0.950000000   -1.993736000    0.242628700
 725    3.545274000    0.603466300    0.489560900
 726    4.533120000    0.378021700   -0.944205500
 727    9.062217000    1.198694000   -0.173858500
 728   -0.950000000    0.040156180    0.557232400
 729   -0.950000000   -1.792608000    0.153853800
 730   -0.950000000   -0.553001800   -0.162007100
 731   -0.950000000   -0.936760400   -0.811365600
 732   14.872290000    1.543539000   -1.233524000
 733    4.389810000    0.613370900   -0.853130300
 734   -0.950000000   -1.467141000    0.749341600
 735   -0.950000000   -1.921181000   -0.353181200
 736    2.543110000   -0.104998400   -1.515329000
 737   -0.950000000   -0.753530300   -0.347890200
 738    7.638943000    1.093100000    0.314567200
 739    6.431552000    0.517862000   -0.790939400
 740   -0.950000000   -0.206904300   -0.221940300
 741   -0.778453000   -0.052478340    0.770889200
 742   -0.950000000   -1.406163000    0.549217600
 743   16.617210000    1.224909000   -1.320490000
 744   -0.950000000   -1.741729000    1.557158000
 745   15.397650000    1.278821000    1.190511000
 746   21.750310000    1.845529000   -1.189774000
 747    9.665326000    0.946060900    0.350648900
 748   -0.950000000   -1.181418000   -0.026479260
 749    0.127463000   -0.139043200   -0.838337500
 750   -0.950000000   -1.727305000   -0.168263500
 751   -0.950000000   -0.743600100    0.023101750
 752    8.290900000    0.494414700   -0.788559400
 753    1.750395000    0.061953490    0.292309500
 754   18.638910000    1.676012000   -0.550701000
 755   13.414230000    0.986453400    0.093873450
 756   16.042380000    1.372702000    0.540730500
 757   12.254960000    1.246890000   -0.170887600
 758    2.177891000   -0.052860120    1.456212000
 759    2.683118000    0.104011800    0.388991100
 760    8.376062000    0.447825100   -0.323063100
 761   -0.950000000   -0.646684900   -1.393606000
 762   -0.950000000   -1.290805000   -0.936434100
 763    0.582937900    0.051122390   -0.242295000
 764    6.851276000    0.607095000    0.031948290
 765    5.431077000    0.612662200    0.467534600
 766   -0.950000000   -1.113265000    0.097656890
 767    2.434308000   -0.035982340   -1.061232000
 768    6.493918000    0.470927400    0.400473500
 769   -0.950000000   -0.907122900   -0.499384700
 770    7.894596000    0.413230900   -1.593237000
 771   -0.950000000   -0.651946100    0.753612600
 772   14.479080000    1.309127000    0.542457100
 773   13.255150000    1.111388000   -0.218279300
 774   -0.950000000   -1.399735000   -0.285386800
 775   -0.950000000   -0.666490500    1.047720000
 776   -0.950000000   -0.307894300    1.456504000
 777    7.779382000    0.803921000    0.113363800
 778   -0.950000000   -0.690610000   -0.116128300
 779    6.898896000    0.844089500    1.993682000
 780    4.132754000    0.343336000   -0.580343900
 781   -0.950000000   -0.928569000    0.054196260
 782    6.085028000    1.597957000    1.721521000
 783   14.956740000    1.067884000    0.025032980
 784    1.132316000   -0.073709370    0.255649400
 785   11.778250000    0.594563900   -0.617238000
 786   13.051050000    0.866837900   -1.029095000
 787    2.817407000    0.169154300    0.849329000
 788   -0.950000000   -0.636283000    1.367401000
 789    7.323983000    0.322962500   -0.013055470
 790    3.473133000    0.272139500    0.664881000
 791    5.846592000    0.134621800    0.317808200
 792   10.910960000    1.322207000    0.376676700
 793   -0.950000000   -0.443919600    0.675256500
 794    9.258161000    0.468744900    0.117164100
 795   24.584200000    1.470975000   -1.641003000
 796   -0.950000000   -1.509043000   -1.083164000
 797   -0.950000000   -1.325288000   -1.893315000
 798   -0.950000000    0.183269800   -0.600566100
 799   -0.950000000   -1.637769000    0.104007100
 800   -0.950000000   -0.065664070   -0.419201200
 801   -0.950000000   -0.019998370    0.523447700
 802    9.319452000    1.051574000   -1.328171000
 803   -0.950000000   -0.834064100    1.106661000
 804    3.792212000    0.642717000   -0.333375900
 805   -0.950000000   -1.016751000   -1.179977000
 806    9.157807000    1.330399000   -1.212104000
 807    2.569799000    0.939495500    0.347526500
 808   -0.950000000   -1.037723000    0.396332400
 809   -0.950000000   -0.279864800    0.274755600
 810   -0.950000000   -0.824320300    1.680827000
 811   -0.950000000   -1.802276000   -0.107364900
 812   -0.950000000   -0.192244900    0.457294700
 813    4.338458000    0.608568100    0.687333400
 814   -0.950000000   -0.849089000    0.715757200
 815    3.890907000    0.036494760   -1.772679000
 816   10.979710000    0.536034200   -1.081018000
 817   -0.950000000   -0.065293840    0.973579400
 818    9.163701000    0.351229300   -1.296837000
 819   -0.950000000   -1.163773000   -0.670714100
 820   13.946340000    1.072275000    0.146704200
 821    6.922183000    0.705644000    0.212078600
 822   13.904550000    1.536588000    0.506364100
 823    8.441032000    0.901490200    0.387653400
 824   13.916040000    1.004795000   -0.706781000
 825    1.665756000   -0.216946600   -1.318993000
 826   -0.950000000   -0.561434000    1.203084000
 827   -0.950000000   -1.110253000   -0.814763900
 828   15.944100000    1.247962000   -0.788599300
 829    4.037075000    0.479715700    0.898024300
 830   20.286400000    1.368675000   -0.964109300
 831   11.346960000    0.611688100   -1.337083000
 832   -0.950000000    0.011959640    1.333369000
 833   -0.950000000   -0.914792500   -0.578227300
 834    9.973584000    0.402410800   -0.007344849
 835    5.821376000    0.526178900    0.893223200
 836    7.106379000    0.286246100    0.522870500
 837   10.053730000    0.669757000    0.190644700
 838    8.840624000    0.477089000    0.584585400
 839   10.472760000    0.682487700    0.584139300
 840   13.561290000    1.009088000    0.175391300
 841    4.185978000    0.803007200    0.157698400
 842   -0.950000000   -0.717582000    0.135555900
 843    4.015763000    0.450412600    0.343199300
 844   11.394380000    1.110675000   -1.014333000
 845   11.932980000    0.514106200   -1.413705000
 846   -0.950000000   -0.382904200    1.497974000
 847    6.129007000    0.873937300    0.322092600
 848    4.437841000    0.270154900   -0.906459700
 849   11.167670000    1.206873000   -0.054433760
 850   -0.950000000   -1.232892000    0.275420100
 851   -0.950000000    0.174994500    1.647030000
 852   -0.950000000   -1.218197000   -0.400294900
 853   -0.950000000   -0.524496200    0.234046400
 854   -0.384027800   -0.109124600   -0.708151400
 855   -0.950000000   -0.897623900    0.351568300
 856   -0.950000000   -0.201787000   -0.087051600
 857   -0.950000000   -0.551352700   -1.357924000
 858   19.561790000    1.605267000   -0.298980900
 859   -0.950000000   -1.057464000    0.888892600
 860   -0.950000000   -0.287332300    0.505926800
 861   -0.950000000   -0.421625500   -0.359304800
 862   -0.950000000   -0.808193600    0.141099900
 863    9.960009000    1.202477000    0.527673900
 864   -0.950000000   -1.023999000   -0.112557600
 865   -0.950000000   -0.891739400    1.862745000
 866   -0.950000000   -1.521148000    0.293915300
 867    3.465821000    0.842945800    0.432930400
 868   -0.950000000   -0.011918300   -0.241794700
 869   -0.950000000   -1.002907000    0.973284200
 870   -0.950000000   -1.739781000    1.758641000
 871   -0.950000000   -1.367947000    0.823387400
 872    2.454172000    0.572507300    0.610610900
 873   15.610370000    1.325107000    0.045082890
 874   -0.950000000   -0.410025400    1.699605000
 875    9.627972000    0.484778300    1.124390000
 876   -0.950000000   -0.722576600    0.487508500
 877    7.747945000    0.490567000   -1.753614000
 878    6.706275000    0.484496000   -0.828104700
 879    2.545252000    0.068711000    0.412786800
 880   13.816700000    1.184703000    0.820374100
 881   10.328070000    0.828550500   -0.370813900
 882   -0.796847500   -0.293830400   -0.674161700
 883    2.326929000    0.002423000   -1.397062000
 884   -0.950000000   -0.236086200    0.157252100
 885    9.641013000    1.240860000   -0.365978300
 886    8.682470000    0.515271600   -0.598010300
 887    4.475267000    0.332845900    0.429071900
 888   -0.950000000   -0.587918100   -0.684351000
 889    8.883893000    0.635232100    1.165881000
 890   10.625040000    1.996813000    1.414608000
 891   -0.950000000   -1.050087000    0.245248800
 892   -0.950000000   -0.330685700    1.179091000
 893   10.219350000    0.774199700    0.300096500
 894    8.335524000    0.616854800   -0.496213400
 895    2.466347000   -0.104143600   -0.031455140
 896   -0.950000000   -1.022696000    1.801473000
 897    4.434437000    0.511293500    0.665928100
 898   11.504780000    0.605787100   -1.581775000
 899   17.683070000    1.413363000   -0.566098900
 900   -0.950000000   -1.592153000   -1.158877000
 901   -0.950000000   -0.323897400   -0.636845900
 902   -0.950000000    0.256851000    0.819993600
 903    1.262795000    0.496948700    1.205321000
 904   -0.950000000   -1.231223000    0.543174100
 905   -0.950000000   -0.547700000    0.250179800
 906   -0.950000000   -0.780981000   -0.145345100
 907    9.573232000    1.049907000   -0.488950200
 908    0.611912500    0.352593000    0.321008300
 909   -0.950000000   -1.135393000   -0.616474500
 910   -0.950000000   -1.685085000    0.307847600
 911    6.820122000    0.422882600   -1.570938000
 912   -0.950000000   -0.356703400    1.515696000
 913    1.453712000    0.220814900    0.128492300
 914    0.911085800   -0.107629300   -0.617693900
 915   -0.950000000   -0.197883400    0.932766600
 916   -0.950000000   -0.824446800    1.244262000
 917    5.327758000    1.107080000    0.547931600
 918   11.805290000    0.880790600   -0.422073100
 919   -0.950000000   -1.360428000    0.169617400
 920    6.187445000    0.852002100    1.329840000
 921    3.896216000   -0.157595800   -1.013759000
 922    2.880262000    0.065478660    0.461043600
 923   -0.950000000   -0.923296200    1.086041000
 924    9.641701000    0.659690000    0.154419200
 925    8.591744000    0.705530600    1.111802000
 926    5.395404000    0.170362100   -0.606818000
 927   10.179470000    0.603885000   -0.984479800
 928   14.775260000    1.249483000    0.189822100
 929    4.415177000    0.402409500    0.342889000
 930   -0.950000000   -1.180282000    0.578408000
 931    5.087600000    0.111793800    1.023579000
 932    9.643524000    0.350948800   -0.929638400
 933    7.814530000    0.896719800    1.506009000
 934    8.371851000    0.451031500    0.512570700
 935   -0.022281090   -0.260426400    1.591706000
 936   24.972710000    1.888170000   -0.322308600
 937   -0.950000000   -0.624143500    0.496188100
 938   -0.950000000   -1.232113000    0.049193710
 939    3.114298000    0.207653500    0.897725500
 940   -0.950000000   -0.391966000    0.836425300
 941   19.401150000    1.740240000   -0.100271600
 942    8.334757000    0.430828200    0.429827700
 943   23.124020000    1.357271000   -0.664822400
 944   10.454480000    0.158198600   -0.939915700
 945   -0.950000000   -1.525399000    1.500852000
 946   -0.950000000   -0.233316700   -0.264131500
 947    7.081447000    0.484110000   -0.192358300
 948   -0.950000000   -1.439083000    0.678607600
 949   -0.950000000   -0.079395350    0.143677300
 950   -0.950000000   -0.912832400   -0.387134000
 951    4.442163000    0.062833540   -1.143163000
 952    6.514486000    0.923399800    0.748713600
 953   -0.950000000   -0.198769100   -0.846956400
 954    4.103529000    0.383804600   -0.179223400
 955   -0.950000000    0.214016300    1.486186000
 956   -0.950000000   -0.429677300    1.675187000
 957    5.902628000    0.732071400   -0.159491300
 958   -0.950000000   -0.622271300    1.308162000
 959   -0.950000000   -1.145689000    1.362289000
 960   -0.950000000   -0.642065300   -0.103563200
 961   10.577520000    1.263967000    0.213595400
 962    3.593098000    0.309068800    0.069235620
 963   -0.950000000   -0.424058800    0.367237800
 964    3.006628000    0.361458100    0.067689160
 965    1.356179000   -0.316361300   -1.174001000
 966    2.348048000    0.021151480    0.032817200
 967    2.988967000    0.867345800    1.214554000
 968   -0.950000000   -0.200281800    1.218924000
 969   13.353780000    0.882062700    1.652059000
 970   -0.950000000   -0.818843900    1.419831000
 971   13.584150000    1.009355000   -1.019162000
 972    6.895058000    0.206014700   -1.257599000
 973    9.181257000    0.659043800    0.255847300
 974   -0.950000000   -1.369622000   -0.091742780
 975   17.957080000    1.016141000   -1.389477000
 976   -0.950000000   -0.032215450   -0.659737700
 977   -0.950000000   -0.724561200    1.081352000
 978   -0.950000000   -1.575591000   -0.509266200
 979   -0.950000000   -0.924668900   -0.984903000
 980   -0.950000000   -0.704706000    0.275818800
 981    3.105150000    1.416173000    0.721292100
 982   -0.950000000   -0.136707900   -1.788660000
 983   -0.950000000    0.152814600    0.827223200
 984   -0.950000000   -1.448126000   -0.556817500
 985   -0.950000000   -1.423915000   -0.885559300
 986   -0.950000000   -0.459322200    0.165988100
 987    8.951624000    0.895036100   -0.393293200
 988   -0.950000000    0.319047900    0.329674700
 989   -0.950000000   -1.051022000    1.740129000
 990    1.784656000    0.390698700   -0.451807900
 991    1.486889000   -0.008421290   -0.796324100
 992   -0.950000000   -0.120241700    0.736280300
 993   10.891620000    1.008413000   -1.149420000
 994   13.841810000    0.888159900    1.338706000
 995   10.103830000    0.790134300    0.748613600
 996    0.836961400    0.199080400    0.675568500
 997   -0.950000000   -0.035673110    0.664696300
 998   13.600400000    0.832768300   -1.672579000
 999    0.630967300   -0.328184000   -1.562027000
1000   -0.950000000   -1.336026000    1.183044000
1001   -0.950000000   -0.223693100    1.059515000
1002   -0.950000000   -0.603944900    0.121450900
1003   -0.950000000   -1.487239000   -1.031572000
1004   -0.950000000   -0.957098000   -0.284871000
1005   -0.914373700    0.040585150    0.430630100
1006   -0.950000000   -0.768505000   -1.377576000
1007   -0.950000000   -0.764066000    1.258321000
1008   -0.950000000   -0.285744400    1.171388000
1009   -0.950000000   -0.339800800    0.166364100
1010   -0.950000000   -1.504919000   -0.075781210
1011    0.729845900    0.141108300    0.519888200
1012   -0.950000000   -0.641574600    0.672487500
1013   22.335830000    1.926426000   -0.620418500
1014   -0.950000000   -0.478257400    0.096728260
1015   -0.950000000   -0.674181600   -0.619385900
1016   13.137130000    0.860050900   -0.449889500
1017   -0.273641400   -0.210284300   -0.135669400
1018   21.188360000    1.744328000   -1.129550000
1019   10.394670000    1.140394000    1.507068000
1020   12.625470000    0.898963200    1.178027000
1021   16.401260000    1.639794000    0.756380700
1022   11.296640000    0.656489500   -1.513361000
1023    5.392363000    0.881711900    0.628804300
1024   -0.819119200    0.100644200   -0.727957800
1025   -0.950000000    0.248575100    0.999792600
1026   -0.950000000   -0.595206800   -0.708816000
1027    6.789354000    0.710706700   -1.386421000
1028   12.799150000    1.750144000    0.080432880
1029    2.170657000    0.306062800   -1.431916000
1030    8.685622000    0.668949700   -1.589053000
1031   -0.825866000   -0.044397780   -1.017217000
1032   -0.950000000   -0.254281500   -1.769645000
1033   -0.950000000   -1.195192000   -1.246908000
1034    3.899722000    0.556835800   -0.334897600
1035    3.051228000    0.630880600    0.506196200
1036   -0.950000000   -0.476435400   -0.043008550
1037   -0.950000000   -0.852781300    1.301377000
1038    8.552620000    0.881877800   -0.949637400
1039   -0.950000000   -1.316476000   -0.753454500
1040   -0.950000000   -0.717428300   -0.124719900
1041   -0.950000000    0.205239900    1.623961000
1042    1.064417000    0.161635200   -0.743744400
1043    2.947215000    0.429092600    0.074928930
1044   12.479740000    1.331740000    0.687763600
1045   -0.950000000   -1.267665000   -0.141700000
1046   -0.950000000   -0.509630100    1.182039000
1047   -0.950000000   -1.661071000   -0.045829860
1048   -0.950000000   -1.785718000    0.284736400
1049   -0.950000000   -1.004863000    0.976054000
1050    3.992460000    0.464489700    0.007377250
1051   12.570350000    1.316467000   -0.374988200
1052    5.610146000    0.317173100   -0.050547430
1053   12.420550000    1.658830000    1.454954000
1054   15.037450000    1.055619000   -0.269876500
1055    3.409907000   -0.055786910   -1.400583000
1056   -0.950000000   -0.273675900    0.358336700
1057   -0.950000000   -1.598670000    0.261171600
1058   -0.950000000   -0.699474100    0.482472900
1059   12.272000000    0.927355600    0.101394300
1060   -0.033627700   -0.039931640   -0.438226700
1061   24.645210000    1.892692000   -0.372533300
1062    8.015834000    0.452764400   -1.270655000
1063    8.490827000    0.286326300   -1.160800000
1064   -0.950000000    0.029055150    0.642899600
1065    8.748232000    0.482516200   -0.076074050
1066   14.782830000    0.905526800    0.751042100
1067   -0.950000000   -0.406771400    1.337623000
1068   15.763470000    1.068609000    0.383723400
1069    2.869648000   -0.110900800    0.440205900
1070   11.553660000    0.760583500   -0.022207200
1071    6.832716000    0.203074600   -0.697180500
1072    3.895758000    0.149955800    0.899832500
1073    3.828514000    0.368250200    1.549509000
1074   -0.950000000   -0.596307700   -0.251090800
1075    3.539606000    0.411956700    1.178807000
1076   -0.950000000   -0.497251400    0.456326000
1077   -0.950000000   -1.047885000   -1.562894000
1078   -0.512766700   -0.130394700    0.667513800
1079   -0.950000000   -1.381650000   -0.546906600
1080   10.401750000    0.475913800   -0.672200300
1081   -0.950000000   -0.960874400   -0.378250400
1082    3.847703000    0.539407500    0.379212900
1083   -0.950000000   -0.749759300    0.627097400
1084   -0.950000000   -1.010011000   -0.297125700
1085    3.861695000    0.657514500    0.964594100
1086    0.465336100   -0.144802700   -0.788234500
1087   -0.950000000   -0.802365900   -1.122726000
1088   16.088040000    1.711434000   -0.621125600
1089    4.803407000    0.154441400   -1.806931000
1090   11.359470000    0.685417000    0.638209200
1091    7.412578000    0.819788200   -0.740513900
1092    4.755048000    0.395464600    0.724381100
1093   -0.950000000   -0.643692700    1.215151000
1094    1.644295000    0.708803100    1.120554000
1095   -0.950000000   -0.584227300   -0.077029770
1096    9.008457000    0.893390300    1.266030000
1097   -0.950000000   -0.877232800   -0.591214400
1098    5.231710000    0.648092700    0.545374100
1099    4.341249000    0.076273480    0.809418600
1100    3.637161000   -0.081417140   -0.422824800
1101    7.407114000    0.281803800    0.839186400
1102    3.275831000   -0.019474610    0.089699810
1103   18.370270000    1.709085000    0.017769970
1104    1.220159000   -0.322008600   -1.654853000
1105   15.923460000    0.774252200   -1.911413000
1106   -0.950000000   -0.239109600    1.001593000
1107    4.858045000    0.024757480   -0.444246300
1108    6.154597000    0.515676600    0.968411100
1109   -0.950000000   -0.769130700   -0.850920600
1110   21.705690000    1.615938000   -0.559295700
1111   13.618130000    1.496563000   -0.592910300
1112   -0.222934700    0.307229600    1.571304000
1113   -0.950000000   -0.757996400   -1.433503000
1114   12.547750000    1.562370000   -0.953450500
1115   -0.456919100   -0.022767000   -0.013275000
1116   -0.950000000   -1.031424000   -1.380476000
1117   10.451000000    1.341681000   -0.375024800
1118   -0.950000000   -1.416183000    0.935100600
1119    8.038338000    0.680668800   -1.480387000
1120   13.677330000    1.635393000   -1.023253000
1121   -0.950000000   -1.027913000    0.962714000
1122    0.847698000    0.396527700    0.064152090
1123   -0.950000000   -1.659529000    0.845860800
1124    1.349141000    0.420106300    0.234459400
1125   -0.950000000   -0.601174100    1.281933000
1126   -0.950000000   -1.360284000   -0.826727400
1127   -0.950000000    0.167676600    0.766100500
1128   -0.950000000   -1.257578000    0.687181200
1129    5.374991000    1.147035000    0.592409300
1130   -0.950000000   -0.583396300   -0.497986300
1131   -0.950000000   -1.193592000   -0.222349800
1132   -0.950000000    0.074655730    0.951988200
1133   -0.950000000    0.003215083    0.583627900
1134    5.734984000    0.976886400    0.711934800
1135    2.535860000    0.508533000   -0.581182600
1136   -0.950000000   -1.063657000   -0.079501910
1137   -0.950000000   -1.118185000   -1.866245000
1138    9.909367000    1.037678000    0.903679700
1139   -0.950000000   -0.302641500    0.919357900
1140   -0.950000000   -0.343905800   -0.358294800
1141   -0.950000000   -0.552863700   -0.379002400
1142   11.973360000    1.237414000    0.008125258
1143   -0.950000000   -1.538075000   -0.619983400
1144   -0.950000000   -0.628341100   -1.611678000
1145    8.287199000    0.625989700   -1.233651000
1146    1.578187000    0.121461900   -0.440012500
1147   -0.950000000   -0.121145000    0.377113400
1148    8.390061000    1.102052000    1.387803000
1149   -0.950000000   -0.610932300    0.474570800
1150    9.127560000    1.361015000    0.154871800
1151    1.732411000    0.309567600   -0.203376600
1152   -0.950000000   -0.215708700   -0.787036000
1153   16.847740000    1.678072000   -0.849749900
1154    7.149544000    0.956267500    0.284356100
1155   -0.950000000   -0.700916400    1.290959000
1156    9.870439000    1.358628000    0.846307900
1157   -0.950000000   -1.750175000   -0.245568500
1158    8.916450000    1.329435000   -0.437327700
1159    2.642448000    0.875551800   -0.357426000
1160   -0.950000000   -1.109235000   -0.171557500
1161   -0.950000000   -1.062065000   -0.683572800
1162    0.058512860    0.162641600    1.299030000
1163   -0.950000000   -1.271367000    0.772064300
1164   14.062340000    1.176780000   -0.396745600
1165   -0.950000000    0.078510030    0.042072780
1166   12.505910000    1.487972000   -1.076646000
1167   -0.950000000   -0.935381500   -1.147656000
1168    6.013237000    0.415466600   -1.504002000
1169   -0.950000000   -1.625586000   -1.073842000
1170   -0.950000000   -0.195819800   -0.427512500
1171   -0.950000000   -1.210490000   -0.841725100
1172   -0.950000000   -0.972999900   -0.840410200
1173   -0.440169400    0.228768900    0.372538000
1174   -0.950000000   -1.732074000   -0.356091600
1175   -0.950000000   -0.878999100    0.037124500
1176    8.883451000    0.943990700   -0.105323800
1177   -0.266270700    0.202734600   -0.361552000
1178   -0.950000000   -0.398445700    1.508700000
1179    6.975017000    0.674882300   -0.295391300
1180   -0.950000000   -0.173272100    0.422620200
1181    4.560263000    0.535936500    0.876324700
1182   -0.950000000   -0.203519500   -1.017494000
1183   15.987090000    1.208513000    1.004636000
1184   -0.950000000   -0.558963300   -0.402039600
1185   -0.525029900    0.208310700    0.467263700
1186   -0.950000000   -1.597834000    1.800222000
1187    7.925983000    0.650556400    0.100463400
1188   -0.950000000   -0.926683700   -0.223339200
1189   -0.950000000   -0.798126100    1.195651000
1190    1.104053000    0.003665008   -0.404677200
1191    5.699205000    0.859128500    0.886720400
1192    3.304856000    0.025169610   -1.568443000
1193   -0.950000000   -0.302536700   -0.057590910
1194   -0.950000000   -1.577373000    1.278496000
1195   -0.950000000   -0.477216200    0.844523600
1196   16.244400000    1.315475000   -0.356931100
1197   11.544740000    0.683964100   -0.993327100
1198   -0.950000000   -0.826748600    0.345617000
1199    4.051356000    0.093503290   -1.269594000
1200    8.178158000    0.483489100   -1.672017000
1201    3.718272000    0.631072200    0.812338500
1202   -0.950000000   -1.362124000    0.898087400
1203    3.928015000    0.237378900    1.025687000
1204   -0.844205300   -0.072339020    0.900035600
1205   -0.950000000   -0.569980200   -0.902846600
1206   -0.950000000   -0.355609300   -0.309404900
1207   -0.950000000   -0.527532600    0.171385000
1208   -0.950000000   -0.983242900    0.169567600
1209    7.503029000    0.740067300   -0.027240250
1210    8.962466000    0.514179800   -1.018160000
1211    2.332373000    0.003500820   -0.657720300
1212   -0.950000000   -1.019002000   -0.695169300
1213    6.611551000    0.683832300   -0.275760800
1214    6.402490000    0.166058100   -1.206522000
1215   -0.859645500   -0.203401200    0.122031200
1216   17.702010000    1.323316000    0.163747000
1217   12.171650000    1.521057000   -0.535583700
1218   -0.950000000   -0.373630000    1.388892000
1219   -0.950000000   -1.886338000    0.016139790
1220    7.942082000    0.408106500   -0.419613200
1221   -0.950000000    0.358392700    1.611083000
1222   14.706790000    1.581978000    0.650019000
1223    7.392235000    0.480053200    1.360556000
1224   17.988300000    1.735547000   -0.739511100
1225   -0.950000000   -1.083269000    0.379112400
1226   11.694220000    0.726259400   -0.132172600
1227    6.754861000    0.012325330   -1.156518000
1228   12.388370000    0.932228000    1.260468000
1229    1.510200000   -0.417703600   -0.507501400
1230    5.036059000   -0.141601500   -0.838015300
1231    2.314055000    0.138197500    0.403759700
1232    7.055661000    1.192466000    0.493924400
1233   -0.950000000   -0.090491360   -0.131242700
1234   -0.950000000   -0.491177500   -0.104809600
1235   -0.950000000   -1.832366000   -0.514208300
1236    5.332785000    0.194579600   -1.829565000
1237   -0.950000000   -0.269677100    0.997578800
1238    2.512999000    0.253521700    0.031075500
1239    3.023731000    0.655106600    0.806196500
1240   17.749820000    1.711500000   -0.143795200
1241    9.052754000    1.194068000   -1.403849000
1242   -0.950000000   -0.688319700    1.493613000
1243   -0.950000000   -1.280508000    0.666554400
1244    2.771739000    0.395256500   -0.213852800
1245   19.109730000    1.459899000   -1.477507000
1246   10.674520000    0.915264000    0.665999600
1247   15.904510000    1.284110000    0.314939100
1248   -0.950000000    0.028814530    0.900328200
1249    5.596912000    0.791809700    1.222946000
1250   -0.950000000   -1.645435000    0.066779140
1251    3.854739000    0.111885800   -0.324242900
1252   -0.341578900   -0.247457800   -0.582176500
1253   -0.950000000   -1.386497000   -1.054750000
1254   -0.950000000   -0.665665700   -0.877630000
1255    7.476782000    0.727683900   -0.072567980
1256   -0.950000000    0.087473970    1.240146000
1257   12.197250000    1.109158000   -0.380958100
1258    1.437443000    0.212636800    0.761372700
1259    2.431551000    0.191815900    0.282547400
1260   -0.950000000   -1.186043000    1.416059000
1261   13.817080000    1.282178000   -0.077469430
1262    4.312325000    0.255506400    0.109399200
1263   -0.485931700   -0.210128600    0.114399400
1264   -0.950000000   -0.711024400   -0.215531800
1265   16.069640000    1.324638000   -0.097788230
1266   -0.950000000   -0.612918700   -0.686708500
1267    0.542594200   -0.194334800    0.113607100
1268   11.795080000    0.805022700    0.677261400
1269    3.721319000    0.864254800    1.907575000
1270    3.162437000   -0.069002920    1.452040000
1271    6.287598000    0.416618000    0.243450600
1272    2.666175000    0.094289720    0.197724200
1273   -0.950000000   -1.561677000   -0.192609900
1274    2.156860000    0.040728930    1.041153000
1275   15.171970000    1.052277000   -0.821614900
1276   -0.950000000   -1.012299000   -1.266146000
1277   13.464710000    1.596813000    0.565834900
1278    7.537572000    0.742684400    0.050365910
1279    1.231479000    0.183706200   -0.383289500
1280    1.896377000    0.068224400   -0.116456200
1281    1.539038000    0.106553700   -0.346227200
1282   -0.950000000   -1.844996000    0.684525900
1283   -0.950000000   -0.625428600   -0.252256700
1284   -0.267679900   -0.705586000   -1.786850000
1285    9.320800000    0.671505800    1.238910000
1286    7.135107000    0.463607400   -1.547896000
1287   16.162880000    1.400369000   -0.699641100
1288   -0.950000000    0.156917800    1.362666000
1289   18.879390000    1.753034000    0.263027500
1290    0.618647500    0.205134100    0.068059210
1291   -0.950000000   -0.233305300    0.477499800
1292   -0.950000000   -0.666795700   -0.733350500
1293   -0.950000000   -0.607220300    0.839199700
1294    5.698997000    0.510258300    0.288495300
1295   -0.950000000   -0.606824600    0.130241700
1296    8.668066000    0.659142700   -1.121235000
1297    1.606645000    0.273101800    0.149104900
1298   11.396350000    1.073486000   -0.309914700
1299   -0.950000000   -1.340794000    0.516182100
1300   -0.950000000   -0.686940500    0.581659500
1301   16.311840000    1.761492000    1.109073000
1302   22.457530000    1.908698000   -1.627194000
1303   -0.950000000   -0.983515600   -1.949205000
1304   -0.950000000   -0.802785300   -0.158966500
1305   10.420060000    0.908169100   -0.233448300
1306   -0.950000000   -1.378911000    0.962564000
1307    1.587185000   -0.176438900   -1.469326000
1308    4.400685000    0.907825900    1.579136000
1309   19.164180000    1.593329000   -0.114797000
1310   25.795570000    1.841901000   -1.312418000
1311   11.484450000    1.335776000    1.270962000
1312   -0.950000000   -1.356245000    0.220689500
1313   -0.950000000   -0.464307600    0.451356600
1314   -0.950000000   -0.155961700    0.412903200
1315   -0.950000000   -1.094643000   -0.032938780
1316   -0.950000000   -1.264022000   -0.605974500
1317    7.814441000    0.746554500   -0.423761000
1318   -0.950000000   -0.302638200   -0.763717500
1319   -0.950000000   -0.836659200    0.979222200
1320   -0.199766100   -0.096977600   -0.857896600
1321    9.106968000    1.003333000   -0.341686400
1322    5.287302000    0.463678100   -0.589574500
1323    4.813004000    0.710110600   -0.049296030
1324   -0.950000000   -1.309474000    0.587691900
1325    4.187623000    0.754032700    0.656792600
1326   18.960340000    1.472604000   -0.368845000
1327   -0.950000000   -0.015568830    1.177431000
1328    4.196415000    0.171291900   -1.360787000
1329   -0.950000000   -1.883340000    0.934634900
1330   -0.950000000   -0.157453500    0.180540100
1331    7.355270000    0.526972200    0.082930110
1332   -0.950000000   -0.084108170    0.317127300
1333   -0.950000000   -1.328510000   -0.446635100
1334   -0.136965000   -0.160872900   -0.953936000
1335    8.243961000    0.345807900   -1.885178000
1336   -0.950000000   -0.510662700   -0.300793800
1337    0.288642000    0.134692300   -0.577695700
1338   -0.950000000   -0.054378580   -0.632567500
1339   -0.950000000    0.216586400    0.418693200
1340    0.656780300   -0.182990200   -1.758672000
1341    0.029652610    0.296546900   -0.641344500
1342   -0.950000000    0.288699000    1.168772000
1343   -0.950000000   -0.114277400    0.601114800
1344   -0.950000000    0.273836000    1.401946000
1345    4.092432000    0.654442000   -0.031145880
1346   -0.950000000   -1.027806000   -0.372989700
1347   -0.950000000   -0.336383500   -0.541592100
1348   -0.950000000   -1.712423000    0.680197500
1349   -0.950000000   -0.058591420    0.092664530
1350    1.174029000    0.276879900    0.419659100
1351   -0.950000000    0.112653900    1.714364000
1352    8.267420000    0.711501000   -0.878518000
1353    0.590357500    0.479155200    0.617412200
1354   -0.950000000   -0.858100900   -1.437059000
1355    1.992718000    0.251243100   -0.847412300
1356    0.109177400    0.123943600   -0.424590300
1357   -0.950000000   -1.454390000   -1.614162000
1358   -0.950000000   -0.519712400    0.231438100
1359   -0.630049100    0.329054700    0.057330390
1360    9.702508000    0.769899300   -0.907224800
1361   10.217430000    0.895957300   -1.379929000
1362   -0.950000000   -1.542912000   -1.163851000
1363    1.463542000    0.661482000    0.750355200
1364    6.037533000    1.086481000    0.206873400
1365   17.239060000    1.206563000   -1.103567000
1366   24.082520000    1.863587000    0.413106800
1367   -0.950000000   -1.550701000    1.101148000
1368   15.017190000    1.304933000   -0.106560800
1369    1.592571000    0.185221300    0.872688400
1370   -0.950000000   -0.986098100    0.417249000
1371   -0.950000000    0.025977730    0.923838200
1372   -0.950000000   -0.861659300   -0.915017700
1373    3.905521000    0.479736000    0.398756800
1374   -0.950000000   -0.851483200    1.749670000
1375   -0.950000000   -0.978829000   -1.418664000
1376   11.071360000    1.186600000    0.793905600
1377   -0.950000000   -1.147930000    0.960786400
1378   16.537730000    1.279084000   -1.200679000
1379    5.010138000    0.293426800    0.035915740
1380    5.801175000    0.268174000   -0.667288000
1381   10.039550000    0.855667700   -1.073548000
1382   11.095220000    0.826150000   -1.021113000
1383    1.925863000    0.018785350   -1.891803000
1384   -0.950000000   -1.992685000   -0.250594900
1385    1.246012000   -0.039908090   -1.130679000
1386   14.678120000    1.599737000    0.492578400
1387   -0.950000000   -0.182347800    0.328128900
1388   -0.950000000    0.146062200    0.681288700
1389   -0.935638100    0.041309660    0.031432460
1390    2.994692000    0.241492100    1.072177000
1391   -0.950000000   -0.292705300    0.140609600
1392   -0.950000000   -0.316724100   -0.599310800
1393    3.148799000    0.331285700   -0.124717400
1394    4.005236000    0.327106500    0.042027840
1395   -0.950000000    0.159761300    1.082703000
1396   -0.950000000   -0.640123100    1.176538000
1397   16.080700000    1.177600000    0.314632400
1398    8.836738000    0.311624700   -0.971857800
1399    8.297238000    0.520535500   -0.287026300
1400    4.782123000    0.175705800    0.077129150
1401    9.529595000    0.359024100   -1.225291000
1402    8.971137000    0.778632500    0.718826400
1403   -0.950000000   -1.886570000   -0.070044220
1404   12.687850000    1.072538000    0.123215800
1405   10.292600000    0.497100200   -1.307538000
1406    0.491247500   -0.108266700    0.235814700
1407   17.803530000    1.729422000    1.713931000
1408   -0.950000000   -1.954743000    1.283990000
1409   22.847220000    1.410887000   -1.411865000
1410   -0.014825510   -0.249617100    0.422860100
1411   15.583900000    1.436298000   -1.865344000
1412   -0.950000000    0.189098000    0.829217900
1413   -0.950000000   -0.796288200    0.135571300
1414   -0.950000000   -1.316682000    1.453479000
1415   -0.950000000   -0.432854500   -1.092754000
1416   -0.950000000   -1.941105000    0.935259400
1417   -0.950000000    0.015850990    0.273211700
1418   -0.950000000   -0.114012700    0.054445540
1419   -0.950000000   -0.322778900   -0.123503100
1420   -0.950000000   -0.178005200   -0.445888800
1421   -0.950000000   -1.056050000   -0.704753300
1422    4.880447000    0.495635900    0.122172000
1423   -0.950000000   -1.178814000   -0.354491300
1424    5.196441000    1.043374000    1.210180000
1425    6.083490000    0.886835600   -0.824059200
1426   13.222200000    1.044468000    1.241400000
1427    4.945354000   -0.012020970    1.041860000
1428    7.721613000    0.110638400   -0.958554100
1429   14.122500000    0.934777200    0.148914800
1430    5.717574000   -0.104958100   -0.630088400
1431   -0.675530400   -0.760852400   -0.588189900
1432   -0.950000000   -1.087564000   -0.773906900
1433   -0.950000000   -1.616870000    1.365414000
1434   13.536740000    1.251761000    1.018868000
1435   12.529060000    0.928452600    1.105139000
1436   10.771950000    0.852861100   -0.101516200
1437    1.135731000   -0.307773300    0.702267700
1438   -0.950000000   -1.500868000    1.621319000
1439   13.597110000    0.642824400    0.194626400
1440   23.571900000    1.715999000   -0.460174900
1441   -0.950000000   -0.897029000   -0.325799800
1442    5.183713000    0.285903800    1.360037000
1443   11.416990000    1.236264000    0.231692800
1444    5.365963000    0.426651100    0.767190900
1445   -0.950000000   -1.398791000   -0.896226500
1446    4.527092000    0.191068900   -0.441539900
1447    0.666246400   -0.347452600    0.181190200
1448    0.411145500   -0.067486130    0.538355300
1449   -0.950000000   -0.873392700   -0.185524600
1450   -0.950000000   -0.450752500   -0.562928800
1451   22.309240000    1.695266000   -0.712250700
1452   25.220170000    1.710219000   -1.064559000
1453   -0.950000000   -0.565383700    0.979825800
1454   11.441390000    0.535402700   -0.397583800
1455   -0.950000000    0.566948500    1.579112000
1456   20.966780000    1.299972000    1.267943000
1457    5.870629000    0.319095100    1.092637000
1458   -0.950000000   -1.064774000    0.031452460
1459   -0.950000000   -0.438327600    1.475809000
1460   -0.950000000   -0.498027400    1.447020000
1461   14.205960000    1.121111000   -0.283454400
1462   -0.950000000   -0.500154900    0.958858600
1463    7.223781000    0.610388400   -0.130920600
1464    6.449994000    1.014339000    1.195593000
1465   -0.950000000   -1.316510000   -0.528613900
1466   16.277550000    1.169092000   -0.455897600
1467   -0.707182600   -0.394754700    0.316483400
1468   13.192840000    0.909472400   -0.774517800
1469   -0.950000000   -1.026998000    0.404145000
1470   10.605370000    0.880567800    0.892186800
1471    6.184805000    0.653401500   -0.244187900
1472   -0.950000000   -1.333256000    0.576989700
1473   -0.950000000   -0.402999400    1.024197000
1474   -0.950000000   -0.071859120    1.419358000
1475   -0.950000000   -0.155260300    0.292595600
1476    9.027826000    0.740576200   -0.199318600
1477    0.782581100    0.345486600   -0.055081940
1478   -0.950000000   -1.599112000   -1.005251000
1479   -0.950000000   -0.288222500   -0.536250500
1480   10.486920000    1.177383000   -1.531885000
1481   -0.950000000   -0.972148000    0.067702790
1482    5.106898000    1.089851000    0.654162600
1483   -0.950000000   -0.858265600    1.101537000
1484   -0.950000000   -0.892792700   -0.342613200
1485   -0.950000000   -1.136523000    0.325635700
1486    8.349233000    0.720252700   -0.745258200
1487   -0.950000000   -0.614438500    0.436511600
1488    3.945571000    0.333748500    0.548902700
1489   -0.950000000   -0.828760100   -1.750280000
1490   16.200520000    0.932408600    1.108684000
1491   15.403160000    0.945463000   -0.098823700
1492    9.138435000    0.710176900    0.742235900
1493   -0.950000000   -0.535414700    0.787219300
1494   -0.950000000   -1.544443000    0.474964100
1495   15.639750000    1.151372000   -0.098138950
1496   -0.950000000   -0.637185100   -0.214963000
1497    1.435615000   -0.662137500   -1.752519000
1498   18.086330000    1.679782000   -0.099154860
1499   20.908600000    1.856462000   -0.408637000
1500   -0.950000000   -0.854445900    0.158560600
