*y  x1  x2
   1    0.809928300    0.158054300    1.002839000
   2    1.155998000    0.333004700    0.420608600
   3   -0.950000000   -1.121186000   -0.016511710
   4   -0.950000000   -0.155531700   -0.105631000
   5    5.316502000    0.557785100    1.529120000
   6   -0.950000000   -0.894123900   -0.283303200
   7   -0.950000000    0.597579200    1.741792000
   8    2.291076000    0.417465400   -0.212646400
   9   14.314800000    1.275251000   -0.239762600
  10    7.909357000    0.673629000   -0.181323100
  11   -0.950000000   -0.617750000    0.090279510
  12   -0.950000000   -0.877863500    0.171918400
  13   13.281620000    1.204459000   -0.987253200
  14   -0.950000000   -0.437432500   -0.627178800
  15   -0.950000000   -1.477219000   -0.339406400
  16   12.715280000    0.833261300   -0.759284400
  17    7.042412000    0.214811500    0.113040300
  18    2.240391000   -0.245272000   -0.778151700
  19   -0.950000000   -0.586595300   -0.088719350
  20   -0.540551400    0.039923030    1.629040000
  21   10.002010000    1.031768000   -0.259608100
  22    5.983305000    0.757983900    0.765338000
  23    8.279517000    0.725099300    0.837617700
  24    5.029284000   -0.030100310   -1.273577000
  25    0.902968200   -0.491242300   -1.243077000
  26    5.321245000    0.546730900    1.168210000
  27   -0.950000000   -0.781264200    0.979267400
  28   -0.950000000   -0.325134800    0.089736970
  29    4.825166000    0.156622200   -0.555378300
  30   12.929130000    0.933832700    0.623611000
  31    4.722320000    0.579590700    0.423338100
  32   -0.950000000   -1.033819000    0.007772694
  33    6.013844000    0.508179000    0.068678260
  34   13.255350000    1.184725000   -0.459429600
  35   -0.950000000   -0.570426900    0.037277830
  36   -0.950000000   -0.405609500    0.690886200
  37    0.656031600    0.231431300    1.088595000
  38    1.619998000    0.226566000    0.848824100
  39    3.026069000   -0.005130575   -1.237682000
  40    3.385416000    0.207463100    0.538609400
  41    3.857128000    0.215494100   -0.151897100
  42   -0.950000000   -0.851563200    1.132145000
  43   -0.950000000   -0.485864500   -0.324443100
  44   -0.950000000   -1.189404000   -0.130314900
  45    3.318079000    0.238299700   -0.426448200
  46   27.775550000    1.798175000   -0.020743550
  47    0.824565800   -0.270508500   -0.336047800
  48   -0.950000000   -0.391564400    0.267718100
  49    7.101507000    0.773719400    1.260561000
  50   -0.950000000   -0.355922200    1.318135000
  51    8.901878000    0.526043100    0.126525600
  52   -0.950000000   -0.470922500    0.853681900
  53    3.485522000   -0.099642620   -0.115697000
  54    6.528910000    0.327608300   -0.789304900
  55   -0.950000000   -0.621137900    0.740072600
  56   -0.950000000   -1.282078000    1.307825000
  57    2.689820000    0.311561600    0.428804100
  58    9.523844000    0.481894500   -1.777650000
  59    6.878450000    0.243055700   -0.732845900
  60    6.486330000    0.586552800    0.795095900
  61   -0.950000000   -0.289410100    1.145510000
  62   -0.950000000   -1.247211000   -1.532969000
  63   24.767150000    1.941971000   -1.334103000
  64    5.713694000    0.023506690   -1.245371000
  65   -0.950000000   -0.313742800   -0.855643300
  66    9.254748000    0.589923900   -0.529769300
  67    7.330664000    0.856964700   -0.280906300
  68   -0.950000000   -0.070620250    0.090910910
  69    2.807218000    0.275773700    0.331017600
  70   14.707160000    1.164006000   -0.657304300
  71    1.858713000    0.509665500    1.902897000
  72    6.612507000    0.716300900    0.159040300
  73    6.324136000    0.540317000   -0.386843800
  74   10.195910000    1.037241000   -0.325896700
  75   -0.950000000   -0.724822800   -0.077211760
  76   11.392350000    0.998890900   -0.764224700
  77   -0.950000000   -1.413361000   -1.381830000
  78   -0.637076400    0.266234000    0.588088200
  79    2.181469000    0.165282800   -0.503262200
  80   -0.950000000   -0.982322400    0.348454200
  81    2.980775000    0.150883400    0.773718900
  82   18.054350000    1.449168000   -0.620609700
  83   -0.950000000   -0.466236600    0.124943100
  84   19.260100000    1.767208000   -0.866695700
  85   14.493270000    1.494928000   -0.118306600
  86   -0.309185600    0.075423070    0.724984200
  87   -0.797714200   -0.278899000   -0.888698700
  88   -0.950000000   -1.008265000   -1.300798000
  89   -0.950000000   -1.165510000    0.829450600
  90    4.408484000    0.336580700    0.555147500
  91    6.798298000    0.449747100   -1.223959000
  92   -0.950000000   -1.266551000   -0.188095900
  93   13.898280000    1.781233000    0.391344100
  94    3.487507000    0.249809100   -0.839793000
  95   -0.950000000   -0.718740100    0.334122500
  96   -0.950000000   -0.700117300    0.021503290
  97   -0.950000000   -0.060267120    0.126855100
  98    1.080029000   -0.097613950   -1.369613000
  99   -0.173053200    0.535942700    1.398946000
 100   -0.950000000   -1.247767000    0.635564800
 101   -0.950000000   -0.604780100    1.268039000
 102   14.122700000    1.354174000   -1.215449000
 103   12.022640000    1.408670000   -1.562497000
 104   -0.950000000   -0.585943500    0.753641100
 105   11.793410000    1.381182000   -0.218538000
 106   -0.950000000    0.014818810    1.095297000
 107   -0.950000000   -0.299270700   -0.122748300
 108   -0.950000000   -1.885304000    1.003737000
 109   14.612400000    1.267169000   -0.836667600
 110   -0.950000000   -0.627471500   -0.334354100
 111   -0.950000000   -1.452521000    1.046044000
 112   -0.950000000   -1.873837000   -0.945797400
 113   -0.034367700    0.460451600    1.209004000
 114    4.714905000    0.518525600   -0.122530800
 115   13.049330000    1.631436000   -0.092260990
 116   -0.950000000   -0.441101300   -0.924957200
 117   10.093860000    0.716888600   -0.306984500
 118   -0.950000000   -1.428154000    0.035632200
 119   -0.950000000   -0.714608700    1.114425000
 120   -0.950000000   -0.587055600   -0.635795400
 121   -0.950000000   -0.491342600    0.042694160
 122   -0.950000000   -1.089795000   -1.025411000
 123   -0.950000000   -0.675265900    1.241896000
 124    4.354785000    0.353964500   -0.280181100
 125   -0.950000000   -0.657089200    1.285940000
 126   -0.950000000   -0.756185600   -0.142710300
 127   -0.950000000   -1.156599000    1.006966000
 128   -0.535825000   -0.027935100    0.033060830
 129   18.100610000    1.692697000   -0.995151900
 130   -0.950000000   -1.561678000   -0.368591400
 131   -0.950000000    0.071001350    0.362145600
 132    3.758368000    0.234005900    1.231580000
 133   -0.950000000   -0.467320900   -0.458205400
 134   -0.950000000   -1.003715000   -0.076274390
 135    8.210406000    0.503259100   -0.277480600
 136   -0.950000000   -0.531953600   -0.756073900
 137   -0.950000000   -0.446858200    0.805210600
 138   -0.950000000   -0.314706100    0.743023900
 139    7.528325000    0.995321200    0.145984400
 140    3.609336000    0.607352600    0.289075100
 141    2.485999000    0.506094400    0.196123700
 142   -0.950000000   -1.050533000    0.669147200
 143   -0.950000000   -1.366061000   -0.821589900
 144   -0.950000000   -1.886807000   -0.050504900
 145   16.872170000    1.287014000   -1.632330000
 146    1.374811000    0.247290200    0.096437400
 147   17.986320000    1.627213000   -0.117719000
 148    2.309948000   -0.039289460   -1.516633000
 149   23.018980000    1.914907000   -1.323122000
 150    4.564487000    0.552024500    0.397761700
 151    5.113803000    0.067438740    0.177352500
 152   16.655300000    1.652946000    0.067781160
 153    5.156143000    0.123443600    0.046441050
 154    0.217570800   -0.201292500    0.231528600
 155   -0.950000000   -1.125408000    1.199024000
 156   -0.950000000   -0.262718600    0.380149600
 157    4.781530000    0.034633320   -0.372261500
 158   12.196160000    0.641429100    0.096654920
 159   -0.950000000   -0.024109620    1.039068000
 160   10.034990000    0.877059900    0.611280000
 161   -0.950000000   -0.495881100    1.151445000
 162    7.662144000    0.230981700   -0.724728600
 163   -0.950000000   -0.391258500    0.968012400
 164   -0.950000000   -0.410949200    0.584481200
 165   -0.950000000   -1.233118000    0.800065100
 166   -0.950000000   -0.477618800    0.896389100
 167    2.360771000    0.323726900    1.478899000
 168   10.362520000    0.822669200    0.281551600
 169   -0.084052390   -0.268143300    0.739192700
 170   -0.950000000   -0.319995200    1.887203000
 171    0.097271920   -0.470168300   -1.717086000
 172   -0.318795500   -0.459032200   -0.993297600
 173    1.259458000    0.094909890   -0.075906270
 174   15.520740000    1.267752000   -1.428100000
 175    4.000912000    0.310106300    0.572183100
 176    2.076195000   -0.479722800   -1.946916000
 177   -0.950000000   -0.943132900    1.125100000
 178   -0.950000000   -0.707060700    0.832668800
 179    7.396438000    0.833074700    0.140676900
 180   14.950480000    0.953899900   -0.380658000
 181   -0.950000000   -0.466335800   -0.024403200
 182   -0.950000000   -0.087265100    1.118978000
 183   -0.950000000   -0.062286070    0.237414100
 184   -0.113333100    0.362445100    0.857276400
 185   -0.950000000   -0.752034800   -0.530531200
 186   -0.950000000    0.194742200    1.208417000
 187    0.215595700    0.329822100    0.560804500
 188    4.386701000    0.806998100    0.427191500
 189   -0.950000000   -0.667869000    0.035345310
 190    0.992484700    0.106849500   -0.910263100
 191   -0.089606970   -0.128694000   -1.002643000
 192   -0.950000000   -0.987391100   -1.876229000
 193   -0.950000000   -1.744478000    0.527402000
 194    3.093028000    0.356340100   -1.128939000
 195    0.529568500    0.548033900    0.354434200
 196   -0.353909600   -0.231488100   -0.605889800
 197    7.815081000    0.871329300   -0.212734600
 198   -0.950000000   -0.768901600    0.138764900
 199   -0.293621400    0.172111300    1.147103000
 200   -0.950000000   -0.242205200   -0.370896400
 201   -0.950000000   -1.124361000   -0.646029800
 202    2.695786000    0.685389100    1.800875000
 203   -0.950000000    0.983945100    1.454712000
 204    2.163655000   -0.136280600   -1.899449000
 205    6.634178000    1.011954000    1.284554000
 206   -0.950000000   -1.512107000   -1.370591000
 207    2.925131000    0.272743800   -0.511859800
 208   -0.950000000   -0.490612300    0.024395330
 209   -0.950000000   -1.394333000   -0.561760500
 210   -0.950000000   -0.412864100    0.487839900
 211   13.133020000    1.602497000   -1.761043000
 212   -0.831488800    0.070922740   -1.142208000
 213    9.183599000    0.766440800   -1.058201000
 214   -0.950000000   -0.331983300    0.150826900
 215   -0.950000000   -1.125930000   -0.355554300
 216   -0.950000000   -0.125576100   -0.807160200
 217   -0.950000000   -0.613293500    0.221110600
 218   -0.950000000   -0.909677300   -0.843565800
 219   -0.950000000    0.225771500   -0.547829000
 220   -0.950000000   -0.800586700    0.354530600
 221   -0.950000000   -1.409381000    0.000770505
 222    9.434515000    0.805716500   -1.174141000
 223   -0.950000000   -1.588357000    0.170455300
 224   -0.950000000   -0.826936800    0.550757400
 225    6.908368000    0.992707800   -0.327426600
 226   -0.950000000   -0.550635000   -0.182858800
 227   -0.950000000   -0.017610930    0.525447600
 228   -0.950000000   -0.921223200   -0.543626800
 229   10.782400000    1.051591000    0.784817900
 230   15.263760000    1.158342000   -0.719162300
 231    0.101683200   -0.032095030    1.096177000
 232   16.624600000    0.918421100    0.837889300
 233    7.138821000    0.285395500   -1.184616000
 234   -0.950000000   -0.968644100    0.471954100
 235    5.307752000    0.151528400   -0.131285400
 236   10.097560000    0.786754700   -0.729698100
 237    8.573648000    0.052929330   -1.972787000
 238    4.038657000    0.106273900   -0.745788400
 239    8.810624000    1.087318000    1.059938000
 240   10.700320000    1.179152000   -0.149477600
 241    2.287122000   -0.006774125   -0.412178500
 242   13.819520000    1.525810000    1.216228000
 243   -0.950000000   -0.357616200    0.822379800
 244    8.554658000    0.439583800    0.250106200
 245   -0.950000000   -1.095823000   -1.499963000
 246   -0.950000000   -1.005342000   -0.406558000
 247   -0.950000000   -0.481890800    1.609186000
 248   14.313350000    1.605316000    1.301299000
 249   12.507550000    0.930956600   -0.199071200
 250   -0.950000000   -0.201223000    0.573813200
 251   -0.950000000   -0.242233600    0.362121900
 252   -0.950000000   -1.614460000    0.048294110
 253   -0.950000000   -0.300362800   -0.076079970
 254   20.232610000    1.678839000   -0.251454000
 255    2.629657000    0.167545600   -0.203360100
 256   10.349800000    1.285788000   -0.389194400
 257   11.565800000    1.343826000   -0.905524200
 258   13.182690000    1.564110000   -0.184329900
 259   -0.950000000   -1.492725000   -0.993349800
 260   -0.950000000   -0.568173600    1.213599000
 261   -0.950000000   -0.782345500   -1.405133000
 262    3.472780000    0.183096200   -1.342193000
 263    2.697299000    0.829681500    0.881089400
 264   -0.950000000   -0.556470900   -0.190407800
 265   -0.950000000   -0.033703780   -1.416706000
 266   -0.950000000   -1.112454000    0.287146500
 267   -0.950000000   -0.696267000   -0.948668400
 268   -0.950000000   -0.572665800    0.162241900
 269   -0.950000000   -0.339651100    0.783025200
 270   -0.950000000   -0.577936900   -1.603698000
 271    6.108109000    0.508847500    0.678385300
 272   -0.950000000   -0.429105200   -0.505584200
 273   17.380770000    1.303612000   -0.729229000
 274    4.374986000    0.824683900    1.108966000
 275   -0.950000000   -1.616715000   -0.881373200
 276    5.491940000    0.603008200    0.920962600
 277    6.304704000    0.421704500   -0.366459700
 278   12.728140000    1.117020000   -0.563400900
 279    4.664855000    0.174000900   -0.729213700
 280    6.144847000    0.198776700   -0.967213900
 281   -0.950000000   -1.812805000   -1.185682000
 282    1.344381000    0.162146600    0.345572800
 283   -0.950000000   -0.804107900   -0.742385600
 284    4.613834000    0.527157100    1.000128000
 285    1.784485000    0.421193500    1.956242000
 286   -0.950000000    0.200331600   -0.343618600
 287    0.610960300    0.587596500    1.690017000
 288   -0.950000000   -0.917064600   -0.333558400
 289   -0.950000000   -0.383565700    1.446430000
 290   -0.950000000   -0.911501200   -1.047480000
 291   -0.950000000   -0.245545400    0.658664200
 292   -0.950000000   -0.603843600   -1.894388000
 293   19.908260000    1.901414000    0.041938620
 294   -0.950000000   -0.537196200    0.281510200
 295   -0.950000000   -0.268606000   -0.745376900
 296   -0.950000000   -1.127101000    1.472729000
 297    2.017187000   -0.313033700   -1.977440000
 298   -0.950000000    0.013940960   -0.794003100
 299   -0.950000000   -1.956729000    0.074641480
 300   -0.950000000   -0.321051700    0.146885400
 301   -0.950000000   -1.973965000    0.607531600
 302   21.081970000    1.757367000   -0.139337400
 303   -0.950000000   -0.945951000   -0.066618620
 304   -0.374556600    0.027645190   -1.004062000
 305   -0.950000000   -0.193930900   -0.833463600
 306   -0.950000000   -0.203145400   -0.173740200
 307    7.202470000    0.909525400   -0.530168500
 308   -0.950000000   -0.408633300   -0.883802200
 309   -0.950000000   -0.059957340   -0.455968900
 310   -0.950000000   -1.452759000    0.051942590
 311   14.951180000    1.764705000    0.256529800
 312   -0.950000000    0.005890151    0.438080500
 313   11.926600000    0.909348100   -0.413176200
 314   -0.950000000   -0.273520800   -0.282033200
 315   -0.950000000   -0.349492100    0.496485300
 316   -0.950000000   -0.946394200   -0.576705600
 317   -0.950000000   -0.420858900   -1.141301000
 318    7.022799000    0.973536300   -0.347596300
 319   -0.950000000   -1.289297000    0.731565600
 320   -0.950000000   -0.172555100   -1.461972000
 321    7.980091000    1.027803000   -1.490373000
 322   12.722060000    1.908286000    0.764350300
 323   -0.950000000   -1.136963000    0.647297900
 324   -0.950000000   -1.388622000   -0.680562800
 325   10.194170000    1.446215000   -0.573185900
 326   -0.950000000   -1.720374000   -0.138441100
 327    0.216580300    0.160469000   -0.246162600
 328    9.885168000    1.668199000   -0.440176400
 329   -0.950000000   -0.328314900    0.670517300
 330   -0.950000000   -1.507283000   -0.178776200
 331    5.835427000    0.015880090    0.753857800
 332    7.810966000    0.489486200    1.151364000
 333   24.068300000    1.588728000   -0.356648500
 334   -0.950000000   -0.953908500    0.564427400
 335   -0.950000000   -1.132596000    0.662166400
 336   15.783200000    0.754344800    0.190246200
 337    2.235862000   -0.390466300    0.076932430
 338   -0.716843600   -0.679498900    1.341210000
 339   17.836620000    1.625983000    0.680245500
 340    8.489228000    0.422354100    1.376554000
 341    0.679313200    0.008296728    1.024829000
 342   -0.802994600   -0.711676200    0.016158290
 343   13.384910000    1.011157000    0.923897700
 344    8.921801000   -0.029399330   -1.167976000
 345    2.512574000   -0.383260500   -0.018051910
 346    7.453972000    0.777232500   -0.769110400
 347    8.313553000    0.488628200   -1.759517000
 348   -0.950000000   -1.229615000   -0.073975480
 349   -0.950000000   -0.221194700    0.443428800
 350    4.728735000    0.425086100   -0.601657800
 351   15.846810000    1.969798000   -0.209292800
 352   -0.675048100    0.156098000   -0.463338800
 353    0.751673200    0.124287000    0.234121000
 354   -0.950000000   -0.357826100    0.481622700
 355   -0.950000000   -1.722003000    1.136797000
 356   -0.950000000   -0.302198700   -0.956915600
 357   -0.950000000   -1.331226000    0.310215700
 358   -0.950000000   -0.358251200    0.236416300
 359    5.857914000    0.689278800   -1.373420000
 360   10.146980000    1.070864000    0.526223900
 361    2.375393000    0.663439500    1.020192000
 362   -0.950000000   -0.178398500    0.473404900
 363   17.248520000    1.467845000   -0.875282900
 364   -0.920853300   -0.022143050    1.482804000
 365   -0.950000000   -1.706759000   -0.443373600
 366   -0.950000000   -1.535312000   -0.565953000
 367    2.636681000    0.156018900   -1.110109000
 368   -0.950000000   -1.719218000    0.248078800
 369   -0.950000000    0.554019900    1.392936000
 370   -0.950000000   -0.086912350    1.187251000
 371    2.896855000    0.222970600   -1.347025000
 372   -0.950000000   -1.008543000   -1.381236000
 373   -0.950000000    0.006298193    1.695614000
 374   -0.950000000   -1.160535000   -1.364159000
 375   -0.950000000   -1.065439000    1.449605000
 376   14.019220000    1.294321000   -0.115017100
 377   -0.950000000   -0.835278900   -1.706730000
 378   -0.950000000    0.345002800    1.489124000
 379   -0.950000000   -0.542226400   -0.016467410
 380   -0.950000000   -1.154848000   -0.657679900
 381   -0.950000000   -1.108547000    0.446840000
 382   -0.950000000   -0.493899200   -1.285833000
 383    5.438587000    0.451159100   -0.356007600
 384   12.758140000    1.181273000    0.248613200
 385   11.219850000    1.159614000   -0.171595800
 386   -0.950000000   -1.362745000   -0.305367500
 387   -0.950000000   -1.175097000   -0.035168790
 388   -0.950000000    0.118716000    0.138109700
 389   17.736070000    1.775943000   -0.745603300
 390   -0.668364700    0.071912580   -0.379066300
 391   11.750390000    1.413893000    0.256438400
 392   -0.950000000   -0.495813400    1.205489000
 393   15.383770000    1.240792000    0.228361000
 394    8.761315000    0.364146900   -0.604269200
 395    7.630352000    0.279180800   -0.198421700
 396   -0.950000000   -0.574694600   -0.018809500
 397    1.805496000   -0.215231800   -1.061037000
 398   11.502680000    1.890926000    1.586691000
 399    8.096073000    0.884721400    1.904599000
 400    1.743932000   -0.130796800    0.610191800
 401   16.773990000    1.929867000    0.804520200
 402    7.242042000    0.218432100   -0.968350400
 403   14.132070000    1.109433000   -0.524084600
 404   12.161640000    0.682592000    0.013078710
 405    2.592284000   -0.317087200   -0.691360200
 406   -0.950000000   -0.770813400    0.334196900
 407   -0.950000000   -1.899866000    1.285034000
 408   17.153140000    1.190390000    1.103337000
 409    3.913831000    0.200000700    0.276488500
 410   17.566310000    1.307806000   -1.046814000
 411    5.886579000   -0.130240700   -1.864092000
 412    6.178639000    0.468023800    1.089411000
 413    3.085644000    0.338824300    0.880405400
 414   -0.950000000   -1.796330000    1.437990000
 415    3.037981000    0.173321200    0.415350500
 416   14.652220000    1.355364000    0.253814400
 417    3.729041000   -0.024918910   -0.915539200
 418    5.710409000    0.051949190   -0.869474800
 419   11.485680000    1.062848000   -0.572583700
 420    5.683168000    0.316985500    0.826870400
 421   -0.950000000   -0.970782200   -0.841625900
 422    1.891118000    0.360449400    0.193036600
 423   17.098380000    1.095307000   -1.801187000
 424    0.539641300   -0.167671400    1.884890000
 425   -0.950000000   -0.668191700   -0.443153700
 426   10.792310000    1.229626000   -0.219125100
 427    8.704631000    0.765665000   -1.059183000
 428   -0.950000000    0.154754900    1.185827000
 429    3.083019000    0.347705900   -0.578093300
 430    8.600676000    0.914224400   -0.019698220
 431    8.207448000    1.617037000    0.839970900
 432   -0.950000000   -1.825484000   -1.762309000
 433   -0.950000000    0.125143800    0.811051200
 434   14.492180000    1.389749000   -0.385844900
 435    0.348698800    0.111851500   -0.283402900
 436    7.977294000    0.595805500    0.405765100
 437    2.488392000    0.095296950    0.057782100
 438   13.797200000    1.474122000    0.767094000
 439   14.368240000    1.174820000   -1.440646000
 440    1.671854000   -0.216255800   -0.958877500
 441    4.940316000   -0.098368250   -1.435845000
 442   -0.950000000    0.310075000    1.280034000
 443   -0.886469600   -0.457012800   -0.330095300
 444   14.319670000    1.263867000    1.370604000
 445   -0.950000000   -0.768413500   -1.082764000
 446   -0.950000000   -1.099407000   -0.156509800
 447   14.617960000    0.965341100    1.845733000
 448   -0.950000000   -0.522855100    1.993817000
 449   -0.950000000   -0.925500600   -0.746253800
 450   -0.950000000   -0.451766200    0.519611400
 451   -0.950000000   -0.194535000   -0.367427900
 452   -0.950000000   -0.973822700   -0.099176430
 453   -0.950000000   -0.566533200    0.047923740
 454   -0.950000000   -0.265653200   -0.157023100
 455   -0.950000000   -0.287507600    0.300702200
 456    2.717491000    0.418506800    0.724535400
 457   -0.950000000   -0.709686700    0.478236800
 458   15.248700000    1.944228000    0.434047300
 459   12.649840000    1.388043000   -0.292506300
 460    3.917186000    0.341363600   -1.121560000
 461    5.122815000    0.514075800   -0.650607800
 462    3.417615000   -0.036478050   -1.422221000
 463   18.084390000    1.615601000   -0.460276800
 464    4.998898000    0.102580600   -1.375727000
 465   13.448410000    0.925626800   -1.935651000
 466    8.169681000    0.758796900   -0.063177720
 467    6.280163000    0.450121000    1.677549000
 468    4.931829000    0.447211800   -0.769184900
 469    8.092788000    0.741654200   -0.546662700
 470   -0.950000000   -0.958451700   -0.684460500
 471   -0.950000000   -0.933089800   -0.355433800
 472   -0.950000000   -0.296564700    1.756880000
 473   -0.950000000   -0.159967200   -1.255776000
 474    5.389029000    0.604121600   -0.374205900
 475   -0.950000000   -1.382255000    0.784625200
 476   -0.950000000   -0.284344000   -0.077187940
 477    7.869054000    1.171278000    1.114713000
 478   -0.950000000   -0.663389300   -1.754016000
 479    5.305041000    0.331347700   -0.722265500
 480    1.601166000    0.443142300    0.382792900
 481    6.764596000    0.110962200   -1.611596000
 482   -0.950000000   -1.462718000   -1.117048000
 483   22.856750000    1.874741000   -1.775916000
 484    1.513581000    0.060461850   -0.762313500
 485    3.038658000    0.532671300    0.363719600
 486   13.982580000    1.492282000   -0.613185500
 487   -0.950000000    0.228806000    0.655042100
 488   -0.950000000   -0.855506500   -0.626325000
 489   -0.950000000   -1.936902000   -0.163019800
 490   -0.950000000   -0.622567900   -0.709339800
 491    9.095264000    0.586700800    1.554015000
 492    2.533949000    0.247100700   -1.471014000
 493    9.464309000    1.159808000    1.149110000
 494   -0.950000000   -0.390104800   -1.243062000
 495   -0.950000000   -0.374250300   -0.507082400
 496   -0.818992600    0.131861900    0.543392100
 497   13.176890000    1.292324000   -1.801232000
 498   -0.950000000   -0.973399700   -0.294482300
 499   -0.950000000   -0.843097300    0.273553600
 500   10.042600000    0.845817900   -1.166449000
 501   -0.950000000   -0.334182300    0.197404900
 502   -0.950000000   -0.982349200    1.532825000
 503   -0.950000000   -0.819094100    0.063433700
 504   -0.950000000   -1.266961000    0.412900100
 505   -0.950000000   -0.907461100    1.006616000
 506    0.718433400   -0.006444395   -1.776608000
 507   -0.950000000   -0.488519600    0.944469400
 508   -0.950000000   -1.919359000    0.805843600
 509   -0.950000000   -0.416238700   -0.089289890
 510   -0.950000000   -0.994360700   -0.505438600
 511    8.555370000    1.088664000    0.012201080
 512    6.141820000    0.679259500    0.289680000
 513    6.063463000    0.633213700   -0.159339300
 514   12.160200000    1.016599000   -0.961630400
 515   12.500260000    1.337036000   -0.695548100
 516   -0.950000000   -0.096631870    0.059533110
 517   -0.950000000   -0.171179600   -0.116626100
 518    6.908633000    0.623518100    1.508723000
 519    7.984322000    0.687334400   -0.602090700
 520   -0.950000000   -0.307418800   -0.145151100
 521    2.366909000   -0.003699854   -0.749674500
 522   -0.062102070    0.049023740   -0.247269100
 523   -0.275850100    0.065017450    0.222185000
 524   -0.950000000   -0.461587700   -0.396163000
 525   -0.950000000   -1.525123000   -0.754892400
 526    2.190499000    0.287295800   -1.135038000
 527   -0.950000000   -1.554826000   -1.253302000
 528   -0.950000000   -1.988689000    0.037135200
 529    7.345132000    1.164949000    0.528655500
 530   -0.950000000   -1.046917000   -0.484407000
 531   -0.950000000   -0.830021800    1.926882000
 532   -0.950000000   -0.516437800   -0.873201800
 533   13.182190000    1.273066000   -0.563797100
 534    9.815555000    0.942568500   -0.908637800
 535   -0.161238600    0.376101300   -0.312470300
 536   -0.950000000   -1.064317000    0.435096800
 537   -0.950000000   -1.378488000   -0.919986300
 538   -0.950000000   -0.226710800    1.560433000
 539    7.571775000    0.952489600   -0.796149600
 540   -0.950000000    0.018082260   -0.218794800
 541   -0.950000000   -0.442175500   -0.556223400
 542   -0.950000000   -1.362627000    1.772617000
 543    7.675010000    0.406003600   -1.447488000
 544   23.975660000    1.521720000   -1.255426000
 545   22.333560000    1.808558000   -0.397094000
 546    3.155205000    0.005885779   -0.615881100
 547   14.367450000    1.169088000   -1.432491000
 548   -0.950000000   -0.117686200    0.750892100
 549   11.904340000    0.946272400   -0.511494900
 550   -0.950000000   -0.614373300    0.342556300
 551   15.590740000    1.071109000    1.454755000
 552   -0.950000000   -1.142702000    1.261721000
 553   -0.950000000   -1.343125000    0.460278800
 554    2.492692000    0.257527900   -1.876490000
 555    6.004168000    0.532574500    0.577501500
 556   -0.950000000   -1.196174000   -0.403565200
 557   -0.950000000   -0.180172100    0.346009300
 558   -0.950000000   -0.429042300   -0.533097400
 559    9.218811000    0.874256000   -1.815843000
 560   -0.950000000   -0.191657100   -0.753672000
 561    2.366235000    0.559672400   -0.593637800
 562    9.057827000    1.190037000   -0.346060500
 563    0.152190300    0.282286900    0.704639100
 564   -0.950000000    0.225409200    0.135570900
 565   -0.950000000   -0.714616400   -0.144441900
 566   -0.950000000   -0.747888000    1.778383000
 567    6.551039000    0.844396900   -1.021053000
 568    0.007337380    0.116510100   -1.649969000
 569   -0.553009900    0.521991800    0.371129500
 570    6.362154000    0.741636000   -0.740870900
 571    8.655888000    0.834694500    1.358027000
 572   -0.950000000   -1.383478000   -1.019015000
 573   16.134510000    1.285736000   -1.010358000
 574   -0.950000000   -0.757938300   -0.660075000
 575    6.214442000    0.815307200    0.812011300
 576    4.358350000    0.156688000   -1.676207000
 577   -0.950000000   -0.666020100    0.369317100
 578   -0.950000000   -0.858544000   -0.208263700
 579    6.769646000    0.458011400    0.390731500
 580    5.133251000    0.279156900   -1.182933000
 581    5.482433000    0.312827900   -0.544152700
 582   -0.950000000   -1.267315000    1.472430000
 583   15.992840000    1.432672000    0.461734800
 584   -0.950000000   -0.285209000    1.119271000
 585   -0.950000000   -0.311093800    0.345681900
 586   -0.950000000   -1.319063000   -1.358414000
 587    5.520315000    0.814554200    0.140521700
 588   -0.950000000   -0.535498500    0.176947300
 589   -0.950000000   -0.955038300    0.432557600
 590    1.362717000    0.210203200    0.792569800
 591   -0.950000000   -0.615823800    0.474531100
 592   -0.950000000    0.011760230    0.881504200
 593   12.991580000    1.108985000    1.824339000
 594   -0.950000000   -0.698965000    0.889473600
 595   -0.950000000   -1.842812000   -0.121659500
 596    7.494338000    0.582322000   -1.673794000
 597    0.996863900    0.149351000   -0.903465300
 598   -0.950000000    0.033360510   -0.082369830
 599   -0.950000000    0.043225240   -0.282344800
 600    7.947344000    0.910024800   -1.517802000
 601   -0.950000000   -0.181648600   -0.966649600
 602    8.958524000    1.060401000   -1.343998000
 603   -0.950000000   -0.201306200   -0.028751310
 604    5.975301000    0.361710800   -1.092256000
 605   -0.950000000   -1.769191000    0.849058300
 606   10.560690000    0.925548600    0.666211800
 607   -0.950000000   -1.099348000   -0.970632900
 608   -0.950000000   -1.460346000    1.274356000
 609   -0.950000000   -0.511336100   -1.218408000
 610    3.310856000    0.421114300   -0.406195200
 611   19.380210000    1.913715000    0.359524100
 612   -0.950000000   -0.110563000   -0.211366600
 613   -0.950000000   -1.166246000    1.276064000
 614   -0.950000000   -0.056276130    1.201747000
 615   -0.950000000   -1.447862000   -0.602272400
 616    2.514638000   -0.312429400   -0.234981500
 617    5.206793000    0.001828422    0.678478300
 618    8.618648000    0.806839700    1.388820000
 619    8.449505000    0.270055300   -0.584334500
 620    3.884198000   -0.176415600   -0.181371100
 621    2.591196000   -0.123575200    0.359580000
 622    4.926860000    0.512227100    1.054167000
 623   -0.950000000   -1.022726000    0.741983600
 624    0.063229040   -0.502375700    0.301173900
 625   15.833000000    1.210329000    0.649604300
 626    4.924782000   -0.048651100    1.006373000
 627   13.282350000    0.697712000    0.239438000
 628    0.358508400   -0.226184200    0.633179300
 629    9.750605000    0.072746570   -1.557805000
 630   11.265220000    0.466298100    0.470721600
 631    9.514490000    0.702892600   -0.547169300
 632    6.012894000    0.569076700    0.894921700
 633   14.445730000    1.434892000    1.063779000
 634    0.053326780   -0.360556100   -1.101939000
 635   -0.950000000    0.406612300    1.839195000
 636    3.150145000    0.044107970   -1.046003000
 637   -0.660119900   -0.177516200   -0.544024300
 638   14.351000000    1.237989000   -0.286654400
 639    0.223320300    0.013089920    0.870833900
 640   -0.950000000   -1.160229000    0.247833600
 641   -0.950000000   -0.628929100   -1.081922000
 642   -0.950000000   -1.150967000    0.047876220
 643   -0.950000000   -0.921610000    1.276357000
 644    3.248556000    0.224943800   -0.209911400
 645   -0.950000000   -0.943190900    0.405348100
 646    6.552976000    1.161521000   -0.145153400
 647    2.017280000    0.564925500   -0.043705120
 648   -0.950000000   -0.953814000   -0.591128100
 649    3.935598000    0.519001000   -1.351472000
 650   -0.950000000    0.360400700    0.364429400
 651    2.329376000    0.752062300   -0.635551400
 652   -0.950000000   -0.083120270   -0.122628400
 653   -0.950000000   -0.626352500   -1.928216000
 654    4.701393000    0.933055900    0.182758100
 655   -0.950000000   -0.127317000   -0.841944100
 656   -0.950000000   -0.430383900    0.506617300
 657   -0.950000000   -0.409026800    0.491211900
 658   -0.950000000   -1.337797000    0.400580000
 659   -0.950000000   -0.063395010    1.089019000
 660    0.858704100   -0.114878700   -1.847985000
 661   -0.950000000   -0.348089200    0.502342700
 662   -0.950000000   -0.216903600    0.148476000
 663   -0.950000000   -0.095188520    1.563497000
 664   -0.950000000   -0.302720000    1.660810000
 665    8.482410000    0.416634700   -0.691920100
 666    8.287220000    0.686214300    0.975911300
 667    6.587883000    0.319848300   -0.498002300
 668   -0.950000000   -0.726670200   -0.881909200
 669    7.089477000    0.441406600   -0.228066800
 670    8.987803000    0.690898500   -0.850423900
 671   16.348680000    1.203993000    0.177297300
 672   -0.950000000   -0.941216500    0.660988900
 673    4.251120000   -0.044053610   -1.786825000
 674   -0.950000000   -0.596086900    1.171678000
 675   -0.950000000   -0.197903000    1.062209000
 676    1.907828000    0.324695300    0.193410200
 677   -0.950000000   -0.129219400   -0.452723000
 678   -0.950000000   -1.544046000    0.400364500
 679    6.364340000    0.958549700    0.442352800
 680   -0.950000000   -0.216588700    0.921066000
 681   -0.950000000   -0.820661600   -0.652580900
 682   -0.950000000   -1.386957000   -0.071671110
 683   -0.950000000   -0.638949000    0.372900600
 684   -0.950000000   -1.924758000    1.213988000
 685    9.636957000    1.317581000    0.291809400
 686   -0.950000000    0.157188700    0.609428900
 687   -0.950000000   -0.552461300   -1.082766000
 688   -0.950000000   -0.466141000    0.090586730
 689   -0.950000000   -0.426998900   -0.743513400
 690    2.494373000    0.331897000   -0.066684460
 691   -0.950000000   -0.540567500   -1.753730000
 692   10.679110000    1.207427000    0.817927700
 693   -0.950000000   -1.393477000   -1.252034000
 694   -0.950000000    0.051051990    0.488334500
 695   -0.950000000   -0.397549700   -0.049050970
 696   -0.950000000   -0.128263000    1.786861000
 697    1.610030000   -0.107920200   -1.241578000
 698    0.625931200    0.285060400    1.048766000
 699   -0.950000000   -0.614693200    1.514736000
 700   -0.950000000   -1.184299000   -1.919332000
 701   -0.950000000   -1.184245000    0.035539410
 702   -0.950000000   -0.079515580    0.588805900
 703    1.105691000    0.225359900    0.164912100
 704    5.279350000    0.497593200   -0.940810700
 705    2.437226000    0.469699100    0.140094900
 706    1.754762000   -0.115106900   -0.712237500
 707   -0.950000000   -0.851344300   -0.073856710
 708    2.283325000    0.519150100    1.416976000
 709   -0.940888400   -0.101514000    0.356389300
 710    0.868131100   -0.027058090   -0.579484000
 711    4.907469000    0.535466800    0.426690600
 712   -0.950000000   -0.762646000   -0.946767100
 713    4.119386000    1.074872000    1.985434000
 714   11.382260000    0.940601600    0.022121010
 715   -0.950000000   -0.325174100    0.194289300
 716   16.175440000    1.392204000    0.601403900
 717   -0.950000000   -0.779378700   -0.158655600
 718    5.405890000    0.650618200    0.004468261
 719   -0.950000000   -0.744395800   -0.260265700
 720   -0.950000000   -1.060454000    0.906795500
 721   -0.950000000   -1.055355000   -0.012079020
 722    2.030702000   -0.333602900   -1.656533000
 723   -0.950000000   -0.599374300   -0.150278200
 724    2.461099000    0.155147400    0.427423200
 725   -0.950000000   -1.518486000    0.905514000
 726    6.942240000    0.720236400   -1.186974000
 727   -0.950000000   -0.744653000    1.112415000
 728   23.859190000    1.548516000   -0.736654300
 729   -0.950000000   -0.276106700    1.423998000
 730   -0.950000000   -0.210934700    0.911403700
 731   -0.950000000   -0.387977300    0.416289600
 732   -0.950000000   -0.998598500    0.800180600
 733   -0.950000000   -1.637786000    0.415154500
 734   -0.089358170   -0.239154200   -1.308516000
 735   -0.736846400   -0.138621500    0.260767000
 736   -0.950000000   -1.308396000    0.265917400
 737    3.175666000    0.235863800   -1.331957000
 738   -0.950000000   -0.164999600   -0.537883700
 739   -0.950000000   -0.481072000    0.827745500
 740    3.088088000    0.725624800    1.898794000
 741    0.415947700    0.245658300   -0.447928400
 742   -0.950000000   -0.587241200   -1.433161000
 743   10.563050000    0.993531800    0.555608600
 744    6.557379000    0.665040200   -0.520646400
 745    5.924824000    0.244471400    0.914747800
 746   -0.950000000   -0.053162820    0.082987530
 747   -0.950000000   -0.153447500    0.115045200
 748   -0.875312400   -0.099697290   -0.244275900
 749    0.090549100   -0.135980800   -1.302154000
 750    2.001883000    0.229323100    1.184601000
 751    6.908179000    0.897349400    0.265646900
 752   -0.950000000   -1.467959000    0.463703700
 753   -0.950000000   -0.001961503   -0.852782900
 754   -0.950000000   -1.301771000   -0.459223200
 755   -0.950000000   -1.501418000    0.756689600
 756   -0.950000000   -0.938842500    1.099618000
 757   -0.950000000   -1.941695000   -0.357187800
 758   -0.950000000   -0.349687600    0.544799700
 759   -0.950000000    0.145731000    0.066028180
 760   -0.950000000   -1.349638000   -0.138015200
 761    5.098049000    0.735131800   -0.398877000
 762   -0.950000000   -0.401028700   -0.547091800
 763   -0.950000000    0.134149800    0.002602553
 764   -0.950000000   -0.091349490   -0.527033600
 765    4.979370000    1.097642000    1.166220000
 766   20.931000000    1.918295000   -0.085838160
 767    2.307366000    0.338642200    1.162626000
 768    9.012275000    1.064659000    0.305870100
 769   -0.950000000   -0.548950100   -1.014321000
 770    5.175164000    0.303051200   -0.898415700
 771    2.696071000   -0.006305076   -1.131115000
 772    7.956687000    0.541817600    1.092090000
 773   -0.950000000   -0.748641500    1.107478000
 774   -0.950000000   -0.270094000    0.224549800
 775   -0.950000000   -1.129831000   -1.695612000
 776   -0.950000000   -0.362233000   -1.294708000
 777    9.040319000    0.493888400   -1.087156000
 778   -0.950000000   -0.172078600    0.560397600
 779   -0.950000000   -0.469903300    1.394487000
 780    8.924923000    0.475483000   -0.751101500
 781   -0.950000000   -0.637005700   -0.989561700
 782    7.325215000    1.337699000   -0.433228900
 783    0.592148400    0.547951500   -0.520036700
 784   -0.950000000   -0.148712400   -0.633607900
 785   -0.950000000   -1.607871000    1.109902000
 786   -0.950000000   -0.348266400   -0.422393300
 787    1.612570000    0.714841700    0.099330300
 788   -0.950000000   -1.557704000   -1.330556000
 789   -0.950000000   -0.920216300    1.827181000
 790   -0.950000000   -1.176196000   -0.747021500
 791    6.039330000    0.700113000   -1.689663000
 792   -0.950000000    0.099610830   -0.551382800
 793   -0.950000000   -0.034815770   -0.573413200
 794   -0.950000000   -0.678597800    0.289365800
 795   13.916570000    1.878657000   -0.014901330
 796   -0.950000000   -1.949426000    0.706759600
 797   -0.950000000    0.502469600    1.678671000
 798   -0.782275200    0.543603100    0.129655900
 799   -0.950000000   -0.748443500   -1.553685000
 800   10.786500000    1.226293000   -0.028606470
 801   -0.950000000   -1.289580000    0.285843200
 802   -0.950000000   -0.659830600    1.275487000
 803    1.681031000    0.418241600   -0.151506500
 804   -0.950000000   -0.832323000    0.065302920
 805   -0.950000000   -0.630424900    0.970667300
 806   -0.950000000   -0.100592800   -0.435373700
 807   -0.950000000   -1.778111000   -1.362748000
 808   -0.950000000    0.045740280    0.723909300
 809   -0.950000000    0.167516400   -0.442653400
 810   -0.950000000   -0.362852900   -1.158524000
 811   -0.950000000   -0.227793400    1.232123000
 812    6.543008000    0.401904100    0.806324000
 813    5.706754000    0.275445600   -0.239136400
 814   -0.950000000   -1.024139000    0.406125000
 815    9.271220000    0.899167800    0.466199500
 816    0.882014800   -0.420835400   -0.855348900
 817   -0.370666800   -0.228789600    0.096466300
 818   -0.950000000   -1.291127000    0.104882400
 819    3.213758000    0.024030080    0.652415800
 820    0.752153500    0.086698810    1.670695000
 821   -0.950000000   -0.915239100    0.301582400
 822   -0.950000000   -0.680805900    1.055128000
 823    3.444241000    0.289064400    1.052343000
 824    5.122149000    0.075987460   -0.932960800
 825   16.931090000    1.308115000   -0.519656000
 826   -0.950000000    0.253467500    0.369952000
 827   -0.950000000   -0.237255200   -0.940371300
 828    3.438407000    0.388054300    0.789887300
 829   14.414970000    1.059916000   -1.511570000
 830   -0.950000000   -0.655943500    0.228595900
 831   -0.950000000   -1.138207000   -0.137716500
 832    2.195946000    0.415939000   -0.374577500
 833    8.625807000    0.422531300   -1.479288000
 834   11.801810000    1.937120000   -0.228427500
 835   -0.950000000   -0.675460100   -0.315481400
 836   -0.950000000   -0.882090000    0.516480400
 837   11.698240000    1.041875000    0.646818800
 838    5.274710000    0.664004100   -0.881758100
 839   -0.950000000   -1.452214000    1.011951000
 840    1.542040000    0.151873200    1.271860000
 841   10.507700000    1.355599000   -0.649709400
 842    7.672212000    0.917042000   -0.364755600
 843    1.166654000    0.026027530   -0.357757000
 844   -0.950000000   -0.386340700   -0.467132200
 845    9.039512000    0.840444200   -0.253558200
 846    3.910051000    0.279116700   -0.719143600
 847   -0.950000000   -0.842204800    1.212662000
 848    3.335240000   -0.057203330   -1.552637000
 849   -0.853274000   -0.323851700   -1.135865000
 850    1.863965000   -0.029867230   -0.381678700
 851   -0.950000000    1.828346000    1.804762000
 852    0.272290500    0.039653390   -1.136848000
 853   -0.950000000   -0.923422600    1.050326000
 854   -0.950000000   -1.405483000   -0.651661300
 855   -0.950000000    0.009371635    0.312854400
 856   -0.950000000   -0.584786400   -0.080343930
 857    6.943108000    0.429110200   -0.254300300
 858   -0.950000000   -0.831847500   -0.502158300
 859   -0.950000000   -0.974740000    0.160822400
 860    2.171256000    0.324097500    0.676129000
 861   14.466330000    1.024827000    0.012471080
 862   -0.950000000   -0.419345800    0.355026700
 863   -0.950000000   -0.074626210    0.425256000
 864    5.387864000    0.101403300   -0.853576100
 865    5.074919000    0.509545400    1.790277000
 866   -0.950000000   -0.607121100   -1.211673000
 867   -0.950000000   -1.328607000    0.542422600
 868    9.904164000    0.251986100    1.797953000
 869    3.071122000    0.919062200    1.150632000
 870    4.622524000    0.387364700    0.481526900
 871   -0.933844100   -0.312982500   -0.932934300
 872   12.483980000    1.305085000   -0.536820100
 873    0.548425300    0.248027400    1.072459000
 874   -0.950000000   -0.529677500    1.355837000
 875    1.202482000   -0.136479600   -1.027190000
 876   -0.950000000   -1.780221000    0.067658440
 877    8.086139000    0.362785000   -1.221779000
 878    8.689942000    0.368210900   -0.972748000
 879   17.577670000    1.743800000    0.661020500
 880   -0.950000000   -0.695064200    1.099106000
 881   13.679050000    1.458545000   -0.609852300
 882    5.709866000    0.165498700   -0.985021000
 883   16.790980000    1.344462000    0.159335500
 884    2.520678000   -0.047692820   -0.295041700
 885    8.733950000    0.693517700   -0.609709400
 886   -0.950000000   -0.108170200    0.384736900
 887    1.667775000    0.070785200    0.390578500
 888   -0.950000000   -0.019995160   -0.237594400
 889   -0.950000000   -0.114794300    0.541071200
 890    1.517172000    0.343463500   -0.618520100
 891   -0.950000000    0.060485480    1.456276000
 892    2.716652000    0.668731400    0.842508200
 893   -0.950000000   -0.337467200    0.709102600
 894   -0.950000000   -1.022985000   -1.424035000
 895   -0.950000000   -1.677339000    1.159548000
 896   -0.950000000   -1.745454000   -0.820404800
 897    3.275031000    0.426423800   -0.267735100
 898   -0.950000000   -0.205044300    1.309092000
 899   -0.950000000   -0.337172700    0.284198600
 900   -0.950000000   -0.763051000   -0.380305500
 901   10.634440000    0.971616700   -0.619112500
 902   20.978290000    1.770021000    0.634153100
 903   10.328850000    0.607747000   -0.321604200
 904    6.587502000    0.165909300   -0.558262600
 905   -0.950000000   -0.053579130    1.093333000
 906   14.981740000    1.268175000   -0.162920100
 907    1.219537000   -0.356461800   -0.952014600
 908   19.231810000    1.936415000    1.687719000
 909    0.441031100   -0.464918900   -1.163514000
 910   -0.950000000   -1.430413000    0.222318000
 911   -0.950000000   -0.779034700    1.223094000
 912    2.595384000   -0.306681300   -0.542353900
 913    5.791907000    0.374033200    0.772366700
 914    4.763611000   -0.132079800   -1.314351000
 915    7.798505000    0.794247500    0.755578700
 916   -0.950000000   -0.615115700    1.588093000
 917   -0.950000000   -0.333117500    0.777417100
 918   15.180420000    1.094026000   -0.048647550
 919   -0.950000000   -0.568338700    0.589461000
 920    9.193548000    0.612631000    0.407865300
 921   -0.950000000   -0.771792000    0.692109900
 922   -0.950000000    0.126177700    1.619690000
 923   -0.717569300   -0.477365200   -0.533522100
 924   -0.950000000   -1.523192000    0.579533000
 925    9.476031000    0.964274600    0.632161400
 926   13.648130000    1.344949000    1.175709000
 927    3.632689000    0.188908900   -0.237428500
 928   -0.229234700   -0.448480800   -1.141618000
 929    3.472877000   -0.028183510   -0.729974900
 930   -0.950000000   -0.437082300    1.596534000
 931   -0.950000000    0.122351200    1.371012000
 932    9.380262000    0.853170700   -0.647885800
 933   -0.950000000   -0.863984800   -0.479751000
 934   21.074280000    1.757204000    0.286879100
 935   -0.950000000   -1.462418000    0.081578570
 936   10.458350000    0.773033400    0.305363100
 937   -0.950000000   -1.249386000   -0.925990700
 938   14.835590000    1.345629000   -1.527188000
 939    3.962537000    0.191794600   -0.846425900
 940   -0.950000000   -1.096310000    0.552482700
 941    2.485238000    0.171733700    0.402910400
 942   16.511940000    1.543804000    0.646156500
 943    0.842640200   -0.040680090   -0.633601500
 944   16.007300000    1.792340000   -0.045444680
 945   -0.950000000   -0.924668800   -0.549901200
 946    3.336767000    0.095773710    0.941515600
 947   10.927120000    0.824869600    0.262976200
 948   17.209670000    1.713365000    1.468264000
 949    1.430379000   -0.225967100    0.112912800
 950    9.087064000    0.372203500    0.676220900
 951    2.804341000   -0.036544340    0.771992700
 952   -0.950000000   -0.814754400    1.662189000
 953   23.849500000    1.525056000    0.815853500
 954    0.853306800   -0.691426000   -1.033521000
 955   14.748070000    1.068032000    0.511175500
 956    9.056410000    0.555185600    0.641864000
 957   13.429630000    1.229055000    0.186544700
 958    6.541536000    0.045340980   -0.608534100
 959   -0.950000000   -0.769807400    0.242039500
 960    9.114668000    0.290746700   -1.001136000
 961    4.601060000    0.250869400   -0.231816200
 962    3.847708000    0.269820100   -0.420060900
 963   -0.950000000   -0.639366200   -0.319628800
 964   10.335630000    1.110037000    1.105762000
 965    6.665520000    0.777248500   -0.275838900
 966   -0.950000000   -0.391956000    0.592440900
 967   12.805680000    1.034856000   -1.086698000
 968   -0.950000000   -0.331900700   -0.711603200
 969   -0.950000000   -0.188552300    0.592001400
 970   10.919960000    0.704462600   -0.776404600
 971   21.941790000    1.661819000   -0.870841400
 972   -0.950000000   -1.088655000    0.384716200
 973    4.610868000    0.326597300    1.325362000
 974    0.813279100   -0.045674620   -0.012805990
 975    1.988754000    0.032464080   -1.090143000
 976   -0.909337100   -0.463661500   -0.513263700
 977    2.833298000    0.600432800    0.232758400
 978   -0.339696900   -0.457296200   -0.664522200
 979   -0.950000000   -0.038089050    0.299071200
 980    6.780375000    0.804420000    0.326680200
 981   -0.950000000   -0.863607000    0.676200500
 982   -0.950000000   -0.619806100    0.704137700
 983    2.019643000   -0.369491800   -1.266832000
 984   10.959710000    1.119620000    0.380491600
 985    8.093984000    0.938923200    0.988885900
 986    2.382700000    0.107209500    0.307367900
 987    8.200605000    0.541063400   -0.790185400
 988    9.700097000    0.776462500    0.094046110
 989    8.665991000    0.552705600   -0.959191700
 990   -0.950000000   -0.955817900   -1.663785000
 991   -0.950000000   -0.780550100    1.454402000
 992   -0.950000000   -1.067669000    0.539214800
 993   -0.950000000    0.106115700   -0.307007400
 994   -0.950000000   -1.600040000   -0.759835100
 995   -0.950000000   -0.378618600   -0.800768600
 996   -0.950000000   -0.028210480    0.329564900
 997   -0.950000000   -0.446062800   -0.517757200
 998    8.195897000    0.998736700   -0.494157500
 999    9.305216000    1.165316000   -0.162720900
1000   -0.950000000   -0.666791400    0.488805900
1001   -0.950000000   -0.745648700   -0.526489600
1002   -0.950000000   -0.764719200    0.208609500
1003   -0.950000000   -1.040138000   -1.911461000
1004    2.452847000    0.717052200   -1.166274000
1005   -0.950000000   -0.741139400   -0.574185400
1006   11.401670000    1.379468000   -1.700238000
1007   -0.950000000   -0.966835500   -0.557936800
1008   -0.950000000   -0.430139400   -0.817119100
1009   -0.950000000   -0.403275600    0.989997300
1010    2.845658000    1.193057000    1.676690000
1011   10.991370000    1.138014000   -1.670231000
1012    7.310033000    0.557159000   -1.527424000
1013    8.697122000    1.055045000   -1.240532000
1014   -0.950000000   -1.032480000   -0.903667300
1015   -0.950000000   -1.045135000    1.034552000
1016    6.871770000    0.862847300    0.065601550
1017   -0.950000000   -0.037751930    0.022773130
1018   -0.950000000   -0.599885800   -1.257577000
1019   -0.950000000    0.062954930    0.484628100
1020   -0.950000000    0.017920950   -0.347768300
1021   -0.950000000   -1.396009000    0.841620600
1022   20.887140000    1.841468000    0.141668100
1023   -0.950000000   -0.882297800    0.930232100
1024   -0.950000000   -1.492579000    1.330743000
1025   -0.950000000   -0.251806000    1.643829000
1026    8.539571000    0.774971900   -0.492246400
1027    7.541917000    0.953206400    0.625310700
1028   -0.950000000    0.009882834    1.305192000
1029    1.718263000    1.366820000    0.983932800
1030   -0.950000000   -1.307908000   -0.723786300
1031   19.048880000    1.082222000   -1.391462000
1032   -0.950000000   -0.717298000    0.676815500
1033   11.282650000    0.305795700   -1.755555000
1034   11.756200000    0.840270100    0.682283000
1035   -0.950000000   -1.227989000   -0.249844500
1036   14.986330000    1.181816000   -1.167109000
1037   -0.950000000   -0.303580800   -0.186245000
1038    3.014955000    0.450456500   -0.172520600
1039    1.182249000    0.128719700   -0.029269650
1040    2.145815000    0.392009900    1.478969000
1041   -0.950000000   -0.898371700   -1.362744000
1042   -0.950000000   -1.623095000    1.195620000
1043   -0.950000000   -1.088055000    1.319170000
1044    6.357748000    0.728730400   -1.554905000
1045   -0.950000000   -0.786188300    0.002651867
1046   -0.751967400    0.816832900    0.564911100
1047   -0.950000000   -0.877537800   -0.080732660
1048   -0.950000000   -1.424827000   -1.308436000
1049    2.407996000    0.005077858    1.509850000
1050   11.590580000    0.865498700   -1.001808000
1051    8.491699000    0.392002300   -1.463881000
1052    5.415168000    0.388835500   -1.237558000
1053   -0.950000000   -0.657650400    1.108627000
1054    5.875140000    0.987364000    1.399022000
1055   -0.950000000   -0.491176400   -0.472530100
1056    9.589591000    0.734541800   -1.136653000
1057    0.783378100    0.358434400    1.026148000
1058    6.808227000    0.862139900    0.977684900
1059   12.411650000    0.635820800   -1.434843000
1060   17.851960000    1.913378000    0.723747500
1061   -0.950000000   -0.535305400   -0.588154100
1062   -0.950000000   -1.059488000   -0.475014800
1063    3.863981000    0.093426430   -0.564755200
1064    3.914777000    0.306059800   -0.318338700
1065    1.241491000   -0.185606000   -0.589620500
1066    2.391825000    0.385664000    0.543210500
1067   18.375670000    1.650054000   -0.189806100
1068   -0.950000000   -0.363475400    0.331100600
1069    8.096291000    0.649671700   -0.336760200
1070   -0.950000000   -0.217667700   -0.108533700
1071   -0.950000000   -1.199193000   -0.294291300
1072   15.736560000    1.677844000    0.407652500
1073   -0.950000000   -0.237123000    0.594880300
1074    3.398313000    0.233257300   -0.437532900
1075   -0.950000000    0.032283080    0.717265100
1076    1.812252000    0.009644363   -1.151720000
1077   -0.950000000   -0.423993400    0.421567100
1078    6.816221000    0.481662000   -1.053480000
1079    8.429614000    0.640889800   -0.509915400
1080   15.163160000    1.598509000   -1.284595000
1081    4.740973000    0.660156200    1.650266000
1082   -0.950000000   -0.076778860    1.339443000
1083    0.850741500   -0.140779600   -1.138857000
1084    1.954444000   -0.098924160   -1.249908000
1085   -0.950000000   -1.345275000    1.230849000
1086    2.009967000    0.141721900   -0.107833400
1087   14.766020000    1.642300000    0.060236710
1088    1.679331000    0.421775200    0.029672130
1089   12.628930000    1.323473000   -0.897402500
1090    7.372517000    0.500232700   -1.148253000
1091   -0.950000000   -1.143843000   -0.724313200
1092    5.814465000    0.541109300    0.427436400
1093   -0.950000000   -0.168546500   -0.013983130
1094    1.438555000   -0.124706500   -0.992904000
1095   -0.950000000   -0.770788300   -0.151886100
1096   -0.950000000   -1.048975000    1.031825000
1097   -0.950000000   -0.330092900    1.665866000
1098   14.023360000    1.260050000    1.261591000
1099   24.220770000    1.565928000   -0.772435400
1100   14.285470000    1.053955000    1.840385000
1101    8.860273000    0.330685200   -0.798919200
1102    8.990720000    0.550953800    0.016449190
1103   -0.950000000   -1.271361000    0.217448000
1104   -0.950000000   -0.468896900    0.859968300
1105   11.123330000    0.786858200   -0.311076600
1106    9.973147000    0.586671900    0.514452800
1107   14.529420000    0.296732300   -1.901627000
1108   19.733780000    1.566479000    0.282850100
1109    3.857248000   -0.251030300   -1.417685000
1110    4.806417000   -0.050377210   -0.728955900
1111   -0.950000000   -1.833863000    0.333858800
1112   -0.950000000   -0.345638100   -0.910956900
1113   -0.950000000   -0.087531270   -0.870907700
1114   -0.950000000   -0.291675500   -0.811746200
1115   -0.950000000   -1.236461000    0.470150800
1116   -0.950000000   -0.967089000    0.637540200
1117   -0.950000000   -0.433924600    0.989161100
1118   -0.950000000   -0.652160400    0.212005900
1119    2.005772000    0.920619600    0.855961900
1120   -0.950000000   -0.693258200   -0.850832500
1121    1.459632000    0.608868700   -0.043446460
1122   -0.950000000   -0.901772400    0.309460700
1123    4.648255000    0.667807200    0.041742090
1124   -0.293402600    0.182482600   -0.711267400
1125   -0.950000000   -1.558676000    0.527629500
1126   -0.950000000   -0.643109400   -0.153980700
1127   -0.950000000   -0.313650600    0.303007600
1128    0.101900400   -0.151395700    1.182193000
1129   10.595930000    0.952081800    0.098896520
1130   -0.950000000   -1.475489000   -0.009155682
1131   -0.950000000   -0.731799500   -0.917395400
1132    1.254906000    0.661527600    1.060841000
1133    7.147473000    0.556005000   -1.025797000
1134    2.812399000    0.399492200    0.595902400
1135    8.177988000    0.964339700   -0.432909400
1136   -0.950000000   -0.537238500    0.619501000
1137    5.392722000    0.673912700    0.133031300
1138   -0.950000000   -1.295834000   -0.666426600
1139   -0.950000000   -1.244242000    0.693164000
1140   -0.950000000    0.151405700    1.077059000
1141    4.584754000    0.415545900    0.696360300
1142   14.485290000    1.162122000   -1.201525000
1143   -0.950000000   -1.149870000   -0.689528100
1144   -0.950000000   -0.015819280    0.653032800
1145   -0.950000000   -1.262578000    0.549724200
1146   -0.950000000    0.305705600    1.878315000
1147   -0.950000000   -0.274292700    0.690654600
1148    9.169920000    0.766358800    0.877491700
1149    7.913791000    0.456011900    0.037051170
1150    2.045891000   -0.110559200   -0.373116800
1151   13.047040000    0.976788100   -0.423157500
1152    9.975679000    0.756976100    0.845666200
1153    9.770376000    0.781624600   -0.502062900
1154    6.042200000    0.209456100   -0.637522200
1155   17.653810000    1.227982000   -0.549530200
1156   10.100590000    0.838372900   -1.178279000
1157   -0.950000000   -0.213905700   -0.476953800
1158   12.656040000    1.215878000   -0.187232200
1159   -0.950000000   -1.297828000   -0.245260500
1160    6.004519000    0.834377000    0.688934500
1161   -0.833521400    0.552300900    0.487440800
1162   -0.950000000   -1.232357000    0.569243800
1163   -0.950000000   -0.279108300    0.965176800
1164    2.696967000    0.441368200    0.358681700
1165    2.842420000    0.206505600   -1.014889000
1166   -0.950000000   -0.499207700    0.950822000
1167   -0.950000000   -0.548489100   -0.298700800
1168   -0.950000000   -0.235013500   -0.717144000
1169   -0.254580700    0.232861300   -0.468519400
1170   -0.950000000   -0.309497700    0.771709000
1171    7.695074000    0.194099100    0.394332200
1172    9.764279000    0.390214600    0.707329700
1173   11.535240000    1.004960000   -0.060550510
1174   22.567690000    1.232339000    1.661616000
1175    8.900193000    0.339173600   -0.008344060
1176   15.978870000    0.875123800   -0.519966900
1177   15.825640000    0.991645400    0.240359600
1178    3.783421000   -0.390764600   -0.923438600
1179    9.312926000    0.205028400    0.325306000
1180    9.102246000    0.215003100    0.642429800
1181    3.577600000   -0.262997100   -0.328709300
1182   14.104220000    0.816583300    0.557106500
1183   -0.950000000   -0.829307500    0.945799400
1184   19.829610000    1.178792000    0.296559100
1185   12.555080000    1.346554000    1.545375000
1186   20.695280000    1.291983000   -1.763850000
1187   -0.950000000   -1.401139000    0.521678800
1188    8.751440000    1.277979000    1.286447000
1189    8.225519000    0.266095500   -1.773557000
1190    0.565609500   -0.251413900   -0.810314800
1191   10.989000000    0.788509800   -0.298377100
1192   -0.950000000   -0.310962700   -0.579575100
1193   11.339140000    1.540250000   -0.570988700
1194   -0.950000000   -0.657258200    0.974102600
1195   13.700300000    1.119053000   -0.497888700
1196   -0.950000000   -0.798181600    1.472112000
1197   12.184030000    1.095279000    0.801995600
1198   -0.950000000   -1.547648000   -0.775152300
1199    6.760654000    0.521232000    1.547596000
1200   -0.950000000   -0.962632300   -1.291691000
1201   -0.950000000   -0.795815500   -0.556662000
1202   -0.950000000   -0.288048900   -1.017044000
1203   -0.950000000   -0.797294400    0.457746000
1204    3.221720000    0.463201500   -0.849489200
1205   -0.950000000   -1.422891000    0.341909800
1206   -0.950000000   -0.442711300    0.029536440
1207   10.510490000    1.075239000   -1.335626000
1208   -0.950000000   -0.387719300   -1.030969000
1209    5.212321000    0.740809200   -0.192708800
1210    3.081247000    0.579435200   -0.315025700
1211    1.968615000    0.606746800   -0.887179400
1212    2.381691000    0.460200800   -1.414176000
1213   -0.950000000   -0.844226900    0.841784600
1214   -0.950000000   -0.843731100   -0.244012800
1215   -0.950000000   -0.683228000   -0.172232900
1216    7.137407000    0.553051700    0.434785200
1217    4.513130000    0.523778700    0.240462400
1218   -0.950000000   -1.323636000   -0.176371900
1219   -0.287947000   -0.412586500   -0.961009300
1220   21.685380000    1.377859000   -0.980298600
1221   11.114850000    0.653674100   -0.339679500
1222   -0.950000000   -1.437532000    0.230496400
1223    1.869062000    0.298317800    0.323512800
1224    8.404905000    1.259572000    0.489821200
1225   -0.950000000   -0.666145800   -0.448982300
1226   17.223500000    1.775392000   -1.351581000
1227    9.253623000    0.828274700    0.503205200
1228   -0.950000000   -0.112878000    1.001349000
1229    4.454769000   -0.097576410   -1.735272000
1230   16.103170000    1.601671000    0.993210700
1231    4.746344000    0.649520400    0.264004700
1232    2.865571000    0.312088600   -0.803154300
1233   -0.950000000   -0.412890900   -0.015923960
1234   -0.950000000   -1.634747000   -1.723527000
1235   -0.950000000   -1.004930000    0.484151100
1236   -0.950000000   -1.546740000    0.246701200
1237   10.341460000    0.837332600    0.052755240
1238   -0.950000000    0.323718300    1.143225000
1239   14.820120000    1.463530000   -1.647761000
1240    7.453125000    0.676135800   -0.188994500
1241   -0.950000000    0.013986020   -0.018457810
1242   -0.950000000   -0.558938800    0.180826000
1243    8.316872000    1.566545000    1.741909000
1244   -0.950000000   -0.937134900    0.673180000
1245   -0.950000000   -0.130907700    0.878041900
1246   -0.950000000   -0.267766000    0.799010000
1247   10.846140000    0.831049200   -0.771571600
1248    7.264360000    0.404272300   -0.641403800
1249   -0.950000000   -0.557146500   -0.343998900
1250   17.536070000    1.310375000   -1.540866000
1251   -0.950000000   -0.467057100    0.602785700
1252   -0.950000000   -0.823148400   -1.511204000
1253   13.705210000    1.569949000    0.681503200
1254   -0.950000000   -0.960598700   -1.290830000
1255   23.434190000    1.779250000   -0.842831300
1256   -0.950000000   -0.919342700   -0.114665900
1257    9.355526000    0.819142200    0.428998000
1258   -0.950000000   -0.118372800    0.571686100
1259    1.199803000    0.222232800    0.375952900
1260    4.658792000    0.490358100   -0.095332590
1261    3.644980000    0.125281300    0.628881700
1262   -0.500813200   -0.382547300    0.137363000
1263    2.722148000    0.320411300    1.076313000
1264    4.878429000    0.044014240    1.845846000
1265    6.504017000    0.190768900    0.373805800
1266   10.659370000    0.638067100    0.815794800
1267   -0.950000000   -0.647797200    0.797618700
1268    3.141124000   -0.150090500    0.584478800
1269   10.921670000    0.299958100   -1.119218000
1270    4.026790000    0.550110500    1.160335000
1271    3.402786000   -0.189493200    0.122605900
1272   -0.950000000   -0.669324300    1.099997000
1273    7.978949000    0.478573900    0.235789000
1274    0.909855100   -0.518720500   -0.269085700
1275   -0.950000000   -0.943806500    1.946678000
1276    6.727783000    0.316746900    1.107971000
1277    8.048372000    0.420299600    0.479535900
1278    5.124677000    0.133278000   -1.202642000
1279   17.909910000    1.093474000   -1.552992000
1280    7.185677000    0.674750100    0.832544900
1281    1.100777000   -0.348216900   -0.516418800
1282   10.324100000    0.575943600    0.212918500
1283   10.664470000    1.061586000    0.256177500
1284   -0.812394200   -0.134196000    1.195583000
1285   -0.950000000   -1.628982000    0.332500400
1286    6.133398000    0.534556000    1.298291000
1287    5.343246000    0.216585500    0.509678000
1288    2.809663000    0.000770746    0.469984400
1289   -0.950000000   -0.469427100   -0.396295800
1290   14.479380000    0.837205400    0.213859200
1291   -0.950000000   -0.938048300    1.123042000
1292   -0.950000000   -0.297473300    0.255537200
1293   19.259460000    1.771418000   -1.637171000
1294   -0.950000000    0.005350630   -0.857935400
1295   -0.950000000   -0.993104500    0.305152600
1296   -0.950000000   -1.076259000   -1.252075000
1297    3.406370000    1.290398000   -0.247673900
1298   -0.950000000   -1.581181000   -0.809112100
1299   -0.950000000   -0.709837600   -0.057759120
1300   -0.950000000   -0.487663000   -0.768135800
1301   -0.950000000   -1.827304000   -0.761294300
1302   -0.950000000   -1.480238000    0.497565200
1303    6.532041000    0.954555200   -1.574241000
1304    4.446964000    1.083009000   -1.382208000
1305   -0.950000000   -0.839083800    1.305184000
1306   -0.950000000   -0.363508300    1.431346000
1307   12.744460000    1.016421000    1.613121000
1308   -0.950000000   -1.785557000    1.160218000
1309   -0.950000000   -0.078163640    0.880660000
1310    4.484179000    0.406593000    0.660225600
1311    7.630017000    0.330748200   -0.591099800
1312    7.071877000    0.876641200   -0.057848020
1313    8.665767000    0.622441200    0.470262600
1314   15.557670000    0.912117600    1.249711000
1315   -0.950000000   -0.581162900   -0.620177800
1316   -0.950000000   -1.130583000    1.072492000
1317    3.874808000    0.104668300   -0.705220200
1318   -0.950000000   -0.515066000    0.440680000
1319   -0.950000000   -1.220117000    0.593113700
1320    9.164287000    0.733632200   -1.165641000
1321   -0.950000000   -1.876945000    0.755145800
1322   -0.950000000   -0.502639600    1.598875000
1323    8.086002000    0.724889000    0.342002600
1324   13.461770000    0.872446300    0.200711300
1325    9.231041000    0.807729300    0.848958600
1326    6.397769000    0.150807100   -0.782695600
1327    3.352401000   -0.099475320   -1.237703000
1328   19.090300000    1.290334000   -0.533080100
1329    2.564187000   -0.133000400    0.303957800
1330   -0.950000000   -0.565145000   -0.552764400
1331   -0.950000000   -1.474495000    1.249453000
1332   14.528390000    1.376854000    1.603251000
1333   -0.950000000   -0.985883400   -0.918863400
1334   14.483090000    1.122394000    0.440052300
1335   10.422910000    1.739521000    1.694494000
1336   -0.950000000   -0.979105300   -0.738313800
1337    5.031919000    0.417288200   -0.724107800
1338   -0.660139400   -0.396250000   -0.835176200
1339   14.085030000    1.111203000   -0.678227700
1340    3.005346000    1.078358000    1.422792000
1341   -0.950000000   -0.423449500    0.590417000
1342    8.652355000    0.784649000    0.418654200
1343   -0.950000000   -1.322900000    0.301491200
1344    7.174330000    0.580516100    1.149569000
1345   11.573950000    1.158724000   -0.492364300
1346   -0.950000000   -0.672091000   -0.267790400
1347   -0.912777300   -0.209939100    0.309208800
1348   -0.950000000   -0.853132000   -1.448660000
1349    9.537159000    0.749559300    0.586775900
1350   -0.950000000    0.340578500    1.746694000
1351   -0.950000000   -0.866230500   -0.603484700
1352   -0.950000000    0.160425000    1.921567000
1353   -0.950000000    0.194779700    1.009458000
1354   -0.950000000   -0.363304300    0.769710700
1355   -0.950000000   -1.127598000   -1.778544000
1356   -0.950000000   -1.502896000   -0.005674972
1357    1.375143000    0.913978200    0.310398600
1358   12.063570000    1.554238000    0.596685800
1359   -0.950000000   -0.883836200    0.387203900
1360   -0.950000000   -0.031704160   -0.177424900
1361   -0.950000000   -0.794641100   -1.092724000
1362   -0.950000000   -0.180892400   -0.001266659
1363   -0.950000000   -1.561625000   -1.026760000
1364   -0.950000000   -1.290085000   -0.049260600
1365   -0.950000000   -1.399186000   -0.095884260
1366    0.212352400   -0.211433700   -0.591550400
1367   -0.950000000   -1.272936000   -0.197548800
1368   -0.950000000   -0.521970000   -1.401001000
1369    3.779142000    0.342746600    0.434495100
1370   14.803370000    1.180886000   -1.232125000
1371    5.641629000    0.556072600   -0.138172300
1372    2.094250000    0.123017800    0.077280220
1373   -0.950000000   -0.287875100    1.177971000
1374   -0.950000000   -1.017850000    1.618086000
1375   -0.950000000   -1.494173000    0.460371500
1376    5.231913000    0.351624500   -0.448904200
1377   -0.950000000    0.329059700    1.609816000
1378    4.973736000    0.572172600    0.946356500
1379   -0.950000000   -0.257226000    0.803450400
1380   -0.072002820   -0.213138000   -0.823159000
1381   -0.950000000   -1.071606000   -1.436090000
1382   18.924880000    1.728844000   -1.239989000
1383   -0.950000000   -0.363388900    1.146901000
1384    1.806146000    0.249331500   -0.218128900
1385   -0.950000000   -0.863707400   -1.477737000
1386   -0.950000000   -0.683742600    0.268717400
1387    0.754074800    0.215362100   -0.075303410
1388   -0.950000000    0.076927550    0.158024100
1389    0.822204800    0.055189000   -0.827556600
1390   15.808760000    1.459927000   -1.960393000
1391   -0.950000000   -0.529378000   -0.386910400
1392    0.909416300    0.224537100   -0.103576100
1393   10.928690000    0.820195500   -0.698803700
1394   23.509680000    1.890443000   -1.076885000
1395   -0.950000000   -0.314933100   -0.396937900
1396    4.562235000    0.818646200   -0.303380300
1397   -0.950000000   -0.922376800   -1.320512000
1398   -0.950000000   -0.572948400   -1.390503000
1399   -0.950000000   -1.178996000    0.547602600
1400   -0.950000000   -1.019070000    0.012517320
1401   -0.950000000   -0.905880800   -1.438195000
1402    3.161305000    1.303372000    1.881668000
1403    1.249115000    1.047245000    0.661138200
1404   12.078790000    1.304833000   -0.999600800
1405   10.487950000    1.275087000   -0.744406800
1406   -0.950000000   -0.547526600    0.132852400
1407   -0.950000000   -1.169212000   -0.535698200
1408    5.432260000    1.045420000    0.570550400
1409   -0.950000000   -0.669176000    0.084939820
1410   13.254030000    1.049373000   -1.056243000
1411   -0.950000000   -0.771705600   -0.178340400
1412   -0.950000000   -0.956985600    1.536970000
1413    4.547140000    0.475641000    1.165630000
1414   -0.950000000   -0.456230000   -0.305730300
1415    5.332411000    0.288085900    0.733497100
1416   -0.950000000   -0.594317200    1.862441000
1417   -0.950000000   -0.531639800   -0.112026400
1418    2.307978000    0.101356700   -0.007805275
1419   15.928090000    1.384518000   -0.193410400
1420   10.896830000    0.669677600   -1.796722000
1421    2.536192000   -0.020022790    0.043081230
1422   -0.950000000   -0.684497000   -1.480046000
1423    9.456075000    0.723664100    0.058376340
1424    2.509074000    0.158879600    1.084920000
1425    3.614771000    0.048591010   -1.137173000
1426   -0.950000000   -0.838733400   -1.342524000
1427   -0.950000000   -0.837434400   -0.626805700
1428   -0.950000000    0.159553400   -0.019759480
1429   -0.950000000   -0.499211500   -1.446058000
1430   -0.950000000   -0.090196960   -1.101525000
1431   -0.950000000   -1.323817000   -0.634586100
1432   -0.950000000   -0.458157600    0.200023400
1433   12.387440000    1.666796000    0.233387500
1434   -0.950000000   -1.223420000    0.809628000
1435   -0.950000000   -1.067920000   -1.541997000
1436   -0.950000000   -0.220743800    1.843393000
1437    7.310485000    0.775867200   -1.756323000
1438   -0.950000000   -0.460033600   -1.574407000
1439   -0.950000000    0.588308400    0.251285000
1440   -0.950000000   -1.129106000   -1.430059000
1441    3.985778000    0.453701800   -0.727352500
1442    5.549177000    0.602045600   -0.416359100
1443    5.293587000    0.462391600   -0.827752000
1444   -0.950000000   -0.877998500    0.812671700
1445    3.551751000    0.371306100   -0.655259000
1446    3.712722000    0.606582500    0.336433900
1447    1.434212000    0.599059000    0.049403240
1448   -0.950000000   -1.427945000    0.823625200
1449   -0.950000000   -0.803818200    0.130162500
1450    9.043873000    1.114335000   -1.046253000
1451    7.802239000    0.390329800   -1.858597000
1452   -0.737376700    0.142570800   -0.533054400
1453    5.382522000    0.758208900   -0.935142700
1454   -0.950000000   -0.801150000   -1.487447000
1455    8.974521000    1.036954000   -0.494372800
1456   -0.150477100    0.119317400    0.112402100
1457   16.459080000    1.927874000    1.312286000
1458    3.478583000    0.417175300   -1.240746000
1459   -0.950000000   -0.742980100   -0.644580900
1460   -0.950000000   -1.267622000   -0.461040200
1461    4.374430000    0.299460300   -1.409250000
1462   -0.950000000   -0.894173000    0.096973610
1463   -0.950000000   -1.348329000   -0.186806400
1464   -0.950000000   -0.609433800    1.814647000
1465   -0.950000000   -1.763967000    0.952977000
1466    9.445505000    1.043153000   -0.568713300
1467   -0.950000000   -0.634530900   -1.769628000
1468   -0.950000000   -0.729057400   -1.323266000
1469   -0.950000000   -0.227905800   -0.230139000
1470   16.196730000    1.408654000    1.567813000
1471   -0.950000000   -1.349631000    0.776660700
1472   -0.950000000   -0.005564337    0.352493800
1473   -0.950000000   -1.050727000   -1.279087000
1474    1.864865000    0.164579900   -0.573437100
1475    0.942399300    0.104327300   -0.936650300
1476   -0.950000000   -0.364226200    0.538326000
1477   -0.950000000   -0.836861300   -0.534089000
1478   -0.950000000   -0.157298800   -1.337445000
1479   -0.950000000   -0.347394700   -0.788709100
1480    7.518435000    0.912918000    0.093772130
1481    5.232354000    0.638605800   -1.439172000
1482   -0.950000000   -0.692401600   -1.279177000
1483   -0.950000000   -0.149174900   -0.085694650
1484    5.064476000    0.809580000   -0.128032500
1485   -0.950000000    0.647374100    1.594380000
1486    0.519008500    1.055470000    1.230321000
1487   -0.950000000   -1.023778000   -0.260368300
1488   -0.950000000   -0.185556900    0.159827500
1489   -0.950000000    0.348415000    1.498994000
1490   -0.950000000   -1.699066000   -1.177585000
1491    4.557736000    0.610688600    0.967333200
1492   -0.950000000   -1.245212000    0.039970050
1493    9.224590000    1.299180000   -0.509082000
1494   -0.950000000   -0.306813800   -0.951179300
1495   -0.950000000   -0.532780500    0.136768500
1496   -0.950000000   -0.212462100   -0.953313600
1497    1.772865000    0.312721200    1.164877000
1498   -0.950000000   -1.799492000   -1.604515000
1499   -0.950000000   -1.089523000    1.047577000
1500   -0.950000000   -0.627046200   -1.849280000
