*y  x1  x2
   1   -0.950000000   -1.209965000    0.921809100
   2    3.564959000    0.257176000    1.490638000
   3    9.831506000    0.573216100    0.532148200
   4   -0.950000000   -0.831774400    0.190670800
   5   17.644490000    0.920227300   -0.754506400
   6   16.273020000    1.320527000    0.877843500
   7    8.267202000    0.274701600    0.159765300
   8    1.253017000   -0.577735400   -0.427708200
   9   19.423570000    1.496484000   -0.099090140
  10   17.309130000    0.956352500   -0.306843300
  11   12.502510000    0.444463700    0.949309500
  12   13.227390000    0.633134100   -0.560962700
  13    9.170027000    0.155142200   -0.896896200
  14   27.425900000    1.811151000    0.221389900
  15   11.224650000    0.464563400    0.390836700
  16   -0.950000000   -1.891579000   -1.126567000
  17    3.807860000    0.263953000   -0.776360300
  18    3.139202000    0.184791200    1.092151000
  19   -0.950000000    0.083013680    1.249746000
  20   -0.950000000   -0.609271500    1.785166000
  21   -0.950000000   -0.358837800    0.685843900
  22   -0.950000000   -0.779084800   -0.100749000
  23    8.265366000    0.653775300   -0.197596100
  24    9.648058000    0.454401200    1.183454000
  25    8.253272000    0.717760400   -0.712158000
  26   17.889440000    1.153145000   -1.661248000
  27   -0.950000000   -1.101744000    0.709760600
  28    2.397628000   -0.097272780   -0.935307100
  29    6.073054000    0.463145000    0.595723700
  30    0.763373400   -0.056455240   -0.435612900
  31    2.489409000   -0.230400900   -1.232485000
  32   -0.950000000   -1.090492000    0.580778900
  33   10.394760000    0.872541900    0.056717220
  34   13.785590000    1.513555000    0.375665800
  35   -0.950000000   -1.713546000    0.858335300
  36    0.036019100    0.451416000    1.300886000
  37    6.016318000    0.789744500    1.220469000
  38   10.279560000    0.695723000   -1.134765000
  39   -0.950000000   -0.982277800    1.141618000
  40   -0.950000000   -1.183755000   -0.620818800
  41   -0.950000000   -0.584053800    1.155937000
  42    0.108837400   -0.140033200    0.305682600
  43    3.878811000    0.150754000   -1.181203000
  44   -0.950000000   -0.942910800   -0.574644200
  45   11.323110000    1.271891000   -0.604149600
  46   -0.950000000   -1.359491000    0.525588100
  47   -0.950000000   -0.158375900   -1.005291000
  48    8.072110000    1.263374000   -0.084534460
  49   -0.950000000   -0.590483000    1.200924000
  50   -0.950000000   -0.200365400    1.012936000
  51    2.360582000    0.209081500   -1.031407000
  52    6.455177000    1.534929000    0.101999100
  53   -0.950000000   -1.320986000   -1.060006000
  54   -0.950000000   -0.491145000    0.019509040
  55   -0.950000000    0.325246400    0.865481100
  56   -0.950000000   -0.563149200   -0.043769740
  57   -0.950000000   -1.424725000   -0.622128600
  58   -0.950000000   -0.904469000   -1.976874000
  59   -0.950000000   -0.995702200   -0.168858200
  60   -0.950000000   -0.521643500   -1.559813000
  61    3.133609000    0.207331300   -0.146220000
  62   -0.950000000   -0.463718100   -0.131110300
  63   -0.950000000   -1.250887000   -0.148519600
  64   10.401190000    1.174448000    0.301596800
  65    6.988886000    0.753694400   -1.750476000
  66   -0.950000000    0.129373000    0.422147400
  67   -0.950000000   -0.930545300    0.341390000
  68   -0.950000000   -1.075387000    0.993765100
  69    2.327974000    0.189554600   -1.041148000
  70   -0.950000000   -0.313922100    1.622890000
  71    0.707143600    0.219105300   -0.239530500
  72   -0.950000000   -0.706816300    0.406351800
  73   -0.950000000   -0.246807900   -0.541055100
  74   -0.950000000   -0.427473800   -0.634891500
  75    3.313356000    0.346853000   -0.559625400
  76   12.123920000    1.121574000   -1.083303000
  77   10.868540000    1.123458000    0.906128800
  78    4.823440000    0.443755900    0.466982100
  79   15.498960000    1.385626000   -1.276288000
  80    3.344481000   -0.028482050   -1.130589000
  81    5.423680000    0.428441000   -0.521127000
  82   -0.950000000   -0.472233800    0.301515000
  83    2.461753000   -0.221218100   -0.174667100
  84    1.712963000    0.278964100    1.360013000
  85   13.064700000    1.254835000   -0.617000700
  86    4.010632000    0.154181700    0.276678700
  87    4.544323000    0.320265400   -0.157642000
  88   -0.950000000   -0.102528900    0.712626400
  89   -0.950000000   -0.818777000   -0.883611100
  90   -0.950000000   -0.980860100    0.044729560
  91   12.583200000    0.634147000   -1.073187000
  92   -0.534410700   -0.642335500   -1.028705000
  93   -0.950000000   -1.348070000    0.651650500
  94   14.483100000    1.177378000    0.801543500
  95   13.901480000    0.756791500    1.015895000
  96    1.719983000    0.212704000    0.493684900
  97   -0.950000000   -0.252969300    1.299115000
  98   22.996760000    1.148255000   -1.264416000
  99    7.070747000    0.520600500    0.553412700
 100    1.389272000   -0.166372900   -0.451710400
 101    4.335987000    0.182565100   -0.108408800
 102    9.158365000    0.458391600   -0.324341200
 103   -0.950000000   -0.679994500    0.438010200
 104   -0.950000000   -0.537700900    1.399389000
 105    0.192322400   -0.476420100   -0.598622400
 106   12.264300000    0.947833900   -1.184665000
 107   -0.950000000   -0.608141400    0.675307400
 108   -0.950000000    0.117964600    0.309658500
 109   -0.950000000   -0.337910700   -0.137428100
 110   -0.950000000   -1.059202000   -1.281824000
 111   -0.950000000   -1.794996000   -0.612432700
 112   -0.273128000    0.305815700    0.863347400
 113   -0.950000000   -0.097643880    0.846281100
 114    3.896564000    0.505704000   -0.319938100
 115   -0.950000000   -0.235465600    0.995483000
 116   -0.950000000    0.076221820    0.509651700
 117    2.143547000    1.278904000    0.582024600
 118    7.222743000    0.801190000    0.619643800
 119   -0.950000000   -0.731479900    0.010122140
 120   -0.950000000   -1.661896000    0.327367600
 121   -0.950000000   -0.880497100   -0.020047810
 122   -0.950000000   -1.470190000   -0.199570400
 123    1.318323000    0.290728300    0.341997500
 124   -0.950000000   -0.217546000   -0.453221100
 125   -0.950000000   -0.223061100    1.142570000
 126   -0.950000000   -0.447710100   -0.406529400
 127   -0.950000000    0.128111800    0.292336800
 128    2.824200000    0.312527700   -0.574719900
 129    3.414529000    0.394597000   -1.163052000
 130    2.007687000    0.748594300    0.360480700
 131    2.445235000    0.273030700   -0.427840600
 132   -0.950000000   -0.769569900   -0.465957400
 133    4.360208000    0.316426700   -0.660366100
 134   -0.950000000    0.058383390    1.751839000
 135    1.002708000    0.002459980   -0.797113300
 136    6.568777000    0.527255000   -1.121847000
 137   -0.950000000   -1.904042000    0.695747700
 138   -0.950000000   -0.671028600   -0.600311900
 139    6.548014000    0.759313300   -1.598572000
 140   -0.779246200   -0.034406860   -1.897817000
 141   -0.950000000   -1.319709000   -1.255841000
 142   -0.950000000   -0.839085900    0.437631600
 143   -0.950000000    0.054821530    0.839466200
 144   -0.950000000   -1.238964000   -0.695062800
 145    7.375286000    1.025159000    0.729207600
 146    7.558252000    1.114429000    0.547685400
 147   -0.950000000   -0.885398300   -0.185887400
 148    2.519779000    0.893719100    0.270129600
 149   -0.950000000   -0.862013200   -0.266882400
 150   -0.950000000    0.216434300    1.478787000
 151   -0.950000000   -0.351744100    0.214654400
 152   10.365220000    1.347461000    0.165296900
 153   -0.950000000   -0.909793800   -0.794997100
 154   18.567120000    1.834039000    0.071128360
 155   -0.950000000   -0.491995800   -0.408057400
 156    0.073502810   -0.113060000   -0.030102410
 157    4.901173000    0.118355800   -0.577279400
 158   10.450360000    0.368718300   -1.950587000
 159   15.254240000    0.831349700   -1.164745000
 160   -0.950000000   -0.204533700    0.145433300
 161    8.018691000    1.225330000    1.205836000
 162   -0.950000000   -0.973164900   -0.847843600
 163   -0.950000000   -1.026967000    1.315631000
 164    4.633687000    0.415424600   -0.970738900
 165    2.740135000    0.282787500    0.553689100
 166    1.307649000    0.139780900   -0.215142300
 167   -0.950000000   -0.059052220    1.497925000
 168    7.904915000    0.820185000    0.261653300
 169   -0.605505700   -0.075645110   -0.996604300
 170   -0.950000000   -0.053429500    1.241754000
 171   -0.950000000   -1.411613000   -0.570916000
 172   12.463490000    1.084691000   -1.709770000
 173   17.572300000    1.186562000   -1.355882000
 174   -0.950000000   -0.848854600    0.379252600
 175   -0.950000000    0.533435700    1.380159000
 176    8.378129000    1.132750000    0.795404500
 177   -0.950000000   -0.154955200    0.019300800
 178    0.857270700    0.341769500    0.416815800
 179   -0.950000000   -0.349078300   -1.041914000
 180    2.541583000    0.167176000   -1.456251000
 181   -0.950000000    0.160921600    1.276377000
 182   -0.950000000    0.092959650    0.160861600
 183   18.704770000    1.539208000   -0.335144900
 184   -0.950000000   -0.820665700   -0.981331700
 185   10.275800000    0.905713200   -1.720983000
 186   -0.950000000   -0.687532900   -1.327516000
 187   22.616360000    1.716619000    0.637445500
 188    5.518209000    0.885921100   -0.216862800
 189    2.703673000    0.194432400   -0.058250890
 190    4.136963000    0.649239100    1.308557000
 191   -0.950000000    0.017961560    1.019305000
 192    9.307599000    0.447713700   -1.961931000
 193   -0.950000000    0.178170600    1.367904000
 194    5.199497000    0.844729300    0.432928900
 195    2.778949000    0.221232800   -0.681472600
 196   13.641960000    1.126536000    1.450644000
 197   -0.950000000   -0.948374700   -0.653214800
 198   -0.950000000    0.025756780    1.391637000
 199    7.732513000    0.311092700   -0.863064400
 200    6.164613000    0.502998400    1.637703000
 201    7.222993000    0.887699500    0.358283400
 202   -0.950000000   -1.203222000   -0.569356600
 203   -0.950000000   -1.391309000    0.994143800
 204   -0.950000000   -0.339016300    1.597180000
 205   21.784050000    1.902196000    0.288676700
 206   19.269810000    1.386350000    1.079726000
 207   -0.950000000   -0.884131400   -0.291517600
 208   -0.950000000   -1.571307000    0.009836332
 209   -0.950000000   -1.475926000    1.786200000
 210    4.533453000    0.221591300   -0.401237600
 211    5.672480000    0.950990800   -0.325736700
 212   -0.950000000   -0.474911700    0.122546700
 213    4.736512000    0.994838900    1.334361000
 214   -0.950000000   -0.423809700   -0.473137000
 215   -0.358096600   -0.058339080   -0.720026200
 216   17.743800000    1.682976000   -1.205883000
 217   -0.950000000   -1.745146000    0.121284500
 218   -0.950000000    0.080811230    0.246999600
 219    1.184240000    0.298424400   -0.182996000
 220    2.874477000    0.266254800   -0.763158400
 221   16.733430000    1.759969000   -1.245075000
 222   -0.950000000   -1.297849000   -1.078889000
 223    1.448266000    0.214992100   -0.212091100
 224   -0.950000000   -0.229539300    1.544221000
 225    1.950929000    0.610175000    0.828917600
 226    3.472161000    0.350209300    0.561625500
 227    2.876493000    0.130913900    1.021985000
 228   -0.370731900    0.109094300    0.955972200
 229    4.184467000    0.535110600    0.487752200
 230   -0.950000000   -1.404980000   -0.463663200
 231   12.395950000    0.790570700   -1.418567000
 232   16.228150000    1.367528000   -0.818875600
 233    9.280543000    0.999081000    0.568687900
 234    0.592743600    0.459951900    1.572121000
 235   -0.950000000   -0.549510400   -0.255302700
 236   -0.950000000   -1.174980000   -0.329739600
 237    2.548286000   -0.396748800    1.687451000
 238   -0.950000000   -0.722231300   -1.081614000
 239   -0.950000000   -0.242414200    0.506599900
 240    8.630611000    0.368812700    1.723393000
 241   -0.950000000   -0.549367700    0.764818600
 242    0.944175200    0.068506000    1.244209000
 243   13.736550000    0.807987100   -1.751234000
 244   -0.950000000   -0.357698300   -0.572988500
 245    5.927362000    0.667578500    0.970626700
 246    1.685650000    0.222209700   -0.232936100
 247    2.335093000    0.304871900    0.341312900
 248   -0.950000000   -0.781382000    0.497301700
 249   -0.950000000   -0.198666700    1.638433000
 250    4.996219000    0.664636700    0.442912600
 251   -0.106699200   -0.015972820    1.582827000
 252   -0.950000000   -1.134335000   -0.453605800
 253   -0.950000000   -0.768734300   -0.800195900
 254   -0.950000000   -0.784169600    0.755161400
 255   12.297800000    0.817706000   -1.022098000
 256   35.678630000    1.985096000    1.411597000
 257    6.582062000    0.332232000   -0.169022800
 258   -0.950000000   -0.617367900    0.499123300
 259    2.415530000   -0.069910980    0.340416100
 260    7.180413000    0.538677200    1.406424000
 261   -0.950000000   -0.333821700    1.338459000
 262    5.782140000   -0.011692510    0.069073890
 263   -0.950000000   -0.790679300    0.799038000
 264   -0.950000000   -1.780340000   -0.341048600
 265   12.177910000    0.828904600    0.388165500
 266   16.400960000    1.117787000   -1.123129000
 267   14.466020000    0.859366700   -0.167786100
 268   15.220880000    0.925096800   -0.697298300
 269    7.507528000    0.306973100   -0.620016400
 270   15.471920000    1.063771000   -0.046913540
 271   -0.950000000   -0.912111000    1.481410000
 272    5.480173000    0.321580500    0.457885900
 273    9.144916000    0.991811800    0.607858500
 274   -0.486623000   -0.271301800    0.414386000
 275    7.351046000    0.244685400   -0.531366900
 276   24.520110000    1.924709000    0.631062000
 277    4.562038000    0.351478500    1.188942000
 278   -0.950000000   -0.338149200    0.721962800
 279    9.709274000    0.264503300    0.918833200
 280   -0.950000000   -0.669376600    0.519824000
 281    7.736780000    0.624023200    0.754987800
 282   11.215330000    0.398194400   -0.598852800
 283    2.228015000   -0.294677700   -0.618266000
 284    5.132887000    0.081417770   -0.477221800
 285   -0.066815800   -0.384318500    0.453817700
 286    3.030847000    0.377565300    0.974614800
 287   -0.950000000   -0.709539700   -0.395780600
 288    9.603292000    0.584359700   -0.429748600
 289   -0.950000000    0.097786940    0.517782700
 290   -0.950000000   -1.353872000    0.284824300
 291   -0.950000000   -1.110471000    0.913445800
 292    9.297493000    0.634530500   -0.279209000
 293   13.357020000    0.923628900   -0.602975800
 294    2.212820000   -0.017117200   -0.542052500
 295   -0.950000000   -1.601392000    0.175666400
 296   -0.950000000   -1.098482000    0.542599200
 297    6.506315000    0.838372900    1.240039000
 298   19.695960000    1.428704000    0.824463800
 299   -0.950000000   -0.693778900   -0.133472500
 300    7.272810000    0.622242500    0.228171000
 301   -0.950000000    0.478546400    0.945080500
 302   -0.950000000   -1.139590000   -1.392370000
 303   -0.950000000    0.069215410    0.291437300
 304   -0.950000000   -0.644214500    1.367901000
 305   -0.950000000   -0.803838600   -0.295365200
 306   14.919360000    1.477273000   -1.908389000
 307   -0.950000000   -0.808883700    0.262901100
 308   -0.950000000   -0.374505400   -0.257358900
 309   -0.950000000   -0.241136600   -0.074392780
 310   -0.950000000    0.252177700    0.000347188
 311    7.307145000    0.486987700   -1.614009000
 312    2.456897000    0.490698600   -0.890188000
 313   -0.950000000   -0.489868700   -0.874950900
 314   -0.699204300    0.624721200    0.998044200
 315   -0.950000000   -0.998957800    0.578798300
 316    6.550356000    0.335171400   -1.314668000
 317    7.494441000    0.673432100   -0.174303800
 318   13.609970000    1.546220000   -0.248049300
 319   -0.950000000   -0.776444000   -0.912722000
 320    2.622223000    0.170297500    0.400290000
 321   -0.950000000   -0.090119200    0.670893200
 322    0.552596200   -0.283571600   -1.453309000
 323    5.687864000    0.709203600    0.819152100
 324   -0.950000000   -0.265580500   -0.017207150
 325    5.827265000    0.248033200   -1.506120000
 326   11.669860000    0.681751300   -1.764577000
 327   16.220680000    1.423386000   -0.855647300
 328   18.591560000    1.482399000   -0.511758100
 329   -0.950000000   -0.873464000    0.487395400
 330   15.055340000    1.263644000   -0.651714200
 331   21.374640000    1.846977000    0.805615900
 332   -0.515011400   -0.737231800   -1.488851000
 333   -0.950000000   -1.088092000    0.624308000
 334   16.534360000    1.619511000   -0.296401100
 335   -0.950000000   -1.114515000   -1.682600000
 336    7.156556000    0.400229400   -0.758879700
 337   18.655980000    1.350826000    0.164730900
 338    6.195171000    0.467760600    1.654755000
 339    4.076474000    0.292022800   -0.110029300
 340   -0.950000000   -0.598970400    1.438605000
 341   -0.950000000   -1.112511000   -0.668283100
 342    0.675891800   -0.102747900   -0.100892600
 343   -0.950000000   -1.273158000    1.222932000
 344   -0.950000000   -0.855429200    1.514018000
 345    9.601020000    0.955720300    0.342561800
 346    8.494689000    0.689728700    1.524278000
 347   -0.950000000   -0.713313800    1.529994000
 348    2.064304000    0.171254100    0.994306000
 349   16.170270000    1.265570000    0.787707800
 350   -0.950000000   -1.299363000    0.527446000
 351    3.622090000    0.006362721    1.268631000
 352   -0.950000000   -0.962170600    0.116698900
 353   14.183930000    1.125813000    0.583313400
 354   -0.950000000   -1.836643000   -0.336284700
 355    9.324161000    1.975410000    1.052719000
 356   -0.950000000   -1.000692000   -0.582969800
 357    1.733818000    0.141912400    0.862407100
 358   -0.950000000   -1.393912000    0.008509207
 359   -0.950000000   -0.634356500   -0.007432147
 360   -0.950000000   -1.506842000   -1.460337000
 361    9.851913000    0.553845100   -0.125833600
 362    4.606637000    0.426719800   -0.220362000
 363   -0.950000000   -0.422239800    0.513855600
 364   -0.950000000   -0.418600300    1.889599000
 365    5.933689000    0.368580700    0.148802100
 366    3.616385000    0.245819100    0.834023800
 367   19.472810000    1.134322000   -1.798433000
 368   16.733900000    1.271352000    0.193107200
 369    4.031038000    0.101072400    0.399336500
 370    2.913600000    0.199647200   -0.162529300
 371   -0.950000000   -0.374770300    0.126101500
 372   -0.950000000   -1.555646000    0.447756000
 373    3.416379000   -0.018059390   -0.906705900
 374   22.414110000    1.489373000   -0.266684300
 375   -0.197924400   -0.233615600    0.344567300
 376   -0.950000000   -0.161189400    1.260031000
 377    2.336080000    0.192570200   -0.022830360
 378    2.308162000    0.145171800    0.323882000
 379   -0.950000000   -1.713368000    0.112030600
 380   26.228450000    1.645997000   -0.472195200
 381   -0.950000000   -0.973344600    1.055979000
 382   -0.950000000   -0.323859700    0.213155800
 383   18.519790000    1.995193000   -0.027040590
 384   -0.950000000   -0.465590300   -0.457336300
 385    6.919215000    0.835596400   -0.335290700
 386    4.741062000    0.282520100   -0.383487100
 387   -0.542559200   -0.105659600    0.995882600
 388    5.021041000    0.093426500   -0.600523000
 389    4.511408000    0.246175100   -0.834485500
 390   16.379650000    1.294916000   -0.980537900
 391   -0.950000000   -0.406534900    0.569690900
 392   -0.950000000   -0.346385000    0.127015500
 393    1.799840000    0.220144800    1.230322000
 394    1.171251000    0.287969000   -0.013674830
 395    8.868879000    1.094020000   -0.169659200
 396   -0.950000000   -0.586560000   -0.908508100
 397    6.633746000    0.444735500   -0.346150800
 398    0.504333100   -0.092359910   -0.522930300
 399   -0.950000000   -0.589944500   -1.837970000
 400    2.035623000    0.723495800    1.293991000
 401   -0.950000000   -0.568454900    0.162877400
 402    9.798936000    1.064911000    0.108212700
 403   -0.950000000   -0.960493000    1.291068000
 404   -0.950000000   -1.785033000    0.212395200
 405   17.469880000    1.980045000   -0.949315900
 406    1.979525000    0.082354800   -0.736563000
 407    1.255202000    0.411848000    0.541850100
 408   -0.522973000    0.011479530    0.729155100
 409    5.233596000    0.446699800   -0.962934600
 410   -0.950000000   -0.835477500    0.784607000
 411   -0.950000000   -0.301471900   -0.528557000
 412   -0.308725000   -0.232949300   -1.385916000
 413    7.205900000    0.916640200    0.437902600
 414   -0.950000000   -1.277403000   -0.412733600
 415   15.695310000    1.154000000    0.268672900
 416   -0.950000000   -0.720729600    0.369121700
 417   -0.950000000   -1.621924000    0.656429500
 418    9.249586000    0.881780100   -0.522903000
 419   -0.805880900    0.111427800    0.596812200
 420   -0.950000000   -1.253038000    1.679848000
 421   -0.950000000   -0.995115700    0.345445100
 422   -0.950000000   -0.858770700   -0.203552900
 423   18.057820000    1.430104000   -1.044796000
 424   -0.950000000    0.087719720    0.510260900
 425    0.206912900    0.510728000    0.296728000
 426   -0.950000000   -0.363668400    0.554452000
 427   -0.950000000   -0.511967800   -0.293904900
 428   -0.950000000   -1.123536000   -0.078925430
 429   -0.950000000   -0.060081360   -0.722599600
 430   -0.950000000   -1.114644000    1.737146000
 431   -0.950000000   -0.536083900    0.377323900
 432   -0.950000000   -0.788679000   -1.215839000
 433   -0.950000000   -0.528033000   -0.249031500
 434    9.414224000    1.202682000    0.158095600
 435   -0.950000000   -0.808505000   -1.019315000
 436   -0.950000000   -0.471075100   -0.813564200
 437    2.902772000    0.616375500    0.047382600
 438   -0.950000000   -0.335685400   -1.637521000
 439   -0.950000000    0.072663170   -0.800251100
 440   18.910130000    1.916094000   -0.693870500
 441   -0.950000000   -0.583138900   -0.836822600
 442   -0.950000000   -1.915589000    0.625838700
 443   -0.950000000   -0.689095900    0.693828200
 444    7.080967000    1.026079000    0.437615600
 445   -0.950000000   -0.515074700   -0.219251600
 446   -0.950000000   -0.792329300   -0.529137200
 447   -0.950000000   -1.120732000    0.650650300
 448   -0.950000000   -1.363157000   -1.014276000
 449   12.895310000    1.454836000   -0.753387900
 450   -0.950000000   -0.016948920    0.652465900
 451   14.347210000    0.995095100   -0.858401900
 452   12.237060000    0.865457000   -1.037225000
 453    8.202704000    0.490143300   -0.580287600
 454   15.175120000    0.876543400    0.275406200
 455   13.566110000    1.346402000   -0.495393800
 456   -0.950000000   -0.639011400    1.208816000
 457   12.656940000    1.056031000   -0.412392100
 458   -0.950000000   -1.090627000    1.855324000
 459   -0.950000000   -0.795055500    0.723212100
 460   20.940230000    1.499110000    0.291080400
 461    7.769501000    0.340835000   -0.877080500
 462   -0.011028720   -0.457008700   -0.836984500
 463   -0.950000000   -0.882885700    0.011765320
 464    2.590059000    0.256767800    0.435124100
 465    1.958475000   -0.030327120    0.746498900
 466    2.777367000    0.107072100   -1.152653000
 467   -0.950000000   -1.075058000   -1.166716000
 468   -0.950000000   -0.569211000   -0.240425000
 469   10.192510000    1.901393000    0.359429000
 470   -0.950000000   -0.960955200   -1.637877000
 471   -0.950000000   -0.769162500   -0.824741200
 472   -0.630862700   -0.024204720    0.291774700
 473   -0.691184900   -0.091983230   -0.595587100
 474   -0.950000000   -0.523268600    0.648261600
 475   -0.950000000    0.180349200    1.272929000
 476   -0.950000000   -0.646213900    1.016112000
 477    9.979568000    0.971067400   -0.552350300
 478   -0.950000000    0.051315740    0.814824200
 479    6.737887000    0.627548700   -1.767507000
 480    7.374578000    0.784204300    0.877833800
 481   -0.950000000   -0.455488800    1.507417000
 482    8.707533000    0.825998700    1.070213000
 483    4.116582000   -0.066263040   -0.548466000
 484   29.012050000    1.808649000   -1.505906000
 485   11.804210000    0.954930500    0.165033400
 486    5.392583000    0.873777800    1.351230000
 487   -0.950000000   -0.669619200    0.242828500
 488   -0.950000000   -0.541342000    0.141883700
 489    5.473846000   -0.044758900   -0.155898000
 490    9.929651000    0.721716900    1.048260000
 491   -0.950000000   -1.246894000    0.701957300
 492    1.193634000    0.075688100    1.264002000
 493    3.819067000   -0.062832180    0.253530100
 494    3.437736000   -0.111142900    0.124885900
 495   -0.950000000   -1.326534000    1.501249000
 496   25.709650000    1.749980000    0.166813300
 497    0.109259700   -0.320771100    0.133046000
 498   -0.950000000   -0.784118800    0.980609000
 499   -0.950000000   -1.047380000    0.699061000
 500   16.305570000    1.415741000    0.852696500
 501   -0.950000000   -0.775473100   -0.009722358
 502    4.161182000   -0.125706100   -0.379950100
 503    8.709244000    1.337256000    0.808446700
 504   -0.950000000   -1.551480000    1.166907000
 505   16.901620000    1.155269000    0.611236600
 506    4.024638000   -0.269907900   -1.007411000
 507    4.654366000   -0.081470130   -0.718765000
 508   -0.950000000   -0.604452300    1.265688000
 509   -0.950000000   -0.749803200    0.106472200
 510   -0.950000000   -0.681819000    1.009865000
 511   -0.950000000   -1.241708000   -0.337154400
 512   -0.950000000   -0.804306000    0.690118500
 513   16.584670000    1.606078000   -0.064505070
 514   -0.950000000   -1.666304000   -1.869070000
 515   -0.950000000   -0.007283403   -1.488810000
 516   20.793460000    1.677837000   -1.889498000
 517   -0.950000000   -0.943430500    0.790370400
 518    2.617317000    0.827958500    0.368766000
 519   -0.950000000   -0.901351600   -0.887667600
 520   -0.950000000    0.101445300   -1.155089000
 521   -0.950000000   -0.427296600   -1.103920000
 522   -0.706484000    0.263790000   -1.041530000
 523   -0.950000000   -1.374819000   -0.690862000
 524   -0.950000000   -0.386620800    0.660350000
 525   -0.950000000   -0.857658200   -0.136602200
 526    1.639489000    0.124897800   -0.993477000
 527   -0.950000000   -1.884778000   -0.839494200
 528   -0.950000000   -0.065228850   -0.240634100
 529    4.663820000    0.611391600   -0.461917100
 530   -0.950000000    0.024927890    0.214569700
 531   -0.950000000   -0.814638500   -0.414252600
 532    2.118518000    0.297515000   -0.231029700
 533   -0.950000000   -0.443885300   -0.375476700
 534   -0.950000000   -1.420262000   -0.350387400
 535    6.360282000    1.348578000    0.730204700
 536   -0.950000000   -0.643252600    1.476132000
 537   13.351400000    1.436557000    1.040342000
 538   -0.877075700   -0.462573000   -1.624372000
 539   -0.950000000    0.271706100    1.176511000
 540   -0.950000000   -1.642177000    1.350707000
 541   -0.950000000   -0.687242900    1.737519000
 542   12.545680000    0.495968600   -0.711222500
 543   -0.950000000   -0.761905500    0.868588300
 544    8.770847000    1.019629000    0.533891800
 545   -0.950000000   -0.792145500    0.178519800
 546    1.655981000   -0.434039400   -0.929521000
 547   -0.950000000   -0.338443500    1.367988000
 548   13.441720000    1.130967000    0.820398600
 549    8.801744000    0.248437700   -0.774140200
 550    7.183702000    0.388066700    0.207428400
 551    2.995619000    0.121590800    0.521995800
 552   -0.950000000   -0.651751900   -0.371072200
 553   19.646770000    1.599348000    0.174331200
 554    8.564149000    1.457967000    0.803521600
 555    0.246128000   -0.800372800   -1.655536000
 556   -0.598312000   -0.218991500   -0.306478400
 557    6.218404000    0.527989200    0.616047900
 558   -0.950000000   -1.355954000    0.033934650
 559   -0.950000000   -0.988592900    0.859242100
 560   -0.950000000   -1.241358000   -0.998027200
 561   21.845940000    1.954322000    1.566590000
 562   -0.950000000   -0.074141850    1.269119000
 563   -0.950000000   -0.233103800    0.075769120
 564   -0.950000000   -0.673344400    0.723609800
 565   -0.931110800    0.174731700    0.445197100
 566   -0.950000000   -0.438327100   -0.909588000
 567   22.659620000    1.886431000    0.349733800
 568    3.553015000    0.233329500   -0.026209710
 569   -0.950000000    0.010752940    0.970949900
 570   -0.950000000   -0.566905600   -1.465954000
 571    1.249259000    0.079194520   -0.906240100
 572   -0.950000000   -0.760448700   -1.904157000
 573   -0.950000000   -0.891123200    0.082465660
 574   -0.950000000   -0.264344300   -0.008010933
 575   -0.950000000   -1.232640000   -1.751446000
 576   -0.950000000   -0.246283200    0.860948300
 577   -0.950000000    0.142942700    1.709414000
 578   -0.950000000   -0.750384300    1.652636000
 579    7.255600000    0.754687300   -0.793866000
 580   17.950520000    1.767865000   -0.660949300
 581   -0.950000000   -0.518871900    0.458077000
 582   10.566550000    1.674538000    0.496522400
 583    5.964511000    0.849228700   -0.225618300
 584   -0.950000000   -0.770668100    0.896068900
 585   -0.950000000   -1.295546000   -1.140272000
 586   18.113140000    1.348770000    0.928983000
 587    3.058291000   -0.159272200   -0.721281400
 588    8.997061000    0.390874800   -0.227706400
 589   -0.544973600   -0.113610800    1.182896000
 590   10.320560000    0.673764500    0.964769300
 591   -0.950000000   -0.886123100   -0.536977600
 592   10.056250000    0.866457600    0.838502400
 593   13.462920000    0.858112300   -0.846275300
 594   -0.950000000   -1.738431000   -0.007966609
 595   16.522090000    0.945330500   -0.445588500
 596   -0.950000000   -0.581278500    1.068020000
 597   -0.950000000   -0.278606900    1.379615000
 598   -0.950000000   -0.323786200    0.790871500
 599   11.399120000    0.563332500   -0.831135900
 600    1.118507000   -0.212931800    1.373155000
 601   -0.950000000   -1.318768000   -0.950339700
 602    5.014110000    0.093382550    1.180927000
 603   -0.950000000   -1.639195000   -0.508547000
 604   -0.950000000   -0.526823400    1.554109000
 605   14.905730000    1.062548000    0.210452800
 606   17.725850000    1.417810000    0.016728090
 607   -0.751412400   -0.442075000   -0.029099990
 608    3.974141000   -0.022451140    0.143752200
 609    4.091402000    0.152039600    0.884449900
 610    3.672566000    0.053650690   -0.375426100
 611    5.741305000    0.253404100    0.484810300
 612    8.827652000    1.053378000   -0.087496820
 613   -0.950000000   -0.391751400    0.930027600
 614   15.322690000    0.949214400    0.412949400
 615    5.626339000    0.806844100    0.315564100
 616    1.847041000    0.072054180   -0.547124300
 617   22.625570000    1.822359000    0.343971800
 618   -0.950000000   -0.270117100    0.589768700
 619   -0.950000000   -0.241107100   -0.323147200
 620   12.648730000    0.639615400   -1.979680000
 621    1.660254000    0.119327600   -0.242698300
 622   12.199840000    1.506147000    0.767077800
 623   -0.950000000   -0.724681800    1.228702000
 624   -0.950000000   -0.288507600    0.214275600
 625    9.563045000    1.326994000    0.108505600
 626   15.840500000    1.402695000   -1.262452000
 627   -0.950000000   -1.089306000    0.297860600
 628   17.465580000    1.680516000   -0.765894400
 629    5.274108000    0.107627900   -1.394563000
 630    5.332951000    0.612039600    0.780248700
 631   -0.950000000    0.041196440    0.564984400
 632    5.816470000    0.523164700    0.189054400
 633   -0.950000000   -0.316096300   -1.118081000
 634    4.669343000    0.609474900   -0.130769000
 635    2.148270000   -0.118108900   -0.974021200
 636   -0.950000000    0.897987700    1.576504000
 637   -0.950000000   -1.377664000   -1.386858000
 638    3.157004000    0.105479600    0.623617500
 639   10.609780000    1.493949000   -0.681634900
 640   -0.950000000   -0.912811000    0.424489600
 641   14.323430000    0.981996300   -1.391541000
 642    5.339613000    0.450906900    0.070579110
 643    5.692097000    1.118782000   -0.049119040
 644   10.239450000    0.858021900   -1.500604000
 645   -0.950000000   -0.066845270   -0.240816600
 646   16.240880000    1.648574000   -0.266190500
 647   -0.252490300   -0.167586000   -0.772444800
 648    4.589278000    0.598219200    0.737320800
 649   -0.950000000   -1.620256000    1.724099000
 650    5.467689000   -0.119994600   -1.804038000
 651    9.877797000    1.072849000   -0.549613600
 652   11.055270000    0.737546700   -1.706755000
 653   -0.950000000   -0.785272300    0.976419200
 654   -0.334965100    0.001210793   -0.389236400
 655    0.537180800    0.173652100    0.020538480
 656   -0.950000000    0.103096900    1.153489000
 657   -0.950000000    0.140991000    0.370990300
 658   -0.950000000   -0.345444300    1.583733000
 659    8.194017000    0.816032100   -0.802269800
 660   -0.950000000   -0.933110200   -1.304627000
 661   13.806050000    1.160001000    1.587756000
 662   13.989540000    1.317310000    0.639397100
 663   -0.950000000   -0.503847400    0.368899000
 664   11.675030000    0.674294400   -1.681203000
 665    6.680009000    0.402132000   -0.169274500
 666   -0.950000000   -0.905366900   -1.043937000
 667   13.917470000    0.971932700   -0.157979100
 668   19.887150000    1.835010000    0.470273900
 669    7.194163000    0.471913300   -0.708847700
 670    2.271555000    0.008250827   -0.217187900
 671   -0.478094700   -0.564552900   -1.185108000
 672    5.258387000    0.218090200    1.339558000
 673   -0.950000000   -0.272691800    0.085053950
 674    0.530159400   -0.087476070    0.735030100
 675   20.600970000    1.664536000   -1.036490000
 676   -0.950000000   -1.996393000   -1.443948000
 677   -0.950000000   -0.478143400    0.242509900
 678    5.874867000    0.429247300   -0.263293400
 679    4.102634000    0.058184750   -1.004699000
 680   -0.950000000   -0.726117300    0.560156900
 681   -0.691865200   -0.115364600   -0.170068300
 682    6.548751000    0.480069800    0.151578600
 683    8.630944000    0.827710300    0.163714800
 684   -0.950000000   -0.521148000   -0.742317000
 685   18.170450000    1.278141000   -1.619078000
 686    1.843154000    0.219224000   -0.142548700
 687   -0.950000000    0.879887400    1.454081000
 688   -0.950000000    0.104065000    1.090674000
 689   -0.950000000   -0.406044000   -0.916901900
 690   21.519820000    1.931034000   -0.121774400
 691   -0.950000000   -1.649035000   -0.039471620
 692   -0.950000000   -0.342403900    0.027661940
 693   -0.950000000   -1.006861000    0.918122300
 694   -0.950000000   -0.648284900    1.481364000
 695   -0.950000000   -1.136956000    0.921124000
 696   -0.950000000   -0.558077700    1.236519000
 697   -0.950000000   -0.257050200    0.791863200
 698   10.844170000    1.561120000    0.881605600
 699    8.706993000    0.581204600   -1.724814000
 700   12.219750000    1.350252000   -0.568917900
 701   -0.950000000   -0.573741000    0.113688100
 702   -0.950000000   -0.679529700    1.044073000
 703   -0.950000000   -0.296578100   -0.059918170
 704   -0.950000000   -0.655038200    0.756561300
 705   -0.950000000   -0.868140000    0.504163400
 706   -0.950000000   -0.222363700    1.121935000
 707    8.746533000    0.447421100   -0.653396600
 708   -0.950000000   -0.849844000    1.433448000
 709   -0.950000000   -1.570976000    0.743553600
 710   -0.950000000   -1.074845000   -1.226676000
 711    4.257090000    0.322902400    0.577957000
 712   -0.950000000   -0.631102800    0.335292800
 713   -0.950000000    0.036157880    0.915078900
 714    6.631866000    0.336247800   -1.360913000
 715    7.959913000    0.483730500   -0.727872800
 716   10.595660000    0.583536400   -0.187994300
 717    0.368764900   -0.038988660    0.686389400
 718    4.620361000    0.304945100    0.491648000
 719    6.671972000    0.391623400    1.549727000
 720   19.220020000    1.509437000    0.172794500
 721   -0.950000000   -0.908208300   -0.910304900
 722   -0.950000000    0.168299500    1.675489000
 723   -0.950000000   -0.915089800    0.192075200
 724   -0.950000000   -0.634326500   -0.998803500
 725   27.964260000    1.928994000   -0.408359600
 726   -0.950000000   -0.147697800   -0.337551900
 727    2.276617000    0.264444600    0.189377400
 728    9.515804000    0.918372000    1.102806000
 729    0.144414300    0.023461760   -0.448344300
 730   -0.950000000   -0.082469290    0.524892600
 731   -0.950000000   -1.800356000   -1.130572000
 732   -0.950000000   -0.393754700   -0.142866800
 733   -0.950000000   -0.098343470   -1.042015000
 734    0.251833900    0.070566580    0.229491400
 735    1.909485000    0.360316900    0.455965500
 736   14.817880000    1.206331000   -1.297799000
 737   -0.950000000   -0.531079900   -0.997459400
 738   -0.950000000   -1.183085000    0.090276520
 739   -0.950000000   -0.295304800    1.792805000
 740    0.496980400    0.357740600   -1.051071000
 741   12.214810000    1.268443000   -0.222535600
 742   -0.950000000   -0.652688900    0.873919700
 743   -0.950000000   -1.258002000   -1.867187000
 744    0.807383700    0.451738600   -0.445109500
 745   -0.950000000   -1.511942000   -0.225443500
 746    7.544759000    0.974133700    0.297355100
 747   -0.950000000   -0.478573900   -1.597903000
 748    4.693169000    0.925709800    0.129277600
 749   -0.950000000   -1.522497000    0.725868200
 750   11.305510000    1.270811000   -0.537678900
 751   -0.950000000   -0.227293300   -0.023195490
 752   -0.950000000   -0.247768400    0.205375300
 753    6.642136000    0.607268000   -0.584872500
 754   -0.950000000   -0.291748400    0.481964200
 755    2.174072000    0.027339240   -0.548167900
 756   -0.950000000    0.143280700    1.145908000
 757    3.626832000    0.604807600    0.879652600
 758   -0.950000000   -0.656780600    0.111385200
 759   -0.950000000   -0.236378900   -0.399060000
 760   11.292260000    0.962750900   -0.618804500
 761    6.392612000    0.491918400   -0.497026500
 762   -0.950000000   -0.447161400   -0.439085000
 763    2.166836000    0.083104910   -0.478565400
 764   -0.950000000   -0.774617800    0.652818400
 765   -0.950000000   -1.219200000   -0.455009600
 766   -0.950000000   -1.380441000   -0.420881900
 767   -0.314955800   -0.136752500    1.187288000
 768   -0.950000000   -0.401552200    0.870207000
 769    3.323478000   -0.038467710   -0.589516200
 770    9.275188000    1.614319000   -0.044253690
 771    8.756093000    0.922808000    0.333740900
 772   -0.950000000   -0.721087000    0.096020150
 773    9.270331000    0.845784000   -0.036309040
 774    5.221336000    0.424991500    0.814948000
 775    7.412240000    0.936941900    1.473922000
 776   -0.950000000   -0.945850100   -0.188663600
 777   -0.950000000   -0.690952600   -0.504469100
 778   11.577750000    0.498536700   -1.366259000
 779    3.870497000    0.416022300    0.303196700
 780    0.461138200   -0.137929700    0.200076700
 781   26.534350000    1.876570000   -0.302906200
 782   -0.950000000   -0.574298400    1.088308000
 783   10.890840000    0.533636200   -0.971750800
 784    1.581874000   -0.205285900    0.662954600
 785    5.844807000   -0.003539691   -0.337493100
 786   10.818280000    0.336158600   -0.683756000
 787   -0.950000000   -0.194095300    1.421541000
 788   11.367000000    0.680720800    1.741472000
 789   11.077840000    0.780498500    1.385263000
 790   -0.950000000   -1.561944000    1.117782000
 791    7.514187000    0.085209140   -0.631620900
 792   -0.950000000   -0.642652000    1.272829000
 793    3.772620000   -0.195016800   -0.697318400
 794   23.684340000    1.725861000   -0.993553400
 795    9.017609000    0.623333100   -0.136561200
 796   -0.950000000   -0.375652900    0.473289700
 797    2.610821000   -0.147845000    1.533068000
 798    4.386563000    0.967422400    1.936117000
 799   -0.950000000   -0.837496700   -0.147930100
 800   -0.950000000   -0.919441400    0.761046800
 801    6.179633000    0.535827500    0.456847400
 802   11.666530000    0.587888300   -1.868833000
 803    1.616804000    0.292739900    1.345402000
 804    4.605307000    0.077481010   -0.724445500
 805    7.444443000    0.194845400   -1.792777000
 806   -0.950000000   -0.635534200    0.101098200
 807   -0.950000000   -0.938424900    0.156141600
 808   15.966610000    1.492564000    0.280358100
 809    5.040801000    0.421287200    0.094550440
 810   -0.950000000   -0.607724900    0.957648600
 811    5.978193000    0.369077300    0.441895600
 812   -0.950000000   -1.828816000    1.108482000
 813    0.655258100   -0.178850900    0.777299600
 814    3.730681000    0.101552000   -0.061037770
 815   13.264770000    1.090650000   -0.050061990
 816   -0.950000000   -0.157299600    1.331563000
 817   15.147190000    1.124578000   -0.927132300
 818   10.498940000    0.751150800   -0.822599200
 819   14.345420000    0.895176800   -0.753913700
 820   -0.950000000   -0.730463100    0.789547100
 821   -0.950000000   -0.516152900   -0.634396500
 822    5.036754000    0.263139000   -0.134263300
 823   -0.950000000   -1.393173000    0.339308300
 824   -0.950000000   -0.355030600    1.362119000
 825   14.592590000    1.623133000    0.852474200
 826   -0.950000000   -1.072077000   -0.166526000
 827   -0.950000000    0.658177900    0.886417300
 828   -0.950000000   -1.529465000   -0.074501870
 829   -0.950000000    0.102211800    0.349503600
 830   -0.950000000   -0.210873600   -0.192541200
 831   -0.950000000   -0.047247710   -1.192414000
 832   -0.950000000    0.121712400   -0.195372200
 833   -0.520912800    0.128255600   -1.571597000
 834    8.414998000    1.209765000   -0.588635800
 835   -0.950000000   -1.988846000    0.398285500
 836   -0.950000000   -0.892687800    1.000327000
 837   -0.950000000   -0.120385100   -0.445768900
 838   -0.950000000    0.175735600    0.253675200
 839    2.531786000    0.809800300   -0.962034900
 840    1.356166000    0.266748200   -1.066964000
 841   10.124090000    0.480035800   -1.230419000
 842   -0.950000000    0.554813800    1.241220000
 843    0.841799900   -0.004041876    0.365726000
 844   -0.950000000   -0.075594280    1.409054000
 845    0.434121800   -0.138988700   -0.718153400
 846    6.849520000    0.324440500   -0.850539100
 847   -0.950000000   -0.510864900    0.214118200
 848    2.768950000    0.237555900    0.269857400
 849    6.839800000    0.738606100   -0.027405190
 850   10.464080000    0.855221000   -1.646822000
 851   -0.950000000   -0.896042200   -0.338931400
 852    8.329876000    0.763143000    0.218004000
 853   -0.950000000   -1.070210000    1.364369000
 854   -0.950000000    0.171409500    1.770317000
 855   19.799320000    1.227110000   -1.731637000
 856    8.354304000    1.437950000    0.989845600
 857    5.765245000    0.651333300   -0.670645000
 858   -0.950000000   -1.660513000    0.752311100
 859   -0.950000000   -0.589785400    1.402947000
 860   -0.950000000   -0.969906600   -0.197202900
 861   -0.950000000    0.208555500    0.069802440
 862   -0.950000000   -1.963330000   -1.343278000
 863   12.094280000    1.944244000   -0.730201300
 864   17.854740000    1.538126000   -1.137273000
 865   -0.950000000   -0.465973100    0.097468220
 866   -0.950000000   -0.170442500   -0.992257800
 867   -0.950000000   -0.539063600    0.184343000
 868   11.053830000    1.480730000    0.563901700
 869   -0.950000000   -0.826780600   -1.152945000
 870   -0.950000000   -0.532301800    0.644462300
 871   -0.950000000   -1.282300000   -0.056096700
 872   -0.950000000   -0.672106800   -1.446392000
 873   -0.950000000   -0.334268500   -0.246603900
 874   -0.950000000   -0.840795200   -0.495334400
 875   -0.950000000   -1.327392000    0.550568000
 876    1.490429000    0.347068300   -0.092602420
 877   -0.950000000   -1.557189000   -0.044557780
 878    1.920246000    0.147106900   -1.141395000
 879   -0.267709900    0.150597200   -0.662949100
 880   -0.950000000    0.075167880    1.188106000
 881   -0.950000000    0.416915800    0.326773900
 882   -0.950000000   -0.505132400    0.292428500
 883   -0.950000000   -0.417895700   -0.505966100
 884   16.490780000    1.458793000    0.914730300
 885   -0.950000000   -0.949642200   -0.127441300
 886    2.071489000    0.091638150    0.290811200
 887    3.955838000    0.162752500   -0.813336000
 888   -0.950000000   -0.393050000    0.465592900
 889    3.412191000    0.007824962   -0.463680100
 890   -0.950000000   -1.267690000    0.587892000
 891   16.150580000    0.867245800   -1.733378000
 892    5.099319000    0.259205000   -0.635742100
 893   -0.950000000    0.131592800    1.248858000
 894    5.813101000    0.515501700    0.383121300
 895   -0.899133700   -0.207893600   -0.431567900
 896   -0.950000000   -0.516588000    1.862237000
 897   12.790030000    1.508111000    1.145344000
 898   -0.950000000   -0.663384200    1.062637000
 899   -0.682523900   -0.400755000   -0.952398700
 900   -0.950000000   -1.008384000    0.668184100
 901   13.825590000    0.869816900   -1.499030000
 902    6.595798000    0.662777900    0.488431300
 903   -0.950000000   -0.461074500   -1.284079000
 904    3.468808000    0.321720100   -0.093128350
 905   -0.950000000   -1.018332000    1.140784000
 906   -0.950000000   -0.281646700    0.022495910
 907   -0.950000000   -1.741906000    0.237433300
 908   -0.950000000   -0.724909000   -0.197876400
 909   -0.950000000   -1.376606000   -0.389294400
 910    8.762374000    1.123749000    0.162904300
 911   -0.950000000   -0.562007500   -0.101394700
 912   -0.950000000   -0.093978200    1.013198000
 913   -0.017506940    0.180035400    0.664537100
 914   11.763950000    1.119806000   -0.820820700
 915    0.712680500    0.067748910   -0.652693900
 916   -0.950000000   -0.367679300   -0.959393000
 917    7.566729000    1.257678000   -1.148364000
 918    1.926602000    0.453873400   -0.989691600
 919   11.471890000    1.314993000   -0.791850700
 920    2.766032000    1.601762000    1.340022000
 921   12.392350000    1.461039000    0.738360900
 922    1.374874000    0.436222200   -1.040173000
 923   -0.950000000   -1.592195000    0.550966000
 924   -0.950000000   -0.528998200   -1.811975000
 925   -0.950000000   -0.938063000    1.311849000
 926   -0.950000000   -1.124852000   -0.554567100
 927   -0.950000000   -1.311546000   -1.171899000
 928    7.368922000    0.874763500   -0.370811200
 929   -0.950000000   -1.465391000   -1.366538000
 930   11.673860000    1.243127000   -1.180931000
 931   -0.950000000   -0.307025500   -1.620263000
 932    1.453628000    0.847663200    1.241243000
 933    2.668514000    0.340706800   -1.312829000
 934   -0.950000000   -0.261434500   -1.249470000
 935   -0.950000000   -0.432491900   -0.387937500
 936   -0.950000000   -0.641234000    0.051072820
 937   -0.950000000   -0.722769800    0.340530200
 938   -0.950000000   -1.330879000   -0.040851790
 939    5.028109000    0.714256400   -0.396370200
 940    5.399017000    1.898311000    1.682956000
 941   -0.950000000   -0.563586400   -1.621704000
 942   -0.950000000   -0.266934800    0.741741400
 943   10.715090000    1.255870000   -0.405002700
 944   -0.950000000   -0.643965300   -0.672231400
 945    5.289060000    0.676865900   -0.808290200
 946    7.492739000    0.603858900   -0.532012600
 947   25.190170000    1.987675000    0.510820300
 948   -0.950000000   -1.087121000   -0.041327500
 949    0.495026200   -0.061124850   -0.520555200
 950   -0.950000000   -0.766086600   -0.030550860
 951    1.637217000    0.147757200   -0.569832800
 952   -0.950000000   -0.201088300   -0.270892600
 953    6.844145000    1.016360000    0.814250700
 954   -0.950000000   -0.012452650    0.682369400
 955    1.977402000    0.114395600   -0.670319000
 956   -0.950000000   -0.137494100   -0.552573000
 957   11.527040000    1.501582000    0.726207400
 958    4.017246000    0.627235300    0.375512200
 959   -0.950000000   -1.361866000    0.055721080
 960   -0.950000000   -0.377194500   -0.043911910
 961    9.550067000    1.470490000    0.861490100
 962   -0.950000000   -0.400625700   -0.361501900
 963   15.429970000    1.371381000   -0.922567000
 964   -0.950000000   -1.562896000    0.608293000
 965   16.153690000    1.953258000    1.727058000
 966    6.118271000    0.333918100    0.148848400
 967    6.168645000    0.773718300    0.657635900
 968   -0.950000000   -1.676098000   -0.166906300
 969   -0.950000000   -0.461335100   -0.936840200
 970   -0.950000000   -0.632532600   -0.580321600
 971    2.257637000    0.279800400    0.450115400
 972   -0.950000000   -0.630875700    0.245136100
 973   -0.854152500   -0.199470600    0.130357600
 974    5.606993000    0.363011100    0.694618600
 975   10.760680000    0.955396100    1.084430000
 976    8.257637000    0.636094300   -0.106088500
 977   -0.950000000   -1.263796000   -1.510609000
 978   11.345270000    0.549447500   -0.670731500
 979    2.367441000    0.266845900    0.379201200
 980   17.596780000    1.376134000    0.670369700
 981    2.777373000    0.088997960   -0.653753800
 982   15.046880000    1.426722000    1.117269000
 983   20.254710000    1.521294000    1.120316000
 984   14.560660000    0.794349800   -0.849371700
 985    2.897186000    0.025859550    0.883555300
 986   -0.808104100   -0.463818600   -0.765035000
 987    6.862828000    0.403463700    0.620949200
 988    6.871469000    0.620065600    0.057347270
 989   -0.950000000   -0.434524600   -0.244899700
 990   -0.950000000   -0.547856200    0.487931400
 991   -0.950000000   -1.158384000   -1.213936000
 992   -0.950000000   -1.767595000   -0.284014100
 993   -0.950000000   -1.144874000   -0.866248400
 994   -0.950000000   -1.488091000    0.316631400
 995   -0.950000000   -0.671299100   -0.230764100
 996   -0.950000000    0.212692000    1.568824000
 997   -0.950000000    0.230332500    0.374964100
 998   12.202720000    1.447807000   -0.923817100
 999    6.449801000    1.238880000   -0.667636100
1000   -0.950000000   -1.759515000    1.482260000
1001   -0.950000000    0.418325000   -1.319541000
1002   -0.950000000    0.013689700   -0.905907800
1003    9.123050000    1.619569000   -1.326813000
1004   -0.950000000   -0.674722900   -0.123279300
1005   -0.950000000   -1.629830000   -0.444792300
1006   -0.950000000   -1.492450000   -0.246371600
1007   -0.950000000   -0.430361900   -0.912456500
1008   -0.950000000   -0.546682000   -1.074323000
1009    6.104111000    0.400766800   -0.312999400
1010   12.496420000    1.103104000   -0.678030600
1011    2.175106000    0.232329900    0.079689140
1012    9.003187000    0.762679000   -1.259651000
1013    7.507366000    0.614305600    0.859005400
1014   -0.950000000   -0.521445300    0.838227900
1015   -0.950000000   -0.584540200    0.047901180
1016    8.018292000    0.698674600    0.770812900
1017    1.244475000    0.308900400    1.158630000
1018    3.368054000    0.808594900    0.999484200
1019   -0.149666900    0.131900900    0.008588140
1020    7.088770000    0.232552600   -0.904998500
1021   -0.950000000   -1.972304000    0.169869000
1022   -0.950000000   -0.996756000   -0.587659200
1023   -0.950000000   -0.488187000   -1.799198000
1024   -0.950000000   -0.700680700    0.112451100
1025   -0.950000000   -0.407907400   -0.501587600
1026    2.431555000    0.557335400    0.755446400
1027    6.027191000    0.775648300   -0.191370800
1028    8.589497000    1.178506000   -0.677220400
1029    4.097045000    0.635595600   -0.212634900
1030    4.444163000    0.856139900    0.420111500
1031   -0.950000000   -1.032268000    0.400723200
1032   -0.950000000   -0.344623000    0.006521889
1033   -0.950000000   -0.976992600   -0.310687100
1034   -0.950000000   -1.824817000    0.480540300
1035   18.396180000    1.873333000    0.070915810
1036    7.223165000    0.523178000   -1.977249000
1037   11.917930000    1.065475000   -0.008748872
1038    7.460478000    0.714818100    0.298434200
1039   10.510900000    0.850916200    0.321603900
1040    3.770336000    0.193445300   -0.475265800
1041    4.287247000   -0.031431100   -0.455021500
1042    7.675030000    0.781064600    0.891403600
1043   -0.950000000   -1.595153000    0.896361900
1044    2.475057000    0.509727700    0.890248200
1045    1.416905000   -0.161891800   -1.103808000
1046   14.107250000    1.050106000   -0.179884100
1047   -0.950000000   -0.954383000    0.554901300
1048   16.032160000    1.287173000   -0.245124400
1049    0.336438400   -0.235460500   -0.682159600
1050    3.103670000    0.261725500    0.639549600
1051   -0.950000000   -1.061891000    1.271364000
1052   -0.950000000   -0.958037000    0.161269900
1053   -0.950000000   -0.107872300    1.286312000
1054    2.150253000    0.085992320   -0.077260330
1055   10.179420000    1.043844000    0.117610200
1056   10.446980000    0.868449300   -0.841039300
1057   -0.462711000   -0.284363700   -0.237256800
1058   11.187780000    0.759375100   -1.568907000
1059   -0.950000000   -1.082096000    0.942170700
1060    4.985435000    0.826649100    1.039970000
1061   -0.950000000   -0.101732800   -0.164035300
1062   -0.950000000   -1.732735000    0.697687300
1063   -0.950000000   -0.371248500   -0.749414900
1064   -0.950000000   -0.081032040    1.064071000
1065   22.790780000    1.619379000    0.426705000
1066   11.572980000    1.366899000    0.330816800
1067   -0.950000000   -0.615275100   -0.028645690
1068   -0.950000000    0.225076100    1.004349000
1069   -0.950000000   -1.797467000   -0.534693000
1070   11.664210000    1.410483000    0.538869200
1071   -0.950000000   -0.289096400   -0.746842900
1072   -0.950000000   -1.953447000    0.407632300
1073    6.839043000    0.827731300   -0.807259300
1074   -0.950000000   -0.722933600   -0.605915400
1075   -0.950000000   -1.376963000    0.569432200
1076   -0.950000000   -0.459210700    0.291890700
1077   -0.950000000   -1.263138000   -1.950586000
1078    5.809880000    0.473385400   -0.818962700
1079   10.224080000    0.865236000    1.337325000
1080   -0.950000000   -0.072979450   -0.367109000
1081   -0.950000000   -0.444254600   -1.275530000
1082   -0.950000000   -0.996786900   -0.480976800
1083   -0.950000000   -0.100290400    0.424772600
1084   -0.950000000   -1.129422000    0.085991620
1085   -0.950000000   -0.551643000   -0.007408566
1086   -0.950000000   -0.729683800   -0.855109100
1087    5.297049000    0.847622100    1.568089000
1088   -0.950000000    0.015611020    0.885249800
1089    5.355083000    0.771416200    0.886211500
1090    4.315195000    0.047661290   -0.613153400
1091   -0.950000000   -0.427792400    0.815594200
1092   -0.950000000   -1.695136000    1.343724000
1093    9.288359000    0.472505600   -0.653383100
1094   -0.950000000   -1.130678000    1.417224000
1095   18.519440000    1.180095000    1.881475000
1096    5.552922000    1.088767000    0.612178800
1097    3.698369000    0.580867200    0.565999800
1098    2.999201000    0.269170700   -1.337186000
1099   -0.950000000   -1.861250000   -0.258319000
1100   -0.950000000   -0.467829100    0.023155540
1101   -0.950000000   -1.796226000    0.502521100
1102   16.867040000    1.250686000   -1.403189000
1103    7.013663000    0.798503300   -0.376128600
1104   -0.491107300    0.269075600    0.216738300
1105    6.244279000    0.629522200   -0.259106100
1106   -0.950000000   -0.804312100   -1.149611000
1107   -0.950000000   -1.232118000   -1.313944000
1108   -0.950000000   -1.600433000   -1.248183000
1109    5.570318000    0.771493900   -0.489019900
1110    2.627981000    0.275869300   -0.876261800
1111    2.040297000    0.624757100    0.859347000
1112   -0.950000000   -0.715092700    0.752171900
1113   -0.659875700   -0.069216290    0.200406000
1114   -0.950000000   -0.745041200   -0.085760010
1115    1.981675000    0.100392900   -1.543971000
1116   -0.950000000   -1.773165000    0.011868680
1117    4.995774000    0.257907300   -0.728462700
1118   -0.950000000   -1.634894000   -0.379677400
1119   -0.950000000   -1.524260000    1.427494000
1120   10.187300000    0.837602300   -0.666982900
1121   17.323490000    1.803649000    0.296268200
1122   -0.950000000   -0.483614100    0.216634000
1123   -0.950000000   -0.437674900    0.609974800
1124   -0.950000000   -1.145627000    0.609125900
1125   -0.950000000   -0.563537200    0.776430400
1126   -0.950000000   -0.625175300    0.403952600
1127   -0.950000000   -0.403105200   -1.613732000
1128   -0.950000000   -1.005975000    1.072729000
1129    6.009425000    0.803415100   -0.908565500
1130   -0.950000000   -0.281472800    1.092655000
1131    2.190921000    0.337896000   -0.782331800
1132   -0.950000000   -1.418029000    0.834754400
1133    3.136764000    0.514138200    1.572427000
1134   -0.950000000   -1.823301000    0.982174400
1135   -0.950000000   -0.769452600   -1.367972000
1136   -0.950000000   -1.586450000    0.127213000
1137   -0.950000000   -0.212432900   -0.486090400
1138   -0.950000000   -1.259262000    0.285487500
1139   -0.950000000    0.179175000   -0.154465600
1140   -0.950000000   -0.754601800   -0.040604810
1141   12.784310000    0.871480100   -1.384342000
1142   -0.950000000   -1.207908000    1.333340000
1143   -0.573292300    0.074931020   -0.283056700
1144   -0.950000000    0.333254600    0.382261500
1145   -0.950000000   -0.475155400    0.707719700
1146   15.231120000    1.766464000    0.401377300
1147   -0.950000000   -0.242898700    0.383527800
1148   -0.950000000   -1.342156000   -0.631171100
1149    9.308270000    1.098615000   -0.599785200
1150   -0.950000000   -1.473276000   -0.895710400
1151   -0.950000000   -0.398482600    1.049037000
1152   10.746130000    1.286134000   -0.098341390
1153    0.986261500    0.009078248   -1.388828000
1154   -0.950000000   -1.319266000   -0.806200800
1155   -0.950000000   -0.098395860   -0.718747900
1156   -0.950000000   -0.252488300    0.315759800
1157   -0.950000000   -0.470617000   -0.385744500
1158   -0.950000000   -1.182895000   -1.050952000
1159   -0.950000000   -0.077506250    0.642675400
1160    1.470854000    0.239035900    0.556206100
1161   10.309830000    0.903795300    0.185289500
1162   12.320830000    1.722142000   -1.277699000
1163   -0.950000000   -0.586097900   -0.288980500
1164    1.241268000    0.533744300    0.335157000
1165    7.790966000    0.759652000    0.124727300
1166   -0.950000000   -0.343517100    0.169898700
1167   -0.950000000    0.217664400   -0.211954400
1168   -0.950000000   -0.428071800    1.092670000
1169    2.677043000    0.778396100   -0.146800200
1170   -0.950000000   -1.651863000   -0.686049800
1171   -0.889302500    1.003808000    0.447262400
1172   -0.950000000   -1.829142000    0.415273900
1173   -0.950000000    0.010117880    1.041906000
1174    5.099949000    1.367050000    0.610367100
1175   12.497570000    1.362923000    1.195162000
1176   -0.950000000   -0.963947400    1.711141000
1177    1.490049000    0.282463400   -1.032948000
1178   -0.950000000   -0.938413100   -1.198411000
1179    2.757376000    0.407966700   -0.105600300
1180   -0.950000000   -1.309298000   -0.126456400
1181   -0.950000000   -0.291243200    0.393017000
1182   -0.950000000   -0.595004000   -0.327331800
1183   -0.950000000   -0.541489500   -0.121245800
1184    5.435454000    0.512720900   -0.479187600
1185   -0.950000000   -0.317928000    1.560789000
1186   -0.822893200    0.158274200    1.450743000
1187   -0.950000000   -0.771956700   -0.430534600
1188   -0.950000000   -0.536629800   -0.094352770
1189   11.288500000    0.866290100    0.507185700
1190   -0.950000000   -0.557261100    1.206235000
1191   16.179730000    0.827656800    1.645855000
1192   -0.950000000   -1.365152000    0.270383600
1193   12.039250000    0.797557300    1.406792000
1194   -0.950000000   -0.812060400   -0.500081600
1195    0.680012100   -0.345199400    0.054595530
1196   12.874270000    1.102764000    0.259415100
1197    2.702178000   -0.392907400   -1.208565000
1198   -0.950000000   -1.009790000    0.842280100
1199    8.423547000    0.613968900    1.323194000
1200   -0.950000000   -0.855369000   -0.970785100
1201    4.948473000    0.634945600    0.275432500
1202   -0.950000000   -0.537659000    1.315062000
1203    4.229829000    0.602022400   -0.354640800
1204    6.677460000    0.812886000   -1.189903000
1205   16.589540000    1.468694000    0.184444400
1206   -0.426254400   -0.262657300   -1.546320000
1207    7.085287000    0.576949500   -1.187590000
1208   11.911100000    1.043508000   -0.360536400
1209   -0.950000000   -0.756376100   -1.186996000
1210   -0.950000000   -1.622895000    0.181401700
1211   -0.950000000   -0.211121300    0.044615180
1212   -0.950000000   -0.496409600    0.300969600
1213    5.452263000    0.798631100    0.079968030
1214   -0.950000000   -0.451630900    0.051555640
1215   -0.950000000   -0.709499700   -0.606631100
1216   -0.950000000   -1.044055000   -1.089727000
1217    1.429426000    0.143287000   -1.172465000
1218   11.238760000    1.151535000   -0.799907200
1219   -0.950000000   -0.856893000   -0.270099900
1220   -0.950000000   -1.568275000   -0.040913140
1221   -0.950000000   -0.056027820    0.503892200
1222    4.726072000    0.358570000   -1.007218000
1223   18.157960000    1.493711000   -0.664833100
1224    9.707477000    1.020270000   -0.798020600
1225   -0.950000000   -0.702157300    0.794827700
1226    6.738352000    0.868314600    0.700886500
1227   -0.406129100    0.156241700   -0.241333700
1228   -0.950000000   -0.288899600    0.311581700
1229   -0.333413400   -0.111257000   -1.223526000
1230   -0.950000000   -1.176171000    1.377984000
1231    0.796316500   -0.485655300   -1.178506000
1232   14.390020000    0.944644100    0.038895330
1233   12.366960000    0.571471500   -1.114388000
1234    7.351878000    0.525093600    1.499346000
1235    5.963912000    0.157086500    0.215221800
1236    0.100971000   -0.384738800    0.341548300
1237    4.434010000    0.204203600    0.381146800
1238    7.333794000    0.214098800   -0.033363020
1239   -0.950000000   -0.540763000    1.699874000
1240   -0.950000000   -1.200382000    1.671446000
1241    9.075815000    0.583979600    0.737497900
1242    6.286796000    0.264972000    0.801104300
1243   -0.950000000   -1.088070000    0.794071100
1244    8.595978000    0.374094200   -0.140511700
1245    6.771667000    0.351910800    0.274019400
1246   12.180420000    1.010526000   -1.192013000
1247   10.364120000    1.406130000    0.467526000
1248   -0.950000000   -0.217994400    0.903120700
1249   -0.950000000    0.126361000    1.083047000
1250   -0.950000000    0.087658990    0.585183900
1251    2.960007000    0.536156000   -1.184764000
1252   -0.950000000   -1.054649000   -1.995537000
1253    1.337147000    0.167987000   -0.283010500
1254    3.448406000    0.670615000   -0.799877200
1255   -0.950000000   -0.990094100   -0.456946000
1256   -0.950000000   -1.582652000    0.392032400
1257   -0.950000000   -0.804850500   -0.588827600
1258   17.886360000    1.491182000    0.020872810
1259   -0.950000000   -0.564404400    1.109010000
1260    5.882877000    0.472385800   -0.523683900
1261   21.117380000    1.619645000    0.440225300
1262    8.615849000    1.101070000    0.352485200
1263   14.250610000    1.194589000    0.067488760
1264   -0.950000000   -1.142559000   -1.059498000
1265   14.584100000    1.043294000   -0.772607100
1266   -0.950000000   -0.496989800    1.976107000
1267   14.819400000    1.094348000   -0.617817500
1268   11.525030000    1.048832000    0.199399000
1269   -0.950000000   -1.032873000   -0.223406900
1270   -0.950000000   -0.322084000    0.315489900
1271    9.211889000    0.855090500   -0.450060300
1272   -0.421549000   -0.415320500   -1.310158000
1273    9.934419000    1.064337000    0.123967200
1274   -0.950000000   -1.666935000   -0.377026900
1275   -0.950000000   -1.613968000   -0.040071550
1276    8.548395000    0.603158500    1.200306000
1277   -0.950000000   -1.772162000   -0.258795400
1278   14.232190000    1.204196000   -1.372181000
1279    2.271180000    0.393426800    0.678421000
1280    7.122775000    0.532600000   -0.017494870
1281    2.993708000    0.298903600   -0.096880860
1282    3.575979000    0.155778400   -0.826102300
1283   -0.950000000   -1.032241000   -0.715470300
1284   13.330270000    1.643216000    0.527658100
1285   -0.950000000   -0.915551100   -0.522450800
1286   -0.950000000   -0.219764100    0.398060100
1287   -0.784724800   -0.091597290   -0.173888200
1288   -0.950000000   -0.744665300   -0.059466170
1289    3.428745000    0.378489000    0.633529200
1290   -0.950000000   -0.816643700    1.554304000
1291   -0.950000000   -1.555985000   -0.593360900
1292   -0.950000000   -0.446535600    0.062273870
1293   -0.950000000   -1.981285000    0.506152300
1294    3.131850000    0.528931900   -0.005862671
1295    7.407608000    0.472172400    0.576127400
1296   12.858650000    1.108628000    1.631699000
1297   11.421270000    1.199388000   -0.239118200
1298   -0.950000000   -1.703140000   -0.850230800
1299    7.845835000    1.925060000    0.586484500
1300    7.112713000    0.392692500   -1.855663000
1301   -0.950000000   -0.952018800   -0.611765700
1302    1.560216000    0.139564000   -0.137299000
1303   13.655750000    1.586995000   -0.333715800
1304   -0.950000000   -0.821494100   -1.484131000
1305   16.359040000    1.874243000    0.332890000
1306    8.426820000    0.498608000    0.423418800
1307   17.546530000    1.735794000    0.303883600
1308    2.203477000    0.402115700    0.736302900
1309   -0.950000000   -1.295284000    0.588797900
1310   16.667860000    1.257045000   -0.594570000
1311   -0.950000000   -1.054824000   -0.896841100
1312    4.168630000    0.470532000    0.464533200
1313    7.074084000    0.371134400    0.795745700
1314   -0.950000000   -1.483249000   -0.891455700
1315    9.204685000    1.171332000    0.869470000
1316   -0.950000000   -0.709010700   -1.143714000
1317   11.667690000    0.838032300   -0.255355500
1318   -0.950000000   -0.422903800   -0.576146700
1319    6.931869000    0.783062300    0.736083200
1320    6.491431000    0.544331900   -0.996380300
1321   10.125980000    1.023499000   -0.008020568
1322   -0.950000000    0.119419600    1.586919000
1323    4.135892000    0.485850600   -0.519585700
1324   -0.950000000   -0.308706300   -1.488329000
1325   -0.950000000   -0.646185500   -0.028884620
1326    2.213702000    0.236903300   -0.900330800
1327   -0.950000000   -1.139600000   -0.728260100
1328   -0.950000000   -1.015502000    1.383759000
1329   -0.950000000   -0.407754400    1.270625000
1330    6.305361000    0.314605400   -1.576075000
1331   -0.950000000   -0.761744700    1.213079000
1332    1.206211000    0.206462500   -0.354150600
1333    6.358224000    0.601187300   -1.132882000
1334   -0.950000000   -0.079035110   -1.585439000
1335    2.445143000    0.325389700   -0.792623800
1336   18.719480000    1.327250000   -1.050758000
1337   -0.950000000   -0.913580600    0.045537520
1338    7.976308000    1.243160000    1.586015000
1339   -0.950000000   -1.274669000   -0.136620900
1340   -0.950000000   -0.734030600   -0.409043300
1341    2.902875000    0.147867500   -0.206598900
1342   -0.950000000   -1.133533000   -0.321665400
1343   -0.950000000   -0.781514800    0.692120200
1344   11.690350000    1.589945000    1.250869000
1345    6.383857000    0.216550000   -0.998901600
1346   10.854840000    0.761171100   -0.786192500
1347   -0.950000000   -0.976622500   -1.094690000
1348   -0.950000000   -1.298411000    1.056194000
1349    0.516322700    0.006372186    1.659262000
1350   -0.950000000   -1.219901000   -0.334107600
1351   -0.950000000   -1.145713000   -0.128168600
1352   11.766970000    1.676044000    1.531220000
1353    6.145132000    0.822122100   -0.124689900
1354   -0.950000000   -0.665274800    0.465839400
1355    8.200100000    1.385817000   -0.145314900
1356   -0.950000000   -1.339766000    0.027411980
1357    8.053807000    0.977098600   -1.024984000
1358   -0.950000000   -0.081999400    0.392721900
1359   -0.950000000   -0.394520500   -1.661060000
1360   -0.420557800    0.157376500   -0.937769300
1361    8.781820000    0.849834600   -1.211069000
1362   -0.178521900    0.182098900   -1.682532000
1363   -0.950000000   -1.438522000    1.037282000
1364   -0.950000000   -0.896901700   -1.263270000
1365   -0.950000000   -0.174616700   -0.202485600
1366    3.466949000    0.050248230   -0.125210100
1367   10.584070000    0.670937500    0.601342900
1368   10.263200000    0.835712600   -0.827596600
1369   -0.950000000   -0.729416800    1.137134000
1370   -0.950000000   -1.225063000    0.810133700
1371    5.087070000    0.745079700    1.046021000
1372   15.611350000    1.290767000   -0.351949200
1373   -0.950000000   -1.142036000   -0.597877900
1374   -0.950000000   -1.789704000   -0.339926700
1375   -0.950000000   -0.614218900   -0.559683900
1376   -0.950000000   -0.527140200   -0.041834550
1377    9.439026000    0.745842600   -0.819987400
1378    2.228976000    0.418884500    1.204359000
1379   -0.950000000   -0.528691700   -0.863613700
1380   19.662820000    1.416757000   -0.404790000
1381   -0.950000000    0.078954070    0.689577000
1382   -0.950000000   -0.315740400    1.367806000
1383   -0.950000000   -0.432881400   -0.219717800
1384    7.955079000    1.027387000   -1.249217000
1385   -0.950000000   -0.904717000    0.152259500
1386   -0.950000000   -0.064078240   -0.097090640
1387    2.695877000    0.618433000    0.183500600
1388    3.947961000    0.566342300   -0.160295100
1389    3.506258000    0.482995500    0.371714100
1390    1.633851000    0.518682800    0.044475690
1391   -0.950000000   -0.511297500    1.019273000
1392   -0.950000000   -0.883702800   -0.309679800
1393   -0.950000000   -0.940462600    0.716555400
1394    2.185672000    0.102138400   -1.166309000
1395   -0.950000000   -0.941125800   -0.022759180
1396   -0.950000000   -0.560446500   -0.422588100
1397   12.923780000    1.462792000   -0.297095100
1398   -0.950000000   -0.169432700    0.745328400
1399   -0.950000000   -1.133727000   -1.689159000
1400   -0.950000000   -0.265198500   -1.288061000
1401    2.914535000    0.384767300   -0.352385200
1402    5.315816000    0.597070300    0.021228340
1403   12.572930000    1.134141000   -0.744869500
1404   -0.950000000   -0.314788300    1.480605000
1405    0.465244100    0.620592900    1.960107000
1406   -0.950000000   -0.701210300   -0.310954700
1407    1.780452000    0.204904300   -0.225351700
1408   -0.950000000   -0.189646400   -1.053385000
1409   -0.950000000   -0.670138700   -0.900731600
1410   -0.669425600   -0.011945820   -0.185100900
1411    0.275635900    0.353659100    0.956938300
1412   -0.950000000   -0.263445000   -0.000196841
1413   -0.950000000   -1.252136000    0.074955650
1414   -0.950000000   -1.053246000   -0.104734500
1415    5.444199000    0.263643800    1.237602000
1416   12.021870000    0.644659700    1.077038000
1417   -0.950000000   -1.068710000    0.662048200
1418   -0.950000000   -1.192680000   -0.469629900
1419   -0.950000000   -0.671480500    0.692422500
1420   14.046600000    1.246291000   -0.784173400
1421   -0.950000000   -0.255831300    0.994422700
1422   12.092070000    1.107749000    0.677037600
1423   -0.950000000   -0.652735900   -0.079016460
1424   -0.178655500    0.421138100    1.641200000
1425    4.252819000    0.544272500    0.447261300
1426    6.575350000    0.295985600   -0.397143000
1427    6.441366000    0.726378300    0.466659600
1428   12.304700000    0.907447500    0.520737700
1429   12.754720000    1.159863000   -0.316956400
1430    1.946990000   -0.251052000   -0.631330200
1431    0.209010400   -0.399779600   -0.425588500
1432   -0.950000000   -1.649324000    0.021804570
1433   22.861630000    1.765421000    1.419741000
1434   12.807660000    0.834034700   -1.507326000
1435   -0.950000000   -1.869064000   -0.677309400
1436    2.262533000   -0.025608570    1.750383000
1437    2.814435000    0.137233600    0.455176600
1438   18.431880000    1.336355000    0.855235700
1439    2.709696000    0.418447300    0.728325800
1440   11.503180000    0.763110500   -0.291465800
1441    2.245958000    0.498039700    0.010687620
1442    5.378508000    1.295053000   -0.988134800
1443   -0.950000000   -0.283983100    0.449830700
1444   -0.950000000   -0.779779500    0.867891100
1445    8.315220000    1.146001000    0.368051700
1446   -0.950000000   -0.852555400   -1.146486000
1447   -0.950000000   -1.228850000   -0.365518200
1448   -0.950000000   -0.956090300   -0.271343200
1449   -0.950000000    0.122644600   -0.316671400
1450   -0.950000000   -0.363527500    0.500069900
1451   -0.950000000   -0.116688300   -0.293272000
1452   -0.950000000   -0.594253900    0.345418600
1453   -0.950000000   -1.159849000    1.303688000
1454   -0.950000000   -0.231473300    0.207208100
1455    4.699488000    0.479101800   -0.722104700
1456   -0.950000000   -1.053594000    1.215517000
1457    4.149268000   -0.183435100   -0.371845200
1458   20.021030000    1.303970000   -0.484517300
1459    8.063169000    0.358534800    0.475787700
1460   14.918880000    0.823999800   -0.495433100
1461    0.313473000   -0.431388800    0.277541600
1462   -0.751374900    0.116623700    1.267508000
1463    0.179099300   -0.571620100   -0.219296800
1464   10.655720000    0.419649800   -0.882408100
1465    8.413523000    0.742362800    0.805955100
1466    1.625246000   -0.449807800   -0.864848900
1467    8.202874000    0.797869400    0.320682000
1468   25.552600000    1.735922000    0.596918100
1469   18.438710000    1.037630000   -0.377361600
1470    4.960437000   -0.040045640    1.051088000
1471   -0.950000000   -1.607188000    1.972711000
1472   -0.950000000   -0.208252000    1.296928000
1473   16.814380000    1.194536000   -1.658668000
1474   -0.950000000   -0.016192720    0.949184900
1475   -0.950000000    0.135960200    0.194366600
1476   -0.950000000   -0.709193100   -0.497453200
1477   -0.950000000   -0.556851600   -1.644799000
1478    4.642748000    0.176958700   -1.002097000
1479    4.654565000    1.177734000    0.281253600
1480   -0.950000000   -0.309132700    0.782164000
1481   -0.950000000   -1.352464000    0.399644400
1482   -0.950000000   -1.200122000   -0.183879000
1483    6.037295000    0.832479700   -0.611970500
1484   -0.950000000   -1.200712000   -0.265890700
1485    0.744513000   -0.089661550   -1.875408000
1486   -0.861467300   -0.026882670    1.325070000
1487   -0.950000000   -0.501720200    0.941134400
1488   10.772250000    0.685701900   -0.705903600
1489    0.719789200    0.118546300    1.814686000
1490    3.753943000    0.459343400    0.327698900
1491   -0.950000000   -0.993900800   -0.049533690
1492   -0.950000000   -1.547299000    1.425712000
1493    6.928558000    0.567378700    1.159514000
1494    3.909025000    0.489071100    0.974212200
1495   -0.950000000   -1.179459000   -0.414722700
1496   -0.950000000   -0.645575900    1.423595000
1497   14.308370000    0.620619200   -1.703579000
1498   16.897650000    1.080917000    1.615965000
1499   -0.950000000   -1.760081000    0.299923300
1500    3.983313000   -0.028396390   -1.088419000
