*y  x1  x2
   1    8.226825000    1.169395000    1.118373000
   2    0.109088200   -0.027736910   -1.199227000
   3    2.630404000    0.273633200   -0.333248700
   4    1.052029000    0.284172700   -0.465744200
   5    2.114667000    0.273461100    0.337646500
   6   -0.950000000   -1.455054000    0.303369900
   7   -0.950000000   -0.158974600   -0.578913900
   8    6.673400000    0.584111700   -0.493971200
   9   -0.950000000   -0.386008700   -0.597904000
  10   14.461700000    1.193268000   -0.755598100
  11    3.097219000    0.061670570   -1.190837000
  12   -0.950000000   -0.820536900   -0.196247200
  13    3.861692000    0.183505300   -1.125666000
  14   -0.950000000   -1.663279000    0.646639200
  15    2.264557000    0.532494200    0.161735000
  16    4.249962000    0.049360880    0.879575700
  17   19.268760000    1.133359000   -0.513285500
  18    5.953319000    0.155062000   -0.330991700
  19    5.976439000    0.527189400    0.621774200
  20    2.257408000   -0.680243200   -1.271160000
  21   10.362620000    0.605770100   -0.110720500
  22    6.577365000    0.052372710   -0.099242230
  23    8.387619000    0.777968700    1.774104000
  24    6.747654000    0.262797600    1.103736000
  25   15.832590000    0.916533700    0.660364500
  26    7.478544000    0.109874000    0.443380800
  27    8.841385000    0.355984700    0.617707100
  28   -0.950000000   -1.035572000    0.122265500
  29   -0.950000000   -1.415056000    0.364568300
  30   14.701010000    1.085777000   -0.008372405
  31   -0.950000000   -1.212684000   -0.819421400
  32   14.498440000    1.038355000   -0.449619000
  33   20.675920000    1.167583000   -0.741893600
  34    8.452102000    0.399704000    0.458589600
  35    6.276858000    0.461262400    1.639903000
  36   12.148360000    0.690546300    1.306195000
  37    4.009454000    0.212668800    0.222401300
  38   -0.950000000   -1.069898000    0.380759400
  39   -0.424886300   -0.240134200    1.841222000
  40    8.154300000    1.408145000    1.101065000
  41   -0.950000000   -0.852119300   -0.121067000
  42   -0.950000000   -0.924828900   -0.883770400
  43   10.195650000    0.731325000    0.633720300
  44   11.556920000    0.744322800   -0.814955500
  45   -0.950000000   -0.712334800   -0.359199200
  46   -0.507036300   -0.402984800   -1.718428000
  47   -0.950000000   -1.040738000    1.386931000
  48   -0.950000000   -0.265134200    0.603474100
  49   11.896680000    0.978458700    0.332463000
  50    0.400205200   -0.194340300    0.017777550
  51    0.514173100   -0.053021380    0.445577900
  52    2.950332000    0.168562100    0.574792000
  53   -0.950000000   -1.044943000   -1.989027000
  54    8.362273000    0.988147800    0.650078800
  55    2.476272000    0.305541200    1.309854000
  56   -0.950000000   -0.940988300   -0.418505600
  57   15.124780000    1.177404000    1.230289000
  58   15.729530000    1.005555000   -0.221258500
  59   -0.950000000   -1.320281000    1.093359000
  60    9.237200000    0.581709600   -0.344814700
  61   -0.950000000   -0.877398900   -0.145487100
  62   -0.950000000   -0.350258100    0.133034000
  63   10.944330000    0.944562300   -1.405214000
  64    9.145461000    0.817068700   -1.699211000
  65   -0.950000000   -0.250664400    0.764514800
  66    9.312314000    1.669670000   -0.979108400
  67    4.819212000    0.540357800   -0.271684600
  68    8.614304000    0.486353300   -1.458336000
  69    6.853462000    0.738807800   -0.567735400
  70   -0.950000000   -1.435849000   -1.154638000
  71   -0.950000000   -1.459154000    0.592854300
  72   -0.950000000   -0.782416300    0.890089500
  73   -0.950000000   -0.326831100   -0.898110700
  74   -0.950000000    0.017294040    1.728066000
  75    5.808018000    0.824706500    0.197748300
  76   -0.950000000   -1.958444000   -0.293693700
  77    5.528452000    0.856394600    1.076368000
  78   -0.950000000   -0.090531790   -1.511706000
  79   -0.950000000   -0.786358000   -1.995148000
  80   -0.950000000    0.138067500    0.181781600
  81    3.350599000    0.459518500   -1.379254000
  82   -0.950000000   -0.911679700    0.310893000
  83   -0.950000000    0.234708900   -0.887152000
  84   -0.950000000    0.085315310   -0.988099600
  85   -0.950000000    0.366461100    0.496369100
  86    0.243138300    0.282158400   -0.903300600
  87   -0.950000000    0.260586800   -0.034580220
  88   -0.950000000   -0.410444300   -0.846368400
  89   -0.950000000    0.002497778   -0.664236800
  90    8.618492000    0.839069400   -0.849167200
  91    0.276350200   -0.786462700   -1.048427000
  92   17.967480000    1.674592000    0.526766500
  93   -0.950000000   -1.331176000   -0.827222300
  94    1.918338000   -0.486869700    1.867993000
  95   12.877160000    0.492319300   -0.794370800
  96   19.355820000    1.171453000    0.678478300
  97    6.587420000   -0.075413040   -0.608761500
  98   13.603350000    1.174788000    0.642818800
  99   14.118380000    1.028238000    0.879317900
 100    5.097644000    0.330725500    0.532378300
 101    9.117053000    0.663793600    0.831052300
 102    6.142264000    0.048590750   -0.350884700
 103   -0.950000000   -0.661018100   -0.040341400
 104    4.079925000    0.439510500    1.477362000
 105    8.710368000    0.692838700    0.336443600
 106   -0.950000000   -0.755662100   -0.193534000
 107   10.354500000    0.198473800   -1.029248000
 108   10.385800000    1.010771000    0.328944800
 109    1.376318000   -0.201974200   -0.059497020
 110   10.761700000    0.717469300    0.092965760
 111    7.387542000    0.352139100   -0.714313700
 112   -0.950000000   -1.198170000   -0.055516390
 113   -0.950000000   -0.616474700    1.775032000
 114    5.455472000    0.657951900    0.623987500
 115    9.289099000    0.713165600    0.727805800
 116    3.353400000   -0.168164700   -0.183825800
 117   22.326850000    1.343178000   -0.579102300
 118    4.481746000    0.942753300    1.588178000
 119   -0.950000000   -1.132471000    0.041143810
 120   -0.950000000   -0.293928400    0.135887000
 121   -0.950000000   -0.554810700   -0.515841600
 122   -0.950000000   -1.649929000   -0.609258900
 123   -0.950000000   -0.275729500   -0.275927200
 124   -0.950000000   -0.745777200   -0.388657200
 125   -0.604887100   -0.211186200   -1.348710000
 126   -0.950000000   -1.434434000   -1.356375000
 127   -0.950000000    0.194465400    0.615648200
 128    4.955464000    0.714328500   -1.435395000
 129   -0.950000000    0.443679800    1.060892000
 130   -0.950000000    0.191943500    0.322759700
 131    2.353715000    0.429787200    0.758719200
 132   19.012610000    1.695961000   -1.394511000
 133    5.670332000    1.086803000   -0.173936100
 134    4.070137000    0.500168300   -0.448342400
 135    8.618783000    0.813867900   -1.319316000
 136   -0.950000000   -1.821083000   -0.841251300
 137   20.711530000    1.792715000    0.664735900
 138    9.672483000    1.094593000    0.329513100
 139   -0.950000000   -0.465614300    0.891082200
 140    5.857534000    0.320985700    0.824650500
 141    8.004362000    0.693933300   -0.564385600
 142   -0.950000000   -1.343765000    0.102520200
 143   10.472700000    0.805132300   -1.331894000
 144   -0.950000000   -0.418797800   -0.004263034
 145   -0.950000000   -0.134193200    1.062582000
 146   -0.255782000   -0.307774900    0.302668000
 147   -0.950000000   -0.508538500    1.109621000
 148    5.279714000    0.310740300   -0.858295400
 149   18.586780000    1.630986000   -1.499060000
 150    1.011613000   -0.039593600    0.162499700
 151   -0.950000000   -1.064036000    0.369766300
 152    5.217224000    0.643541700   -1.238242000
 153    5.328593000    0.752329200    1.785491000
 154    0.248820200   -0.097418490   -1.067040000
 155    1.896066000    0.096404640    0.091527850
 156   14.538330000    1.286443000    0.496836800
 157    5.695011000    1.161778000    1.231319000
 158   -0.950000000   -1.095950000   -1.508670000
 159   -0.950000000   -0.616095300   -1.003962000
 160   -0.950000000   -1.923899000    0.235542300
 161   -0.950000000   -0.078841710    1.274399000
 162   -0.950000000   -0.314257700    1.385164000
 163   -0.950000000   -0.312588900    0.459756600
 164   -0.950000000   -0.884131800    1.140006000
 165    7.321958000    0.785397500   -0.392999200
 166   -0.950000000   -0.525500200   -1.099745000
 167   16.629790000    1.527746000    0.910305200
 168   -0.950000000   -0.686501200   -0.029586460
 169   -0.446912000    0.783334000    0.887666400
 170   -0.950000000   -1.487898000    0.361582300
 171    5.973209000    0.732925200   -0.696487300
 172   11.539770000    1.229887000   -0.174242700
 173    7.595667000    0.772593100   -0.241134300
 174   -0.950000000   -0.390910600   -1.422981000
 175    4.240571000    0.425003200   -1.878970000
 176   -0.950000000   -0.923866400    0.904278400
 177   -0.950000000   -0.173147500   -0.211508300
 178   -0.950000000   -0.520784900    1.694391000
 179   -0.950000000   -1.828071000   -0.754343900
 180    9.274724000    0.869904100   -1.328643000
 181   -0.950000000   -1.303233000    0.933806900
 182    8.519612000    0.859969200   -0.454942500
 183    3.464591000    0.050600680   -1.079078000
 184   -0.950000000   -0.298924900    1.306490000
 185    1.861547000    0.908308700    1.966781000
 186    2.752275000    0.261994200   -0.413048200
 187   -0.950000000   -0.364165400    0.947244700
 188    2.655320000    0.166987000   -0.335858000
 189   -0.950000000   -1.079702000   -0.430167400
 190   -0.950000000   -1.328126000   -1.197958000
 191   12.838100000    1.383374000   -0.696418200
 192   -0.950000000   -0.903611900   -0.803225700
 193   -0.950000000   -0.314722900   -0.064121320
 194   -0.950000000    0.058894550    1.470134000
 195    3.809958000    0.019649250   -1.531870000
 196    0.708393300    0.189862300    0.429390100
 197    3.300404000    0.478577200    0.119446600
 198    4.142217000    0.258834200   -0.341335000
 199   -0.950000000   -1.820685000    1.047683000
 200   -0.950000000   -0.971334600   -1.110544000
 201   12.406840000    1.543536000    1.034387000
 202   -0.950000000   -0.756203700    0.092535220
 203    9.987508000    0.727531200   -0.229118700
 204   -0.950000000   -1.485589000    0.429327000
 205   -0.950000000   -0.825114700    0.358336100
 206   15.921280000    1.865141000    0.986965100
 207   -0.950000000   -0.847396000    1.212167000
 208    7.508207000    0.598740800    0.463734100
 209   -0.950000000   -0.920170500   -0.622852500
 210   -0.950000000   -0.793189700   -0.155154100
 211   -0.950000000   -1.215263000   -0.398696500
 212   -0.950000000   -0.310373400    0.404780400
 213   -0.950000000   -1.443150000   -0.074456460
 214    6.533689000    0.718014000   -0.383409400
 215   -0.950000000   -1.252845000   -0.567361400
 216   17.472120000    1.389710000    0.217566700
 217   18.122840000    1.586917000   -0.936706500
 218   -0.900755900   -0.314342200   -1.759914000
 219   -0.950000000   -0.442762400   -0.860588400
 220   12.771110000    1.078063000    1.173745000
 221    5.897036000    0.591937700   -0.128720300
 222   -0.950000000   -0.108089200    0.241032200
 223    4.188792000    0.754507500    1.385405000
 224    6.433113000    0.868090800    0.415128800
 225   -0.950000000   -0.594268600    0.532798500
 226   16.101810000    1.575032000    0.678867600
 227    9.889077000    0.656799800    0.121075700
 228   -0.950000000   -1.129467000    1.371994000
 229   -0.138002600    0.114450900    0.719971000
 230   -0.950000000   -0.803688800    0.659056100
 231    4.414317000    0.877856200    1.666515000
 232   12.002670000    0.993851800   -0.285913600
 233   12.343450000    0.610909700   -1.226339000
 234   -0.950000000    0.018208920    1.108578000
 235   -0.950000000   -0.771743500    0.471118800
 236   -0.950000000   -1.072350000    1.029690000
 237   -0.950000000   -1.612055000    0.624756600
 238   -0.355089400   -0.331427900   -1.364586000
 239    0.180290000   -0.453599700   -1.887680000
 240   -0.950000000   -1.795324000   -1.275804000
 241    2.364762000    0.077848060   -0.569366100
 242   -0.950000000   -0.086069590   -0.002089627
 243    4.261239000    0.613360700    0.245775200
 244    2.868697000    0.693457500   -0.254832300
 245    0.679482000    0.104385900    1.346371000
 246    8.677067000    0.819272900   -0.450558300
 247    3.342187000    0.271035600   -1.285671000
 248   -0.950000000    0.117196500    0.708443600
 249   16.937310000    1.315566000   -1.113991000
 250    3.886256000    0.492685400   -0.280441500
 251   -0.950000000   -0.273346700   -0.151014900
 252   -0.950000000   -0.690561300   -0.805994400
 253    4.164465000    0.366074400    0.896341000
 254   -0.950000000   -1.962671000   -0.463838700
 255   -0.950000000   -1.087549000   -0.468134600
 256   11.485850000    1.286549000    0.119893100
 257    2.618154000    0.226759300   -0.326033000
 258   10.497530000    0.850775400   -0.976789400
 259   -0.471513300   -0.108217800    0.496853500
 260   17.175630000    1.191859000   -1.692010000
 261   -0.950000000   -0.701722100    0.636069100
 262   -0.950000000   -0.386897800    0.291019400
 263    1.066001000    0.584421400    1.908005000
 264   -0.950000000   -0.507634400   -1.130076000
 265    2.931973000    0.138646100    0.034992430
 266    5.052436000    0.392053800   -0.267537300
 267   13.123270000    1.009180000   -1.343789000
 268    4.318995000    0.560148400    0.983287300
 269   -0.950000000   -1.630156000   -0.114514500
 270   -0.322667800   -0.162068900   -0.987276900
 271   10.516210000    0.395722500    0.574520600
 272    4.997916000    0.112789800   -0.239680500
 273   13.889860000    1.641946000   -0.177618100
 274   -0.950000000   -0.657258300    0.591251900
 275    2.167373000   -0.072424440    0.388140400
 276    8.548944000    0.418416300   -0.400910800
 277    3.539256000    0.771320100    1.834975000
 278   10.592630000    0.458310600    0.001750973
 279   11.609330000    1.224945000    0.891130000
 280   12.396820000    0.865716100   -0.084005740
 281    7.641832000   -0.037180940   -1.577945000
 282    3.476256000   -0.017285670    0.053659690
 283   -0.575834300   -0.326530800    0.721370300
 284   17.226090000    1.028802000   -0.247619200
 285   12.890340000    0.594920500   -1.205180000
 286   -0.950000000   -0.501430500    1.786073000
 287    2.878406000    0.034097550   -0.639841000
 288   -0.950000000   -0.631323000   -0.351608800
 289   -0.950000000   -1.182895000    0.005920508
 290    9.594542000    0.399004700   -1.718029000
 291    8.915029000    0.656648500   -0.866886200
 292   -0.950000000   -0.761845200    0.622835400
 293   13.424670000    0.769337200   -0.475181900
 294    8.285285000    0.756866700    0.240653400
 295   -0.950000000   -1.056047000    1.292496000
 296   10.971920000    1.037736000    0.914962600
 297    4.830309000    0.753098700    1.280793000
 298   -0.950000000   -0.582389500   -0.046161160
 299    0.032945320    0.375667500    1.651538000
 300   -0.950000000   -1.226693000    0.624520600
 301   -0.950000000   -0.192504200    0.073123310
 302   -0.950000000   -0.418557500   -0.610865600
 303   17.441160000    1.635520000   -1.025439000
 304   -0.950000000   -0.275875900    1.167459000
 305   -0.950000000   -0.602760800   -1.755399000
 306   -0.950000000   -1.051637000    0.826407800
 307   -0.950000000   -0.520222000    0.929524500
 308    0.884322300    0.058206080   -1.091474000
 309    1.174424000    0.187291600    0.560314200
 310   -0.950000000   -0.566422700   -0.270702200
 311    6.497247000    0.385797700   -1.365900000
 312    6.985696000    1.055104000    0.006034236
 313   -0.950000000    0.005563587   -0.112941300
 314   -0.950000000   -0.386066900   -0.966723000
 315    4.266865000    1.069063000    0.493056500
 316   -0.950000000   -0.315308000    0.678278000
 317   -0.950000000   -1.487693000   -1.284108000
 318    2.089482000    0.220078800    1.063215000
 319   -0.950000000   -0.674925900   -0.515361100
 320   -0.950000000    0.003922062    0.929103400
 321   -0.950000000    0.240971500   -0.049166730
 322   -0.950000000   -0.265963100    0.119550300
 323    7.307409000    1.950116000    0.860282100
 324   -0.950000000   -1.205847000   -0.769436900
 325   16.242520000    1.508194000   -1.195153000
 326   -0.950000000    0.060035570    0.978860200
 327    7.904156000    0.634963700   -0.627677600
 328   -0.950000000   -0.298178600    0.284564800
 329   -0.950000000    0.366319200    0.598050800
 330    0.278022300   -0.119664200   -1.433809000
 331    3.415064000    0.323389400    0.494576400
 332    6.755030000    0.705278600    0.220626200
 333   -0.031910740   -0.090133320   -0.093364940
 334    6.439413000    0.409267900    0.619666300
 335   -0.950000000   -0.896500300    0.216090200
 336   -0.950000000   -0.521899600   -0.677123600
 337   -0.950000000   -0.410483400   -0.418790200
 338   -0.950000000   -1.057681000   -0.209666500
 339   15.258080000    1.404137000    0.064730710
 340   -0.950000000   -1.339380000   -1.614907000
 341   10.404110000    1.192014000    0.158835400
 342    0.544214700    0.507655900    1.378558000
 343   -0.950000000   -0.264786000   -0.502624800
 344   17.573110000    1.148364000    0.626153600
 345   15.358710000    0.999638600   -0.750735800
 346   -0.950000000    0.472362400    0.678283600
 347   -0.950000000   -0.251975000    1.162589000
 348    4.082617000    0.469232700   -0.637448100
 349   -0.950000000   -1.644240000   -0.237861600
 350   -0.950000000   -0.551586700    0.758507900
 351    7.189548000    1.093584000   -0.229537800
 352    1.506697000    0.509196700    0.557569300
 353   -0.950000000   -0.821760300    0.502455000
 354   -0.950000000   -1.395909000    0.266254600
 355   -0.950000000   -0.518085900    0.996519800
 356   -0.950000000   -1.920948000   -0.726269500
 357   11.133180000    1.628431000    0.343691500
 358    2.486499000    0.230380500   -1.253303000
 359   17.272960000    1.429042000   -1.671219000
 360   -0.950000000   -0.855903600   -0.822363800
 361   -0.950000000   -1.348545000   -1.267859000
 362   -0.950000000   -0.427408800   -0.364914700
 363   -0.950000000   -0.748696600    1.183344000
 364   -0.950000000   -1.555393000   -1.900551000
 365   -0.950000000   -0.586466100   -0.709564100
 366   -0.950000000   -0.665555100    0.210909900
 367    0.245308600    0.876460400    0.661486100
 368   -0.950000000   -0.304421300   -0.046256940
 369   -0.950000000   -0.656437900   -0.271506900
 370   -0.374555400    0.422240400   -1.613021000
 371   -0.950000000   -0.513130500   -0.045344410
 372   -0.950000000   -1.202002000   -0.079511970
 373   -0.950000000   -0.553009200    1.374175000
 374   -0.950000000   -0.254246300    0.367934500
 375   -0.950000000   -1.544068000   -0.366518600
 376   -0.950000000   -1.547961000    0.600763400
 377   -0.950000000   -0.853265900    0.237562800
 378   -0.950000000   -1.484665000   -0.913265300
 379   11.240270000    1.103325000    0.006332990
 380    1.001388000    0.060286390    1.525811000
 381   18.077110000    1.748203000   -1.474724000
 382    2.481567000   -0.069440350   -0.454059900
 383    2.288157000   -0.139558300   -0.557355500
 384   -0.950000000   -1.158049000   -1.212517000
 385    6.245456000    0.241139100   -1.770957000
 386   16.393400000    1.480952000   -0.652794300
 387   11.078100000    1.169909000    1.631878000
 388   -0.950000000   -0.265406800    1.492754000
 389   -0.950000000    0.142411300    1.706918000
 390   -0.950000000   -0.522349000    0.574836500
 391    1.177879000    0.114863200   -0.324780900
 392   10.574790000    1.158187000   -0.453495300
 393   -0.950000000   -0.865409100   -0.497721300
 394   -0.950000000   -0.322130000    0.272357600
 395    5.563963000    0.439333300   -1.475783000
 396    0.210960000    0.130109500    0.308446200
 397   -0.950000000   -0.898875700    0.659317200
 398   -0.950000000   -0.269301100   -0.380672600
 399    5.201352000    0.623439600   -0.220829900
 400   12.096070000    0.999891700    0.452606400
 401    6.790678000    1.524798000    1.043058000
 402   -0.950000000    0.089231240    1.181083000
 403   -0.950000000   -0.931094400    0.817413900
 404   -0.950000000   -1.870964000    0.517903600
 405   -0.950000000   -0.524667300    0.473028200
 406    1.321112000    0.076350680    0.822148700
 407   -0.950000000   -0.512312700   -0.099094610
 408   -0.366730300   -0.114645900   -0.488880800
 409   17.164320000    0.988030500   -1.730293000
 410    0.025101640   -0.539216600   -1.502308000
 411   -0.950000000   -0.211111500    0.530934800
 412    5.023422000    0.550869300    0.812242600
 413    0.563594500    0.418420400    0.474886900
 414    0.091498550    0.091825130   -0.193513500
 415    2.522588000    0.401008300    1.106007000
 416    2.710930000   -0.059329800   -0.952935400
 417    2.691553000    0.270341400   -0.425063300
 418    8.316425000    0.577042600   -1.044395000
 419    4.168530000    0.585839600    0.351111600
 420   -0.950000000   -0.426030200    0.739679300
 421   -0.950000000   -0.360082900   -0.848366100
 422   -0.950000000   -0.311253100    1.039989000
 423   -0.950000000   -0.228853000   -0.620143300
 424   -0.950000000   -0.758499000    1.273222000
 425   -0.950000000   -0.038080220    0.383378500
 426   -0.950000000   -1.173526000   -0.280243800
 427   17.694410000    1.390387000   -1.619215000
 428   -0.950000000   -1.391793000   -1.647483000
 429    7.404172000    0.975727900   -0.282036500
 430    0.960908400    0.017990750   -1.875739000
 431   -0.950000000   -1.073267000    0.144248900
 432   -0.950000000   -0.975006400   -0.292231700
 433   -0.950000000   -0.516739200    1.615321000
 434   -0.950000000   -1.372408000    0.496213100
 435   -0.950000000    0.156062300    1.323333000
 436    1.022444000    0.069648210    1.085918000
 437    3.250889000    0.403117000    1.315238000
 438   10.327020000    0.509836900   -0.103210900
 439    6.658112000    0.078497460   -0.433441400
 440    4.851890000    0.380265500    0.937816200
 441    5.889687000    0.812153800    1.176034000
 442    2.332318000    0.033645750    0.463931600
 443   -0.950000000   -0.976512500    1.547987000
 444   -0.950000000   -1.276839000    0.087649940
 445    3.213455000    0.539633600    0.965138400
 446    8.017986000    0.600882300    0.620574400
 447    6.765659000    0.639005900    1.318485000
 448   -0.950000000   -0.955399700   -0.175372100
 449   -0.950000000   -0.564143400   -0.187546100
 450   14.364690000    0.976277600    0.385667700
 451   11.812030000    0.446913800   -1.526523000
 452    2.320528000    0.400370700    1.006786000
 453   16.508680000    1.643808000    0.710715900
 454    8.493127000    0.870096000    0.918323100
 455   -0.950000000   -1.113157000   -0.388268800
 456   14.377320000    1.039920000   -1.631977000
 457    4.754640000    0.329444100   -0.148687200
 458   15.305410000    0.916477500   -1.877333000
 459    5.503220000    0.600720900    0.614784900
 460    4.102433000    0.525585800    0.692514700
 461    7.724215000    0.530506400   -1.291522000
 462   -0.836512300    0.355251600    1.431961000
 463   11.645760000    0.934766900    0.166377300
 464   -0.950000000   -0.914687000   -0.838911700
 465    6.020785000    0.365459400    0.940690600
 466   -0.950000000   -0.882864100   -0.355279600
 467   -0.950000000   -0.310982900    0.573637100
 468   12.056080000    1.345564000    0.049648610
 469   -0.950000000   -1.069111000   -1.395372000
 470   -0.950000000   -1.714628000   -1.607038000
 471   -0.950000000   -1.153378000   -1.362413000
 472   15.419800000    1.253601000   -0.358949000
 473   -0.950000000   -0.319915000    1.907218000
 474   10.894490000    1.523566000   -0.743833800
 475    2.025360000    0.534598200    0.546678900
 476   -0.950000000   -0.258245300    0.274362900
 477   -0.950000000    0.394964400    1.168536000
 478    0.826569200   -0.203233700   -1.408999000
 479   11.395450000    0.976199800   -0.244195500
 480   -0.950000000   -0.808236100    0.800775700
 481    0.649082600   -0.117756300   -1.137813000
 482   -0.950000000   -0.111695400   -0.377822600
 483   12.131090000    1.155131000    0.098458060
 484   -0.950000000   -0.224982500    0.747783200
 485    6.312324000    0.899086200   -0.016552660
 486   17.152650000    1.125239000   -0.578845000
 487   -0.950000000    0.044207250    1.165430000
 488   -0.950000000   -0.624405300   -0.340373200
 489   15.982390000    1.560851000   -0.403502100
 490    7.196500000    1.318969000   -0.241285400
 491   -0.950000000   -1.877698000   -1.335929000
 492   -0.950000000   -0.470552700    1.653949000
 493   -0.950000000   -0.556246600   -1.695179000
 494   -0.950000000   -0.971187600    0.133880000
 495    0.916802700    0.413880900    0.643735700
 496   10.682010000    0.731728400   -0.077899080
 497   18.082500000    1.764054000    0.145436300
 498    5.446265000    0.173876700   -0.792124300
 499    6.201147000    0.510984700    0.234559900
 500   10.959930000    0.566395600   -0.281035300
 501    7.920037000    0.617806400   -0.390948900
 502   -0.950000000   -1.114760000    0.421583400
 503   12.828420000    1.172856000    1.564497000
 504    5.529408000    0.334240800   -0.138964800
 505    8.794026000    0.783428600    0.320782600
 506   -0.950000000   -0.607380100    0.460075900
 507   -0.950000000   -0.533681800    0.377885800
 508   21.654660000    1.917403000    1.765546000
 509   -0.950000000   -0.967502700   -0.167156100
 510   -0.950000000   -1.903105000   -0.498324100
 511   -0.950000000    0.156256000    0.923198800
 512   -0.950000000   -1.382837000   -0.841362900
 513   -0.950000000   -0.541659500   -1.996706000
 514   -0.210376500    0.136849300   -0.546310200
 515   -0.950000000   -0.367517800    0.730598800
 516    9.259780000    0.999918000    1.598928000
 517   10.758200000    1.374975000   -1.170942000
 518   -0.950000000   -0.013948020    0.513239500
 519   -0.950000000   -1.714599000   -0.435017100
 520   -0.950000000   -0.731713500   -0.057823990
 521   -0.950000000   -1.166523000   -0.698498800
 522   -0.950000000   -0.456479600    0.852283000
 523   -0.950000000   -0.013815140   -0.483919600
 524   -0.950000000   -0.357055400   -0.631167800
 525    2.838159000    1.051602000    0.123238600
 526   13.749820000    1.942864000    0.487613700
 527    1.688506000    0.732340800    0.744138700
 528    1.352055000    0.004186176   -0.458288000
 529   -0.631049700    0.315741900    1.059346000
 530   -0.950000000   -0.806839700   -0.176523300
 531    2.894782000    0.113445000   -0.273642100
 532   -0.950000000   -0.393158400    0.966035600
 533   -0.950000000   -0.298081000   -1.008007000
 534    7.354612000    0.204590300   -1.511978000
 535   13.681610000    1.374221000   -0.221575400
 536    7.409560000    1.218774000   -0.495087500
 537   -0.950000000   -0.374297100    0.567131800
 538   -0.950000000   -0.471112400   -0.468308500
 539   -0.950000000   -0.661023400    0.181652600
 540   -0.950000000   -1.636890000    0.790021000
 541   -0.950000000   -0.751338000    0.311090500
 542   16.065860000    1.271956000   -0.222853400
 543    0.861763200    0.254917300   -0.054700660
 544   -0.950000000   -1.008843000   -1.505637000
 545   12.288160000    1.990507000   -1.856163000
 546    8.016130000    0.586116100   -1.021368000
 547   -0.950000000   -0.995523300    0.046604320
 548   -0.950000000   -0.643809300    0.640748200
 549   10.772370000    1.028230000    1.161082000
 550   -0.950000000   -0.323741400   -0.997639200
 551   -0.950000000   -0.656817000    0.520831200
 552   -0.950000000    0.000722361    1.367628000
 553   -0.950000000   -0.416849600    1.358969000
 554    0.196200900   -0.169812300   -0.655248900
 555   13.830090000    1.762973000   -0.910131900
 556   -0.950000000    0.555496300    0.277982800
 557   -0.950000000   -0.487950800    0.294824500
 558   -0.950000000   -0.552295500   -0.114426500
 559   -0.950000000   -0.571019600   -1.925470000
 560   -0.950000000   -0.606211200   -0.479324600
 561   -0.950000000   -0.775868100   -1.763409000
 562   -0.950000000    0.086943250    0.432923900
 563   -0.950000000   -0.325090800   -1.633769000
 564   -0.950000000   -1.325770000    0.747364700
 565   -0.950000000   -0.881072800    0.043188170
 566   -0.950000000    0.713900500    1.715747000
 567   -0.950000000   -1.832870000    0.906605100
 568   -0.950000000   -0.656843700   -0.169536100
 569   -0.950000000   -0.123571500   -1.385693000
 570   -0.950000000   -0.054677610   -0.380095500
 571   -0.950000000   -1.646149000    0.185441500
 572   15.871780000    1.623689000    0.410929700
 573   10.710850000    1.111817000    0.296390200
 574   13.069920000    1.869520000    0.587181800
 575   -0.950000000   -0.689290000   -0.429154500
 576   -0.950000000   -0.806097800   -1.084644000
 577    3.041344000    0.419186900   -0.386027700
 578   -0.950000000   -0.111536000   -0.619830800
 579   14.642780000    1.711846000   -1.461786000
 580   -0.950000000   -1.630619000    0.628526600
 581    3.616956000    0.472030300    0.265827000
 582   -0.950000000   -0.025514130   -0.280427300
 583    2.076587000    0.509448900    0.084172620
 584   -0.950000000   -1.677910000    1.764633000
 585   -0.950000000   -0.385728000   -0.415803200
 586   15.981890000    1.666911000    0.728086800
 587   -0.950000000   -0.148131900    0.735624200
 588   16.276570000    1.222475000   -1.821221000
 589   11.802650000    1.083475000    1.270564000
 590   -0.950000000   -0.329540900    0.524989000
 591    0.157343500   -0.449699700   -0.521756300
 592    0.154124600   -0.384972300   -0.375733500
 593    7.813921000    0.463458600   -0.495798500
 594   -0.950000000   -1.276675000    0.744639000
 595    8.126989000    0.863642900    1.400934000
 596    7.171299000    0.700548700    1.301799000
 597    5.147050000    0.047477360   -0.108678900
 598    4.668894000   -0.157907900   -0.752740700
 599    6.314403000    0.114798700    0.337315600
 600   14.188590000    0.748719700   -1.405266000
 601   -0.950000000   -0.707955800    0.974395800
 602   -0.950000000   -1.860828000   -0.032148410
 603    6.606936000    0.299595100   -1.991123000
 604   -0.848638200    0.197778400    1.653198000
 605   -0.950000000   -0.754905000    0.803837200
 606   -0.950000000   -0.209862800    0.008750095
 607    8.433821000    0.616017300    0.191301200
 608    1.818156000    0.181738900    0.045831830
 609    0.275630600    0.134200100    0.368817800
 610    5.503264000    0.856342500   -0.091664960
 611   14.147120000    1.335727000   -1.421748000
 612   21.127890000    1.814172000   -0.683792700
 613   -0.950000000   -0.611490700   -0.166143000
 614    6.507238000    0.901327600    0.120617100
 615   -0.950000000   -0.897496300    0.087003680
 616   -0.950000000   -0.938998000    0.551102900
 617    5.703088000    0.262076600   -1.548538000
 618    7.027710000    0.822692300   -0.055741570
 619   14.183030000    1.538649000   -0.371434500
 620    3.313284000    0.654634700    1.023827000
 621   -0.287188200   -0.185287700   -1.406716000
 622   -0.950000000   -0.969920000    0.082844710
 623   -0.950000000   -0.838179500    0.818153400
 624    6.056513000    0.857149900    0.732079900
 625   -0.950000000   -0.412713700   -1.182248000
 626   -0.950000000   -0.601181700   -0.937095300
 627    7.694390000    1.062048000    0.378967000
 628    5.171843000    0.622964700   -0.918687700
 629   -0.950000000    0.436403100    0.662855400
 630    3.922756000    0.311599700   -0.513056100
 631    0.125863000    0.402173500    0.713233600
 632    6.925837000    1.203595000    0.506547200
 633   12.174850000    1.169391000   -0.624317700
 634   -0.950000000   -0.782284200    0.397861500
 635   -0.950000000   -0.837087300   -1.312867000
 636   -0.950000000   -0.690299700    0.376536900
 637    6.034898000    0.755943700    1.644921000
 638   -0.950000000   -1.133187000   -0.436984500
 639   -0.950000000   -0.454152900    0.319780900
 640   -0.950000000   -1.506600000   -0.044808510
 641   -0.950000000   -1.133816000    1.111895000
 642    4.812132000    0.648673500    0.895544000
 643   -0.950000000   -0.511178200   -0.443131300
 644   10.193740000    1.347664000    1.062954000
 645   -0.007513606    0.099868790    0.590959700
 646    4.012043000    0.385831600   -1.227783000
 647   -0.849224400    0.026271280   -0.855718300
 648   10.646990000    0.970074600    1.345562000
 649    0.829954600    0.212010100   -0.569174800
 650   -0.950000000   -0.563668700    1.235003000
 651   -0.950000000   -0.684122600   -0.391155800
 652   -0.950000000   -0.385087000   -0.905111700
 653   -0.950000000   -1.004110000    0.532765600
 654    5.298732000    0.185846600   -1.961122000
 655   -0.950000000   -0.532134000   -0.437516600
 656   -0.950000000   -0.726378000    0.698678800
 657    2.175132000    0.177993000   -1.806547000
 658    6.053096000    0.705719500   -0.226144400
 659   -0.950000000    0.008178527    0.535715500
 660   -0.950000000   -0.091571880    1.159486000
 661    3.216957000    0.051816160    0.267335800
 662   -0.833879700    0.207893100    0.511908200
 663    2.619025000    0.582099100    1.413802000
 664   -0.950000000   -1.528132000    0.720497600
 665   -0.950000000   -0.271424200    1.679906000
 666   -0.950000000   -0.778409400    0.405298000
 667    7.435834000    0.731360000    0.592902400
 668   -0.950000000   -1.152208000    0.733709300
 669   -0.110805200   -0.146440300   -0.096219600
 670   -0.950000000   -0.319655700    1.508257000
 671    8.710182000    0.880321300   -0.239096800
 672    2.584659000   -0.083352950   -0.494936000
 673   -0.950000000   -0.015615630    0.756656100
 674   -0.950000000   -0.644917900   -0.379926800
 675   -0.950000000   -1.668668000   -0.168218700
 676    3.740768000    0.744530800    0.335235000
 677   -0.950000000   -1.594139000    1.472389000
 678   -0.740928500   -0.220712300   -1.139856000
 679   -0.950000000   -0.756696500   -0.427759000
 680   -0.950000000   -0.543136000   -0.489304900
 681    9.337792000    1.005961000   -0.364119800
 682    5.333489000    0.502092500    0.028377080
 683   -0.950000000   -0.728279000   -1.178823000
 684    5.541687000    0.271751900   -1.141432000
 685    3.291591000    0.355407100   -1.132990000
 686    9.261512000    0.905500100   -1.090043000
 687   -0.651835400   -0.128495700   -0.559007500
 688   -0.950000000   -0.311299400    1.444207000
 689   -0.950000000   -0.588057800    1.170632000
 690   14.279720000    1.933127000   -0.379941500
 691   -0.950000000   -0.757869300   -0.574993500
 692   -0.950000000   -1.342911000    0.427896300
 693    8.046652000    1.341813000    1.064610000
 694   -0.758784300    0.579026700    1.946356000
 695   -0.950000000   -0.754595800   -0.415586000
 696   -0.950000000   -0.888048800   -0.695458000
 697   10.023370000    0.763459900   -0.277582300
 698    1.179447000   -0.174190900   -1.310183000
 699   -0.950000000   -1.069230000    1.092404000
 700   -0.950000000   -0.208979100    0.203115100
 701    6.825561000    0.689869600    0.483879100
 702   -0.950000000   -0.730598400   -0.977887300
 703   -0.950000000   -0.611439900   -0.353958600
 704   10.458100000    1.323116000   -1.331282000
 705   -0.439762500    0.473727400    0.502810100
 706    1.592543000    0.422892000    0.501268100
 707   -0.950000000   -0.703983500    0.170213400
 708   -0.950000000   -0.461659000   -0.365519000
 709   -0.950000000   -0.605992900    0.401957400
 710   -0.950000000   -1.077156000   -1.964830000
 711    3.139332000    0.843114000    1.128417000
 712   -0.950000000   -1.098710000   -0.576665800
 713   -0.950000000   -0.028122780    1.845667000
 714    0.033329430    0.062858110   -1.088250000
 715    1.801952000    0.383442500    0.390332700
 716    8.983331000    0.851141000   -1.839185000
 717   -0.950000000   -0.452319300   -0.586846100
 718   11.224210000    0.896100300   -1.451861000
 719   -0.950000000   -1.075025000    0.227639300
 720   15.290890000    1.818793000    0.288712300
 721   -0.950000000   -0.365614300    0.167885000
 722   -0.950000000   -0.537571200    0.555559100
 723   -0.950000000   -0.453296600    0.507186300
 724    7.827612000    0.777481800    0.283068900
 725   14.246320000    1.022216000   -1.621479000
 726   15.018230000    0.939613100   -1.581416000
 727    9.047803000    1.041266000    0.371569700
 728    2.014567000    0.481864300    0.228876700
 729   -0.950000000   -0.373154500    0.495325900
 730   17.957030000    1.158955000   -0.821461800
 731   -0.950000000   -0.457115100    0.685562600
 732   -0.950000000    0.192844800    1.547703000
 733   -0.950000000   -1.033112000    1.177652000
 734   -0.004986348   -0.276051000   -1.126297000
 735   -0.950000000   -1.056737000   -0.214396500
 736    9.852507000    0.622839800   -1.158614000
 737    3.525016000    0.180883700    0.469530600
 738    3.136078000   -0.245063300   -1.110150000
 739    4.837601000    0.347386100   -0.598516700
 740   12.744890000    1.047261000    0.476405700
 741    5.652196000    0.146216700   -0.396044500
 742    6.019600000    0.782690200    1.405576000
 743   -0.328616700   -0.278577200   -0.923802500
 744    3.571074000    0.040042880    0.201167200
 745   14.671800000    1.038297000   -0.124396100
 746    2.110357000   -0.110104600   -0.896876600
 747   13.186100000    1.251948000    1.267274000
 748    9.105044000    0.779824600    0.941226600
 749   -0.950000000   -1.037195000    0.497614500
 750   -0.950000000   -1.455374000   -0.720733500
 751   -0.950000000   -0.337894100   -0.454064700
 752   -0.950000000   -1.480042000    0.379335600
 753    7.505185000    0.838844800   -0.512534100
 754   -0.950000000   -0.807777200    0.948431600
 755    7.845094000    0.652494500    1.190019000
 756   11.347030000    1.203035000    1.249634000
 757   -0.950000000   -0.926426800    0.845589600
 758   -0.950000000   -0.741003100    0.419729500
 759    4.333901000    0.371676500    0.292837100
 760   -0.950000000   -0.420939100    1.500127000
 761   -0.950000000   -1.565067000    0.255495800
 762   -0.950000000   -1.069946000    0.226746000
 763    1.980073000    0.297464900   -0.494888900
 764   16.371960000    1.123240000   -0.766256100
 765    3.138330000    0.192339900   -1.130182000
 766    2.482947000    0.342996600    0.426789300
 767   -0.950000000   -0.251287700    0.711024800
 768   -0.950000000   -1.299643000    0.484739300
 769    1.449225000   -0.061617190    1.373019000
 770   -0.950000000   -0.662410300    0.267921400
 771   -0.950000000   -1.212970000   -0.461833700
 772   -0.950000000   -0.509208300    1.611636000
 773   13.170000000    1.374274000   -1.422833000
 774   -0.026850890   -0.085092910   -0.130457700
 775   -0.950000000   -1.363005000   -0.829436900
 776   -0.950000000   -0.112380800    0.205644400
 777   11.568140000    1.290676000   -0.338552800
 778    2.071824000    0.221055300    1.159367000
 779   -0.950000000   -0.844242300   -1.502874000
 780   -0.950000000   -1.380138000    0.805756200
 781   -0.950000000    0.327567300    1.385840000
 782   -0.950000000   -0.959654100   -1.763300000
 783   -0.754313900    0.026905330    0.875446400
 784   -0.950000000   -0.425599500    0.029312210
 785   -0.950000000   -0.507264600    0.360131700
 786   -0.950000000   -1.931075000   -0.262783800
 787   19.087720000    1.412291000   -1.069285000
 788   -0.422440800   -0.078653500    0.027781520
 789   -0.950000000   -1.935612000    1.513688000
 790   12.046810000    1.966930000   -0.293236700
 791   -0.950000000   -0.572849100    0.234436100
 792   -0.950000000   -0.853824400    0.732862500
 793   14.543890000    1.282988000    0.231937000
 794   -0.950000000   -0.085112410    0.468520800
 795    7.407393000    0.664758800    0.157648800
 796   -0.950000000   -1.314250000   -0.646142400
 797   -0.950000000   -1.086775000   -0.283067700
 798   16.586690000    1.539589000   -1.727918000
 799   -0.521515600    0.158007600    0.434544200
 800   -0.950000000   -1.037002000   -0.041304640
 801   -0.950000000   -0.162009900    0.521210600
 802   -0.950000000   -0.039337120   -0.575898100
 803   -0.950000000   -1.027321000   -0.533828000
 804   -0.950000000    0.402296000    1.381104000
 805    1.661027000    0.450452200    0.101803800
 806   -0.950000000   -0.903827600   -0.822560500
 807   -0.950000000   -0.055642150    0.252641400
 808   -0.950000000    0.011720940   -0.060205920
 809   -0.950000000   -1.195593000   -0.227038100
 810    8.114294000    0.885254300    0.877831700
 811   -0.950000000   -0.936613400    0.074857480
 812    6.911365000    0.524383200   -0.398546600
 813   -0.950000000   -0.588568800    1.047761000
 814   -0.950000000   -0.888776300    0.231026200
 815    6.431277000    0.483404000    0.594408100
 816   -0.950000000   -0.057455870    1.090988000
 817   -0.950000000   -1.208106000    1.139900000
 818   -0.950000000    0.008556906    0.378296400
 819    6.007323000    0.812581100    0.114724700
 820   -0.950000000   -0.535591300   -0.269826400
 821   -0.950000000   -0.843006700   -0.121550000
 822    9.242228000    0.753927900   -0.925094400
 823    2.258959000    0.192889700   -0.545536700
 824   -0.950000000   -1.124255000   -0.527083200
 825   12.810060000    1.669385000   -1.550851000
 826   -0.950000000   -0.965145800    0.217226000
 827   -0.950000000   -0.431882300   -0.853590500
 828   22.564430000    1.594516000   -0.990515700
 829   -0.950000000   -1.367830000    0.111490800
 830   16.930150000    1.853840000    1.253051000
 831    0.328778100   -0.041680750   -0.406162200
 832   15.327760000    1.852546000   -0.712549300
 833   12.577870000    1.214876000   -0.867515900
 834   -0.950000000   -0.823506600    1.140273000
 835   12.347330000    1.032447000   -0.665908000
 836    3.871994000    0.452605000   -0.234509700
 837   -0.950000000   -0.012583750   -0.009788586
 838   -0.950000000   -0.722595200    0.061733470
 839    2.818918000    0.310310800    0.579158000
 840   -0.950000000   -0.915738600    0.764534500
 841    6.092731000    0.718608900   -1.269745000
 842   -0.950000000   -0.649281300   -0.539712000
 843   -0.950000000   -1.719129000    1.288742000
 844   -0.950000000    0.497338300    0.847672100
 845    5.614229000    0.836996000   -0.548857500
 846   -0.950000000   -0.892268000   -1.955717000
 847   -0.950000000    0.064184430    0.851658700
 848   -0.950000000   -0.473185800   -1.075694000
 849   -0.950000000   -0.512772100   -0.101313200
 850   -0.950000000    0.210309400    1.081330000
 851   -0.950000000   -0.726141300   -1.212384000
 852   -0.950000000   -1.714529000    0.683248500
 853   -0.950000000   -0.754951600   -1.185772000
 854    6.834058000    0.860038900   -0.127095900
 855   -0.950000000   -0.253708900    1.570421000
 856    0.682771300    0.128708200   -0.606010600
 857    2.321659000    0.340786000    0.664775000
 858    2.242731000   -0.035867170   -1.029412000
 859    9.679015000    1.281559000   -0.016636650
 860   -0.950000000   -0.567461000   -0.171691800
 861   -0.950000000   -0.856416700   -0.483713400
 862    0.930392200   -0.140333500   -0.661796100
 863    2.729419000    0.031790470   -0.906280200
 864   -0.950000000   -1.330858000    0.786961100
 865   13.925320000    0.890380500   -1.467325000
 866   11.230550000    0.949864300   -0.491206000
 867    1.030115000    0.492780300    1.418590000
 868   17.534200000    1.852852000   -0.945879400
 869   12.069480000    1.426319000    1.408760000
 870   -0.950000000   -0.181311900   -0.155675500
 871    6.153966000    0.844165700   -0.007084384
 872   -0.340356700    0.130391400   -0.207834100
 873   -0.950000000   -0.485668900   -0.089132760
 874   18.154110000    1.618635000   -0.615726800
 875   -0.950000000   -0.819312600   -1.737046000
 876    6.355314000    0.951748800   -0.854255500
 877    1.010039000   -0.113994200   -1.527303000
 878   -0.950000000   -0.176742100    0.728045500
 879    6.500070000    0.510620400   -1.070718000
 880   -0.950000000   -1.083232000    0.037222270
 881    9.267096000    1.844137000    0.941094100
 882   -0.950000000   -0.611326800   -0.114027500
 883   11.089450000    1.234169000   -1.560828000
 884   -0.950000000   -0.536254600    0.086355400
 885   -0.950000000   -1.599879000    0.488539300
 886   -0.258656100    0.474061200    0.741147100
 887    8.374952000    0.559174200    0.500578400
 888    5.889837000    0.309957500    0.315290100
 889   21.658970000    1.710921000    0.849467400
 890   20.065910000    1.838557000    0.349265900
 891    0.450900900    0.001636054    0.700801400
 892   -0.950000000   -0.716470100   -1.019041000
 893   -0.950000000   -0.506431300   -0.549946800
 894   -0.184988000   -0.232927500   -0.556586200
 895   -0.470293000   -0.265289500    0.231484900
 896    9.287194000    0.362355400   -1.675235000
 897   10.949530000    0.856857800    0.057348750
 898    0.882015600   -0.271721300   -0.777759900
 899   -0.950000000   -0.074670670    1.340589000
 900    7.396419000    0.754295200    1.025566000
 901   13.671520000    0.973505900    1.222116000
 902   22.432510000    1.772659000   -0.184207100
 903   10.062230000    0.957647400    1.184914000
 904   -0.950000000   -0.998567100   -0.956817700
 905    5.954539000    0.435331500   -0.028260540
 906   11.801750000    1.014064000   -0.704157700
 907    4.663553000    0.344019600   -1.231683000
 908   -0.950000000   -0.651748300    1.009788000
 909   -0.950000000   -0.522399500   -0.201523400
 910    0.820834200   -0.519459900   -1.668307000
 911   -0.950000000   -0.579748900   -0.661898500
 912   -0.950000000   -1.723105000   -1.419481000
 913   16.499880000    1.497634000    1.216705000
 914   18.899720000    1.469013000   -0.572166800
 915   -0.586511500   -0.156617500    0.488341500
 916   -0.950000000   -0.157803200    1.140590000
 917   18.795560000    1.641705000    0.282555200
 918    9.861807000    0.463270200   -0.170750800
 919   -0.950000000   -1.465235000    0.332080400
 920    4.821825000    0.124865600   -0.803318700
 921    2.769158000    0.072409340    0.274800900
 922   11.004980000    0.931096800    0.054449640
 923    4.431743000    0.314189200    0.238147600
 924   -0.950000000   -0.807104800    0.365562700
 925    8.278966000    0.393954400   -0.874264400
 926   -0.950000000   -1.725859000    1.994253000
 927   14.592690000    1.083150000    0.772724900
 928   11.727490000    0.838551000   -0.365725100
 929    9.048175000    0.723073000   -0.458673400
 930   -0.856181800   -0.523629000   -0.853736800
 931   -0.950000000   -0.606255300   -1.106642000
 932    0.975659900    0.001378390    0.124217000
 933   -0.950000000   -1.339358000    1.583429000
 934    4.423979000    0.195029400   -0.628868300
 935   -0.950000000   -0.044111470    0.652751300
 936    9.777490000    1.039768000    0.486403500
 937   -0.950000000   -0.985110100   -1.073159000
 938   -0.950000000   -1.313662000    0.128614700
 939   -0.950000000   -0.470226500   -0.914107900
 940   -0.950000000   -0.841116800    0.655581700
 941    2.653545000    0.062538790   -0.334752900
 942    5.658350000    1.094688000    1.882025000
 943   -0.950000000   -1.449987000    1.268932000
 944   -0.950000000   -0.185947600    1.020773000
 945    9.186539000    1.152011000    0.625522700
 946   -0.950000000   -0.929367200    0.645096000
 947   -0.950000000   -0.111566100    0.023984640
 948    8.907394000    0.731377700   -1.076571000
 949    8.382636000    0.887690900    0.501803500
 950   -0.950000000   -0.903118000    0.011132210
 951   -0.950000000   -0.464359100   -0.095393010
 952   23.377370000    1.975369000    0.802923800
 953   -0.950000000   -0.708980600   -1.217599000
 954    2.242555000   -0.016291620   -0.474332000
 955    4.545148000    0.326803900   -0.868335400
 956    7.392990000    0.554810100   -1.049339000
 957    9.768296000    1.025258000   -1.275337000
 958   -0.950000000   -0.900115800    1.550040000
 959    2.800860000   -0.235498300   -1.827893000
 960    0.534463500    0.267552000    0.824732200
 961   16.873180000    1.231408000   -0.140853600
 962    0.058477070   -0.314303000   -0.847632000
 963   -0.950000000   -0.937895300    0.153439000
 964   -0.950000000   -0.847585400    0.124925800
 965   -0.950000000   -0.265634200    0.851454700
 966    4.320724000    0.703119500    0.648444500
 967    6.018561000    0.316476100    0.369457100
 968    4.552104000    0.105577200   -0.400666900
 969    6.881696000    0.705590600    0.686026500
 970   -0.516669400   -0.478050100   -0.975731100
 971   -0.950000000   -0.335334400    0.343590600
 972   14.050830000    1.322268000   -0.532809900
 973   -0.950000000   -0.526577800   -0.332944200
 974   18.573670000    1.496897000    0.257797400
 975   -0.950000000   -0.650477200   -0.464793100
 976   -0.950000000   -0.729075900   -0.986597400
 977   -0.950000000   -0.342497200   -0.174376000
 978   -0.950000000   -0.595342200   -0.018972650
 979   -0.950000000   -1.067580000    0.783660400
 980    3.159555000    0.514433400   -0.193790800
 981   -0.950000000   -1.169662000    1.183511000
 982   -0.950000000   -1.313461000    0.309591900
 983   -0.950000000   -0.658352800    1.853624000
 984   -0.950000000   -1.608311000    1.312346000
 985   -0.950000000   -0.926702600    0.396712100
 986   -0.950000000   -0.023484350    1.034195000
 987   -0.314187300   -0.211620200   -1.660490000
 988    2.359283000    0.052166860   -0.705949100
 989   -0.950000000   -0.144750800    1.320923000
 990    5.756129000    1.206296000    0.248833400
 991    5.351271000    0.455446400   -0.483151900
 992    7.442687000    0.515345400   -0.573576800
 993   -0.950000000   -1.518915000   -0.321055000
 994    4.012669000    0.229426000    1.824955000
 995   -0.950000000   -0.811483200    0.423157600
 996   -0.950000000   -1.797669000   -1.889863000
 997   10.203000000    0.993393300    0.414597200
 998   -0.950000000    0.286448700    0.664337400
 999    8.265259000    0.693333400   -0.759588400
1000   18.555630000    1.997031000   -1.378457000
1001   -0.786770200   -0.222304400   -0.168755800
1002   -0.950000000   -0.846435000    0.382331000
1003    9.867874000    0.854519400    0.385746000
1004   -0.950000000   -1.270233000   -0.643163200
1005   11.657390000    1.047586000    0.152025200
1006   20.454270000    1.985027000   -0.331865300
1007   -0.950000000   -0.415462100   -1.733927000
1008    3.094811000   -0.030122810   -1.083814000
1009    9.494036000    0.703409700    0.272389700
1010   -0.950000000   -0.673374500    0.665416500
1011   -0.950000000   -0.676232300   -0.491059400
1012    8.721950000    0.554994900   -0.817521500
1013    0.455809200    0.196062700    0.311912900
1014    5.052622000    0.314251200    0.945914800
1015    0.931609800    0.261305900    0.429755700
1016    9.606447000    0.912465900   -0.927218700
1017    1.363043000    0.043210080   -1.242800000
1018    2.206533000    0.606019000    1.028492000
1019   12.479800000    0.990554200   -0.292740000
1020   -0.950000000   -1.878741000    0.586046100
1021    9.368860000    0.592797000   -0.458157300
1022   13.304650000    0.884817000   -0.551659800
1023   -0.950000000   -1.547938000    1.643007000
1024   10.563020000    0.888003400    0.031631720
1025   18.482270000    1.459573000   -0.388223700
1026   -0.950000000   -0.684104400   -0.557700700
1027   -0.390654600   -0.135824100    0.362524900
1028   -0.950000000   -1.308225000    0.371243800
1029   -0.950000000   -0.538370000   -1.098180000
1030   10.766170000    1.209470000    0.224689700
1031   -0.950000000   -0.362025500    0.219260800
1032    7.957859000    0.514792200   -0.088463610
1033   -0.950000000   -1.083439000   -0.819651400
1034    1.795521000   -0.239883900   -0.771638300
1035    7.883047000    1.623366000    1.347281000
1036   -0.950000000   -1.522277000   -0.550658800
1037    7.017667000    1.425428000   -0.345874200
1038   -0.950000000   -0.734367700   -1.609301000
1039   -0.950000000    0.273294500   -0.044423380
1040   14.773610000    1.529822000   -0.489740400
1041   -0.950000000   -0.408520800   -0.267102500
1042   -0.950000000   -0.660449200   -0.553556000
1043   -0.950000000   -0.356703800   -0.933701300
1044   -0.950000000   -0.607661500    0.240926800
1045   -0.950000000   -1.053734000   -1.443829000
1046   10.267060000    1.057985000   -0.522715600
1047   -0.950000000   -0.003064166   -1.412898000
1048   -0.950000000   -0.018850200    0.511198000
1049   -0.950000000   -0.191552800    1.346069000
1050   -0.950000000   -0.945309900    0.789625700
1051   -0.950000000   -0.807793000   -0.781487800
1052    2.465982000    0.840996600   -0.109904600
1053   -0.000222751    0.315018900   -1.164434000
1054   -0.950000000    0.069228270    0.147264200
1055    2.598191000    0.610503500   -0.357482600
1056   -0.950000000   -0.531488400    0.657465500
1057   -0.950000000   -0.630094900   -1.853222000
1058   -0.950000000   -1.396471000   -0.021487410
1059    0.591348100    0.341379300   -0.163102700
1060   -0.950000000   -0.485731000    0.412669700
1061   -0.950000000    0.477851000   -0.108112300
1062   -0.950000000   -0.057108290   -1.389379000
1063    4.514869000    0.874683500   -0.307967800
1064   11.434830000    1.302393000    0.826328300
1065   -0.950000000   -0.894138200   -0.477136400
1066    4.741346000    0.613727900   -0.440538500
1067    9.402956000    0.669851000   -1.149405000
1068    7.616569000    0.821618800    0.153390900
1069   -0.950000000   -0.271668300   -0.587789100
1070   -0.950000000   -1.125944000    0.243587100
1071   -0.950000000   -1.032850000    0.055117110
1072   -0.950000000   -0.816493000    0.402375900
1073   -0.950000000   -1.406589000    0.386726300
1074   -0.803184300    0.095972090    0.277409400
1075   -0.950000000   -0.641057800    0.136591000
1076   -0.950000000   -0.389187600    0.055425190
1077   -0.950000000   -0.907163000    0.666921600
1078    0.768400700    0.407528900    0.298055100
1079   -0.950000000   -0.169956900   -0.182965500
1080   -0.950000000   -1.011523000    0.843092600
1081   -0.950000000   -0.624794300   -1.572486000
1082   -0.129833800   -0.355496700   -1.445011000
1083   -0.950000000   -0.285387800    0.549355600
1084    2.683548000    0.115585700   -0.724432200
1085    9.251752000    0.757446300   -0.321588000
1086   29.080110000    1.963523000   -0.740830300
1087    4.622948000    0.511593500    0.364687200
1088    9.292447000    1.540474000    0.825994900
1089   -0.950000000   -0.438439700   -0.247933400
1090   -0.950000000   -0.550034400   -0.004429058
1091   -0.264107700    0.150928600    1.006246000
1092   -0.950000000   -1.721212000    0.638516000
1093   -0.178333000   -0.265654600   -0.202343400
1094    1.247672000    0.290036500    0.643283100
1095   -0.950000000   -0.376243200   -1.036064000
1096   -0.950000000    0.030106410   -0.295908400
1097    2.259799000    0.121034300   -1.024805000
1098   -0.950000000   -0.373538400   -0.611977900
1099   -0.950000000   -1.831570000    0.665982600
1100   -0.950000000   -0.968546400   -0.350927900
1101   -0.950000000    0.007312406    0.549206000
1102   -0.950000000   -0.326544200   -0.311733700
1103    1.195394000    0.222118000    0.152867200
1104    7.370605000    0.842764000   -0.070075910
1105    3.324077000    0.195770200   -0.573568300
1106   -0.950000000   -0.281521800   -0.203936200
1107   -0.524092500   -0.196922000   -1.021236000
1108   10.286710000    0.880285000   -1.023312000
1109   14.546510000    1.236594000   -0.763094600
1110   -0.950000000   -0.241226700    0.747494100
1111   -0.950000000   -0.687726700    0.542093000
1112    0.032322310   -0.213965300   -0.990243900
1113   10.644590000    1.264682000   -0.057298810
1114   -0.950000000   -0.898439800   -1.388510000
1115    3.886051000    0.337415600   -1.292841000
1116   -0.950000000   -0.927832600    1.231617000
1117   27.826040000    1.920504000   -1.977509000
1118   -0.337101600   -0.020608920   -0.107697300
1119    9.830946000    1.032121000   -0.006946533
1120   11.687220000    0.950380900   -0.632527300
1121    4.689339000    0.601153400    0.451427700
1122    3.944526000    0.392718500    0.710323100
1123   -0.950000000   -1.074827000   -0.421448000
1124   -0.950000000   -0.238416000    0.277791600
1125    1.413562000    0.453882700    0.851845700
1126   -0.950000000   -0.819103100   -0.202194400
1127    3.816704000    0.172460700    1.339715000
1128    8.679217000    0.527149900    0.296852800
1129    2.737840000    0.663739700    1.780783000
1130    2.511604000   -0.395261200   -1.332487000
1131   -0.449904000   -0.277522800    0.292169300
1132   -0.950000000   -0.493294300   -0.351351000
1133   13.053130000    0.867576700   -0.996550200
1134   -0.950000000   -0.374886200   -0.126965400
1135    5.977442000    0.615955600    0.796767100
1136   -0.950000000   -0.500907700    0.966362900
1137   -0.561173200   -0.454673500    0.583135400
1138   18.948000000    1.507724000   -1.285619000
1139   10.771440000    1.202785000    0.985451600
1140   -0.950000000   -0.637040100    0.027512040
1141    5.428665000   -0.201951200   -1.892529000
1142    3.853813000    0.607918800    0.147160600
1143   -0.950000000   -0.552639700   -0.355690300
1144   -0.950000000   -1.557572000   -0.209408000
1145    2.337680000   -0.120140100    0.804090700
1146   -0.950000000   -0.559830400    0.916907600
1147    8.067413000    0.567079900   -0.452985000
1148    6.524597000    0.464841000    0.818407400
1149    4.127702000    0.379126700    0.288837500
1150   -0.950000000   -0.450338600   -0.341723300
1151   -0.950000000   -0.664176600   -1.499999000
1152    5.456411000    0.071043620   -1.252330000
1153   -0.950000000   -0.201924500    0.855050100
1154    6.699977000    1.162657000    1.170867000
1155   -0.950000000    0.406494400    1.796410000
1156    5.789022000    1.284471000   -0.125220800
1157    5.238484000    1.582275000    1.484366000
1158   -0.950000000   -0.392563700    0.670732200
1159   -0.950000000   -0.290262300   -0.344924100
1160   -0.950000000   -1.410525000   -1.523727000
1161    6.633419000    0.754638700   -0.270852000
1162    6.943666000    0.644407000   -0.919831300
1163   -0.950000000    0.034196590    0.041194970
1164   11.749960000    1.447644000   -0.210961800
1165   -0.950000000   -0.912343700    0.118008500
1166   -0.950000000   -1.098591000   -0.871785900
1167   -0.950000000   -1.296030000   -0.437559000
1168   -0.950000000    0.451693900    0.140561300
1169   -0.950000000   -0.610256100    0.164303600
1170   -0.950000000   -1.862710000   -0.007513085
1171    2.480860000    0.113562400   -0.388820700
1172   14.332140000    1.523558000    0.196390900
1173    5.323489000    0.426222800   -0.165426000
1174   -0.950000000   -0.384201900    0.016144480
1175   -0.950000000   -0.526288400   -0.546592900
1176   -0.950000000   -1.388339000    1.398463000
1177   17.313310000    1.947297000   -0.973493600
1178    6.311054000    0.427436800   -1.767886000
1179    2.264481000    0.947061800    1.145985000
1180   -0.950000000   -0.988676700    0.503366500
1181   -0.950000000   -0.749629900    0.912192200
1182   -0.950000000   -1.137636000   -0.982195500
1183   -0.950000000   -1.540460000    0.818049500
1184   -0.950000000   -0.469438800   -0.783164200
1185    5.431329000    0.836263900    1.120242000
1186    3.673639000    0.504393000    0.142346000
1187   -0.352139000    0.039116490   -0.483272200
1188   -0.950000000   -1.260610000   -0.517905900
1189   -0.950000000   -0.527723300   -1.266454000
1190   -0.950000000    0.374075900    0.924667800
1191   -0.950000000   -0.943049100    0.093319250
1192   -0.950000000   -1.939275000   -1.409928000
1193   -0.950000000   -1.930214000    0.259105200
1194    9.501946000    1.054232000   -0.119108200
1195   -0.950000000    0.066218020    0.386041900
1196   -0.460123400    0.122173700   -0.359620000
1197    3.843935000    0.911134400    0.755036800
1198   17.037760000    1.275578000   -1.184543000
1199    8.481535000    1.746853000    0.912272800
1200   -0.950000000   -0.147607500    0.046193750
1201   -0.950000000   -0.624664500   -0.704784700
1202   -0.950000000    0.053660520    1.274363000
1203    6.566342000    1.471350000    0.662317100
1204   -0.950000000   -0.972751400   -0.158442500
1205   -0.950000000   -1.658776000    1.134879000
1206   -0.950000000   -0.514518900   -0.284500000
1207    2.618375000    0.420639100   -0.353858100
1208   -0.950000000    0.032426290   -0.328641400
1209   -0.950000000   -0.144954900   -0.344692600
1210   -0.950000000   -1.022229000   -1.035213000
1211   -0.950000000   -0.810693900    0.054995380
1212   -0.950000000   -0.183793700    0.648013800
1213    6.132193000    0.759692700   -0.784306700
1214   -0.950000000   -0.418284300   -0.074448090
1215   -0.950000000   -1.204079000   -0.380692600
1216    4.385029000    0.451021600    0.151354500
1217   -0.950000000   -0.346468400   -0.185412100
1218   -0.950000000   -1.174112000   -0.323718800
1219   -0.950000000   -0.957450400    1.016532000
1220   -0.950000000   -0.997814300   -0.069913250
1221    4.602628000    0.369086700    0.343141200
1222    5.953411000    0.352001800   -0.415010000
1223   -0.950000000   -0.199710200    1.671017000
1224   -0.950000000   -0.422597200   -0.192284400
1225   -0.950000000   -1.544999000    0.144416100
1226   -0.555712300    0.023827100    0.445613200
1227   -0.950000000   -0.415739200    1.794876000
1228   -0.950000000   -0.832016300   -0.652517800
1229   -0.950000000   -0.459736600    1.101458000
1230   12.476670000    1.568433000    1.422147000
1231   -0.950000000    0.794453400    1.352192000
1232   17.390220000    1.864140000   -0.648162300
1233    6.880501000    0.318038200   -1.958770000
1234    3.228096000    0.732533200    1.094986000
1235   -0.950000000   -1.801797000   -0.784352400
1236   -0.349122700    0.139144900   -0.137782900
1237   -0.950000000    0.050414950   -0.876021000
1238   -0.950000000   -1.742402000   -0.206462600
1239   -0.950000000   -0.921980700   -0.989052400
1240   -0.740447500    0.426426500    0.974670600
1241   -0.950000000   -0.266211700   -1.640319000
1242   -0.950000000   -0.685383700    1.037882000
1243   -0.713545500    0.111980600   -0.722213200
1244   -0.950000000   -0.598308500   -0.851553600
1245    0.262597300    0.005844378   -0.535308900
1246    4.323843000    0.703063600    1.629092000
1247   -0.950000000   -0.334149100   -0.338501900
1248   -0.950000000   -0.883390800   -0.432036300
1249    4.836950000    0.132448000   -1.166108000
1250   13.055780000    1.897266000    1.450410000
1251   -0.950000000   -0.704041800    0.246547400
1252   -0.279443000    0.102766400    0.298622000
1253   -0.950000000   -0.532970100    0.172812900
1254   -0.950000000   -0.359460800    1.726689000
1255   -0.950000000   -1.820362000   -0.099039550
1256   30.778930000    1.943361000    0.504670800
1257   -0.950000000   -1.550283000    0.898403000
1258   -0.950000000   -0.634286200   -0.373791300
1259   10.317440000    1.114078000    0.591085200
1260   -0.950000000   -0.322592600    0.620972500
1261   -0.950000000   -0.206131900    0.255374000
1262    3.204685000    0.080835960   -1.342441000
1263    4.384869000    0.308834200   -1.456781000
1264   -0.950000000   -0.709525500   -0.602586800
1265   10.119890000    0.963900700   -0.453439600
1266   -0.950000000   -0.593512200    0.569621100
1267    1.123352000    0.375407800    0.101634200
1268   -0.950000000   -0.869376700    0.121287900
1269   -0.950000000   -0.501439700    0.650078600
1270    3.060457000    0.186488900   -0.469310300
1271    6.985355000    0.960903700    0.519553100
1272    8.210469000    0.979923500    0.802289200
1273   -0.950000000    0.022158920    0.678123900
1274   10.725070000    1.006003000   -0.701863700
1275    0.355614200    0.021314200   -0.200619000
1276   -0.950000000   -1.612547000   -0.893235800
1277   -0.950000000   -0.113484400    0.821751700
1278   10.323780000    0.704833800   -0.967414400
1279   -0.950000000   -0.283340800    1.872252000
1280    6.327626000    0.536731600    0.933413700
1281    4.086732000    0.108667000   -0.841470800
1282   12.810620000    0.784218200   -1.058653000
1283    3.310460000   -0.036107680    1.714046000
1284    8.402541000    0.737820500   -1.694960000
1285    9.535201000    0.601515200   -0.448521300
1286    0.720597200    0.276629300    0.627372000
1287    6.014293000    0.697743700    0.880286900
1288    8.438034000    0.722109800    0.856194000
1289    3.202535000    0.428243100    1.125820000
1290   -0.950000000   -1.654775000    1.141081000
1291   11.103100000    0.578603800   -0.023659890
1292    2.311815000   -0.180256100    0.953729400
1293    4.721141000    0.093047670    0.212821800
1294    8.107965000    0.596537900    0.402796000
1295    2.911691000    0.089707260    1.336190000
1296   11.342060000    0.692125200    1.123442000
1297    8.844487000    0.214408700   -0.662338700
1298   10.011030000    0.606230000    1.172885000
1299    9.387678000    0.608447200    0.713001500
1300   10.894660000    0.166958800   -1.429188000
1301    6.219940000    0.067574720   -0.813536500
1302   -0.950000000   -0.794842900    0.430476300
1303   13.061680000    0.843657800    0.582875600
1304    2.423763000    0.014258940    1.966997000
1305   10.519360000    0.448589600   -0.597456400
1306    8.762897000    0.866969500    0.818503300
1307    5.169166000    0.502990900    0.981759600
1308    2.582073000    0.113437500   -1.829463000
1309   -0.950000000    0.017897110    1.329264000
1310   -0.950000000   -0.802287900    0.727752100
1311   -0.950000000   -0.720340600   -1.054641000
1312   -0.950000000   -1.152954000   -0.657294500
1313    3.526784000    0.123527300    0.179028600
1314   -0.076963930    0.402949700    1.093439000
1315   -0.950000000   -0.397603100   -0.664355700
1316    8.715112000    0.790506700   -1.547736000
1317    6.844148000    0.658408500   -0.499419400
1318    5.696093000    0.592691000   -0.136279500
1319   -0.950000000   -0.431996300    0.367600300
1320   -0.950000000   -0.806264000    0.609613900
1321   17.295140000    1.612542000   -1.820760000
1322    2.702296000    0.165921700    1.081403000
1323    5.233122000    0.139806900   -0.088999030
1324    9.042566000    0.619482100    0.900042800
1325    2.581270000   -0.044275570    0.615663100
1326    4.022658000    0.111951300   -0.716102200
1327   -0.950000000   -1.621187000   -1.162776000
1328   -0.950000000   -0.870391000   -1.886061000
1329   10.793700000    1.081283000    0.990604500
1330    5.721094000    0.145401500   -1.262179000
1331   -0.950000000   -1.361844000    0.724180000
1332    4.737538000    0.349165600    0.935472900
1333   -0.950000000   -0.469663700    1.240317000
1334   10.878540000    1.404449000    0.845328700
1335   -0.950000000   -1.143074000    0.999415600
1336   -0.950000000   -0.628625800    1.448151000
1337    6.380713000    0.527475500   -0.732401700
1338   -0.950000000   -0.491043200    0.063764310
1339   12.758690000    1.129685000   -0.137658900
1340   -0.950000000   -0.823766500    1.078059000
1341   -0.950000000   -0.889610000   -0.157898000
1342   -0.950000000   -0.269131600   -0.817415700
1343    7.837856000    0.904047400   -1.087508000
1344   -0.950000000   -0.666789900   -1.617239000
1345    7.381964000    1.273850000    1.761922000
1346   -0.950000000   -0.788861700   -0.375547800
1347   -0.950000000    0.109360500    1.145056000
1348    5.488836000    0.586428700   -0.566280500
1349   -0.950000000   -0.249263400    0.056356560
1350   -0.950000000   -0.899941500    0.610380400
1351   -0.950000000   -1.111839000   -0.110778700
1352    3.678459000    0.434877300   -0.359750900
1353   -0.950000000   -0.504786900   -0.015481670
1354    9.107369000    0.824573900   -0.458192700
1355   -0.950000000   -1.451571000    1.202529000
1356   13.005940000    1.288140000    0.225955000
1357   -0.950000000   -1.641229000   -1.272569000
1358    3.118544000    0.302220000   -0.690203300
1359   -0.950000000   -0.799730200    0.635703200
1360   -0.950000000   -0.502297600    1.359183000
1361    5.173320000    0.475173300    0.165178600
1362   15.868360000    1.299253000   -0.756257000
1363   17.287500000    1.089314000   -1.051953000
1364   -0.950000000    0.038210450    0.907459400
1365   -0.950000000   -0.249255300   -0.162946900
1366   -0.950000000   -0.192504400   -0.290261800
1367   -0.950000000   -0.008634680   -1.723559000
1368   -0.950000000   -0.434487400   -0.181303600
1369    9.367677000    1.047428000   -0.809864600
1370   -0.950000000   -0.705779100    0.418223600
1371   -0.950000000   -1.329826000   -0.175653000
1372   -0.950000000    0.122596900   -0.326048400
1373   -0.950000000   -1.066712000    0.067795870
1374   10.333160000    1.227581000   -0.282892600
1375   -0.950000000   -0.117354700    0.948778300
1376   -0.950000000   -1.172406000   -0.240175800
1377   -0.950000000   -0.094390670   -0.191428800
1378   -0.950000000   -1.021691000   -1.925270000
1379   -0.950000000   -0.666427400    0.808522800
1380   -0.950000000   -0.301308900    1.599605000
1381   -0.950000000   -1.818289000    0.412046500
1382    0.124275600    0.048427570   -0.601605900
1383    3.707662000    0.468655100   -1.182895000
1384   -0.950000000   -0.698573500    0.661593700
1385   -0.950000000   -1.302931000   -0.422827900
1386   -0.950000000   -0.404909000    0.119721700
1387    2.668019000    0.407584800   -0.140198300
1388   -0.950000000   -0.359354000    0.246038200
1389   -0.950000000   -0.025933890    1.036741000
1390    8.150203000    0.893044200    0.314448500
1391   -0.950000000   -0.992470800   -1.490895000
1392   11.302190000    1.100555000    1.080948000
1393   -0.950000000   -0.697299200    0.590943300
1394   -0.950000000   -0.589344600   -0.431592500
1395    7.777499000    1.049341000   -0.326987600
1396    8.350227000    0.153628200   -1.665868000
1397   -0.950000000   -0.673508100    1.076683000
1398    8.416307000    1.049598000    1.504826000
1399   -0.950000000   -0.578885200   -0.830542200
1400   13.841170000    0.984680300   -0.739700000
1401    6.149180000    0.520763400    0.799144700
1402   11.398440000    0.355359900   -1.855383000
1403    5.718893000   -0.193159100   -1.136030000
1404   14.697270000    1.146588000    0.216948600
1405    1.550849000   -0.280519100    0.989937400
1406   16.285650000    1.375118000    0.326817400
1407   -0.950000000   -0.616658200    0.155102900
1408   10.355810000    0.676329800   -1.642030000
1409   17.385810000    1.414690000   -1.084231000
1410   -0.950000000   -0.940197400    1.288486000
1411    7.012274000    0.915299200    0.610586800
1412    2.196735000   -0.077691120   -0.492711800
1413   -0.950000000   -0.597488400    0.028206230
1414   -0.950000000   -0.358576200    1.329176000
1415    5.190992000    0.971430900    1.459378000
1416   -0.950000000   -0.556635900    0.179034600
1417   -0.950000000   -1.293218000   -0.090954810
1418   -0.950000000   -0.670296900   -0.601769000
1419   -0.950000000   -0.408323800   -0.602804700
1420    9.610543000    0.653847100   -0.266255200
1421   -0.950000000   -0.312493600    0.620880800
1422   -0.950000000   -0.290670200    1.849353000
1423   15.889460000    1.319344000    1.094993000
1424   -0.950000000   -1.700902000    1.114223000
1425   -0.950000000   -1.620032000    0.108816700
1426   17.582860000    1.750952000   -0.102530400
1427    9.849821000    0.797687800    0.529742600
1428    7.059810000    0.039823240   -1.132488000
1429    7.733510000    0.271191500   -0.048278480
1430    4.115427000   -0.137519100   -0.115523000
1431    6.524539000   -0.074843970   -0.695481700
1432    2.897966000   -0.315392800   -1.239371000
1433    5.549570000    0.092744160    1.893518000
1434   13.239470000    1.377768000    0.163665000
1435   11.348740000    0.230044700   -1.128597000
1436    4.460653000    0.042911020    0.168176600
1437    4.873087000    0.129218300    0.220551200
1438   14.760950000    1.233706000    0.389879300
1439   13.174140000    0.716032100   -0.288347300
1440   -0.950000000   -1.444817000    0.743309500
1441   -0.950000000   -1.496553000   -0.894082800
1442   -0.950000000    0.360594900    1.264135000
1443   -0.950000000   -0.641663500   -1.584257000
1444   -0.950000000    0.009448103   -1.945816000
1445   -0.950000000   -0.954915700    1.838726000
1446   -0.950000000   -0.502794800    1.600560000
1447    0.841389200    0.621801100    1.012132000
1448   -0.950000000   -0.381751100   -1.470035000
1449   -0.950000000   -1.425009000   -0.182004900
1450    0.948099400    0.272052300   -0.396951900
1451   -0.950000000   -1.086264000   -0.910940700
1452   -0.950000000   -1.787485000   -0.178583500
1453    9.645313000    1.622162000   -0.495207700
1454   -0.827934400    0.279647900    0.531408300
1455   -0.950000000   -0.885439800   -0.991912000
1456   -0.950000000   -0.474738500   -0.007803575
1457    0.405530100    0.182021300   -0.195494700
1458   -0.950000000   -0.009748438   -0.159920900
1459   -0.950000000   -0.327737500    1.082653000
1460   -0.950000000   -1.564410000    1.395942000
1461    6.356714000    0.932493000    0.518706600
1462   -0.950000000   -1.104312000    0.231978600
1463    0.124117000    0.202726800   -0.571058400
1464   -0.950000000    0.357045900    1.652233000
1465   -0.950000000    0.272691100    1.226943000
1466    8.039155000    1.245054000   -0.828419200
1467   -0.950000000   -0.078605740   -0.420134300
1468   -0.950000000   -1.722802000   -0.220275600
1469   -0.950000000   -1.063225000   -0.778065300
1470   -0.950000000   -1.091717000   -1.928022000
1471    1.769510000    0.087381000   -1.150065000
1472   -0.950000000   -1.051065000    1.655407000
1473   -0.950000000   -0.206031600    0.960389800
1474   -0.950000000   -1.650518000   -1.413516000
1475   -0.950000000   -0.570548100    1.072237000
1476   -0.950000000    0.193090900    0.672815200
1477   -0.950000000   -0.166617200    0.681305300
1478   -0.950000000   -0.348753400    1.452449000
1479   -0.950000000   -1.638866000    0.889865400
1480    6.559475000    0.179063600   -1.056167000
1481    9.546024000    1.285417000    0.434523700
1482    4.657856000    0.506578100    0.525483500
1483   -0.950000000   -0.500168400    0.217886300
1484    2.895849000    0.733053000    1.337213000
1485    4.464573000    0.344679000   -0.556018100
1486   13.277660000    0.649558500   -1.312649000
1487   -0.449721800   -0.387897300   -0.031017940
1488    6.505549000    0.252359000    0.543772800
1489   11.600250000    0.902098400   -0.231206700
1490    3.911095000    0.060882710    0.808912700
1491   12.293400000    0.692766000   -0.867858800
1492   18.885190000    1.328737000    0.326193100
1493   14.446450000    1.498505000    0.187337600
1494    7.350820000    0.292827800   -0.318229000
1495   16.929110000    0.978236200   -0.160215300
1496   16.280340000    1.052278000    1.488771000
1497    7.959472000    0.070043140   -0.466975300
1498   -0.950000000   -0.511898100    0.492400600
1499    2.912387000   -0.072634100    0.121653700
1500   -0.950000000   -0.896202400    1.159480000
