*y  x1  x2
   1    7.946948000    0.635341000    0.327327400
   2    6.908759000    0.403817900   -0.061186150
   3    4.399933000   -0.089432980   -1.717223000
   4   10.072070000    0.717560100   -0.103188600
   5   -0.950000000   -0.786467500   -0.184855400
   6    3.991601000    0.142320200   -0.092510260
   7    3.345568000    0.093391150   -0.399993500
   8    3.887313000    0.255269900    0.406943900
   9   -0.716257800   -0.022734820    0.864275500
  10    9.793424000    0.812157100   -0.780003800
  11    3.834370000    0.250237500    0.695940500
  12   13.392870000    0.608149800    0.111677000
  13   13.493900000    1.768625000    0.305554600
  14   -0.950000000   -0.493741100   -0.031574580
  15   -0.950000000   -1.312024000    1.867344000
  16   -0.950000000   -1.033413000    0.432629700
  17    9.691101000    0.702413900    0.259080900
  18   -0.147668400    0.249798100    1.039729000
  19   -0.950000000   -0.974651200   -0.621221900
  20    1.023957000   -0.071016740   -0.168153000
  21   -0.950000000   -0.510660500   -1.753417000
  22    0.467015700   -0.229347000   -0.184744800
  23   -0.950000000   -0.582664500    0.602839300
  24    6.275859000    0.304722400   -0.571007700
  25    8.648097000    0.504976100   -0.293428600
  26   -0.950000000   -1.405316000    1.213749000
  27   12.314530000    1.588772000    0.810307600
  28   -0.950000000   -1.615769000    1.417489000
  29   17.904400000    1.970246000    1.696713000
  30   -0.950000000   -0.383336600    0.722666200
  31    6.684988000    0.398815100   -1.104524000
  32   -0.950000000   -1.592996000   -0.435745400
  33   12.281490000    1.676116000    1.052097000
  34   12.095510000    0.934247600   -1.329092000
  35   16.127860000    1.469496000    0.060148050
  36   -0.950000000   -0.692170000   -0.521370000
  37    4.783295000    0.305271200    0.187244700
  38   11.459690000    1.082881000    0.613379800
  39   -0.950000000   -0.475146700   -0.026543140
  40   -0.950000000   -0.825007600   -0.243714300
  41   -0.027846030   -0.049928690   -0.751107900
  42    6.559097000    0.948978200   -0.259862600
  43   -0.950000000   -1.125232000    1.222002000
  44   -0.950000000   -0.021507630    0.104978700
  45    3.326873000    0.361341000    0.875876700
  46   -0.950000000   -0.674289100    1.977355000
  47   -0.704339200    0.356553500    0.689093200
  48   24.651000000    1.893625000   -1.872000000
  49    7.739864000    0.750332700    1.263526000
  50    4.859263000    1.011632000    1.139084000
  51   -0.188771000    0.116886900    0.620691300
  52   -0.950000000   -1.627941000   -0.914312100
  53   -0.950000000   -1.127780000    1.805915000
  54    2.081985000    0.116459000   -0.943182000
  55   -0.950000000   -0.524400600    0.395503600
  56   -0.950000000   -1.743362000   -0.338662400
  57   -0.950000000   -0.768001300   -0.421778900
  58    3.178847000    0.375746000    0.190255700
  59   -0.950000000   -1.610589000    0.891361800
  60    3.109983000    0.114159200   -1.821061000
  61   17.368810000    1.573306000   -0.021053810
  62   -0.950000000    0.050958790    0.310657700
  63   -0.950000000   -1.179944000   -1.939194000
  64   -0.950000000   -0.828430900   -0.057434260
  65   -0.950000000   -1.268755000   -0.238663400
  66   -0.950000000   -0.779167900   -0.066355250
  67   -0.950000000   -0.600555900   -0.385647300
  68   -0.950000000    0.329407300    1.238063000
  69    1.108422000    0.177231400   -0.739776800
  70    2.782107000    0.614753100   -0.271715400
  71   -0.950000000   -1.465872000    0.449760900
  72   -0.950000000   -1.803648000   -0.282922900
  73   13.053410000    1.669667000    0.109668900
  74   -0.950000000   -0.299005500   -0.603138700
  75   -0.950000000   -0.703736000   -0.919960000
  76   13.363000000    1.419068000   -0.263406800
  77    2.841941000    0.557627800    0.613919900
  78    1.248978000    0.238524300    0.891245300
  79    6.886921000    0.523076800   -0.639601500
  80    9.655782000    0.593874600    0.439743000
  81    9.619450000    0.663455500    0.896563500
  82    2.256468000   -0.000890305   -0.856584200
  83   -0.950000000   -1.203972000    0.705041000
  84   -0.950000000   -0.482833100   -0.153862600
  85    6.036138000    0.379696800   -0.548539100
  86   11.950920000    1.339299000    0.432951000
  87   -0.950000000   -1.096571000   -1.906802000
  88   -0.950000000    0.271831000    1.825117000
  89    2.423142000   -0.048723990   -0.559950800
  90    2.875189000   -0.105737000   -0.999837100
  91   -0.950000000    0.006807645    0.207808500
  92   -0.950000000   -1.267547000   -0.285351800
  93   18.363790000    1.631046000   -1.240488000
  94   -0.950000000   -0.067215250    0.664175300
  95   -0.950000000   -0.220938000    0.131690500
  96   -0.950000000   -0.397147400   -1.562947000
  97    2.502989000    0.285404300   -1.752525000
  98   -0.950000000    0.219257000   -0.556155900
  99   -0.950000000   -0.763937200   -0.164913900
 100   -0.950000000   -1.364881000   -1.374878000
 101    0.105743700    0.398438300    0.852382600
 102   -0.950000000    0.117758900    0.546030400
 103   -0.950000000   -0.359779200   -1.223960000
 104   -0.950000000    0.348562400    0.354631200
 105   -0.950000000   -0.013658330   -0.228481500
 106    0.281921800   -0.218562000   -1.352760000
 107   -0.950000000   -0.820663200    1.158382000
 108   -0.041180160   -0.258495100    0.876819300
 109   11.603300000    1.593688000    1.171373000
 110   -0.950000000   -0.950470500    0.048964960
 111   -0.950000000   -1.209627000    1.673447000
 112   12.938000000    1.261381000    1.320576000
 113    6.940756000    1.410430000    1.483936000
 114    4.915538000    0.539285500    0.039512110
 115   -0.950000000   -1.468715000   -0.249774200
 116    6.914399000   -0.017022810   -1.154933000
 117    4.398698000    0.839352700    0.679633700
 118   -0.950000000   -0.559723400   -0.660490100
 119    4.926504000    0.136301600   -1.479505000
 120   -0.950000000   -0.871025100    1.445474000
 121   -0.950000000   -1.158370000    0.545563900
 122   15.847740000    0.611249300    1.810170000
 123   12.002400000    0.603108900    0.199267300
 124   -0.950000000   -0.652482200    0.508819800
 125    9.828208000    0.212888500   -0.724606900
 126    8.401847000    0.770764400    0.826987500
 127    5.176977000   -0.018943880   -0.256973000
 128   -0.950000000   -0.693531500    1.045963000
 129   -0.950000000   -0.862595500    1.830580000
 130   13.078990000    0.991119800   -0.631711800
 131   -0.950000000   -1.798522000    0.485656700
 132    9.120948000    0.053312210   -1.736248000
 133    3.886548000   -0.188884300   -0.132412700
 134   15.038130000    0.979644100    0.486570200
 135    4.963088000    0.058264480    1.066472000
 136    7.110932000    0.618167400   -0.350984100
 137   11.909780000    0.966943000   -0.040937450
 138   -0.950000000   -0.442309800    0.002853302
 139   -0.094832720   -0.098525280   -0.315728100
 140    1.629998000   -0.002968918   -0.810919600
 141   -0.950000000   -0.644433400   -0.830876400
 142    4.430547000    0.803278000    0.932536800
 143   -0.603863600   -0.359181200   -0.813427700
 144    7.510645000    0.453908200   -0.291041800
 145   11.594760000    1.344859000   -0.098660360
 146    8.287607000    0.664469200   -0.658351600
 147    0.337985600    0.029238150   -0.347484600
 148    5.352002000    0.331019900   -0.861038600
 149   21.124730000    1.739091000   -0.736694800
 150    1.721638000    0.221135100    0.910152300
 151   -0.950000000   -1.224230000    0.569389300
 152   -0.950000000   -0.966639300    1.822019000
 153   -0.946506600   -0.615721200   -1.018795000
 154    8.876924000    0.782903300    0.110880900
 155    6.452189000    0.734947500    0.939984600
 156   16.087290000    1.434553000   -0.637648000
 157   -0.950000000   -1.309259000    0.129184800
 158   -0.950000000   -0.937150700    0.606417900
 159   23.948400000    1.882683000    1.487796000
 160   13.467970000    0.730068200   -0.919718300
 161    9.258674000    0.684620600   -0.121988800
 162    0.408709200   -0.206544400    0.008276998
 163   17.828330000    1.303728000    0.766194300
 164    5.237947000    0.061134160   -0.490926500
 165    5.657469000    0.411739400    0.636654800
 166   -0.950000000   -1.688445000   -0.367450300
 167   -0.950000000    0.429318800    1.342091000
 168   -0.950000000   -0.489879100   -0.574863100
 169   -0.950000000    0.060694760   -0.432848500
 170   -0.950000000   -0.153687800   -0.092743500
 171   -0.950000000   -0.044605610    0.215393100
 172   -0.950000000    0.106482000    1.544907000
 173   -0.950000000    0.029954110   -0.640421800
 174    9.451534000    1.078179000   -0.440420300
 175    1.639163000    0.305276200    0.303418100
 176    1.256482000    0.086420920   -1.556782000
 177   -0.950000000   -0.133695300   -0.268351900
 178    0.932550900    0.157228200   -1.139138000
 179   -0.950000000   -0.244493500    1.738172000
 180   -0.950000000   -0.673723900    0.588661200
 181   16.804630000    1.217561000   -0.588156200
 182    0.790921300   -0.196443700    0.102499100
 183   -0.950000000   -0.868440800    0.333875000
 184   -0.950000000   -0.747871100    0.631653700
 185   -0.950000000   -0.809350400   -0.174669600
 186   -0.950000000   -0.932590400    0.596354000
 187    2.953906000    0.249763500    1.833448000
 188    2.466963000    0.225879300    0.921593600
 189    9.760848000    0.814320400    0.901709700
 190   14.921940000    1.341147000   -0.623582000
 191   15.012930000    1.607267000   -0.000229937
 192   10.791030000    0.817889900    0.320465600
 193    5.652833000    0.202611300   -0.866462900
 194   -0.950000000   -1.288409000   -0.137019200
 195   -0.779729600   -0.448802700    0.464417800
 196   19.910840000    1.717746000    0.172951100
 197   14.743120000    1.081028000    0.788131300
 198   -0.950000000   -1.107590000    0.928026000
 199   -0.950000000   -1.286150000   -1.222755000
 200    5.676421000    0.384199100    1.002816000
 201    6.274514000    0.514250500    1.227702000
 202   -0.008073232   -0.602007000   -0.396215600
 203    1.565483000   -0.119677700    0.700528200
 204   -0.950000000   -0.782307700    0.235760700
 205   11.292260000    0.469354100    0.543231300
 206   -0.950000000   -1.154100000    0.367611600
 207    2.689266000    0.363171000    1.331746000
 208   -0.950000000   -0.919337700    1.168678000
 209   -0.950000000   -0.695096800   -0.135952900
 210   17.502870000    1.371682000    0.542807300
 211   -0.950000000   -0.522060900    0.745531600
 212    8.944821000    0.636595900   -1.164748000
 213    0.325246600    0.060218550   -0.496877100
 214   -0.950000000    0.148840500    0.638623600
 215   -0.950000000   -0.780670900    0.989486200
 216   -0.950000000   -0.408168600   -1.060947000
 217    0.601439500   -0.064662650   -0.003930083
 218   -0.825229100   -0.074806460   -0.013461370
 219    3.673688000    0.422087700   -0.070011970
 220   -0.950000000   -0.795741000   -0.444861400
 221   -0.950000000   -0.666368200   -0.283716700
 222    5.566933000    0.395472800   -0.682848000
 223    4.412599000    0.417567600   -0.289411200
 224    7.484103000    0.708809900   -0.723372200
 225   15.150630000    1.690246000   -0.066329810
 226   15.687940000    1.448250000   -0.291975400
 227    2.316814000    0.298479500   -1.090755000
 228   11.511500000    1.083685000   -0.143802900
 229   -0.675048800   -0.002928609    0.235933300
 230    2.171170000    0.705623800    0.660263000
 231    2.968069000    0.495495700    0.614601800
 232   -0.950000000   -1.140577000   -0.442218400
 233    6.880365000    0.689047300   -0.544837700
 234    2.939799000    0.409374000    0.262612500
 235    6.834779000    0.935534200    0.020140750
 236   17.598370000    1.959173000   -1.655969000
 237    5.298539000    0.467178800   -0.520677100
 238   -0.950000000   -1.451783000    0.924168700
 239   -0.950000000   -0.654930300    0.897017000
 240   -0.950000000   -0.872399800   -1.727604000
 241   -0.950000000   -0.373788100    0.002715444
 242   11.311240000    1.209990000   -0.134436500
 243   12.012050000    1.502042000   -0.462891700
 244   -0.950000000   -0.226157100   -0.886947200
 245   -0.950000000   -1.741066000   -0.717086800
 246    0.145845500    0.162804500   -1.154818000
 247   -0.950000000    0.400336100    0.095018250
 248   -0.950000000   -0.650795700   -0.697161600
 249   -0.950000000   -0.740697300    0.525708500
 250    7.525811000    1.005634000   -0.457297600
 251   15.004490000    0.914715000   -1.996586000
 252   -0.950000000   -0.303028000   -0.922283000
 253   -0.893035000    0.493059300    0.158565900
 254    0.901559900    0.463158100    0.525401200
 255   24.444820000    1.480692000   -1.945883000
 256   25.908940000    1.989426000    1.249993000
 257    3.597661000    0.258837300   -0.891565900
 258   -0.950000000   -0.336440300    0.608011700
 259   -0.950000000   -0.954245700    1.012651000
 260   -0.950000000   -1.788995000    0.922880400
 261   -0.950000000   -0.160173600   -0.206916700
 262   -0.950000000   -1.546057000    0.693691900
 263   -0.950000000   -0.534013500    0.584906600
 264   -0.950000000   -0.155388100    0.509712900
 265   -0.950000000   -0.954153300   -0.595041300
 266   -0.950000000   -1.396839000   -0.050135130
 267    8.983208000    0.713620900   -1.159387000
 268    0.792866600    0.615500100    1.532692000
 269   -0.950000000   -0.003914925    0.972762800
 270   11.506760000    0.912976000   -0.735722800
 271    3.013320000   -0.147204900   -1.135912000
 272    5.264595000    0.327813600    0.381619600
 273    3.139894000    0.264011500    0.538190000
 274    8.605935000    0.589618100    0.857777700
 275   -0.950000000   -0.614895900    0.231963100
 276   15.467300000    1.540841000    0.177656100
 277   -0.950000000   -0.579859300    1.015065000
 278   13.034340000    0.769094300   -0.714232200
 279   -0.950000000   -1.518728000    0.364580500
 280   -0.253080900   -0.324858200   -0.492075700
 281   17.004460000    1.267473000   -0.349195900
 282    3.048567000   -0.125609900   -0.639862500
 283   -0.950000000   -0.699276700    0.589903600
 284    4.283488000    0.202134000   -0.069615250
 285    9.660258000    0.512438100    0.008278095
 286    9.305829000    1.328841000    0.677562200
 287   -0.950000000   -0.622217300    0.356244100
 288   -0.950000000   -0.476099500   -1.752027000
 289   -0.950000000   -1.367889000    1.434280000
 290   -0.950000000   -0.476157300    1.030188000
 291    0.968715400    0.497230100    1.337742000
 292   -0.950000000   -0.114789000    0.461259300
 293    8.667726000    0.925785200    0.464744400
 294   -0.950000000   -0.333217600    0.226244600
 295   14.173410000    1.325980000   -1.697350000
 296   -0.950000000   -0.268922000    0.881805700
 297   -0.950000000   -1.398016000    0.510401900
 298   -0.950000000   -0.085431390    0.516837400
 299   -0.950000000   -0.820938900    0.768723000
 300   -0.950000000   -0.846490200   -1.263932000
 301   -0.950000000   -0.648768200    0.497580300
 302   -0.950000000   -1.356986000    0.133246300
 303    7.945302000    0.551597300    0.114352200
 304   -0.950000000   -1.364239000   -0.219910700
 305   -0.950000000   -0.284899300   -0.174938800
 306   -0.950000000   -1.663661000    0.465029100
 307    3.539022000    0.114633200   -0.229178400
 308   -0.950000000   -1.181614000   -0.021448200
 309   -0.950000000   -0.558733700    0.865114400
 310   10.460320000    1.444379000    0.843740100
 311   -0.950000000   -0.414154300   -0.202689000
 312    9.504305000    0.909320400   -0.136026800
 313   -0.950000000   -0.160612300    0.428855800
 314    8.854727000    0.865732400    0.327504200
 315   11.704570000    1.266665000   -0.789213200
 316   -0.950000000   -0.793012700    0.908200000
 317    7.120799000    0.222013600    0.456489000
 318   -0.950000000   -1.103429000    1.336003000
 319    7.489053000    0.455840300    0.755376100
 320    3.187777000   -0.483264100   -0.788589200
 321   23.680260000    1.662166000    0.456831700
 322    7.165898000   -0.149663700   -1.619099000
 323   10.245210000    0.359712300    0.699621500
 324    4.980623000    0.088286540    0.459097500
 325    8.054607000    0.244357300    0.380974700
 326   18.193240000    0.883079000   -1.030268000
 327   18.856720000    1.295355000    0.174421700
 328   15.820170000    0.915814300    0.361057300
 329   22.513240000    1.480996000    0.421955500
 330   27.504500000    1.831812000   -0.724417000
 331    2.428143000    0.587415800    0.110213000
 332   -0.950000000   -0.603761100    0.564707700
 333    2.914522000    0.743304000    1.046601000
 334   -0.950000000   -0.074689950   -0.621387200
 335   -0.950000000   -0.937679000    0.787856700
 336   -0.519336800   -0.229519300   -1.805510000
 337   -0.950000000   -0.487471400    0.359433900
 338    4.405405000    0.768872100    1.021317000
 339   -0.950000000   -0.269825200    0.945007000
 340    6.663192000    0.723906500   -0.229150100
 341   -0.950000000   -1.044015000   -1.417300000
 342   -0.950000000   -1.142783000   -0.276936000
 343   -0.950000000   -0.021740470    0.786139100
 344   -0.950000000   -1.334571000    0.127565000
 345   -0.950000000   -0.358127400   -0.002136175
 346    1.275553000   -0.405895000   -1.199866000
 347   10.206720000    0.892755100   -0.212566300
 348    0.699583400   -0.193955300   -0.083329680
 349    7.823678000    0.499850800    0.666880500
 350   -0.122283200   -0.036486140    0.411217800
 351    8.064732000    0.500058600    0.041790360
 352    5.605093000    0.164521100    0.784429500
 353    1.057297000   -0.164858800   -0.259526800
 354   -0.950000000   -0.098888140    0.894874700
 355   12.964140000    0.770396700   -0.157951400
 356   -0.950000000   -0.401886400    0.863846200
 357   15.470670000    1.536684000   -0.261842000
 358    2.221977000   -0.530349500   -1.529060000
 359   19.337590000    1.686034000    0.259821500
 360    9.341175000    0.650194800   -0.190881700
 361   -0.950000000   -0.293933700    0.192166900
 362   -0.950000000   -1.511538000    0.021374650
 363    6.166918000    0.480144600    0.484719900
 364   -0.950000000   -0.401844400   -0.247180000
 365   -0.401362600   -0.398839700   -1.294676000
 366   -0.950000000   -0.084899150    1.695544000
 367   24.660020000    1.983369000   -0.853033100
 368    3.696796000    0.447024500    0.767336800
 369    4.053329000    0.556012100    1.302596000
 370   -0.950000000   -0.441032100    1.535237000
 371    0.612121300   -0.035192860    0.249840600
 372   10.588970000    0.589693200   -1.176805000
 373   -0.950000000   -0.812921600   -0.136664000
 374    2.012912000    0.008281611    0.314642100
 375   -0.950000000   -0.748199500    0.826456500
 376   -0.950000000    0.138450300    0.586914300
 377   -0.950000000   -0.381585500   -0.845941100
 378   -0.950000000   -0.042330510    0.298292200
 379   -0.950000000   -0.135950300    0.383730400
 380   -0.950000000   -0.143316200   -0.117380700
 381    7.234843000    1.209280000   -0.041603620
 382   -0.950000000   -0.901079100   -1.561307000
 383    8.487793000    0.808649700   -1.168225000
 384    0.608828700    0.040512050   -1.017761000
 385   -0.950000000   -1.561258000    0.288814600
 386   -0.950000000   -0.351073400   -0.638388600
 387   -0.950000000   -0.113735100    1.206887000
 388   -0.950000000   -0.457746500   -0.026847490
 389   -0.553938600    0.267735600    0.014289270
 390   -0.950000000   -0.376018300    0.471216900
 391    7.419511000    0.626156100    0.705487800
 392    7.614564000    0.781178100   -1.167323000
 393   -0.060090410   -0.177068800    0.908081000
 394    5.728273000    0.370698500   -0.930952300
 395   -0.950000000   -1.120598000   -0.841148600
 396   14.328220000    1.262284000   -0.033731410
 397    9.746027000    1.061584000    0.045348860
 398    8.190226000    0.975576000    0.141859600
 399   -0.236975900   -0.000411397    0.491707100
 400   -0.950000000   -0.271305800    1.282882000
 401   -0.950000000   -0.504320400    0.339418600
 402   26.227790000    1.951089000   -0.247520500
 403    7.626717000    0.493919800   -0.932417700
 404   -0.950000000   -0.948411900    0.390594100
 405   19.028620000    1.347473000   -1.793639000
 406   -0.950000000   -0.597325100   -0.484499000
 407   -0.950000000   -0.553370500    0.661648600
 408   -0.950000000   -0.820450300    0.779117600
 409   -0.950000000   -1.016830000    0.685979000
 410   16.537520000    1.331460000   -0.544225900
 411   -0.950000000   -0.550729800   -0.466381800
 412    0.635699600   -0.061897370    1.205286000
 413    8.728022000    0.593650500   -0.923868200
 414   -0.950000000   -1.916391000    0.523727100
 415    7.191298000    1.007336000    0.921631700
 416   13.682080000    1.487235000    0.557032100
 417    3.142362000    0.101530200   -0.201499500
 418   15.090860000    0.964453500   -0.791891000
 419    9.076519000    0.809670800   -0.320209600
 420   21.168560000    1.331156000   -0.078407160
 421   14.901880000    1.478490000   -0.520596300
 422   -0.950000000   -0.454100900    0.490234100
 423   -0.950000000   -1.280208000    0.543461700
 424   -0.950000000   -0.490149600   -0.270774400
 425   -0.950000000   -0.889577900   -0.599823300
 426   -0.950000000   -1.310676000   -0.921775600
 427    3.754909000    0.739445700    0.300464500
 428   -0.950000000   -0.509124600    0.390743700
 429    7.757621000    0.799455600    0.376083800
 430   12.942060000    0.795028900   -1.547542000
 431    8.793007000    0.940525200    0.628902000
 432   10.708070000    0.858776700   -0.774218100
 433    2.062802000    0.208175000   -0.350665700
 434    2.546532000   -0.000079228   -1.150262000
 435   -0.950000000   -0.758419900    0.156831300
 436   -0.950000000   -1.290543000    0.149221100
 437   -0.950000000   -1.923113000    1.965768000
 438   -0.950000000   -1.392275000    0.194461800
 439   -0.950000000   -0.188540800    0.716671900
 440   -0.950000000    0.289912400   -0.215879700
 441   -0.950000000   -0.424263200   -1.635033000
 442   -0.950000000   -0.264145000    0.881959400
 443   -0.950000000   -1.834366000    0.037169110
 444   -0.950000000   -0.931202800   -1.285709000
 445    3.279157000    0.783237100   -1.278364000
 446   -0.950000000    0.020880130   -1.791456000
 447    0.156365400    0.531614800   -0.020306340
 448   -0.950000000   -1.371089000   -1.498965000
 449   -0.950000000   -0.052818700   -1.080782000
 450   -0.950000000   -1.917734000   -0.975443600
 451    4.005157000    0.272732600    0.795631800
 452    6.502046000    0.357949000   -0.792312000
 453   13.090120000    1.231400000    0.085214420
 454    3.519141000    0.013794560   -0.803989700
 455   11.699720000    0.924195300   -1.239190000
 456   15.763000000    1.476734000    0.682000900
 457    4.975398000    0.744416600    0.330380600
 458    5.761494000    0.545826700    0.832709500
 459   11.163030000    0.946108600    0.189485100
 460    5.629748000    0.190190000   -0.704153900
 461    1.225126000   -0.111394200   -0.187936500
 462   -0.950000000   -0.604537800   -0.188393200
 463   -0.950000000   -0.827413300   -0.624341900
 464   13.475770000    1.242410000   -0.620488800
 465   -0.950000000   -1.590150000    1.124266000
 466    6.027581000    0.307655700   -0.855811200
 467   10.089620000    0.738824200    0.026494930
 468   -0.950000000   -0.682766800    0.062627150
 469    5.385650000    0.054347510   -1.408589000
 470    8.568380000    0.470560400   -0.637699800
 471   -0.950000000   -0.481990900   -0.388249800
 472   -0.950000000   -0.604116000   -0.471617500
 473    0.582818700   -0.072488870   -0.518524700
 474    2.181388000    0.047244690    1.194347000
 475    0.580198700   -0.038666260    0.208425200
 476    0.105865000   -0.131027900   -0.785848800
 477   -0.950000000   -0.064794100    0.459818400
 478    1.517053000   -0.204284100   -1.742616000
 479    5.707606000    1.458837000    1.521270000
 480    0.126389500    0.206697100    0.711622100
 481   -0.950000000   -0.002594373   -1.300866000
 482   -0.950000000   -1.231996000   -1.233541000
 483    3.203212000    0.800312300    0.002156518
 484    1.915151000    1.002619000   -0.792909100
 485   10.331850000    1.104024000   -0.800928400
 486   -0.950000000   -0.592210700    0.918277100
 487   -0.950000000   -0.347430200   -0.739580500
 488   -0.950000000   -0.905708000    1.192072000
 489   -0.950000000   -0.165898100    1.275707000
 490   10.441270000    1.471613000   -0.041697240
 491   -0.950000000   -0.455018500   -1.198353000
 492    0.663806900    0.434243800   -1.597978000
 493   -0.950000000   -0.012564700   -0.536547400
 494   -0.950000000   -0.636103800   -0.350488200
 495   -0.064715890    0.807206200    0.007429508
 496   -0.950000000   -0.711130200    0.798766700
 497   13.739890000    1.773317000    1.883722000
 498    0.389175700   -0.202113100   -0.974847000
 499   12.725640000    0.775059200    0.683054700
 500   13.642400000    1.713897000   -1.197557000
 501   -0.950000000   -0.654720200   -1.150119000
 502    3.928392000    0.056010450   -0.632362300
 503   -0.950000000   -0.608451700    1.706633000
 504   10.642530000    1.047933000    1.248505000
 505   -0.950000000   -0.909804000   -0.677952200
 506   -0.950000000   -0.949974200   -0.045680960
 507   -0.950000000   -0.359265300    0.722818000
 508   -0.950000000   -0.728551400   -1.115612000
 509   12.705920000    1.075795000   -0.307320300
 510    2.970152000    0.077401880    0.230275700
 511   -0.950000000   -1.145566000   -0.128727400
 512   -0.950000000   -1.712187000    0.895886500
 513    8.913902000    0.742643000   -0.276659500
 514    3.455803000    0.070850630   -0.502452200
 515   11.299010000    1.122025000   -0.069590970
 516    4.437048000    0.301327000    0.789869900
 517   -0.950000000   -1.220022000   -0.174012900
 518    3.112435000    0.274690800    0.194014200
 519   11.061940000    1.216521000    0.483402600
 520    1.113151000    0.084720170    1.011879000
 521    5.459974000    0.662448200    0.999439700
 522   -0.950000000   -0.569518200   -0.873377700
 523   -0.950000000   -1.169748000    1.447624000
 524   -0.950000000   -0.147339900    0.008574725
 525   -0.950000000   -0.799704700    0.956470800
 526   10.869670000    0.765347400    1.469023000
 527   -0.950000000   -0.707478200   -0.200026600
 528    0.084814450   -0.313954200   -0.563556900
 529    7.127665000    0.429389000   -1.086771000
 530    3.651554000    0.267302600    0.407261900
 531    9.809680000    0.673016300   -0.641332200
 532   -0.950000000   -1.602884000   -0.580497900
 533   -0.581259400   -0.001850258    0.951428100
 534   11.437780000    0.713539400   -1.115264000
 535   13.388010000    1.441013000    0.856624400
 536    7.123675000    0.720400800    0.004724846
 537   20.312630000    1.756361000   -1.809597000
 538   -0.950000000   -0.334219500    0.755097600
 539    5.405125000    0.368100100   -1.561623000
 540    8.241993000    0.575302200   -0.960994500
 541   -0.950000000    0.087139970   -1.545548000
 542   -0.950000000   -0.232237700   -1.868065000
 543   -0.950000000   -0.326780300   -1.020284000
 544   -0.950000000   -1.237150000   -0.320508100
 545   -0.950000000   -0.444273100    0.761939700
 546   -0.950000000    0.013841370   -0.129180100
 547   -0.699426400    0.730587400    0.772717300
 548   -0.950000000   -0.374254900   -0.797397500
 549    2.230705000    0.914855600   -0.074938090
 550   -0.950000000    0.102558700   -0.437198000
 551   -0.950000000   -0.765227700   -0.791991500
 552   -0.950000000   -1.126143000   -1.136084000
 553   -0.950000000    0.218039500   -0.973271700
 554   -0.950000000    0.326698000   -0.978656700
 555   -0.950000000   -0.171517900    0.129879700
 556   14.176170000    1.936644000    0.422825700
 557   -0.950000000   -0.568270900   -0.362843000
 558    2.381705000    0.905348400    0.200659400
 559   -0.950000000   -0.834189500   -0.862416600
 560   -0.950000000   -0.831774300    0.386867600
 561   -0.950000000   -0.172351900   -0.266619000
 562   -0.950000000   -0.685517400   -0.174347500
 563   -0.950000000   -1.114676000   -0.284176600
 564   -0.950000000   -1.134793000   -1.058365000
 565   21.530540000    1.508408000   -1.301054000
 566   -0.950000000   -1.331843000    0.401725800
 567    7.556076000    0.807193800   -0.324177300
 568   -0.456388300    0.264700700    0.363606200
 569    8.973716000    1.612118000    0.687885900
 570   -0.950000000   -0.743701100   -0.787788700
 571   -0.950000000   -0.806289100    1.180552000
 572   13.738840000    0.997587000   -1.799090000
 573   -0.950000000   -1.497465000   -1.307169000
 574    9.430838000    0.544634700   -1.520833000
 575    3.102877000    0.583424900    1.151018000
 576   -0.950000000   -0.095484770    1.011943000
 577    4.907794000    0.473509600   -1.375327000
 578    8.685270000    0.451634800   -1.629411000
 579    5.077440000    0.808375000    1.078827000
 580   -0.950000000   -1.188100000   -0.116276300
 581    3.980520000    0.468689700   -0.063556290
 582    4.045757000    0.508444800   -0.035780810
 583    5.126510000    0.314682900   -1.146789000
 584    7.550582000    0.469076300   -1.462536000
 585    1.384839000    0.058895560   -0.824917700
 586   -0.950000000   -0.907144200    1.433997000
 587   19.524290000    1.208218000   -0.443570700
 588   32.789800000    1.786947000   -1.491669000
 589    8.182173000    0.643991400    1.012969000
 590   21.315430000    1.193637000    0.723643400
 591    8.815409000    0.337544300   -0.052056920
 592    8.749795000    0.216570500    0.340433900
 593   -0.899173600   -0.823059400   -0.409996200
 594   20.531870000    1.386788000    0.820232700
 595   27.050220000    1.602260000   -0.767427500
 596   -0.950000000   -0.761470700    1.310078000
 597   11.999750000    0.409810700   -0.016075610
 598   14.769910000    1.009688000    0.827118100
 599   19.806330000    1.428268000   -0.145543900
 600   -0.662544800   -0.585631300    0.177016200
 601   -0.950000000   -0.932075200   -1.785539000
 602   -0.950000000   -1.259233000   -1.081871000
 603   -0.950000000   -0.869251900   -1.272465000
 604    6.932961000    0.814902600    1.789880000
 605   -0.950000000   -1.279369000   -0.770407400
 606   -0.950000000   -1.601011000    0.622317100
 607   -0.950000000   -1.340648000   -1.646528000
 608   -0.950000000   -0.416385700    0.160718900
 609   -0.950000000   -0.876788900   -0.120166000
 610   -0.950000000   -1.607089000    0.318323000
 611   10.038980000    1.382147000    0.147063900
 612    0.256435400    0.585063500    0.262746500
 613   -0.950000000    0.385517700    0.634987700
 614   -0.950000000   -0.413518600    0.620669600
 615   -0.950000000    0.053543030   -0.820971600
 616   -0.950000000   -0.306524300   -0.315076400
 617   10.530130000    1.390285000    0.376964800
 618    2.739731000    0.295030400    0.392956500
 619   -0.950000000   -1.206276000   -1.884398000
 620   -0.950000000   -0.661102800    0.972158300
 621    3.553026000    0.283670100    0.514545000
 622    1.492113000    0.171799300    0.416175600
 623    0.158828900   -0.002396559    0.425680400
 624    2.506889000    0.052979370   -0.726603600
 625    9.103120000    0.452209700    0.197588800
 626    9.884011000    0.883434900   -0.424277400
 627    9.039373000    0.410902200   -1.682964000
 628   -0.950000000   -0.648117100   -1.109782000
 629   -0.950000000   -0.252573500    1.039520000
 630   15.650560000    0.893900200   -0.441466300
 631   -0.950000000   -1.301920000    0.637278200
 632   -0.950000000   -1.780344000    0.949591800
 633    5.315462000    1.165018000   -0.986355700
 634   -0.950000000   -1.693661000   -1.658762000
 635   -0.950000000   -0.719858100    0.077780010
 636   -0.950000000   -0.116689000   -0.978043300
 637   -0.950000000    0.251592000    1.841376000
 638   -0.950000000   -1.997162000    0.201314900
 639   -0.950000000   -0.193781200   -0.934928700
 640   -0.950000000   -0.990864800   -0.498076700
 641   -0.950000000   -1.046842000    1.001089000
 642   -0.950000000   -0.355263700   -1.555118000
 643   -0.950000000    0.614876500    1.383340000
 644   18.718760000    1.921349000    0.446129600
 645   -0.950000000   -0.076175560   -0.214917800
 646   -0.950000000   -0.041608440    1.567736000
 647   -0.950000000   -1.747759000    1.022445000
 648   -0.950000000   -1.392090000   -1.693099000
 649    5.072942000    0.225408800   -1.092415000
 650   12.005430000    1.361883000   -1.720546000
 651   -0.950000000   -0.108602200    1.764198000
 652   -0.950000000   -0.722695200    1.126933000
 653    2.090874000    0.074471850   -0.859995000
 654    8.529779000    1.012035000    0.202012900
 655    9.357114000    0.570144200   -1.597045000
 656    7.587783000    0.801085600   -1.208698000
 657   -0.950000000    0.151374500    0.262800100
 658   -0.950000000   -0.507242600   -0.970698500
 659    2.531289000    0.788528600    1.733707000
 660    6.527287000    0.852722700   -1.015595000
 661   11.157430000    1.011021000    1.398254000
 662    6.757642000    0.345447000   -0.928618500
 663   -0.950000000   -0.907735700   -0.511627300
 664   21.518420000    1.768158000   -0.730114100
 665    1.839482000    0.849716400    1.107317000
 666    4.155583000    0.413079300    0.779430400
 667   -0.950000000   -0.788595000   -1.326690000
 668   -0.950000000   -1.162582000   -1.502930000
 669   -0.950000000   -1.726327000    0.841333900
 670   -0.950000000   -0.171536800    1.381668000
 671   -0.950000000   -1.789551000    0.804490500
 672   11.740860000    1.208872000    0.240593200
 673   -0.950000000   -1.115399000    0.307872200
 674   -0.950000000   -0.449517700    0.925239400
 675    3.672706000    0.237127900   -0.169273800
 676   13.036450000    0.448108500   -1.493200000
 677    3.546303000    0.594593200    1.005020000
 678   -0.950000000   -0.747474400   -0.334497500
 679   -0.950000000   -1.871943000    0.431495900
 680   -0.950000000   -0.447867600    0.091961220
 681   -0.950000000   -0.569892500   -0.273776400
 682   10.097010000    0.792547200   -0.861047500
 683   24.209510000    1.859113000   -1.209885000
 684   -0.950000000   -0.923174400    0.423148800
 685   19.848860000    1.346316000   -0.082862250
 686   -0.692844800    0.415676700    1.840302000
 687    1.484521000   -0.217562000   -0.211832600
 688   11.719250000    1.179431000    1.328052000
 689    4.009083000    0.063305910   -1.316029000
 690   22.658120000    1.827087000    0.974796800
 691    2.570916000   -0.215980000   -1.362990000
 692   -0.950000000   -1.023020000    1.548022000
 693   -0.950000000   -0.119075000    1.307348000
 694    4.823695000    0.117004600    0.664143500
 695   -0.950000000   -1.416381000    0.780743600
 696   -0.950000000   -0.339467000    1.568044000
 697   -0.950000000   -0.900261600    0.624786300
 698   -0.950000000   -0.830640900    0.207134100
 699   11.294520000    0.674450200    0.900480500
 700    8.119165000    1.105944000    1.029195000
 701   -0.950000000   -0.660382400   -0.449410100
 702   -0.950000000   -1.092832000   -0.248825900
 703    5.833866000    0.153331900    0.120653700
 704   14.382360000    1.028767000   -0.785195700
 705    1.315298000    0.084418120    0.569976800
 706    7.192025000    0.964924500    0.249656700
 707   -0.950000000   -1.806411000    0.403746300
 708    2.319072000    0.419549500   -0.196343100
 709   -0.950000000   -1.350364000   -0.603965900
 710    1.749721000    0.364728200   -0.188548100
 711   -0.950000000   -1.712239000    0.682063100
 712   -0.950000000   -0.575336500   -0.398413000
 713   11.013490000    1.548265000    0.382333300
 714   -0.950000000   -0.209478700   -0.611980300
 715   -0.950000000    0.016768450   -0.251998900
 716   -0.950000000   -0.669044200    0.760825600
 717    4.921047000    0.561888300   -0.780589000
 718   -0.950000000   -0.208428500   -0.721276200
 719   -0.950000000   -0.975245900   -0.890779300
 720   -0.950000000   -0.692193300   -0.472738600
 721   14.016260000    1.892057000   -0.296077900
 722    7.720594000    1.109391000   -0.363255200
 723   -0.950000000   -1.221469000    0.692460000
 724    9.746721000    0.613766600   -1.527422000
 725   -0.950000000   -0.957989500   -0.908827500
 726    9.410224000    1.197268000    0.596732700
 727   -0.950000000   -1.057215000    0.755134100
 728   -0.248012700    0.090007510    0.180461400
 729    4.481945000    0.583464400    0.410524400
 730    0.263245900    0.122514400   -0.209918000
 731    6.647658000    1.140440000    0.947531400
 732   -0.612402800   -0.048765710   -0.102609200
 733   -0.950000000   -1.509196000   -0.989483900
 734   -0.950000000   -0.956027400   -0.349037000
 735    9.326714000    0.770288100   -0.827054900
 736   -0.950000000   -0.170299300    0.169027600
 737   -0.950000000   -0.444585400    0.184084300
 738   -0.950000000   -0.789892400   -0.608212800
 739   13.436900000    1.388867000    0.012594700
 740    0.806095200    0.206834000    0.252507200
 741   -0.950000000   -0.775471700    0.725238600
 742   -0.950000000   -0.530275300    0.936031000
 743    8.951651000    0.861644200   -0.463514100
 744    3.169095000    0.677948600    0.809291500
 745    1.676508000   -0.077965260    0.620534600
 746   13.864030000    1.380454000   -0.577558600
 747    0.213937700   -0.121559400   -0.397398900
 748   -0.950000000   -0.938852600   -1.311099000
 749   -0.950000000   -0.313372500    1.285550000
 750   -0.950000000   -1.351272000   -0.580764800
 751   -0.950000000   -0.555164700    0.151493300
 752   -0.950000000   -0.547333700    0.021772110
 753   -0.950000000   -0.878627900   -1.128710000
 754   12.866510000    1.109257000    1.091052000
 755   19.054760000    1.484109000   -1.732202000
 756   -0.950000000   -0.143537800    0.711945700
 757   -0.950000000   -0.181032700    0.605737700
 758    6.854119000    1.041646000   -0.530345100
 759   -0.950000000   -0.839525500    0.126520300
 760   12.662220000    1.002857000   -0.233608300
 761    4.847606000    0.546880200    0.397037500
 762   -0.950000000   -0.753841400    0.136863000
 763   -0.950000000    0.062266190    0.972051400
 764   19.614460000    1.620024000   -0.772718700
 765   -0.950000000   -0.706897000    1.284482000
 766   -0.950000000   -1.475158000   -1.491522000
 767    6.452738000    0.514317300   -0.772186400
 768   -0.476513800    0.057557380    0.536921600
 769   -0.950000000   -0.378110900    1.654205000
 770    8.346765000    1.031744000   -0.099767490
 771    5.839472000    0.641433900    1.230698000
 772    8.871854000    1.103823000   -1.034018000
 773   11.986360000    1.105744000    0.292029100
 774   -0.950000000   -1.703190000    0.098196480
 775   -0.950000000   -0.520619500    0.271200200
 776    7.519733000    0.284088800   -1.239981000
 777   -0.950000000   -0.155213700    0.373830500
 778   -0.950000000   -0.823956700   -0.390060600
 779   -0.950000000   -0.452851200    0.042195530
 780   12.560780000    1.130294000   -0.088339030
 781   -0.950000000   -0.260829200    1.582807000
 782    4.042192000    0.108109400   -1.992746000
 783    0.208148600   -0.221434900   -1.594108000
 784   -0.950000000   -0.385501100    0.051067200
 785   -0.950000000   -0.167173700    1.016139000
 786   -0.950000000   -1.677642000   -0.343455600
 787   -0.950000000   -0.106039200    1.181211000
 788    8.798420000    1.167874000    0.031483410
 789    0.363562600    0.014861180    1.654651000
 790   14.038230000    1.057597000   -0.755077500
 791    2.810814000    0.334367800    0.459954000
 792   -0.950000000   -0.662366200   -0.752267900
 793    1.424096000    0.031084330   -0.107487000
 794    8.997833000    0.549768100    0.279522500
 795    6.668399000    0.454620200    0.553575600
 796   -0.950000000   -0.342796800   -0.094890290
 797    6.977596000    0.477183200   -0.354767400
 798   16.950850000    1.164941000   -1.362015000
 799    0.432302700   -0.222332600   -0.201886700
 800   -0.950000000   -0.605129200    0.144331200
 801   11.874530000    0.978007600   -0.929864600
 802   -0.950000000   -0.800933100    0.078729910
 803   -0.950000000    0.173994200    1.118206000
 804   11.255140000    0.857532200    0.213399700
 805   11.655800000    1.052532000    0.451671800
 806   13.582160000    0.787511100   -0.580409500
 807   -0.950000000   -0.483185900    0.005431035
 808    9.960206000    1.075268000    0.304917400
 809   -0.950000000   -0.653147500    0.991390800
 810    2.051446000   -0.002768132    0.735792400
 811   22.146740000    1.935090000   -0.336266500
 812    3.027720000    0.015668050    1.871420000
 813   -0.950000000   -1.680818000    0.705816900
 814    6.314420000    0.490954700    0.578150400
 815    8.215729000    0.427448300   -0.928571900
 816   -0.950000000   -0.869749100   -0.565189200
 817    8.528487000    0.375726300   -1.660124000
 818   10.621930000    1.370646000    1.461798000
 819    5.405497000    0.304054600   -0.047635140
 820   -0.950000000   -0.763852600    0.613637000
 821   -0.950000000   -1.186548000    1.328937000
 822   -0.950000000   -0.872788700   -0.353679500
 823   10.912940000    0.534521500    1.008421000
 824    9.260900000    0.810779600    0.908757400
 825    7.357315000    0.454611500    0.412141700
 826    6.675950000    0.916030800    1.414385000
 827    0.419296400    0.043421340   -1.125423000
 828   -0.950000000   -1.264120000   -1.215468000
 829    7.228922000    0.977889700   -0.192288400
 830   -0.950000000   -1.122502000    0.256381300
 831    1.433879000    0.345453700    1.672613000
 832    3.431181000    0.442200100   -1.451602000
 833   -0.950000000   -1.319095000   -0.355099600
 834   -0.950000000   -1.911359000    1.449252000
 835   -0.950000000   -0.715670300   -1.360699000
 836   -0.950000000   -0.395851600    1.264970000
 837   11.930810000    1.176839000   -0.870862600
 838   20.194860000    1.737095000    1.759471000
 839    0.075253440   -0.014141010   -1.027051000
 840   -0.950000000   -0.846182300   -1.192676000
 841   -0.950000000   -0.115516900    0.829215700
 842   -0.950000000   -1.753737000   -1.497890000
 843   -0.950000000   -1.850214000    0.016284320
 844    3.875733000    0.667238800   -0.516405900
 845   -0.950000000   -0.444092300   -0.563298800
 846   -0.950000000   -0.603291700   -0.425420100
 847    8.943175000    0.894533200   -0.383526400
 848   -0.950000000   -0.214903000   -0.383511500
 849   -0.950000000   -1.217355000   -0.305552500
 850   -0.950000000   -0.001942218    0.285502700
 851    0.568321400    0.645355100    0.571428600
 852    7.209893000    0.996121600    1.627444000
 853    6.413356000    0.716011900   -0.000624825
 854   -0.950000000   -1.965036000   -0.755052600
 855   -0.950000000   -0.165936800    1.608095000
 856   -0.950000000   -1.200528000    0.296397400
 857   -0.950000000    0.116567000    0.183010500
 858   -0.950000000   -1.493364000   -0.354648700
 859   -0.950000000   -1.790331000   -0.618182100
 860   -0.950000000   -0.020613990    0.521082400
 861   -0.950000000   -1.316780000   -1.402363000
 862   -0.950000000   -0.857866400    1.894441000
 863   -0.950000000   -0.813458100   -0.309839900
 864   -0.950000000   -0.898005400   -0.869404900
 865   -0.950000000   -0.654997400   -0.439569700
 866   -0.950000000   -0.208327400   -0.214315800
 867    5.083084000    0.712012100   -1.669034000
 868   -0.950000000   -0.763283100    0.896965000
 869   -0.950000000   -1.596493000    1.829060000
 870   -0.950000000    0.073113940    0.320427800
 871   -0.950000000   -0.379733300   -0.333429000
 872    0.923774600    0.510523500    0.621657800
 873   -0.950000000   -0.785359400    0.181807300
 874   -0.950000000   -0.397632300    0.195923100
 875   -0.950000000   -0.309920900    1.163409000
 876   -0.950000000   -1.981258000    0.034934890
 877   -0.950000000    0.204423900    1.186128000
 878   -0.950000000   -1.401268000   -0.085391970
 879   -0.950000000   -0.454551000    0.614676300
 880    0.303820800    1.192808000    0.696781900
 881   -0.950000000   -0.598796800    0.567304800
 882    4.578536000    0.911767600   -0.641737700
 883   -0.950000000   -1.416592000   -0.971042600
 884   -0.950000000   -0.207991800   -1.234047000
 885   -0.950000000   -0.782067100   -1.112936000
 886    8.436905000    0.560038900    0.033538110
 887   -0.950000000   -0.003849866    0.975754100
 888   14.883120000    1.899640000    1.681127000
 889   -0.950000000   -0.860147600    1.555054000
 890    2.819940000   -0.051658170    0.255953500
 891   14.418620000    1.635759000   -1.482332000
 892    5.189191000    0.236834200   -0.500980700
 893   20.538280000    1.583385000   -1.151933000
 894    3.900003000   -0.108116600   -0.487412000
 895   18.278450000    1.447244000    0.978111400
 896   -0.950000000   -1.134196000   -0.178203500
 897    2.597469000    0.056525780   -0.143208100
 898    0.122236200   -0.510963000   -1.254222000
 899    6.275330000    0.505998600    0.878017900
 900    1.779809000    0.039775020    0.242996300
 901    6.989422000    0.938774400    1.775822000
 902    4.199606000    0.036435480   -1.320560000
 903   -0.950000000   -0.856465100   -0.081075910
 904   -0.950000000   -0.788710500    0.216114300
 905   -0.950000000   -1.500683000   -1.284991000
 906   -0.950000000   -1.229927000    0.748701200
 907    6.667357000    0.481738400   -0.713396300
 908   11.057190000    0.868363300   -1.804572000
 909   17.669860000    1.643025000    1.653495000
 910    5.829492000    0.096225060   -1.406470000
 911   -0.950000000   -1.730548000    0.230373700
 912    2.892500000    0.411410800    1.339015000
 913    0.679737400    0.046589740    0.051205520
 914   13.747380000    1.346681000    1.174653000
 915    3.492000000    0.140313500   -0.616774700
 916    4.851314000    0.354173200   -0.672703300
 917   -0.950000000   -1.904051000    1.358013000
 918   -0.950000000    0.028772130    0.404334900
 919    3.051505000    0.316858200    0.220171900
 920    5.952784000    0.738518900    0.991055300
 921   -0.950000000   -0.781860200    0.416879100
 922   -0.609653300    0.318330200    0.546532800
 923   13.714630000    1.480375000   -1.376853000
 924   -0.950000000   -0.277155500    0.118938900
 925    0.105699900   -0.002611462   -1.033915000
 926    6.724928000    0.801071500   -1.682517000
 927   -0.356349300    0.148693400    0.178655100
 928   -0.950000000   -1.332480000   -0.880679400
 929   -0.950000000   -0.860472400   -0.428572400
 930   -0.950000000   -0.811244200   -0.643426700
 931   -0.950000000   -0.749028000    0.879182100
 932   -0.950000000   -1.472892000    0.048137810
 933   -0.950000000   -1.778051000    0.610467600
 934   -0.950000000   -0.208094900    0.147205800
 935   -0.950000000   -1.141216000   -0.899616100
 936   16.577350000    1.953631000   -0.138740200
 937   13.835440000    1.337097000   -0.056316620
 938   -0.950000000   -0.432133400   -1.279717000
 939   -0.950000000    0.156007700   -0.129313000
 940   -0.950000000   -0.890294000    0.827333600
 941   14.820730000    1.728587000   -0.881212900
 942   -0.950000000   -0.599338100    0.423018100
 943   -0.950000000   -0.857305600    0.646097000
 944   -0.950000000   -0.266165300   -1.154444000
 945   -0.494073500    0.061001880   -0.862932100
 946   19.599270000    1.587356000    0.151825900
 947    9.217798000    0.152570900    0.153733500
 948   -0.950000000   -0.684307200    0.328330200
 949   12.309140000    0.960334700    0.471896800
 950    4.390355000    0.206220200    1.452043000
 951   14.919740000    0.975685700    0.384804500
 952    9.432353000    0.508993300    1.336970000
 953    5.484996000   -0.056352410   -1.353314000
 954    7.695358000    0.567280300    0.921599000
 955    4.769692000   -0.205450000   -0.851655900
 956    4.744129000    0.136691700    0.058053100
 957   16.866120000    1.853421000    0.874830100
 958   -0.950000000   -1.584177000   -1.187195000
 959   23.814810000    1.362101000    1.007372000
 960   -0.950000000   -0.814696100   -0.555642100
 961   -0.950000000   -0.626858800    1.385310000
 962    2.736372000    0.347648300   -0.551112600
 963   -0.950000000   -0.643197300    0.707641300
 964    0.238194600    0.138372100   -0.604330300
 965   -0.950000000   -0.463611200   -0.738919700
 966   -0.950000000   -0.699523400    0.297718500
 967   -0.950000000   -0.983980100   -1.164521000
 968   -0.950000000   -1.891006000    0.811480400
 969   -0.950000000   -0.485194900   -0.830363900
 970    1.428672000    0.269766700    0.749517800
 971   -0.950000000   -0.714182000   -0.354018500
 972    7.203287000    0.647359300   -0.429646200
 973    9.646172000    1.000889000    0.221507700
 974   -0.950000000   -1.157687000    0.149240100
 975    5.215550000    0.664420400   -0.537442000
 976    4.246103000    0.368994900   -0.254076400
 977   24.633790000    1.953605000   -0.954649900
 978    3.878626000    0.304536100    0.889492800
 979   -0.386263600   -0.103307400   -0.578306200
 980   -0.950000000   -1.130393000   -1.780205000
 981    6.415925000    0.821389600    0.510100600
 982   -0.950000000   -0.738536300    1.234343000
 983   -0.950000000   -1.299601000   -1.137972000
 984   10.316770000    1.001582000   -0.789450700
 985   16.994010000    1.275781000   -0.716650500
 986   -0.950000000   -1.069686000    1.194833000
 987   -0.950000000   -1.067123000    1.461069000
 988    4.381286000    0.558566500    0.267158300
 989    4.702058000    0.470519000    1.011097000
 990   -0.950000000   -1.652298000   -0.011533950
 991    2.740466000   -0.101933800   -0.703849400
 992    3.219490000    0.042858220   -0.173416400
 993   10.825110000    1.033384000    0.560274900
 994   16.211790000    1.232148000   -0.615393600
 995   11.768340000    0.718684400   -0.890317000
 996   -0.950000000   -0.744445700   -0.170737600
 997    6.907264000    0.350938800    0.157155200
 998   14.021400000    0.540506800   -1.709981000
 999   -0.950000000   -0.410902500    1.799216000
1000   -0.950000000   -1.703542000   -0.102484100
1001    8.880422000    0.350907700    0.897428400
1002    4.376417000    0.084994190    0.697669700
1003   -0.950000000   -0.504250400    0.828151300
1004   18.516090000    1.762867000    0.727155100
1005   14.023610000    1.066117000    0.244058600
1006   -0.950000000   -0.815367500   -0.826265000
1007   -0.950000000   -0.564816600    0.012712260
1008    4.217593000    0.616491400    0.097338700
1009   -0.950000000   -0.507917700   -0.371478800
1010   -0.950000000   -0.384703800   -0.001962418
1011   -0.950000000   -0.329179200    0.741667800
1012    3.130825000    0.073306910   -1.346250000
1013   -0.950000000   -0.546403300    0.276358800
1014   12.274310000    1.328700000    0.905204900
1015   -0.950000000    0.545118800    1.581161000
1016    8.003977000    0.401477200   -1.627031000
1017   -0.950000000   -0.422870700   -1.117790000
1018    7.850952000    0.858342200    0.227425400
1019    5.384505000    0.831594400   -0.246349200
1020   15.976480000    1.571291000    0.613293400
1021   19.286800000    1.845597000   -0.649133800
1022   13.615940000    1.165209000    0.200177900
1023   -0.950000000   -0.276267700    0.520715800
1024   -0.950000000   -1.046102000   -0.115015300
1025    4.502187000    0.112497800   -0.513308000
1026   -0.950000000   -1.287153000   -0.269489900
1027    2.669052000    0.477246100    0.753739000
1028   -0.950000000   -0.321045500    0.859900800
1029   -0.950000000   -0.164322300    1.697399000
1030    8.081041000    1.101084000    0.363529600
1031   -0.950000000   -0.913456600   -1.302211000
1032   -0.950000000   -1.236160000    0.614004600
1033    0.681098600   -0.249673700   -1.164927000
1034    9.063595000    1.073734000    0.257352100
1035   -0.950000000   -0.558500700   -1.470139000
1036   -0.950000000   -0.257819800   -1.969472000
1037   -0.950000000   -0.488360700   -1.304064000
1038   -0.950000000   -0.164169200    1.215374000
1039   -0.950000000   -0.646194400   -0.744064700
1040   -0.950000000   -0.695207200   -0.496739300
1041    2.159660000    0.614870100    0.166543700
1042   -0.950000000   -1.101582000   -1.502044000
1043   -0.950000000   -1.319887000   -1.986273000
1044   -0.950000000   -0.379575900   -0.011098740
1045   18.517480000    1.816300000    0.979694500
1046   11.607430000    1.777360000    0.563233500
1047   -0.950000000   -0.789369900    0.117847400
1048    0.242938500    0.178404500    0.009771887
1049   -0.950000000   -1.232032000    0.408397000
1050    0.209684700    0.170721200    0.097185030
1051   -0.705136600    0.266600400    0.057522290
1052   13.088590000    1.715343000   -0.043503210
1053   -0.950000000    0.063028480   -1.522794000
1054   -0.950000000   -0.403673000   -0.982997900
1055   -0.866915700   -0.004323774   -0.615116600
1056   -0.950000000    0.148355700    0.598865400
1057   -0.950000000   -0.356432800   -1.894330000
1058    5.907512000    0.543045600   -0.736160600
1059   -0.950000000   -0.834045000   -0.689615300
1060   -0.950000000   -0.034887520   -0.517019000
1061    7.269934000    0.795488600   -0.017055010
1062    1.941615000    0.666965400    0.177690300
1063   11.869210000    1.090350000    0.392617100
1064   -0.950000000   -0.671291000    1.308449000
1065   -0.950000000   -1.254868000    0.255311700
1066   -0.950000000   -0.669868400    1.467466000
1067    1.268795000    0.093378810    0.278717300
1068    0.742945500   -0.037421700    0.691035500
1069    9.346248000    0.785001600    0.703114000
1070    3.175100000    0.015127690   -0.764348000
1071   -0.950000000   -1.130893000   -0.553339100
1072    4.041676000   -0.033964250   -0.982960500
1073    6.987517000    0.629399700    0.034812160
1074   -0.950000000   -1.015029000    1.466708000
1075    4.790235000    0.451175100    1.055171000
1076    4.254133000    0.072555370   -0.331268100
1077   17.395280000    1.127581000   -0.987394900
1078   -0.950000000   -1.482171000   -0.769934900
1079    9.319534000    0.781344000   -1.198616000
1080    5.604441000    0.879841800    1.308824000
1081    1.321795000   -0.042938710    0.891480400
1082   -0.950000000   -0.816294800    1.738534000
1083   -0.950000000   -1.355508000   -1.466339000
1084    5.887486000    0.412280800   -1.296908000
1085    0.909358200    0.305147400    0.453161200
1086   -0.950000000   -0.406559700    0.087822370
1087   -0.950000000   -0.215402600    0.161210000
1088   -0.950000000   -0.287681200   -0.291865000
1089    4.986126000    0.492913300   -0.255484500
1090   -0.950000000   -0.556163600   -0.020943420
1091    5.922218000    0.507719700    0.281831400
1092   -0.950000000   -0.121610700    0.762457300
1093    1.599337000    0.052946750   -0.727374500
1094   -0.950000000   -0.382458600   -0.787379600
1095   -0.950000000   -0.591869500    0.013580660
1096   -0.950000000   -0.611037600   -0.166810600
1097   -0.950000000    0.677929000    0.515723400
1098   -0.950000000   -0.082383870   -1.035961000
1099   -0.950000000   -0.083186070    0.453203400
1100   -0.950000000   -0.031006050    0.196844400
1101   -0.950000000   -0.812035800   -0.908040800
1102   -0.950000000   -0.235233000    1.126769000
1103   -0.950000000   -1.198126000   -0.042272920
1104   -0.950000000   -1.355241000   -0.561664500
1105   -0.950000000    0.312124800    0.260941900
1106   -0.950000000   -1.699318000   -0.813663400
1107   -0.950000000   -1.759010000    0.439258900
1108   -0.950000000   -0.944795800   -0.422338400
1109    3.266728000    0.931164500   -1.191645000
1110   -0.950000000   -1.276818000   -0.319254200
1111    7.378345000    0.715599100    0.333008100
1112   -0.950000000   -0.262429800   -0.256939700
1113   -0.950000000   -1.819094000    0.406112800
1114   -0.950000000   -0.145052300    1.082066000
1115   24.482650000    1.718799000   -1.254218000
1116   11.406280000    0.869132100   -0.316946800
1117    1.252326000    0.107225200    1.388578000
1118   24.851400000    1.936057000   -0.716474100
1119   -0.950000000   -1.003767000   -0.744350800
1120    5.688494000    0.322445800   -1.019551000
1121    1.966152000    0.166752400    0.574377700
1122    9.088907000    0.741905900   -0.322327500
1123   -0.942548700   -0.148139100    0.451976000
1124   15.000000000    1.173244000   -0.237817600
1125   -0.950000000   -0.906300200   -0.923936500
1126   -0.172483600   -0.033995830    0.779116900
1127   -0.950000000   -0.432009900    0.968508900
1128   -0.950000000   -0.651839000   -1.118244000
1129    7.122476000    1.207519000    0.716857500
1130   -0.950000000   -1.843521000    0.664643800
1131   -0.950000000   -0.390919600    0.837541500
1132   -0.950000000   -1.625268000    1.443506000
1133    8.106124000    1.391575000    0.012484760
1134    3.686334000    0.244184800   -0.230245500
1135   10.650020000    1.521635000   -0.347082800
1136   -0.950000000   -0.096994640   -0.532007800
1137    1.817028000    0.562394400    0.619608500
1138   -0.950000000   -0.649868300    0.052569580
1139   -0.950000000   -0.796497400   -1.182662000
1140   -0.950000000   -1.045045000   -1.239752000
1141   -0.950000000   -0.682457100   -0.389422100
1142    0.038293580   -0.285023600    0.537511000
1143   18.956460000    1.549339000    0.714113900
1144   17.812470000    0.918421700    1.499186000
1145   -0.950000000   -0.848380500    0.518625700
1146    4.895968000   -0.018216410   -0.422602700
1147    8.851832000    0.380375300   -0.238654900
1148   16.120440000    1.167644000   -0.555591300
1149   -0.037663100   -0.116683300    0.902430600
1150   20.910060000    1.867395000    0.416234400
1151   -0.950000000   -0.650949500    0.228775800
1152   27.042910000    1.811743000    0.951600900
1153   -0.908237000   -0.219964600    1.059488000
1154   -0.950000000   -0.734899500   -0.466450800
1155    5.156134000   -0.061751980   -0.933631600
1156   -0.950000000   -0.747169000    1.183879000
1157   -0.950000000   -1.010519000   -0.667097400
1158    5.292443000    0.610992300   -0.027646990
1159   -0.950000000   -0.253432800    0.024320650
1160   -0.950000000   -0.410518600   -0.221336600
1161   -0.950000000   -0.611028300   -0.919925100
1162   14.573520000    1.380913000   -0.729078500
1163    0.655016600   -0.230904800   -1.536969000
1164    2.568955000    0.883483500    1.213296000
1165   -0.950000000   -0.764950900    0.620751100
1166   -0.950000000   -1.875916000   -0.352930600
1167    4.349299000    0.378704300   -0.639397300
1168    2.413249000    0.181105100    1.336948000
1169   -0.950000000   -0.486451100    0.932819600
1170    9.362813000    0.919033200    0.839618000
1171    2.124116000   -0.593490500   -1.695537000
1172    0.122962700   -0.595673700   -0.845166400
1173   13.859000000    0.826564500   -0.284500200
1174    7.646265000    0.647974900    0.727422700
1175   -0.950000000   -1.345027000    0.388088600
1176   13.432600000    0.866102100    0.380368500
1177   15.770470000    1.160810000    0.438584400
1178   -0.950000000   -0.831469700   -1.502283000
1179   15.432530000    1.711858000   -0.180755500
1180    9.077280000    0.538481600    0.610977400
1181   -0.950000000   -0.250703500    1.045885000
1182   -0.950000000   -0.308789800    1.074147000
1183   14.862610000    0.929553900   -1.254243000
1184   18.402810000    1.469275000    0.146277400
1185    9.228762000    0.218893500   -1.227111000
1186    0.151965100    0.434168400    0.946944100
1187   -0.145175400   -0.216455600    0.375303600
1188   -0.790587900    0.177867500    1.331639000
1189    9.692359000    1.030909000   -0.115455100
1190   -0.950000000   -0.517189900    0.223933100
1191   -0.950000000   -1.079337000    0.262699700
1192   -0.950000000   -0.834607700    0.451132200
1193    2.641262000    0.089149620   -1.213599000
1194    7.637671000    1.413128000    0.953535800
1195   -0.950000000   -0.041743920    0.749752900
1196   -0.950000000   -1.545211000   -0.632614600
1197   -0.950000000   -0.937099000    0.864013500
1198   -0.950000000   -1.706007000   -0.217808500
1199    4.617577000    0.158313700   -0.580063100
1200   13.732620000    1.305470000   -1.175435000
1201   10.777010000    1.302264000    0.194852200
1202   -0.950000000   -0.911749200   -0.619862300
1203   -0.950000000   -1.463661000    1.052708000
1204   -0.950000000   -1.496026000    0.244896100
1205   -0.950000000   -0.965490600   -0.442205200
1206   -0.950000000   -0.701589000   -0.346447900
1207   -0.950000000   -0.804023200   -0.941796600
1208    0.350749400    0.318388500    0.075648030
1209    7.738216000    1.076203000    0.374952400
1210   -0.950000000   -0.660746900   -1.822297000
1211   -0.950000000   -0.537817500   -0.925996900
1212   10.944500000    1.113975000   -1.172220000
1213    7.388282000    0.659990900    0.125141400
1214   -0.950000000   -0.101020000    0.464041000
1215    4.885939000    1.054344000   -0.098340110
1216    4.975966000    0.344602800   -0.001407187
1217   11.629650000    0.723254400   -0.087374090
1218    9.950083000    0.880702100   -0.221058800
1219   -0.011439190   -0.065463910    0.827688100
1220    3.887323000   -0.200661500   -1.656993000
1221    7.045420000    0.607260100   -0.337990200
1222   12.913260000    1.052555000    1.941448000
1223   11.577350000    0.809537500   -0.531803600
1224    0.276164100   -0.141280300    0.465670400
1225   -0.950000000   -1.467105000   -0.057144840
1226   -0.950000000    0.152348500    1.379595000
1227   11.625230000    0.704937100   -0.282278600
1228   17.063040000    1.182040000   -0.343086700
1229    5.984231000    0.244704600   -0.389550200
1230    9.504120000    0.617417000    0.419270600
1231   -0.618587600    0.139017400    1.676857000
1232   10.094590000    0.681245900   -0.558472700
1233   15.457620000    0.997543500   -1.812224000
1234    8.055119000    0.497212400   -0.212932000
1235   15.717760000    1.423895000    0.910630400
1236   -0.950000000   -0.663734400    0.877145900
1237    2.769384000   -0.378858000   -1.226769000
1238    6.966495000    0.423181300   -0.188544500
1239   -0.728412100   -0.582713100   -1.761741000
1240    2.065679000   -0.122410400   -0.196893200
1241    6.173534000    0.391078200   -0.290334200
1242   15.186560000    1.154699000    0.759779300
1243    1.156597000    0.359982500    1.434039000
1244    3.641882000    0.069605400    0.020519750
1245   -0.950000000   -1.465754000    0.359008000
1246   -0.727687300    0.436763400    0.822234400
1247    0.432918500    0.446609300   -0.101240900
1248   -0.950000000   -1.113350000   -0.584393400
1249   -0.950000000   -0.056251520   -1.224403000
1250    1.115925000    0.722068100    0.754660700
1251   -0.950000000   -1.423880000   -0.174492700
1252   -0.950000000   -0.673328600   -0.911010500
1253   -0.950000000   -1.369630000   -0.499205200
1254   -0.950000000   -0.783053600   -0.007848407
1255   -0.950000000   -1.107866000    0.065622470
1256   -0.950000000   -0.168331100   -1.769711000
1257   -0.950000000   -0.354111500    1.152377000
1258    4.428029000    0.857678200   -0.766851700
1259    3.725423000    0.485250200   -0.843947000
1260   -0.950000000   -0.374661600   -1.834048000
1261   15.819360000    1.705880000    0.001711250
1262   -0.950000000   -0.065083030    1.384630000
1263   -0.950000000   -0.314357600    1.751383000
1264   -0.950000000   -1.104896000   -0.223639400
1265   -0.950000000   -1.081044000   -0.893613500
1266    8.131593000    0.431518500    0.630639800
1267   -0.950000000   -0.494791900    1.093064000
1268    0.432971100   -0.039054690    0.147755800
1269    4.321930000    0.118868600   -0.879669200
1270   20.495070000    1.925841000   -0.756086600
1271    3.228596000    0.251101100   -0.160680300
1272   -0.950000000   -0.041410930    0.747038800
1273   13.565260000    0.927432600    0.075332440
1274    2.235719000    0.108536300   -0.791492300
1275   -0.950000000   -0.581966400    0.500773400
1276   -0.950000000   -0.564538000    0.305934300
1277   -0.950000000   -0.843182200    0.827361600
1278    5.776686000    0.360002400    0.836805900
1279   10.174180000    0.813967800   -0.243021800
1280   -0.950000000   -0.828192700   -0.732972300
1281   -0.938863200   -0.460484700    0.927641800
1282    0.309067600    0.163437600    0.628983600
1283    6.999110000    0.414678000    0.202806400
1284    0.010613310    0.002146528    0.536457700
1285    1.888034000   -0.017036490   -0.470258200
1286   10.894220000    0.505298100    1.543606000
1287   12.459220000    0.842454500   -0.494626200
1288   20.352240000    1.360105000   -0.818962200
1289   -0.950000000   -1.048775000    0.006871021
1290   -0.950000000   -1.967205000   -0.538332500
1291    0.655832000    0.212149600    0.344945200
1292   -0.950000000   -1.666164000   -1.389245000
1293    6.586499000    0.905089900   -0.565519100
1294   15.289180000    1.553033000    0.273241100
1295   -0.950000000   -1.286605000   -0.117139300
1296   -0.950000000   -0.257821000    1.579959000
1297    3.483803000    0.406764200    0.153019000
1298   -0.950000000   -0.706408000    0.503680400
1299   -0.950000000   -0.369580900    0.581913600
1300    3.411638000    0.215218100   -1.405049000
1301   12.356140000    1.721915000   -0.269287300
1302   -0.950000000   -0.995943800    0.873615900
1303    3.342846000    0.426305900   -0.397840100
1304   -0.950000000   -0.348848600    0.298422500
1305   -0.950000000   -0.926774200    0.126024700
1306   13.313490000    1.326517000   -0.833229900
1307    0.767682300    0.218489500    0.824411700
1308   -0.950000000   -0.966277600    0.513185000
1309   -0.950000000   -1.655957000    0.592871200
1310    0.355403000    0.419325700    1.636498000
1311    1.702844000    0.039326080    0.065065880
1312   -0.950000000   -1.189432000   -0.696931600
1313    2.216470000    0.142491100    0.715139800
1314    4.971260000    0.405937700    0.203312100
1315    9.081054000    1.373302000    0.367397500
1316   -0.950000000   -0.364900800    0.477275500
1317   -0.950000000   -0.698124400   -0.823236200
1318   -0.950000000   -0.523208800   -0.494990200
1319   -0.950000000   -0.447484900    1.385526000
1320    3.180472000    0.040136180    0.243684800
1321   -0.950000000   -0.163565400    1.162638000
1322    0.394187100    0.733377900    0.385117400
1323    3.749491000    0.406048300   -1.678391000
1324   -0.950000000   -0.748964700    0.771152600
1325   -0.950000000   -0.813011500   -0.469352100
1326   -0.950000000   -0.518358900   -0.498477800
1327   -0.950000000   -1.511398000   -1.219505000
1328    6.762679000    0.932478900   -0.672399300
1329   -0.950000000    0.152427300   -0.325973300
1330   -0.950000000    0.013560730   -0.271993200
1331   -0.950000000   -1.422356000    0.382418200
1332   -0.950000000    0.529791200    0.275133400
1333   -0.950000000   -0.316017500   -1.244140000
1334   -0.950000000   -0.729048600   -0.291502200
1335   -0.950000000   -1.294048000   -0.825331500
1336   -0.950000000   -0.622504900   -1.104574000
1337   -0.950000000   -1.625550000    0.738587500
1338   -0.950000000   -1.362411000    1.190422000
1339   -0.950000000    0.182525800    0.258190700
1340   -0.950000000   -0.813566400    0.744135400
1341    3.562814000    0.501277500   -0.511583100
1342   -0.950000000   -0.273978000   -0.110464100
1343   -0.950000000   -0.269148700    0.245468900
1344    1.528828000    0.577405300    0.413242300
1345   -0.950000000   -0.731765700   -0.065532180
1346   -0.950000000   -0.543037600    0.039585120
1347   -0.184996600    0.361346300    0.155035000
1348   -0.950000000   -0.029002560   -1.482403000
1349   -0.950000000   -1.042294000    0.683964500
1350    7.299123000    0.891085100   -0.006540767
1351   -0.950000000   -0.074887940    0.547075400
1352   -0.950000000   -0.555315000   -0.019405200
1353    6.185052000    0.716056100   -0.495032700
1354   -0.950000000   -1.892615000   -0.765536600
1355   18.143060000    1.531113000    0.323500700
1356   -0.950000000   -1.172456000   -0.211006100
1357   11.951250000    1.403644000    0.536232000
1358    2.620150000    0.380984500    0.272479700
1359   -0.666006600   -0.204208100   -0.372331400
1360    7.628009000    0.736823100    1.748993000
1361   -0.950000000   -0.719214500    0.327402600
1362   -0.950000000   -1.408111000   -1.039871000
1363    2.508149000    0.496036000    0.566862200
1364    9.839186000    0.498151100   -1.932644000
1365    7.637261000    0.660264200   -1.300730000
1366   -0.950000000   -1.209400000    0.138258500
1367   -0.950000000   -1.360175000    0.123460400
1368   -0.950000000   -1.708319000   -0.100457300
1369   15.624790000    1.976884000   -0.159230700
1370    4.390296000   -0.014470960   -1.061609000
1371   -0.950000000   -0.702586200    0.227923800
1372    0.218828700   -0.059557950   -0.219617100
1373    5.527056000    0.988790400    0.684882100
1374    7.394522000    0.193325000   -1.002815000
1375   10.166800000    0.651412900   -0.197025400
1376    4.561850000    0.358225700    1.251700000
1377    0.650743800   -0.015124200   -0.521094700
1378   -0.509503500   -0.066039400    0.311370800
1379   -0.950000000   -0.072326580    1.801170000
1380   -0.950000000   -0.659041100    0.331598000
1381   -0.950000000   -0.496772900    0.005294809
1382    6.746459000    0.585577800   -0.542729800
1383   11.846480000    0.991893600   -1.241487000
1384   -0.950000000   -0.408273100   -0.444103500
1385   13.602470000    0.966706300   -1.561575000
1386    2.820740000    0.137099200    0.124131800
1387   10.920110000    1.099201000   -0.502486600
1388   -0.950000000   -1.645472000    0.936557700
1389   -0.950000000   -0.865720200    0.102500900
1390    8.454637000    0.376625100    0.687480700
1391   20.133850000    1.595957000   -1.508868000
1392   -0.950000000   -0.398883700   -0.073572780
1393   -0.950000000   -1.327451000    1.355155000
1394    7.196562000    0.630267500   -0.513692100
1395    8.234066000    1.404145000    1.128770000
1396    9.258435000    0.628351400   -1.252527000
1397    5.986376000    0.457772000   -0.262458100
1398   -0.950000000   -0.611222000    1.627836000
1399   -0.950000000   -1.538636000    0.942659800
1400    7.213682000    0.723715300   -1.063585000
1401    3.912353000    0.625141400    0.980092000
1402    7.252158000    0.755263400    0.703872900
1403   -0.950000000   -0.619285400   -0.691718800
1404   -0.876039800   -0.265628600   -0.582474800
1405   15.359240000    1.848982000   -1.139095000
1406   -0.950000000   -1.597513000    1.347794000
1407   -0.802915600    0.189798100    0.656810800
1408    7.466452000    0.492151800   -1.222087000
1409   10.283280000    0.792289400   -0.792569100
1410   -0.950000000   -1.207476000   -1.418539000
1411   -0.950000000   -0.260282600    0.482036300
1412    0.724573200    0.246717500    0.679273900
1413   -0.950000000   -0.615890200    0.501625100
1414   -0.950000000   -0.897786100   -0.033855520
1415   17.158560000    1.762535000   -0.252484900
1416   -0.950000000   -1.373870000   -0.160595500
1417   -0.950000000   -0.463329700    0.171224100
1418    7.428708000    0.835716100    1.194203000
1419   -0.950000000   -1.120985000    0.035718580
1420    8.950848000    0.718250700   -1.420540000
1421   -0.950000000   -0.647907200    0.711195400
1422    2.077085000    0.247644400   -0.077422970
1423   -0.120191700    0.292187400    1.526518000
1424   -0.950000000   -0.740717000    0.058193570
1425   -0.950000000   -0.440966200   -0.966813400
1426    4.871842000    0.676136800    0.245001600
1427   -0.950000000   -0.489784200   -0.621984100
1428    4.246832000    0.443691800   -0.662810100
1429   10.521870000    0.920017300   -1.479063000
1430   -0.950000000   -0.459578800    1.283590000
1431   -0.950000000   -0.361916500    0.408813000
1432    3.282354000    0.968527400    0.982172200
1433    0.619233400    0.328522100    0.086321970
1434   -0.950000000   -1.098936000   -1.431855000
1435   -0.950000000   -0.676497200    0.615162600
1436   -0.950000000   -0.229497100   -0.393520100
1437   -0.950000000   -0.005662900   -0.105942000
1438   -0.950000000   -0.413039600   -0.727606000
1439   -0.950000000   -0.518598400    1.394908000
1440   -0.950000000   -0.253782600   -0.791104000
1441   -0.950000000   -1.896042000    0.704004400
1442   -0.942534600   -0.670208800    0.625195500
1443    6.163549000    0.428334700    0.389523900
1444   -0.950000000   -0.278316600    1.123139000
1445    3.131919000    0.010857860   -0.302054000
1446   -0.950000000   -1.784421000   -0.631504700
1447    9.876829000    1.441123000    1.553396000
1448    5.096526000    0.212006100    1.867624000
1449   -0.950000000   -0.798017500   -0.005672090
1450   26.545380000    1.819102000    0.913813500
1451    8.664318000    0.410855400   -1.257344000
1452    7.271086000    0.117257400   -1.558904000
1453   -0.950000000   -1.202577000    1.254415000
1454   11.212600000    0.371915500   -1.904494000
1455    6.149057000    0.285904900    1.266548000
1456   -0.085823160   -0.615385800   -1.263759000
1457   29.863020000    1.996856000   -0.798187600
1458   -0.950000000   -0.696093600    1.292650000
1459    1.829854000    0.132722900    0.907505400
1460   -0.950000000   -0.698820300    1.356150000
1461   10.148210000    0.635615000   -0.731555400
1462   12.145160000    0.620815300    0.910361000
1463   10.432120000    0.836512000    0.992502700
1464    6.738131000    0.259771400    0.418513600
1465   -0.950000000   -0.954650500    0.890321500
1466    6.101448000    0.266278900   -0.379151600
1467    3.936514000    0.186500800    1.100142000
1468   -0.950000000   -1.032847000    1.024594000
1469    4.505668000    0.262376700    0.788728800
1470    7.409507000    0.045979480   -0.799575100
1471   16.806860000    1.495407000   -0.574085900
1472   -0.950000000   -0.916528300   -0.620134200
1473    1.341298000   -0.017822860    0.099126820
1474   18.199780000    1.219220000    0.889851500
1475   -0.929162000   -0.033237270    0.784809300
1476   24.214410000    1.463273000   -1.388360000
1477    5.354708000    0.296508400   -0.835761200
1478   -0.950000000   -0.310836800    0.148933200
1479   -0.950000000   -0.307277500    1.242980000
1480   -0.950000000    0.021022220    1.364398000
1481    0.586940700    0.015084280    0.341021400
1482   16.353750000    1.056464000   -0.180514500
1483   -0.950000000   -0.836004800   -0.552835400
1484   11.981520000    1.281307000    0.111692300
1485    0.748433700   -0.052927430   -0.876970900
1486   11.065190000    0.973717500   -0.939047200
1487   -0.950000000   -0.033123400    0.234435000
1488   -0.950000000   -0.785630900    1.113243000
1489   -0.950000000    0.060256960    0.721532300
1490   -0.950000000   -0.154157500    1.267746000
1491   -0.950000000   -0.872574400   -0.837940300
1492   -0.950000000   -0.925784400    0.812199100
1493    2.883343000    0.481528700   -0.496593000
1494   -0.950000000   -0.610262000   -0.711534400
1495   -0.950000000   -1.197490000    0.604428700
1496    0.463961200    0.548195900    0.950729000
1497    1.429545000    0.473158000   -0.535772700
1498   -0.950000000    0.007250893   -0.315811800
1499   -0.950000000   -1.341051000   -0.219240800
1500   13.422240000    1.131254000   -0.563678700
