*y  x1  x2
   1    3.916756000    0.441432200    0.294527200
   2   -0.950000000   -0.190378600   -0.592169800
   3   -0.882716100    0.177064700    1.044549000
   4    3.660288000    0.392979400   -0.788127600
   5   -0.950000000   -0.457775600    0.171304100
   6    1.130048000    1.271554000    1.821389000
   7   -0.950000000   -0.934476100   -0.563181200
   8    4.592637000    0.187374000   -1.600006000
   9   -0.950000000   -0.221649600   -1.207266000
  10    0.809030700    0.438398600    0.806516900
  11   -0.950000000   -0.637553200   -0.879507400
  12   -0.950000000    0.114515100    0.588186100
  13   -0.950000000   -0.596363900    1.425017000
  14   -0.950000000   -0.490404400   -0.615775400
  15   -0.950000000   -0.235433600   -0.393595000
  16   -0.950000000   -1.323625000    1.690261000
  17   11.015980000    0.835492700   -0.008319749
  18   -0.950000000   -1.629673000   -0.553469800
  19    2.115436000    0.134747100   -0.163984800
  20   -0.950000000   -0.597587700   -0.062288310
  21   13.602950000    1.022233000   -0.426588100
  22   -0.950000000   -0.745194000   -0.084753880
  23   -0.950000000   -0.629083800   -0.154321900
  24    0.793402800   -0.098029930    0.510174500
  25    7.168670000    0.802330600   -0.049969740
  26   12.164730000    0.649209300    1.410599000
  27    7.117476000    0.563171200   -0.262150200
  28    5.639493000    0.674420900    1.004768000
  29    4.705565000    0.563153400    1.031314000
  30    5.713217000    0.323563800    0.651341200
  31    5.451232000    0.077023040   -1.161954000
  32    0.928162900    0.857398600    1.067970000
  33   -0.950000000   -1.327731000    0.178383400
  34   -0.950000000   -0.910931300    0.892013500
  35   -0.950000000   -0.499616900    1.838549000
  36   11.206560000    0.876395700    1.333601000
  37   -0.950000000   -0.524400900   -0.478157200
  38    1.418926000    0.019802360    0.844778500
  39    2.740730000   -0.093596730    0.097610410
  40   -0.950000000   -1.203320000    0.256672800
  41   -0.950000000   -1.337481000    1.642284000
  42   -0.950000000   -0.358260800    0.260816700
  43    0.114736000   -0.145558000    0.209246100
  44   -0.950000000   -0.698956800    1.048732000
  45    1.719638000    0.673259400    1.484245000
  46   12.911910000    0.882600900   -0.264048700
  47   -0.950000000   -0.733383100    0.554656300
  48   12.011840000    0.932270500   -0.424253300
  49    6.161152000    0.394045400   -0.189438700
  50   -0.950000000   -0.921420600    1.556711000
  51    7.288136000    0.325561900   -1.379364000
  52   -0.950000000   -0.249084500    0.111350700
  53   -0.950000000   -1.170517000   -1.171176000
  54   11.544680000    1.189650000   -0.397958700
  55    1.195487000   -0.124515700   -0.808393200
  56    5.141085000    0.605559900    0.710640200
  57    0.727216100    0.071729950    0.988306300
  58   18.330120000    1.366443000   -1.035326000
  59   -0.950000000   -1.235593000   -0.691170600
  60    7.691547000    0.517820200    0.843368300
  61   -0.950000000   -0.700806500   -0.681084600
  62   -0.950000000    0.196859000   -0.677751300
  63   -0.950000000   -0.174134700   -1.044835000
  64   -0.950000000   -0.383618200   -0.762674000
  65   -0.950000000    0.428419900   -0.788677600
  66   -0.950000000   -0.333490700   -0.945554100
  67   -0.704515800    0.807877900   -1.280263000
  68   -0.950000000   -0.465042500   -1.293109000
  69   -0.950000000   -0.570958400    0.026058160
  70   -0.950000000   -1.319977000   -0.717127200
  71   -0.950000000   -0.785358300   -0.134064400
  72   -0.950000000   -0.592594800    0.192755700
  73   -0.950000000   -0.201318700   -0.591707100
  74   -0.950000000   -1.202147000   -0.396154300
  75   -0.950000000   -1.322178000    1.179577000
  76   12.480410000    0.834965700   -1.961899000
  77    7.905728000    0.516800200   -0.730796100
  78    9.077272000    0.806861300   -0.018288030
  79    2.236405000    0.222378000    0.361693300
  80   -0.950000000   -1.271208000    0.146971600
  81    4.208994000    0.645978600    1.018407000
  82   -0.950000000   -0.726227500   -1.455968000
  83    6.832231000    0.523797300    0.732700500
  84    3.279086000    0.161012500    1.192080000
  85   10.142810000    1.074138000    0.714237000
  86   -0.950000000   -0.167794300    1.096228000
  87   -0.950000000   -0.856551500    0.908212800
  88    3.641070000    0.052944870   -0.916544600
  89    7.070429000    0.474467900   -0.676769400
  90    5.080531000    0.273788000    0.234420800
  91    5.175812000    0.376081800   -1.162393000
  92    6.342341000    0.973666900   -0.589808500
  93    6.308742000    0.434906900   -0.956389300
  94   -0.477071600    0.147234700    0.715327200
  95   -0.950000000   -0.457170600    0.293079600
  96   -0.950000000   -0.721448200    0.774805300
  97   -0.950000000   -0.314539400   -0.501272200
  98   -0.950000000   -0.332622300   -0.852485600
  99    2.136374000    0.342791100   -0.216606600
 100   -0.950000000    0.002970808    0.703562000
 101   -0.950000000   -0.805991500   -0.466710700
 102   -0.950000000   -0.938714200    0.373401000
 103   14.565180000    0.972410700   -1.211125000
 104    1.181372000    0.051066330   -0.398432600
 105   25.951410000    1.998269000    0.837286000
 106    9.715849000    1.060468000   -0.427965300
 107   -0.318535300   -0.059267250    0.211064700
 108   -0.950000000   -1.643942000    1.336863000
 109   -0.950000000    0.235113000    1.146560000
 110   -0.950000000   -1.173542000   -0.812735000
 111    3.272572000    0.196482400   -0.605207800
 112   -0.950000000   -1.376632000   -0.597265800
 113   10.613780000    0.911004500   -0.403776300
 114    7.005494000    0.774796700    1.114054000
 115    7.686316000    1.115222000    0.250688100
 116    5.966520000    0.548892000    0.701691200
 117   -0.950000000   -1.625410000   -0.798755300
 118   14.151670000    1.180213000   -1.078193000
 119   -0.950000000   -0.888441600    0.950175900
 120    7.310612000    0.865581800    0.135057300
 121   19.618570000    1.540229000    1.594262000
 122   -0.950000000   -0.357345500   -0.292229600
 123   -0.502964800   -0.544815900   -1.859727000
 124    3.320355000    0.200453500   -0.661865500
 125    4.355773000    0.419983600   -0.642716500
 126   -0.950000000    0.015738350    0.846462700
 127   -0.950000000   -1.144979000    0.004375021
 128    9.852381000    0.914481300   -1.196073000
 129   -0.950000000   -0.114992300   -0.154647300
 130   -0.950000000    0.015216280    0.705105100
 131   13.183620000    1.508532000   -0.561571900
 132   -0.950000000   -0.531948000   -1.843724000
 133   -0.950000000   -1.400206000    0.532798700
 134   -0.950000000   -0.793013800    0.267516500
 135   11.090390000    1.232945000    0.979417900
 136   -0.950000000   -0.067107070   -0.776410000
 137   -0.266111600   -0.094087160   -1.549492000
 138   -0.950000000   -0.866797900    1.276243000
 139   -0.950000000   -0.466560800   -1.038811000
 140    6.960962000    1.005436000   -1.176150000
 141   -0.950000000   -0.965480800   -0.353502400
 142   -0.950000000   -0.304535100   -0.159822100
 143    4.578774000    0.453193100   -0.506308300
 144   -0.950000000   -0.772119700    0.246028100
 145   -0.950000000   -0.086621160    0.089055560
 146   -0.950000000   -1.897650000   -0.148293000
 147   -0.950000000   -1.723425000   -0.108356800
 148   -0.950000000   -0.720319600   -0.373802600
 149   -0.950000000    0.570966900    1.940060000
 150    4.671996000    0.630849300   -0.932014000
 151    5.363760000    0.664889900   -0.371004500
 152    5.808742000    0.806879600   -0.137469800
 153    1.498990000    0.698476600    1.289062000
 154   -0.950000000   -0.779737600   -0.098958380
 155    3.901691000    0.978905100    0.360142500
 156   11.757510000    1.300210000    0.278778800
 157   -0.950000000   -1.043857000   -1.110669000
 158   -0.950000000   -1.966532000    0.180672000
 159   -0.950000000    0.034525100    0.397722500
 160   -0.950000000   -0.740021200   -0.546490700
 161   -0.950000000   -1.033697000   -0.557291700
 162   -0.950000000   -1.186067000   -1.120606000
 163   -0.950000000   -1.074353000   -1.342630000
 164   12.476290000    1.066401000    1.156784000
 165   -0.950000000   -0.530554700   -0.170789400
 166   -0.950000000   -1.265025000    1.176672000
 167   -0.950000000   -1.518716000    1.032778000
 168   -0.950000000   -0.428653200   -0.549747200
 169    7.604256000    0.867440800    0.297083900
 170    5.364997000    0.488105200    0.197447800
 171   -0.950000000   -0.157104100    0.211687100
 172   -0.950000000   -0.325018500   -0.254158400
 173   -0.950000000   -0.365633600    1.202292000
 174   -0.950000000   -0.651716700   -0.309267900
 175   -0.950000000   -0.474566800   -1.072804000
 176   -0.950000000   -0.465070600    1.661029000
 177    4.254351000    0.742297100    0.504377900
 178    1.865343000    0.251527700    0.403073700
 179    3.262910000    0.370031900   -0.058753590
 180   12.237110000    1.081202000    0.156378700
 181   -0.950000000   -0.394841600   -0.983806800
 182   -0.950000000   -0.442374200    1.904569000
 183   -0.950000000   -0.573675000    0.556414200
 184    6.546641000    0.595119700   -0.868779600
 185   -0.950000000   -0.608739600   -0.248610100
 186   -0.950000000    0.208733600    0.606741100
 187   -0.950000000   -0.362491300   -0.885942800
 188   14.933990000    1.174661000   -0.181324600
 189   -0.950000000   -1.033740000   -0.093781480
 190   -0.950000000   -1.094077000   -0.830015300
 191   -0.950000000   -0.821720900   -0.166344700
 192    9.109838000    1.006750000    1.143011000
 193   -0.950000000    0.378739900    1.363797000
 194   -0.950000000   -1.835801000    0.337793800
 195   -0.950000000   -0.875562900   -0.433363600
 196    6.677339000    0.781856300    0.269564000
 197   -0.950000000   -1.128503000    0.207244500
 198   -0.950000000   -0.689387500   -0.374829200
 199   -0.950000000   -0.954551700    1.077020000
 200    0.436930000    0.514670500    1.000765000
 201   -0.950000000   -0.210270400   -0.060497700
 202   -0.444048100   -0.300115400   -1.172061000
 203    2.027880000    0.100466100   -0.700287500
 204    3.449573000    0.297714600    0.544055600
 205    0.074766150    0.235640100   -0.179834700
 206    2.932645000    0.120134000   -0.572228200
 207   -0.950000000   -0.322639800   -0.051235900
 208    7.844727000    0.506335300   -1.110567000
 209    3.415016000    0.543973900    0.827493600
 210   14.902470000    1.488275000    0.551636800
 211    2.777154000    0.246243000    0.308570600
 212    2.176598000    0.414473900    1.077661000
 213    2.833971000    0.281082200    0.220575500
 214   -0.950000000   -0.457440200   -1.388628000
 215    3.533700000    0.172496700   -0.818192400
 216   -0.950000000   -0.669579700    0.746968500
 217   -0.950000000   -0.383107300   -0.663905500
 218    0.400405600    0.018082240   -0.010557570
 219   -0.950000000   -0.417205700   -0.340857000
 220   -0.950000000   -0.537154300    1.509464000
 221   -0.950000000   -0.079589220    0.738179900
 222    2.625085000    0.011183910   -0.551443900
 223   -0.950000000   -0.576228800    0.778152700
 224   -0.041430630   -0.141751500   -1.030708000
 225   -0.950000000   -0.240842800    0.135607400
 226   -0.950000000   -1.083978000   -1.027872000
 227   -0.950000000   -0.525557800    0.233446600
 228   -0.950000000   -0.924198300    1.629001000
 229   -0.950000000   -0.246193500   -0.825330400
 230    5.246907000    0.519339700   -0.372912800
 231    5.460172000    0.817437900    0.467992300
 232   -0.950000000   -1.338148000   -0.073827750
 233    0.741368500    0.029420070   -0.927761000
 234   11.573300000    1.106473000   -0.514428000
 235   -0.950000000    0.501418400    1.996912000
 236   -0.950000000   -0.102616600   -0.540220500
 237    4.360808000    0.646674400    1.284081000
 238   -0.950000000   -0.096841040    1.471656000
 239   -0.618573200   -0.150101200   -0.732088000
 240   -0.950000000   -0.839993500   -1.414926000
 241    5.090951000   -0.117176100   -0.486204300
 242   28.114780000    1.756585000   -0.430747900
 243    4.595623000   -0.115863600   -0.354969400
 244   10.343550000    0.434077100    0.207333400
 245    6.853073000    0.235528900    0.445873000
 246   -0.950000000   -1.238846000    0.457541200
 247    5.185702000    0.127304800   -0.090327710
 248   27.865790000    1.898721000    1.159291000
 249   17.983510000    1.862014000    0.574847800
 250   -0.950000000   -0.809977500   -0.762655900
 251   17.429540000    0.945095200   -1.211135000
 252   -0.950000000   -0.528357600    0.395569600
 253    9.332714000    0.602403400   -0.102198600
 254   15.185170000    0.843075100    0.718533600
 255   10.345270000    0.602374500    0.035594970
 256   -0.950000000   -0.819428100    0.449598500
 257    0.186824100    0.135619400   -0.039218260
 258   -0.950000000   -0.871307000   -0.391362200
 259    4.706052000    0.510812800   -0.581579700
 260   -0.950000000   -0.397052700   -0.265237600
 261    1.595874000    0.341600200   -0.137905500
 262   -0.216388500    0.371054200    0.596194600
 263    4.332060000    0.406271200   -1.973260000
 264    6.565752000    0.740408500    0.433921500
 265   -0.950000000    0.027695520   -0.466509500
 266   -0.950000000   -1.455775000    0.623583400
 267    2.023916000    0.348338300   -0.610354100
 268    4.458859000    0.722475000    0.557655700
 269    2.418538000    0.496099000    0.805227700
 270   -0.950000000   -0.633438600   -1.279793000
 271   10.226020000    0.803257800    0.309680400
 272    0.491694800    0.049499210    1.337481000
 273    5.045091000    0.028063290   -1.128769000
 274    2.075238000   -0.153651800   -0.596118300
 275    8.919960000    1.061991000   -0.000722606
 276   -0.950000000   -0.976854000    0.579945000
 277   -0.950000000   -1.944150000    1.503642000
 278    6.272347000    0.522296500    0.942564100
 279   10.293610000    0.982533700    1.435533000
 280   -0.950000000   -1.590336000    1.187403000
 281   -0.950000000   -1.131745000   -0.833301500
 282    1.935491000    0.236926700    0.802542600
 283    2.459565000    0.681889100    1.712712000
 284    6.698381000    0.491423100   -0.540689600
 285   -0.950000000   -0.438457600    0.021300020
 286   17.633120000    1.363872000   -0.148850500
 287    6.538919000    0.828226900    0.588084200
 288    8.810914000    0.812892400    0.978610000
 289    4.202634000    0.055698090   -0.538110800
 290   -0.950000000   -1.204899000   -0.463747500
 291    7.042273000    0.123799900    0.412835000
 292   11.189180000    0.714006000    1.357336000
 293    4.744419000    0.288778500    0.028526970
 294   -0.950000000   -0.512374600    0.694285100
 295   18.620040000    1.509171000   -1.106684000
 296   -0.788864500   -0.464476800   -0.605918300
 297    4.981987000    0.177501100    0.291542900
 298    9.492633000    0.456527700   -0.355196900
 299   -0.950000000   -0.404564300   -0.055689850
 300    4.384757000   -0.053193810   -1.106947000
 301   -0.950000000   -1.184059000    0.431500000
 302   -0.950000000   -1.207342000    0.069824440
 303   -0.950000000    0.084251190   -0.274377500
 304    9.396797000    1.086561000   -0.134393800
 305   -0.950000000   -0.767577000    0.979079800
 306   -0.950000000   -0.926671200    1.079074000
 307   -0.950000000   -0.588527500    0.018486910
 308   -0.950000000   -1.469390000   -1.199770000
 309   11.915890000    1.765049000    0.806403400
 310   -0.950000000   -1.043189000   -0.758419800
 311    3.927795000    0.505092100   -1.493383000
 312   -0.950000000   -0.994481200    1.794504000
 313   -0.950000000   -1.073671000    0.224082600
 314    1.616691000    0.430118700    0.246941500
 315   -0.950000000    0.033659560   -0.318959600
 316   22.188810000    1.578992000    0.639127100
 317   -0.950000000   -1.449238000    0.154276400
 318    7.884584000    0.697368900    1.129717000
 319   18.074770000    1.501281000    0.230588800
 320    1.058649000    0.259018300    1.615074000
 321   -0.950000000   -0.822793200    0.928646900
 322   18.706810000    1.622997000    0.901874100
 323    9.193310000    0.595629600    0.721796400
 324   21.994130000    1.485412000   -0.326673700
 325    1.834171000   -0.389349900   -0.585343700
 326   -0.950000000   -0.904832700    0.883226800
 327   -0.950000000   -1.296321000   -0.635012400
 328   -0.950000000    0.270254500    1.763977000
 329    2.432749000   -0.358864300   -0.222428900
 330   -0.950000000   -0.758016800   -0.147267700
 331   -0.950000000    0.206923600   -1.851576000
 332   -0.950000000    0.208198400    0.726292600
 333   -0.950000000    0.314425700   -0.576753200
 334   -0.950000000   -0.634020200   -0.273766100
 335   -0.950000000   -0.008702946   -0.283833500
 336   -0.950000000   -0.709331900   -0.372414800
 337   23.350370000    1.850569000   -1.671572000
 338    3.076551000    1.357581000    0.015051780
 339   -0.950000000   -0.011779910    0.109388200
 340   -0.950000000   -0.757637300    0.208327600
 341   -0.950000000   -0.741330200   -1.486642000
 342   -0.950000000   -0.136853800   -0.506851100
 343   -0.950000000   -1.973223000    0.334267100
 344   -0.950000000   -0.959874400   -0.948399100
 345   -0.233648600    0.705554700   -0.375467600
 346   -0.950000000    0.090055190   -0.646032700
 347   -0.950000000   -0.307984000   -1.308492000
 348   16.158780000    1.515978000   -0.595530900
 349   -0.743110800    0.320794300    0.786800300
 350    3.296137000    0.481995000   -1.862362000
 351   -0.950000000   -1.988287000   -0.032599230
 352   -0.950000000   -0.046680450    0.541595300
 353   -0.950000000   -1.133446000   -1.303034000
 354   -0.950000000   -0.875170900   -0.826681900
 355    4.800932000    0.881677500   -0.151762300
 356   -0.169995100    0.517173200    0.283636700
 357    6.573207000    1.051981000    0.052869220
 358   -0.950000000   -0.751092800   -0.533879200
 359   -0.329107800    0.357326200   -0.142781000
 360    2.221577000    0.427620100   -0.585031700
 361    2.168665000    0.431670600    0.724575100
 362   -0.950000000   -0.071856510    0.357993100
 363    1.866985000    0.593422300   -0.114450000
 364   -0.950000000    0.234290500    0.022002180
 365   -0.950000000   -0.461997500    1.315626000
 366   -0.950000000   -1.069771000    0.676544400
 367   -0.950000000   -0.906891500    0.160588300
 368   -0.950000000   -1.052746000    0.154149200
 369    9.834361000    1.023929000   -0.119961200
 370    2.479143000    0.386571000    1.138727000
 371    4.454483000    0.623250700   -0.159173800
 372   -0.950000000   -1.300981000   -1.585917000
 373    2.213588000    0.485987100    0.808829400
 374   -0.950000000   -1.915392000   -0.887198200
 375    4.575697000    0.315812200   -1.216200000
 376   -0.950000000   -1.562933000    1.654503000
 377   -0.950000000   -1.037577000   -1.181410000
 378   -0.950000000   -1.067956000   -0.406800400
 379   -0.950000000   -0.311050100   -0.688801900
 380    1.478896000    0.363571400   -1.186798000
 381   -0.950000000   -1.451895000   -0.210664900
 382    5.260217000    1.128009000   -0.839618900
 383   -0.950000000   -0.343163600    0.356581400
 384   -0.950000000   -1.408066000    1.213299000
 385   -0.950000000   -0.832042600    0.055339320
 386    0.514326800    0.787450500    0.106662800
 387   -0.950000000    0.489887600    0.442804000
 388   -0.950000000   -1.653490000    0.429017100
 389   -0.950000000   -0.489058800   -0.943751100
 390   -0.950000000   -0.577172100    0.917226300
 391   -0.950000000   -0.214297800    1.395047000
 392   -0.950000000   -0.559664400   -0.175977400
 393   14.241940000    1.467178000    0.154487000
 394    4.422743000    0.252203200   -0.850659800
 395    2.225791000    0.008185964    0.377262000
 396   -0.950000000   -0.454957900    1.140645000
 397    5.162055000    0.609294500    1.497624000
 398   -0.950000000   -1.395519000   -0.705657000
 399   15.799500000    1.258285000    0.175863500
 400   -0.950000000   -0.383741200   -0.255197600
 401    3.645600000    0.101059600   -0.611672300
 402   -0.950000000   -1.337545000    0.433578300
 403   -0.950000000   -0.467684600   -0.803276200
 404   -0.950000000   -0.316087300    1.784534000
 405   -0.950000000   -0.396768000   -1.038471000
 406   -0.950000000   -1.382534000    0.856521500
 407   -0.950000000   -0.559119400    0.508868200
 408   -0.950000000    0.065125620    0.434002500
 409   -0.950000000   -0.569144600    0.011299880
 410   -0.950000000   -1.028781000    0.721571100
 411   -0.060568660   -0.100608200   -1.947214000
 412    0.137319300   -0.083841090   -1.111045000
 413    0.066628450    0.094590480   -0.228082800
 414   -0.950000000   -0.153613000   -0.458531800
 415   -0.950000000   -0.076619050   -0.048586990
 416   10.309730000    0.943081000   -1.123761000
 417    7.753575000    1.121095000    1.420782000
 418   -0.950000000   -0.271958000   -1.052587000
 419   -0.950000000   -0.154389900    0.025638650
 420    6.746984000    1.159700000    1.295337000
 421   -0.950000000   -1.881277000    0.962883600
 422   -0.950000000    0.046735720    1.387943000
 423   10.157580000    1.168408000    1.092607000
 424   -0.950000000   -1.078615000    0.548349700
 425   -0.950000000   -1.166990000   -0.581365600
 426   -0.950000000   -0.588991900    0.554384900
 427    2.575132000    0.152858600    0.301518900
 428    4.676374000   -0.017095750   -1.130017000
 429   -0.950000000   -0.478839700    1.306509000
 430   -0.950000000   -0.157677400    0.273350100
 431    7.323105000    0.409125300   -0.563109900
 432    1.653868000    0.029279130    0.169407500
 433   11.817550000    0.916580400   -0.634896900
 434    0.002381413   -0.024416930    0.484897900
 435   -0.950000000   -0.610241300   -0.105670700
 436   -0.140365700    0.533734500    0.346456800
 437   -0.950000000   -1.958967000   -0.219732000
 438    3.004391000    0.517754400   -1.603655000
 439   -0.950000000   -0.446641000   -0.561055000
 440   -0.950000000   -0.208963600   -1.290484000
 441   -0.950000000    0.488644200    0.396483300
 442    0.073519900    0.404428200    0.262388700
 443   -0.950000000    0.090383710   -0.137329400
 444   -0.950000000   -0.116489900   -0.892360500
 445   -0.950000000   -0.524137600   -0.526600300
 446   -0.950000000   -1.201878000   -1.430058000
 447   -0.950000000   -0.830643300   -0.346110100
 448   -0.950000000   -0.857673900   -0.426359400
 449   -0.950000000   -0.775277900    0.475312600
 450   -0.530878800    1.041871000    1.504552000
 451   -0.950000000    0.104249900   -0.699762200
 452   -0.950000000    0.441407900    0.692993000
 453   -0.950000000   -0.120810000    1.697028000
 454   -0.950000000   -0.511347200   -0.475989200
 455   15.313820000    1.755578000    0.071056320
 456   -0.950000000   -1.612517000    1.174785000
 457   -0.950000000   -1.973597000   -1.415499000
 458   -0.950000000   -0.822692200    1.132515000
 459   -0.950000000   -0.848800700   -1.205959000
 460    4.053804000    0.615534500   -1.594831000
 461   -0.466074100    0.019011140   -1.138800000
 462    4.158065000    0.400908400   -0.848534200
 463   -0.950000000   -0.842297700   -0.772296400
 464   -0.950000000   -1.215664000    0.772488800
 465   -0.950000000   -0.364002700    0.975852100
 466    5.276143000    0.332409800    0.272384500
 467   -0.950000000   -1.016158000    1.437374000
 468   17.571450000    0.974091300   -1.890674000
 469   17.614990000    1.299261000   -0.545427600
 470   20.993470000    1.991288000    0.151056800
 471    5.350794000    0.417568100    1.537292000
 472   15.010240000    0.809364900   -1.117782000
 473   11.260110000    0.906103900   -0.249025800
 474   15.484360000    1.023961000    0.052887780
 475    6.688632000    0.349182500   -0.481836900
 476   -0.950000000   -1.647580000   -0.501962700
 477   -0.950000000   -0.611832600   -0.427874000
 478    3.285777000    0.059896050   -0.524585600
 479   -0.950000000   -1.127288000    1.248218000
 480   20.819530000    1.564443000   -0.076169030
 481    3.288230000    0.231185300   -0.646285900
 482   -0.950000000   -0.606298600    0.379198100
 483   -0.950000000   -0.966020500   -0.295048200
 484   10.178180000    0.649573800    0.522545000
 485   11.560600000    1.275873000   -0.535280800
 486   -0.950000000    0.047341670    0.985825500
 487   -0.950000000   -0.846992100   -0.362904700
 488   19.750810000    1.647095000   -0.692521100
 489   -0.950000000   -0.232493500   -0.352205100
 490   -0.950000000   -1.706662000   -0.070593890
 491   19.925330000    1.347655000   -1.281525000
 492   -0.950000000   -0.349618300   -0.666144200
 493   -0.950000000   -0.557958700   -0.672741400
 494   20.031010000    1.701951000    0.767236300
 495   -0.950000000   -0.704559600    0.791096700
 496    2.034787000    0.155992800   -0.531601600
 497    9.564481000    1.051372000    1.171138000
 498    5.014171000    0.438040400   -0.102059900
 499   -0.950000000   -0.609687000    0.245031100
 500    4.095261000    0.070411670   -0.497424600
 501   -0.950000000   -1.144346000    1.198781000
 502   -0.950000000   -1.821178000   -1.541950000
 503   12.925530000    1.050028000   -1.149360000
 504    7.285855000    0.750679000    0.057888170
 505    2.305671000    0.369232100    0.945879800
 506   10.369030000    0.706594200   -1.182784000
 507    8.120743000    0.674745400   -0.576080000
 508   -0.950000000   -0.484329600    1.205024000
 509   -0.950000000   -0.275519600    0.645946200
 510    2.527150000   -0.015636220    0.528714800
 511   -0.950000000   -1.819505000   -1.442485000
 512   -0.950000000   -0.800140300   -0.250085800
 513   13.812370000    1.510219000   -0.195515200
 514    2.544196000    0.781538800   -0.386948100
 515   12.256470000    1.155846000   -1.172593000
 516   -0.950000000   -0.006206278   -0.382837200
 517   -0.950000000   -1.096456000    0.748169900
 518   -0.950000000    0.386209800    1.352061000
 519   -0.950000000   -0.089855450   -0.385711000
 520   -0.950000000   -0.608728700   -0.497915700
 521   -0.950000000   -0.624645300   -0.174958100
 522   -0.950000000   -0.676646800   -0.434753600
 523   11.911750000    1.896046000    0.062142200
 524   -0.950000000   -1.122213000   -0.285812500
 525   -0.950000000   -0.013221730    0.022513900
 526   -0.950000000   -1.780051000   -0.998120000
 527    5.539329000    0.748832400    0.354148100
 528    2.063671000    0.068047290   -1.061415000
 529    5.028152000    0.767332300    0.428353700
 530    0.529943200    0.330561700    0.515597900
 531   11.337610000    1.064447000   -0.832521400
 532   -0.950000000   -1.108648000    0.429726000
 533   -0.365843200   -0.024187570   -0.464221000
 534   -0.950000000   -0.336288700   -0.315279200
 535   -0.950000000   -0.587764200    0.157265600
 536   -0.950000000   -1.362685000    0.979220500
 537   -0.950000000   -0.162514000    0.474027900
 538   -0.950000000   -0.214386000    0.264482200
 539   -0.950000000   -0.406440500    0.571970700
 540   -0.950000000   -0.769381700   -1.072296000
 541    1.408112000    0.803146500    0.347702500
 542   -0.127482500    0.210526500    0.630781800
 543    6.647188000    0.619671900   -1.429688000
 544   10.990020000    1.944746000   -0.015047250
 545   13.796400000    1.513121000   -1.717558000
 546    6.217097000    0.418535300   -1.254455000
 547    2.729207000    0.123885800   -0.711221900
 548   -0.950000000   -0.225889900   -0.323887900
 549    7.298872000    0.764730800   -0.800989500
 550   -0.950000000   -0.744030400    0.508472500
 551    8.277082000    0.659811800   -1.471990000
 552   -0.950000000   -1.061020000   -0.821832900
 553   12.125290000    1.711109000    0.776130700
 554   -0.950000000   -0.892071900   -0.800092800
 555   -0.950000000    0.095819980    1.052240000
 556   -0.950000000   -0.415476300   -0.338140700
 557    9.251118000    1.543141000    0.687085900
 558   -0.950000000   -0.699120000   -0.362024800
 559   -0.950000000    0.106688700   -0.700269200
 560   -0.950000000   -0.531476900   -0.915083900
 561   -0.950000000    0.033979450    1.389454000
 562    7.931753000    1.013150000   -0.917253800
 563    8.307321000    1.190312000   -1.335730000
 564   -0.950000000   -0.911198300   -0.893664800
 565   -0.950000000   -1.317248000    0.814168500
 566   -0.950000000   -0.447409400   -0.275484700
 567    8.916409000    0.920117000   -0.880272500
 568    0.515742000    0.466994200   -0.065179880
 569   -0.950000000   -1.344087000   -0.461436500
 570   -0.950000000   -0.728547700    0.470145900
 571    5.194519000    1.244242000   -1.030191000
 572   -0.950000000    0.642276900    1.943896000
 573    5.325346000    0.482933200   -0.713141500
 574    3.671841000    0.385566300   -0.131849000
 575   -0.950000000   -0.527893400    0.596355400
 576   -0.950000000   -1.051725000   -0.128126500
 577   -0.950000000   -0.339678900   -0.637427000
 578   -0.950000000   -0.973848200    0.854083100
 579    2.927650000    0.257264200    1.033815000
 580   -0.950000000   -0.471857600   -0.552112700
 581    3.215396000    0.485709100   -0.509874800
 582   -0.950000000   -1.065867000    0.832349200
 583   -0.950000000   -1.147537000   -0.490867100
 584   12.127900000    1.321173000    1.610882000
 585   -0.950000000   -1.761043000    0.917171700
 586    5.370796000    0.153550900    0.530387500
 587   20.926200000    1.932993000    0.140168900
 588   -0.950000000   -0.856140500    0.627664200
 589    5.589491000    0.838719200    0.461650100
 590   -0.950000000   -0.719166000   -0.615867900
 591    9.162462000    0.804507700    0.465044700
 592    0.148070900    0.132700400    0.975235100
 593    5.502774000    0.089471380   -0.802137500
 594   -0.950000000   -1.904876000   -0.229406100
 595    5.809147000    0.472430600    0.129120300
 596   10.425960000    0.782437100   -0.503463400
 597    8.726367000    0.734040700    0.370708200
 598   -0.950000000    0.268592600    1.332224000
 599    1.644227000   -0.188757600   -0.172946700
 600    7.392894000    0.626147900   -0.149628800
 601    3.884531000    0.542288800    0.297652800
 602   -0.950000000   -0.560709200    0.993007200
 603    6.756113000    0.595466800    0.462897200
 604   -0.950000000   -1.439546000    0.126713300
 605    5.410126000    0.556894000    0.163437800
 606   -0.950000000   -0.538067600    0.030419060
 607   11.405630000    0.906891100    0.289633000
 608   -0.950000000   -1.217791000    0.313535900
 609   12.458720000    1.612927000    0.381038200
 610    6.678309000    0.829149700    0.668791100
 611   -0.950000000   -0.881929500   -1.247451000
 612   -0.950000000   -0.197451400    1.101285000
 613   15.437040000    1.480785000   -0.194729800
 614   -0.950000000   -0.234210700    0.848989400
 615   -0.950000000   -1.960036000    0.297548600
 616   -0.950000000    0.078368750    0.201121400
 617   -0.950000000   -0.314887800   -0.858271300
 618   -0.950000000   -0.708809300    0.253673100
 619   -0.950000000   -1.062336000   -1.073905000
 620   -0.950000000   -0.643030900   -0.806474600
 621   -0.950000000   -1.235773000   -1.492055000
 622    6.205440000    1.059343000   -0.346424200
 623   -0.950000000   -0.485173100   -0.473363200
 624    4.301962000    0.753731400    0.966877800
 625   -0.950000000   -0.827767500    0.463834600
 626   -0.950000000    0.242126500    1.139684000
 627   -0.950000000   -1.551893000   -0.601735800
 628    1.233756000    0.444086400    0.349138500
 629   -0.950000000   -1.507075000   -0.908350200
 630    8.715157000    1.100340000   -0.849473800
 631   -0.950000000   -0.801219800   -0.965270500
 632   12.089050000    0.873354800    1.815483000
 633   -0.950000000   -1.026561000   -0.301134800
 634   10.717220000    0.761080600   -0.423885300
 635   13.153210000    1.128457000    1.334458000
 636   15.323790000    1.272008000    0.468906800
 637   -0.950000000   -0.999398800   -0.067037150
 638    5.047716000    0.105105600   -0.286452800
 639    0.309664400   -0.261688100    0.542777800
 640    9.010574000    0.434133800   -0.447224000
 641   14.712510000    0.926219900   -0.719908200
 642   -0.950000000   -0.738448000    1.236697000
 643    0.176048200   -0.348850900    0.479435000
 644    5.693112000    0.639357500    1.794824000
 645    2.687403000   -0.125088400   -0.419935600
 646   -0.950000000   -1.587141000    0.660634300
 647   -0.345613000   -0.132045700    1.225820000
 648    8.050947000    0.378489000   -1.829151000
 649    0.064221860   -0.033916420   -0.231718500
 650   -0.950000000   -0.484030200   -0.314172600
 651   -0.950000000   -0.373661100   -0.403995400
 652   -0.748714200   -0.000498049   -0.051647300
 653   -0.950000000   -0.320195800    0.040736340
 654   -0.950000000    0.659106900    1.158714000
 655    9.318467000    0.929087200   -0.457853000
 656   -0.950000000   -0.994956200    0.312584200
 657   -0.950000000   -0.428408400    1.227098000
 658   -0.950000000   -1.353139000   -0.065116600
 659    8.857744000    0.708130900   -0.379852100
 660    8.546467000    0.853458800   -0.563935000
 661    2.882270000    0.188784500    0.781850100
 662   -0.950000000   -0.882362000    1.157791000
 663   13.306450000    1.304056000   -0.234662200
 664    5.905971000    0.703039700    1.380325000
 665   -0.950000000   -1.976153000    1.629361000
 666   10.590250000    0.661926300   -0.433741200
 667   17.629430000    1.598395000   -1.520319000
 668   26.301940000    1.965697000   -0.619222100
 669   -0.950000000   -0.769490300   -1.439285000
 670    9.677087000    0.557657500   -0.480923200
 671    7.766195000    0.897846200    1.106071000
 672    7.527053000    0.834000200    0.122146500
 673   12.063850000    0.553724600   -1.811078000
 674   10.339240000    0.479510400   -1.446023000
 675    0.206800400   -0.305398200   -0.232435800
 676   -0.950000000   -1.570997000    1.852971000
 677   -0.950000000   -0.561137800    0.229973700
 678   -0.950000000   -0.498311100   -0.834652600
 679   -0.950000000   -0.433217000   -1.463473000
 680   -0.950000000   -0.596213300    0.360788200
 681    8.558259000    0.760101400   -0.727725700
 682   -0.950000000   -1.082170000    1.175118000
 683    8.849056000    1.136556000    0.332440500
 684   -0.950000000   -0.594364100    1.426785000
 685    1.558917000    0.346353200    1.015405000
 686   -0.950000000   -0.120660800    0.555967500
 687   -0.950000000   -1.653002000    0.723872800
 688    9.759898000    1.217790000    1.320650000
 689    5.746551000    0.759770600   -0.213434900
 690    3.268053000    0.302258200   -0.380420800
 691   14.616970000    1.312799000    0.551272100
 692    5.062673000   -0.303262600   -0.703916800
 693    3.037712000   -0.402947800    0.063978240
 694    3.999185000   -0.316683800   -0.734806400
 695   24.521970000    1.499051000    0.590283400
 696   15.661100000    1.023781000    0.994252300
 697   -0.601882400   -0.664232800    0.988870500
 698   14.807920000    1.049079000    0.296948500
 699   18.427380000    1.218733000    0.784458200
 700   12.606390000    1.020827000    0.547491100
 701   12.419420000    0.694735300   -0.717114100
 702   12.581250000    0.546641400   -0.445272700
 703   19.557510000    0.865760100   -1.218068000
 704   16.232900000    0.995271400    0.256412300
 705   12.171700000    0.568052000   -0.077756600
 706    6.841523000    0.989195600    0.783903200
 707   -0.111701700   -0.003841514    0.253424500
 708    4.060079000   -0.019348960   -1.516659000
 709    1.670433000    0.080041620   -0.160614100
 710    3.023044000    0.181270800   -0.304364800
 711   16.353930000    1.411307000   -1.466020000
 712    9.792551000    0.792742700   -0.312248900
 713   -0.950000000   -0.267369500    0.517031300
 714   -0.950000000   -0.360116300    0.599879500
 715   -0.950000000   -0.618628000   -1.383045000
 716    0.724273900   -0.133684400   -1.187253000
 717    9.703569000    1.174621000    1.320171000
 718   10.479670000    0.617455400   -0.451121300
 719    6.409156000    0.193150800   -1.388870000
 720   19.567370000    1.762863000   -1.092494000
 721    6.814687000    0.704496300   -1.258698000
 722   -0.950000000   -0.798443200    1.213347000
 723   -0.950000000   -0.650273200   -1.676138000
 724   -0.950000000   -0.047929160    0.155457500
 725   -0.590490000    0.372746000    0.358890100
 726   -0.950000000   -0.747905300   -0.277524400
 727   -0.950000000   -1.246907000   -0.563447300
 728   -0.950000000   -1.481562000    0.033384450
 729   -0.741492700    0.514657300    0.952816000
 730   -0.950000000   -0.431573900   -0.661816000
 731    0.870558300    0.507958500   -1.020960000
 732   -0.950000000   -0.663851700   -1.811751000
 733   -0.950000000   -1.624518000   -0.398092800
 734   -0.950000000   -1.433334000   -0.762588100
 735   -0.950000000   -0.567750100    1.905072000
 736   -0.950000000   -1.604603000   -0.370500500
 737   -0.950000000   -0.829763200   -0.268484000
 738    9.346580000    0.795469600    0.576257600
 739    0.423136300    0.484875800    0.085164200
 740   19.619690000    1.893971000    0.207047800
 741   -0.950000000   -0.665188500    0.243960600
 742   -0.950000000   -0.389667100    0.775418200
 743   -0.950000000   -0.833002900   -0.902335200
 744   -0.950000000   -0.420237500   -1.565971000
 745    1.664739000    0.182443100    0.095517230
 746   -0.950000000   -0.860605400   -0.210293400
 747   -0.950000000   -0.215912400    0.395376200
 748   -0.950000000    0.085188190    0.914424500
 749   -0.950000000   -1.198765000    1.678529000
 750   -0.384819900    0.249899600    0.094708560
 751   -0.950000000   -0.651364300   -0.228695400
 752   -0.800479500   -0.228395400   -0.077222280
 753   17.110580000    1.738110000    0.850868400
 754   -0.950000000   -1.575092000    0.877289000
 755   15.735810000    1.098245000   -0.889094300
 756    7.705319000    0.610767700    0.733353200
 757   -0.666322900   -0.504836000   -0.947706800
 758   12.231180000    0.974983600   -1.450982000
 759    0.705789700   -0.569347000   -1.456771000
 760   -0.950000000   -0.243093600    0.293935600
 761    7.312623000    0.637844700   -0.813638000
 762   17.645290000    1.356049000    0.474463700
 763   14.747240000    1.592461000    1.031496000
 764   -0.950000000   -1.995798000   -0.192440000
 765    1.645768000   -0.148330800    0.464111900
 766    7.755160000    0.467777600    0.491897300
 767   -0.950000000   -0.744240700    0.483163500
 768   -0.950000000   -0.754038000    0.381273900
 769    6.217331000    0.302542800   -1.040714000
 770    4.747563000    0.456845500   -0.407861200
 771   19.403160000    1.343171000   -0.778932700
 772    8.077262000    0.424697000   -0.016100590
 773   19.037910000    1.842492000   -1.638828000
 774   19.997270000    1.702275000    0.811324600
 775    0.648636400   -0.095751810    0.927046900
 776   17.218600000    1.219885000   -0.235983500
 777   -0.950000000   -0.973022100    0.165462300
 778    8.744944000    0.475545200    0.034802050
 779    2.771888000   -0.130174700   -0.718149000
 780    1.730002000   -0.188737900   -0.368074700
 781    7.907905000    0.673269000   -0.715900800
 782   -0.950000000   -1.142678000    1.045781000
 783   21.101500000    1.497713000   -1.653496000
 784   10.077750000    1.717633000    1.937815000
 785    4.509137000    0.318652900   -0.967383700
 786   -0.950000000   -1.080543000   -0.573818500
 787   -0.950000000   -0.543920300   -0.394523400
 788   12.075580000    1.274146000    0.192938000
 789    7.666417000    0.617507600   -0.101182800
 790   14.055810000    1.618013000    1.319909000
 791   -0.950000000   -1.021155000   -0.580224100
 792   13.931640000    1.159666000   -0.720100600
 793    5.812028000    0.394294500    0.138913100
 794    5.784254000    0.253236900   -0.492588600
 795   -0.950000000   -0.236596600    1.184128000
 796   21.834730000    1.755757000   -1.390592000
 797    1.384575000    0.054441190   -0.925108200
 798   -0.225617500   -0.036988410   -0.167689400
 799    1.429871000    0.255111900    1.288603000
 800   -0.950000000   -0.180222700    0.578642100
 801   -0.378376300    0.045481810   -0.070261430
 802   -0.950000000   -0.662234000    0.997425200
 803    3.833074000    0.658071200    0.121253000
 804   -0.950000000   -0.011613000    0.165178100
 805   -0.950000000   -0.226449000   -1.192365000
 806    4.950108000    0.421971600   -0.758683300
 807   -0.950000000   -1.432215000    0.962937600
 808   -0.950000000   -0.481168100   -0.899931900
 809   -0.950000000   -1.020903000    1.539269000
 810   14.065320000    1.035978000   -0.979307500
 811    5.427341000    0.612120500   -0.123853400
 812   -0.950000000   -0.195518300    0.146610800
 813    6.848265000    0.791765900   -0.248369900
 814    2.685078000    0.459630200    0.284598300
 815   -0.284634700    0.234366900   -0.251186500
 816   -0.950000000   -0.127252000   -1.411702000
 817   -0.950000000   -0.957674300   -0.286831900
 818   -0.950000000   -0.089858650   -0.526562400
 819   10.529540000    1.070763000   -0.327210700
 820    1.124066000    0.298700900   -0.101419600
 821   -0.950000000   -0.932287000   -0.756267900
 822    0.121113600    0.433907500    0.631706100
 823   -0.950000000   -0.690573500    1.624406000
 824   17.248550000    1.517698000   -1.808305000
 825   -0.813179600   -0.124328300   -0.734789400
 826   11.626760000    1.295020000   -0.315847600
 827   -0.950000000   -0.851172800    0.094380980
 828   -0.950000000   -0.585098600    0.550120500
 829   23.330050000    1.615888000   -1.135778000
 830   -0.950000000   -0.374598000    0.450844800
 831   -0.324031900   -0.139998400   -0.693212500
 832    2.334692000    0.453132100   -0.053214950
 833    8.610334000    1.085199000    0.563828200
 834    3.801767000    0.417838100    0.072481310
 835    1.923357000    0.216156200   -0.205786600
 836   -0.950000000   -1.163056000   -1.616974000
 837   18.881560000    1.216201000    1.297085000
 838   -0.950000000   -1.162434000    0.324700900
 839   -0.950000000   -1.906507000    0.023755810
 840   -0.950000000   -0.666607800   -0.771208700
 841   -0.950000000   -0.611996000    0.165634300
 842   -0.950000000   -0.858152400    0.429000200
 843   -0.950000000   -0.215222200    0.702490400
 844    4.959951000    0.575062900   -1.037360000
 845    5.397062000    1.204246000    0.653086000
 846   -0.950000000   -0.010406630    1.156055000
 847   -0.950000000   -1.010914000   -1.441098000
 848   11.039670000    1.528512000   -0.647011300
 849   -0.950000000   -0.260543100   -0.369439700
 850   -0.950000000   -1.434494000   -0.473331700
 851    7.353030000    0.853231200   -0.004392046
 852   -0.950000000   -0.274885500   -0.647966600
 853   -0.950000000   -0.439667100   -0.080512850
 854   -0.950000000    0.023513060    1.500322000
 855   -0.950000000   -1.605076000   -1.177651000
 856   -0.950000000   -1.379651000    0.127629800
 857   -0.507084500   -0.003277495   -0.503874900
 858   -0.950000000   -0.696841000    1.172050000
 859   -0.950000000   -0.388459600   -0.317453900
 860    3.225417000    0.020037850   -1.714686000
 861    1.228030000    0.147692400    0.150404900
 862    5.639148000    0.253169300    1.360796000
 863    9.730444000    1.133341000   -0.050546490
 864   -0.950000000   -1.398703000    1.622882000
 865   17.384090000    1.762097000    1.041010000
 866   -0.950000000   -0.941552700   -0.945185300
 867    5.206751000    0.607542900    0.696294100
 868   12.496460000    1.146531000   -0.860947300
 869   -0.950000000   -0.973836900   -0.626452500
 870    0.880621500    0.234382900   -0.435351100
 871   -0.950000000   -0.381909200   -0.893335400
 872   -0.950000000   -1.706816000    0.444569000
 873   -0.950000000   -0.165691800   -0.032803580
 874    5.066104000    0.922375600    0.590204100
 875   -0.950000000   -1.468966000   -1.046112000
 876   -0.950000000   -0.959721200   -1.159800000
 877    2.637633000   -0.182353500   -1.499104000
 878   -0.950000000   -1.574084000    1.893450000
 879   -0.950000000   -1.410954000    0.319231700
 880   -0.950000000   -0.841189400   -0.215595800
 881    6.636749000    0.926050300   -0.678686500
 882   14.370780000    1.534961000    0.251818500
 883    9.181772000    0.968257300   -0.967043400
 884    2.666788000    0.406299200    1.368351000
 885    3.342260000    0.245464900   -1.338636000
 886   14.230150000    0.972035500   -0.318499700
 887    7.911239000    0.455199600   -0.522512400
 888   16.012110000    1.157630000   -0.661539100
 889    9.110084000    0.995547800   -0.123569300
 890    3.828132000    0.282113500    0.099958330
 891    7.370011000    0.354375600    1.182538000
 892    4.281798000    0.541041800    0.213902300
 893    5.837645000    0.394072200   -0.327760900
 894   12.999570000    1.733639000    1.554095000
 895    6.669811000    0.560453400   -0.724011500
 896   -0.950000000   -0.722597500    0.336521400
 897   -0.950000000   -0.566288200   -0.211430000
 898    3.738143000   -0.038916260   -0.740896900
 899   -0.950000000   -1.291420000    0.375538800
 900   -0.950000000   -0.836089600    1.581301000
 901    4.197505000    0.450859500   -0.292364200
 902   -0.950000000    0.004054798    1.543322000
 903   -0.099107380   -0.137954400   -1.112365000
 904   12.122680000    0.944409600   -1.761869000
 905   -0.950000000   -0.507149600   -0.922552600
 906    0.522213700   -0.120071700    0.176778600
 907   -0.950000000   -0.874700800    0.324882000
 908    7.499396000    0.977824800    0.859209700
 909    2.513770000    0.125380300    1.394498000
 910   11.232950000    1.688040000   -0.352057000
 911    3.529756000    0.548856000   -0.184143800
 912   -0.384964500   -0.076380090   -0.467589800
 913   -0.950000000   -0.639175100   -0.408977700
 914   -0.950000000   -1.799112000   -0.283458500
 915   -0.950000000   -1.760072000   -0.043694020
 916   -0.773934400    0.376391700    0.138898500
 917   -0.950000000    0.173568800   -0.049124270
 918    2.180756000    1.045473000   -0.731278200
 919    7.727227000    1.305734000   -0.856217500
 920   -0.950000000    0.150607900   -1.426766000
 921   -0.950000000   -1.461831000   -1.914350000
 922   -0.950000000   -1.967367000    0.925698400
 923   -0.950000000   -1.820498000   -1.351354000
 924   -0.950000000   -1.427015000    0.559227300
 925   -0.950000000   -0.245694300   -1.089762000
 926    5.175730000    0.694022400    0.764982600
 927   -0.950000000   -0.818834600   -0.423710900
 928   -0.950000000   -0.025760940   -0.375258800
 929   -0.950000000   -0.532105800   -0.719789900
 930   -0.950000000   -0.991569100    0.292744700
 931   -0.950000000   -0.844988400    1.209736000
 932   17.362050000    1.338460000    0.157428200
 933    1.783677000    0.036457250    0.652770900
 934   14.800860000    0.720267200   -1.999377000
 935    3.176957000   -0.104295100   -0.271171600
 936   -0.645742300   -0.396097300   -0.120303100
 937    2.224633000    0.118972000    1.153225000
 938   10.568430000    0.452987800   -0.494551300
 939   11.216200000    1.388385000    1.299517000
 940    0.305096000   -0.250677700    0.817998200
 941    6.568824000    0.396082800   -0.822050000
 942    4.098909000    0.144693800    0.778346400
 943    2.292165000    0.046850820    0.699806200
 944    8.996671000    0.570799900    0.837119100
 945   10.642090000    1.151951000    1.071230000
 946   -0.950000000   -0.878791400   -0.778106600
 947   -0.950000000   -0.249280200   -0.803106800
 948   -0.950000000   -1.122078000   -0.428842200
 949   -0.950000000   -0.236122100    0.651999000
 950    3.835456000    0.907231600    1.529367000
 951   -0.950000000   -0.267212400    1.342585000
 952   -0.950000000   -0.248750400   -0.200327100
 953    1.881307000   -0.049221630   -0.661276200
 954    0.630145400    0.374681800    0.517511300
 955   -0.950000000   -0.270392600   -0.219096100
 956   -0.950000000   -0.274652500   -1.095958000
 957   16.223390000    1.160934000    1.028612000
 958    1.709051000    0.195220300   -0.561768900
 959    3.931895000    0.160925100   -0.935105000
 960    0.460032300   -0.163851500   -0.307574200
 961   -0.950000000   -0.737750200   -0.940023700
 962    6.457710000    0.515077200   -0.255621600
 963   -0.950000000   -0.629599800    0.107925300
 964   -0.950000000   -0.710657000    0.857238100
 965    1.122364000    0.387229000    0.816476400
 966    9.455815000    0.846246300    1.210578000
 967    4.894627000   -0.125523900   -1.975749000
 968   13.153020000    1.176993000    1.087145000
 969   26.230240000    1.366598000    1.186216000
 970    5.040318000    0.343678600   -0.491851700
 971   -0.950000000   -0.682744000   -0.882403700
 972   19.090300000    1.891656000   -0.211974800
 973   -0.950000000   -0.489856000    0.173212400
 974    5.566754000    0.428332200   -0.016768330
 975   10.951380000    0.776381100   -0.103973700
 976   -0.950000000   -1.286859000    0.940976300
 977   19.417370000    0.943467600    0.226408700
 978   12.929470000    0.655732900   -0.232474700
 979   17.611860000    1.531772000    0.900067900
 980    0.548296000   -0.709025100    0.038585600
 981   25.613480000    1.429786000   -0.130926300
 982   23.457850000    1.322705000    1.664943000
 983    3.326563000   -0.609232900   -1.428630000
 984   -0.950000000   -0.960248900   -0.217190700
 985   -0.950000000   -0.145786300    1.983236000
 986    6.574836000    0.727653600    1.565081000
 987   33.180170000    1.862058000   -1.244089000
 988   18.146200000    1.638915000   -0.030055550
 989    5.189853000   -0.373945700    1.411461000
 990    5.392913000   -0.164422000    1.934668000
 991   -0.950000000   -0.067096110    0.648938500
 992   -0.950000000   -1.331991000    0.393840000
 993    0.421113400   -0.015469940   -1.067029000
 994   -0.950000000   -0.457617100   -0.368519900
 995   -0.950000000   -0.274466200   -1.067475000
 996   -0.950000000   -0.838166900    1.298193000
 997   -0.950000000   -0.106705600    1.134903000
 998   -0.950000000   -0.851091600    1.288738000
 999   -0.950000000   -0.139775600   -0.605428700
1000   -0.950000000    0.146160500    0.477459400
1001   -0.950000000   -0.337368800    1.099592000
1002   -0.950000000   -0.494612200    1.527006000
1003   -0.162267300    0.284960500    0.209885500
1004   -0.950000000   -0.896628100   -0.008456745
1005   -0.950000000   -0.803886400   -0.036028320
1006   16.647410000    1.351392000   -1.494770000
1007   -0.950000000   -0.774871700   -0.800093500
1008   -0.950000000   -0.568789900   -1.822246000
1009   -0.950000000   -1.086805000    0.586011400
1010    2.445267000    0.341781200    0.668810100
1011   -0.950000000   -0.300073600    0.318108500
1012   -0.950000000   -0.135451000    1.069173000
1013    0.883846600    0.173603400    0.365524500
1014   -0.950000000   -0.050303710    1.419560000
1015   -0.950000000   -0.516619000    0.379606900
1016   -0.950000000   -0.501116300    1.171353000
1017   -0.950000000   -1.189778000    0.235561700
1018   -0.950000000   -0.438666100    0.052447370
1019   -0.950000000   -1.697363000    0.828533200
1020   -0.950000000   -1.277577000    0.836967200
1021   -0.950000000   -0.542268000   -1.037763000
1022   -0.950000000   -0.524426000    1.292727000
1023   -0.950000000   -0.400747300   -0.278127600
1024    5.138293000    0.775921600    0.116116800
1025   -0.950000000   -0.898358400   -0.500202800
1026   -0.950000000   -0.346215700    0.849234900
1027   -0.950000000    0.333859900    1.790291000
1028    9.450882000    0.964178500   -0.458693200
1029   -0.950000000   -0.682490700   -1.179033000
1030   -0.950000000   -0.640670400    0.317082000
1031   -0.950000000   -0.486431000    0.769173500
1032    1.159717000    0.218418700   -0.036781870
1033    6.668372000    0.793778600    0.498649800
1034   -0.950000000   -1.447209000   -0.173321400
1035   -0.950000000   -1.348655000    0.954731200
1036    0.048821330   -0.286304600   -0.378384000
1037    2.886952000    0.362034100    0.242256800
1038   16.532750000    0.946460300   -0.834343100
1039    5.940190000    0.336633900    0.602915000
1040    5.618863000    0.696537700    0.517487700
1041   12.064060000    1.136532000    0.253209600
1042   -0.950000000   -0.159348800    0.869501000
1043   -0.950000000   -1.254407000   -0.315696500
1044    1.106230000   -0.371017200   -1.009751000
1045   -0.281477800   -0.105993800   -0.132390000
1046    3.704954000    0.308712200    0.141552900
1047    3.343090000    0.209317800    1.435474000
1048   -0.703851400   -0.087375730   -0.195958300
1049   -0.950000000   -0.716290400    1.142497000
1050    5.404663000    0.455141400    0.330161600
1051   -0.950000000   -0.135371500    1.048123000
1052    4.792921000    0.651771000   -1.045310000
1053    7.343749000    0.951327800   -1.375370000
1054   -0.252044000    0.154922400    1.565592000
1055   -0.950000000   -0.142660500   -0.370547600
1056   11.197180000    1.045155000   -0.815905800
1057   -0.950000000   -0.266996500   -0.530047600
1058    0.311171800    0.198322300   -0.255574100
1059   -0.950000000   -0.076283450    0.489614600
1060   -0.950000000   -0.388505400   -0.527102000
1061   -0.950000000   -0.365977800    0.023514980
1062    2.252795000    0.423639300   -0.096820630
1063   -0.950000000   -0.526893900    0.425188200
1064   -0.950000000   -1.060500000   -1.648779000
1065   -0.950000000   -0.493516000   -0.123473300
1066   -0.950000000   -0.529745300    0.749029100
1067    3.028380000    0.166509200   -0.552124100
1068    9.679148000    0.981082900    0.357388300
1069   12.308150000    1.236576000   -1.100937000
1070    1.217642000   -0.228530000   -1.134323000
1071    2.889330000   -0.049525730   -0.898616700
1072    8.351940000    0.942047800   -0.544846500
1073    0.911057500   -0.179637700   -0.413667800
1074   10.461840000    0.992555600    0.565264700
1075   -0.402455000    0.013704320    0.851426300
1076    3.974380000    0.247672000    0.242957800
1077   19.888590000    1.708815000   -0.600115500
1078    6.725284000    0.400314800    0.047907220
1079   -0.950000000   -0.561500600   -0.070657610
1080   -0.950000000   -1.382830000    1.962862000
1081   -0.950000000   -0.755820500    1.364845000
1082   11.870420000    0.817454900    0.056047970
1083   -0.950000000   -0.793471500    0.276580000
1084    8.041909000    0.172919600   -0.608647600
1085    5.099202000    0.021163320    0.117541500
1086   11.706770000    0.573136900    0.259760000
1087   14.702680000    0.966583900    1.513993000
1088   22.331930000    1.490235000   -1.407088000
1089   -0.950000000   -0.537815300    0.399267600
1090   15.147050000    0.648562000   -1.008285000
1091    2.908026000   -0.214827800    0.607169000
1092   22.751970000    1.536667000    0.433011700
1093    7.749123000    0.407280800    0.273727200
1094   -0.950000000   -0.460971700    1.853877000
1095   17.026940000    0.931438500   -1.330161000
1096    7.798575000    1.373013000    0.532596300
1097   -0.950000000   -0.698381100   -0.687183700
1098   -0.950000000   -1.169169000   -0.403058600
1099   -0.950000000   -1.886906000   -1.136558000
1100    3.206377000    0.428673200    0.550193100
1101    1.846598000   -0.206405600   -1.367271000
1102    9.046512000    0.719840200    0.741506100
1103   -0.950000000   -0.548392600    1.596211000
1104   24.337290000    1.913068000   -0.076012820
1105    8.018226000    1.050256000    1.137358000
1106    3.828710000    0.336958900   -1.028127000
1107    8.182781000    0.820821200   -0.089691330
1108   -0.950000000   -0.689872200    0.148667200
1109   -0.950000000   -0.460494500   -1.318905000
1110    7.625493000    0.498912700   -1.016129000
1111   -0.950000000    0.207206300    1.551637000
1112    0.778498400   -0.089024170   -0.003501698
1113   20.498570000    1.864781000    0.338888000
1114   -0.950000000   -0.472116900    0.962209600
1115   -0.950000000   -1.265320000    0.136434100
1116    0.333097700   -0.222491900   -1.130598000
1117    2.663997000    0.214447300    0.835112100
1118   -0.950000000   -0.850491300    1.633487000
1119   13.523860000    1.304315000    0.645983000
1120   -0.950000000   -0.680079200    0.765168300
1121    7.347783000    0.559649400    1.862894000
1122   -0.950000000   -1.627904000   -1.464658000
1123    3.127796000    0.266492500   -0.134368600
1124   -0.950000000   -0.109525100    1.393830000
1125   -0.950000000   -0.340613600    0.470326800
1126   -0.950000000   -1.369800000    0.271796300
1127   -0.950000000   -0.676709200   -0.157093500
1128   -0.950000000   -1.233472000   -0.317479800
1129   -0.950000000    0.219920800   -1.843666000
1130    4.530967000    0.550729000   -1.672462000
1131   -0.950000000   -0.597292800    0.823563600
1132    8.839831000    1.310879000   -0.055027120
1133   -0.950000000   -1.229878000    0.247969500
1134   -0.069286720    0.032436840   -1.397695000
1135    1.521432000    0.547315000   -0.001197454
1136   -0.950000000   -0.496109000   -0.065382650
1137   -0.950000000   -0.572040000   -0.623980800
1138   -0.950000000   -1.469027000    0.389218900
1139   -0.950000000   -0.457079200    0.975809700
1140    9.527290000    1.666342000    0.289865300
1141   -0.950000000   -1.836226000    0.564200700
1142    7.390122000    1.457287000   -0.143456100
1143   -0.950000000    0.276086500    0.241751300
1144   -0.950000000   -1.908040000   -1.741571000
1145   -0.950000000    0.723164100    1.144989000
1146   -0.950000000   -1.482201000   -1.497214000
1147   -0.950000000   -0.075932320   -0.471791500
1148   -0.950000000   -1.308219000   -0.258146300
1149   -0.950000000   -0.060434240    0.105420600
1150   -0.950000000   -1.901022000    0.404036800
1151   -0.950000000   -0.764942700   -0.475077300
1152   -0.950000000   -1.287631000    0.195205500
1153   -0.950000000   -0.439572100    1.417222000
1154    6.620709000    1.109935000   -0.271834500
1155   -0.950000000   -0.125358200    1.570611000
1156    9.517888000    0.654439600   -0.978813000
1157   -0.950000000   -0.754242800    0.360927500
1158    8.959269000    0.755291300   -0.353903000
1159   15.785010000    1.348446000   -1.151385000
1160   -0.950000000   -0.510960800   -0.839565100
1161   11.173940000    0.620002500   -1.860941000
1162    8.691356000    0.800727700    0.192528300
1163   16.611450000    1.136327000   -0.709697300
1164   20.605820000    1.853697000    0.378346700
1165    2.590348000    0.146508600   -0.462953900
1166    6.871304000    0.794419700   -0.480944600
1167   -0.210171300    0.124122800    0.982672800
1168   -0.950000000   -1.840122000   -1.839026000
1169   -0.950000000   -0.399235800    0.012565670
1170   19.265740000    1.606546000   -0.053300100
1171   -0.950000000   -1.990057000    0.001134287
1172   12.337010000    0.763590600   -1.034242000
1173    5.953223000    0.070711420   -0.333296900
1174   -0.042638810   -0.601199400   -0.412157000
1175    8.077749000    1.314464000    0.821947000
1176   11.678320000    0.860465000    0.247365000
1177    3.525666000   -0.073021910    0.152604100
1178   -0.950000000   -0.614370200    1.284392000
1179   10.621700000    0.695226300    0.781886200
1180    7.530278000    0.761144000    1.439287000
1181   19.812130000    1.620127000    0.378083400
1182   -0.950000000   -1.039432000   -0.549196800
1183    7.921541000    0.397667700    0.487739200
1184   20.631480000    1.602699000    1.263820000
1185   -0.950000000   -0.907955600   -0.934491700
1186    8.557680000    0.674978900    0.658048800
1187   -0.950000000   -0.728068900    1.520092000
1188   -0.950000000   -0.101072200   -0.060745290
1189   -0.950000000   -0.343966900    0.232105800
1190    1.668832000    0.139523100   -0.673731400
1191    3.766089000    0.703746100    0.999596900
1192   -0.412304600    0.047288940   -0.596418600
1193   -0.950000000   -0.729506900    0.993963800
1194   -0.950000000   -0.199131400    0.764062800
1195   19.382290000    1.695593000   -0.997670000
1196   16.074220000    1.193197000   -1.591013000
1197   -0.950000000   -0.501783400   -1.509903000
1198   -0.950000000   -0.825452400    1.090537000
1199   -0.950000000   -1.636799000   -0.997561800
1200   -0.950000000   -0.996109800   -0.017897270
1201   -0.950000000   -1.364234000   -0.141905000
1202    0.000503718    0.126477300   -1.203843000
1203   -0.950000000    0.411614600   -0.008184523
1204    2.651384000    0.542586800   -1.324068000
1205   -0.950000000    0.048760470   -0.846896400
1206   -0.950000000   -1.510629000   -1.635336000
1207   -0.950000000   -1.024085000   -1.151736000
1208   -0.950000000   -1.028870000    0.159552100
1209   -0.950000000   -0.579795100    0.203599100
1210    3.680964000    0.708239400   -0.736122400
1211   -0.950000000   -0.248840000   -1.094848000
1212   -0.950000000   -0.285920800    0.963305400
1213   -0.950000000    0.251104500    0.366811500
1214   -0.950000000   -0.745346800    0.749936900
1215    2.582203000    0.980165800    0.759434700
1216   -0.950000000   -1.404764000    0.430651700
1217    7.113529000    0.410019300   -1.969294000
1218    0.761948400    0.267786400   -1.177448000
1219   -0.950000000   -0.467632200    1.229962000
1220   -0.950000000   -0.179173100    0.171620000
1221   16.703640000    1.593066000   -1.683903000
1222    6.630467000    0.997190500   -0.552842500
1223   -0.950000000   -0.175765900   -0.624919600
1224   -0.950000000   -0.616917300   -0.338861200
1225   -0.950000000   -0.888874200    0.066595310
1226   -0.950000000   -0.372248600    0.937152700
1227   -0.950000000   -0.707610300   -1.681395000
1228    1.938032000    0.406472800    0.010334810
1229    5.831396000    1.266603000    1.205101000
1230    0.393459800    0.181548500   -0.449731400
1231   -0.950000000   -0.334536200    0.184338300
1232   18.351110000    1.199285000   -0.224202800
1233    3.071126000    0.636707100    0.549439700
1234   -0.950000000   -0.534061400    1.484772000
1235   -0.950000000   -1.224418000    0.558459300
1236   16.732000000    1.110330000   -0.250375400
1237    6.837252000    0.356112500   -0.505534400
1238    5.187289000    0.642107400    0.355683700
1239   -0.950000000   -1.200035000    0.516324300
1240   -0.950000000   -0.830083800   -0.288042500
1241   -0.950000000    0.307549000    0.952803900
1242    5.149300000    0.080244330   -1.073248000
1243    4.144865000    0.389755400   -0.391178700
1244   -0.950000000   -1.582774000    0.426546300
1245    1.572576000    0.242008000    0.924287000
1246   -0.950000000   -0.245979300    1.695365000
1247   -0.950000000   -0.100816900    0.002191277
1248   -0.950000000   -0.712569600   -0.216639100
1249    2.577395000    0.529698300   -0.265066100
1250   -0.950000000   -1.914871000    0.341843200
1251   -0.950000000   -1.752679000    0.553044700
1252    2.591128000    0.181740900   -0.415306900
1253    6.162497000    0.798057200   -0.203720600
1254   -0.950000000   -0.696375900   -0.440457500
1255   -0.950000000   -1.603343000   -0.789788900
1256   12.800770000    1.456988000   -0.534791000
1257    6.972968000    0.588001800    0.762738300
1258   -0.950000000   -0.030979710    0.578504800
1259    6.387625000    0.567087700   -0.115180200
1260    6.610626000    1.257747000    1.555206000
1261    5.272079000   -0.163430400   -1.110998000
1262   22.227210000    1.439167000    0.695812700
1263    0.909488400   -0.142980500    0.635344400
1264    3.562829000   -0.104451700   -0.024251410
1265   10.053230000    0.988646800   -0.006264151
1266    1.058172000   -0.017174650    0.753645800
1267   22.639430000    1.657291000    0.379467800
1268   11.587290000    0.895188800   -0.583203500
1269    0.202174900   -0.711040400   -1.904352000
1270   12.147270000    1.254200000    0.779159400
1271    8.733425000    0.454014400   -1.203391000
1272   15.906840000    0.663820400   -1.430784000
1273   -0.950000000   -0.143581600    0.870427300
1274   -0.950000000   -0.633388900   -0.345946300
1275   13.944530000    0.906018100   -0.535218600
1276   -0.950000000   -0.612114400    0.210223100
1277   11.987420000    1.136702000   -0.144430000
1278   10.102260000    0.584227800    0.394860600
1279   -0.851323400   -0.132089000    1.401887000
1280    4.373253000   -0.045973720   -0.072261170
1281   -0.594705000   -0.337614100    0.262140800
1282   17.663900000    1.225226000    0.293358800
1283   15.369450000    0.944643000    0.012107500
1284    0.487500800   -0.026362860    0.747911000
1285   -0.950000000   -1.040704000    0.109877300
1286   17.536930000    1.475346000    1.106196000
1287   15.606790000    1.354894000    0.742540600
1288    0.822820400   -0.236474000   -0.294474800
1289   -0.950000000   -0.977496200   -0.304952300
1290    8.941215000    0.552733400   -0.067312370
1291    2.984643000   -0.009605527    0.420620900
1292    0.453744200   -0.033240870    0.440847300
1293    7.426226000    0.350548500   -0.699087900
1294    4.279481000    0.235994800   -0.026335140
1295    2.753317000    0.221346900    0.811133100
1296   -0.950000000   -0.769526900    0.114912700
1297    1.530513000   -0.539241600   -1.093408000
1298   -0.950000000   -0.659299500   -0.288127200
1299   -0.950000000   -1.285666000   -0.117244000
1300    5.370947000    0.573764200    0.219646300
1301    0.850017600    0.227700200    0.958039200
1302    8.912833000    1.169895000    0.425150000
1303   -0.950000000   -0.490806800   -0.638268400
1304   -0.950000000   -0.031458990    0.702536300
1305    9.024232000    1.115038000   -0.346072300
1306   -0.950000000   -0.542269800    0.054854520
1307   -0.950000000   -0.914566000   -0.971009000
1308   -0.950000000    0.125705600   -0.526287400
1309   -0.950000000   -1.310610000   -0.725324800
1310   -0.950000000   -0.069173990   -0.823953900
1311    1.278806000    0.428434100    0.177713900
1312   -0.950000000   -0.478692800    0.026397330
1313   -0.126413100    0.411676700   -1.116326000
1314   -0.950000000   -1.118717000   -1.075182000
1315   -0.950000000   -0.720788800   -0.963812800
1316    5.124383000    0.477172300   -0.690416500
1317   -0.295782500    0.229848300   -0.324486200
1318   -0.950000000   -0.621346400    0.143060800
1319    1.183265000    0.463023600   -0.612917100
1320   -0.950000000   -0.533155800    0.073054350
1321   -0.950000000   -0.426136300    0.286564700
1322   -0.950000000   -0.281659300    0.439330700
1323    5.637203000    1.257930000   -1.002124000
1324   -0.950000000   -0.051911970   -0.454704200
1325   -0.950000000    0.424842300    0.228918200
1326   -0.950000000   -0.917736500    0.325488100
1327   -0.950000000   -1.619368000   -0.947000400
1328    9.495941000    1.149345000   -1.229184000
1329   -0.950000000   -1.399866000   -1.905803000
1330   -0.950000000   -1.373797000    0.380533300
1331   -0.950000000   -0.678550100   -1.423076000
1332   -0.950000000   -0.500128000   -0.132526600
1333   -0.950000000   -0.808862100   -1.147948000
1334   -0.950000000   -1.012190000   -0.541373400
1335   10.517360000    1.589296000    0.129470100
1336   -0.950000000   -0.911773000   -1.449342000
1337    1.843246000    0.121209000   -0.885950100
1338   10.531250000    0.948941700   -1.126519000
1339   10.359960000    1.567446000    0.260341300
1340   -0.950000000   -1.403216000   -0.612431200
1341   -0.950000000   -0.102067100   -0.686247700
1342    5.895615000    0.833660800    0.291715600
1343   -0.950000000   -0.435310400   -1.808411000
1344   -0.950000000   -0.893859600   -0.365057100
1345   -0.950000000    0.101079100    0.258142500
1346   13.460050000    1.459154000   -0.689872300
1347    0.284968000    0.569806300    0.750538700
1348    0.976977100    0.323962000   -0.310278300
1349   -0.950000000   -0.043508540    0.196957700
1350   -0.950000000   -0.800355000   -1.084953000
1351   -0.775108300    0.150343500   -0.203553500
1352   -0.950000000   -1.607319000   -0.677923400
1353   -0.950000000   -0.825609500   -0.699397000
1354    8.089074000    0.994655500    0.189816800
1355   -0.950000000   -1.071503000   -0.093683980
1356   -0.950000000    0.165875800    0.158947000
1357    0.399651200    0.207388700   -0.590024500
1358   -0.950000000   -0.250427700   -1.537366000
1359   -0.950000000    0.228221100    0.477976400
1360    8.357752000    0.933111100    0.377019700
1361    8.971759000    0.925276600    0.035486360
1362    4.430651000    0.642244100   -0.286092600
1363   -0.950000000   -0.483682700   -0.169751400
1364    8.876308000    1.114667000    0.653302000
1365   10.990860000    1.225266000    0.212650700
1366   -0.950000000   -0.635801700    0.129973700
1367    2.746024000    0.357031200   -0.899454400
1368   -0.950000000   -0.060594940   -0.098761800
1369   -0.950000000   -0.053342980    1.895988000
1370   -0.950000000   -0.137194100   -0.061652830
1371   -0.950000000   -0.146446500   -0.459529400
1372   -0.950000000   -0.831528000    0.301220200
1373    2.916289000    0.703794200    0.035994400
1374    3.779889000    0.390959000   -0.910192700
1375    3.473711000    0.586291700    0.602716200
1376   -0.950000000   -1.836861000   -0.284072000
1377   -0.950000000   -0.987889300    1.044272000
1378   -0.950000000    0.036670480    0.475369000
1379   -0.950000000   -0.350821400   -0.637299800
1380   -0.306665000    0.088365590   -1.220979000
1381   -0.950000000   -1.590956000   -0.815343400
1382    2.392637000    0.389522200    0.290127400
1383   -0.950000000   -0.199619500    0.124851800
1384   -0.950000000   -0.925771400    0.469896400
1385    0.764398200   -0.121921700   -0.905089200
1386   -0.950000000   -0.435138500   -0.349672000
1387   -0.235452700   -0.099591900    0.122903500
1388    2.467627000    0.143976800   -1.626646000
1389    5.137156000    0.392596600   -1.183954000
1390   -0.950000000    0.215568800    0.712994800
1391   -0.950000000   -1.549489000    0.115365900
1392    5.699567000    0.702585800   -0.603770200
1393    2.006864000    0.151597200    1.854786000
1394   -0.950000000   -0.759801500    1.016130000
1395   -0.950000000   -1.266410000    0.053864170
1396   -0.950000000   -0.973000800   -1.590533000
1397   -0.950000000   -0.948047800   -0.159575900
1398   -0.950000000    0.032099040   -1.278525000
1399    0.062036290    0.670103700    0.747472500
1400   -0.950000000   -1.176675000   -0.512400100
1401   -0.950000000   -0.612354600   -0.470053400
1402   -0.950000000   -0.172037200   -1.341748000
1403   -0.950000000   -1.631260000    0.184234000
1404   -0.950000000   -0.290193700   -0.206328300
1405   11.803870000    1.772698000    0.027449640
1406    6.590685000    1.276994000   -0.258582300
1407   -0.950000000   -0.961526300   -0.226534400
1408   -0.950000000   -0.595516700   -0.553397600
1409   -0.950000000    0.156017200   -0.346857900
1410    2.871490000    0.780475400    0.610245500
1411   -0.950000000   -0.434642500    0.792371100
1412   -0.950000000   -0.461132900    0.414663800
1413   -0.950000000   -0.621028500    0.153004800
1414   -0.773588900   -0.291063700   -0.887295500
1415   -0.050584410    0.282980800    0.534984800
1416   -0.950000000   -0.858253300    0.793358400
1417   -0.135589200   -0.166587200   -0.732031700
1418    7.186178000    0.526344300    0.294172800
1419   -0.950000000   -0.411834200    0.802458600
1420    9.877719000    0.913404800    0.278196800
1421    6.161687000    0.355521400   -0.403197400
1422    7.072547000    0.420179900   -0.342996300
1423   13.928060000    1.394927000   -0.583464000
1424    8.517023000    0.635031000   -0.488485300
1425   -0.950000000    0.063517930    1.955009000
1426    9.133074000    0.633291900   -0.675588500
1427    3.971289000    0.558745400    0.985095400
1428    2.529088000    0.019016970   -0.418791600
1429    3.554063000    0.442943500    1.076530000
1430    7.901347000    0.799994100   -0.329505800
1431   -0.950000000   -0.839290900   -1.343624000
1432   -0.516923000   -0.172299700    0.594984400
1433   -0.281554200   -0.053618320    0.474421900
1434   -0.950000000   -0.742313800   -0.874042000
1435    2.832770000    0.217010500   -0.687643200
1436   10.086730000    0.848064600   -0.535330700
1437    1.717032000    0.024781220   -0.554047200
1438    1.268045000   -0.026220310    0.312257300
1439    9.465757000    0.759432700   -0.199774200
1440   -0.950000000   -1.122725000   -0.508870300
1441    9.555461000    1.691164000   -0.576256300
1442   -0.950000000   -0.055873030    0.170854200
1443   -0.950000000   -0.291257000    0.603981500
1444   -0.950000000   -0.046356880    0.826468300
1445   -0.950000000   -0.484000400   -1.270825000
1446    0.646604000   -0.020298970   -1.054533000
1447   -0.950000000   -0.266375900   -0.114135100
1448   -0.950000000   -0.976036200    0.180078600
1449   -0.451499300    0.244199400   -0.053905800
1450   -0.950000000   -0.815668900    0.129306700
1451   -0.950000000   -0.123685300    0.138330600
1452   -0.950000000   -0.052225870   -1.454375000
1453   -0.950000000    0.259590200    0.146768000
1454   -0.950000000   -0.535766500    0.325866700
1455   -0.950000000    0.233875500    0.543345200
1456    1.365561000    0.186055700   -1.171316000
1457   -0.950000000   -0.706230800    0.043900360
1458   -0.950000000   -0.857198600    0.963497800
1459    8.176985000    1.303538000    0.185651700
1460   -0.950000000   -1.415269000   -0.371052300
1461   -0.950000000   -0.978399500   -1.127064000
1462   -0.950000000   -1.154746000   -0.613537000
1463   -0.950000000    0.255188400    0.853921900
1464    4.567065000    0.594250900   -0.340215600
1465   -0.950000000   -0.924641300    1.283268000
1466    4.018290000    0.683104800   -0.506845200
1467   -0.855044400    0.215700200   -0.159103400
1468   -0.950000000   -1.079013000   -0.317827000
1469   -0.950000000   -0.951831100    0.672252400
1470   -0.950000000   -0.887267200   -0.537896200
1471    0.640082600    0.236557500   -0.906764200
1472    6.038143000    0.758310100   -0.192183300
1473   -0.950000000   -0.533009700    1.624655000
1474   -0.950000000   -1.018454000   -0.024799320
1475   -0.950000000   -0.646954700   -0.052380880
1476   17.868970000    1.737923000    0.462693600
1477    3.442722000    0.643000600   -0.000322445
1478   -0.950000000   -1.087748000    0.266421000
1479   -0.950000000   -0.588383600   -0.267007100
1480   -0.950000000   -0.114242000    0.414548000
1481   -0.950000000   -0.181217100   -0.625400200
1482   -0.950000000   -0.638563400   -0.115007800
1483   -0.950000000   -0.501599200    0.532351100
1484   -0.950000000   -0.295773000    0.075352000
1485   -0.950000000   -0.516265800    0.589811900
1486   -0.950000000   -1.825625000    0.561117300
1487    3.672122000    0.593968600    1.482762000
1488   -0.950000000   -1.108427000    0.502486000
1489   -0.950000000   -0.500885200    0.940087200
1490   -0.950000000    0.159898200    1.501790000
1491   -0.950000000   -1.641637000    1.229196000
1492   -0.950000000   -0.700064800    0.387550900
1493   -0.950000000   -0.375795700   -1.162678000
1494   -0.950000000   -1.218780000   -0.780829500
1495    5.024775000    0.614132500   -1.352490000
1496   -0.950000000   -1.402210000    0.711751700
1497    3.794054000    0.604168100   -0.199302300
1498   -0.950000000   -0.037200360    1.686589000
1499   -0.950000000   -1.215299000   -1.133150000
1500   -0.950000000   -0.568571000    0.263324300
