*y  x1  x2
   1   -0.950000000   -0.656374500   -1.279533000
   2    3.870510000    0.790606900   -0.088973720
   3   -0.950000000    0.151432100   -0.781002400
   4    0.206488000    0.292695100   -1.209117000
   5   -0.950000000    0.858428900    1.051042000
   6   -0.950000000    0.242575600   -0.040247440
   7   -0.950000000   -1.004067000   -1.041928000
   8   -0.950000000   -0.406300000   -1.657745000
   9   -0.950000000   -0.059887540   -0.797902600
  10   -0.950000000    0.081765480    0.113293800
  11    2.337876000    0.736730500   -0.325485100
  12    0.267015300    0.495998800   -0.457054600
  13   -0.543402000    0.378893200   -0.340942600
  14   -0.950000000   -1.571971000   -0.644858300
  15   -0.950000000   -0.473512300   -1.307643000
  16   -0.950000000   -0.972302100   -0.086358220
  17   10.454280000    1.242702000    0.682392800
  18   18.298370000    1.539776000   -0.037764280
  19   10.946360000    0.902382000   -0.377306500
  20    3.476185000   -0.109543000   -0.577742200
  21    1.844174000   -0.259249200   -0.494201500
  22    9.335831000    0.739490200    0.396669900
  23   12.473390000    1.560193000    1.094268000
  24   -0.950000000   -1.875326000    0.093251230
  25   -0.950000000   -1.673617000    0.926636200
  26   13.734100000    0.856343900   -1.319502000
  27    4.462783000    0.002554952   -0.481188400
  28    1.023787000   -0.255517100    0.329872600
  29   -0.950000000   -0.321925000    1.331610000
  30    8.574991000    0.325033100    1.214013000
  31   26.254050000    1.968298000   -1.076060000
  32   -0.950000000   -1.913771000    1.754588000
  33    8.141646000    0.732105400    0.731698200
  34   13.853310000    0.984079800    0.126000600
  35    2.380125000   -0.029946800    0.559214200
  36    6.592485000    0.326973700    1.175748000
  37   15.306590000    1.179568000   -0.093066320
  38   -0.777382000   -0.620527300   -0.606905300
  39   -0.950000000   -0.684212400    0.440596100
  40   -0.950000000   -1.015061000    0.655325100
  41    8.153082000    0.608824500    0.450996000
  42    5.959924000    0.182716000    0.749260100
  43    7.939407000    0.556999200    0.357408300
  44    9.572998000    0.220593700    1.121639000
  45   -0.950000000   -0.953109100    0.474549200
  46   -0.950000000   -0.426308800    0.864022000
  47    3.623714000    0.165022600   -0.132123400
  48    9.777114000    0.825233600   -1.125046000
  49    3.632076000    0.122298000   -0.658377600
  50   -0.950000000   -1.290045000    0.332394800
  51   24.744690000    1.518338000   -0.265460600
  52   -0.950000000   -0.577330800   -1.103177000
  53   -0.950000000   -1.455054000    0.414977200
  54    4.790038000    0.224655500   -0.585253800
  55   -0.950000000   -0.020259220    1.502505000
  56    5.235185000    0.314629100   -0.789859000
  57   10.361160000    1.071358000    0.411922800
  58    4.741414000    0.049091350   -1.271295000
  59    1.377988000    0.280258800    1.372075000
  60   16.697490000    1.555667000    1.533978000
  61   -0.950000000   -1.199509000   -0.410425900
  62   -0.950000000   -0.338442300    0.086698020
  63   -0.950000000   -1.582993000    0.260460800
  64   15.496560000    1.497632000    1.364136000
  65    3.572728000    0.395985500   -1.437081000
  66   -0.208121800    0.157194000    0.822500700
  67   -0.950000000    0.003016774   -1.157565000
  68   -0.950000000   -1.822464000   -0.173984700
  69   -0.950000000   -0.559464300    0.265306400
  70    8.835369000    1.046271000    0.054348950
  71   -0.647998200    0.037481530    0.524656500
  72   20.352800000    1.741578000   -1.399143000
  73   -0.950000000   -1.403694000   -1.675327000
  74    1.460338000    0.009488419   -0.901628600
  75   -0.950000000   -0.945643700    1.734655000
  76   10.238820000    0.496450100    0.180662200
  77   18.837540000    1.098638000   -0.673259900
  78   14.375160000    0.827327600   -0.688662100
  79   17.768260000    1.574010000    0.047311910
  80   -0.950000000   -0.904370200    0.155702400
  81   15.925720000    0.463893400   -1.337231000
  82    4.230065000    0.250774700    1.358733000
  83   12.213800000    0.817018800    0.508883700
  84    0.165257900   -0.607778700   -0.727765000
  85    9.756195000    0.509686900    0.563770500
  86   21.535940000    1.756578000   -0.452773300
  87    5.621747000    0.253565700    0.358536100
  88   12.057500000    1.142552000    1.036318000
  89   -0.950000000   -1.403901000    0.655596000
  90    9.109051000    0.465489900   -0.389488300
  91   -0.950000000   -0.598371100    1.616426000
  92   16.010560000    1.454188000    0.025167770
  93    5.057013000    0.050850270    0.169770700
  94   11.784790000    0.897840000    0.872747000
  95    7.361492000    0.625974000    1.350517000
  96    2.291572000   -0.454168100   -1.032721000
  97    7.544527000    0.579523300    0.898626500
  98   -0.551089600   -0.453228500   -0.408689200
  99   -0.950000000   -0.414974800    0.440424000
 100   -0.950000000   -0.732979200    1.002029000
 101    0.370285500   -0.575611300   -0.997328200
 102   19.457620000    1.597961000   -0.261509100
 103   16.702700000    1.523897000    0.566219100
 104    1.240598000   -0.015696100    1.075493000
 105   -0.950000000   -1.308453000   -0.443329300
 106   -0.950000000    0.094053920    0.404784800
 107   -0.950000000    0.127536100    0.544606400
 108    0.277962400    0.022985080   -0.700265500
 109   -0.950000000   -0.664400500    0.521963500
 110    1.429087000    0.956290900    0.851383500
 111   -0.950000000   -0.523914600   -0.369856200
 112   -0.950000000   -1.297761000    1.185085000
 113   -0.950000000   -1.902914000   -0.882208700
 114   -0.950000000   -0.322406500   -0.377211400
 115    3.880080000    0.524232100    0.434484800
 116    4.052791000    0.685269700    0.678120500
 117   23.446560000    1.697401000   -1.728199000
 118   -0.950000000   -0.586447400    0.947711700
 119   -0.950000000   -1.288837000   -0.259193200
 120   -0.950000000   -0.399200000    0.271538000
 121   -0.950000000   -1.706202000   -1.785654000
 122   -0.950000000   -0.054303540    0.818855200
 123   -0.950000000   -0.569511200    0.028161210
 124   -0.950000000   -0.758108100    0.105803100
 125   14.668650000    1.742070000    0.836686000
 126    0.042527850   -0.036275520   -0.520921400
 127   -0.950000000   -1.033765000    0.561792300
 128   -0.950000000   -0.686882700   -1.152069000
 129   -0.950000000   -0.270132000    1.280022000
 130    7.207636000    0.701590600   -0.807336100
 131   -0.950000000    0.251503700    0.796590000
 132    4.262243000    0.525670600    0.561196800
 133   -0.950000000   -0.249684000    0.231016400
 134    3.829230000    0.461882300   -0.389790500
 135   -0.950000000   -0.263660000    0.605212700
 136   16.380570000    1.978653000   -0.647583600
 137   -0.950000000   -1.725834000   -1.082464000
 138   13.675400000    1.231730000   -0.474245300
 139   -0.950000000   -0.704784100    0.259980300
 140   -0.950000000   -1.773370000   -0.013836950
 141   -0.950000000   -0.766185900    0.087728470
 142   -0.950000000   -0.721259600   -0.227050100
 143    0.257814800    0.092235500   -0.134089100
 144    0.490815300   -0.110686300   -1.086900000
 145   -0.950000000   -0.287680400    0.142193900
 146    9.650107000    1.096763000    0.059316290
 147   -0.950000000   -0.523584400    0.364718900
 148   -0.950000000    0.011582410    0.183948200
 149    5.097188000    0.480898800   -0.518971200
 150    2.295312000    0.109920100   -0.266924200
 151    7.220731000    1.550131000    0.010801240
 152   -0.950000000   -0.434301400   -0.013164030
 153   10.671390000    0.857388900   -1.640567000
 154   -0.950000000    0.191060500    1.232206000
 155   -0.950000000   -0.583281200    0.306158900
 156    4.733196000    0.595608900   -0.173407700
 157    5.744080000    0.724584400   -0.437866000
 158    3.546282000    0.325745500   -1.653125000
 159   -0.950000000   -1.218184000   -0.422772700
 160   12.977960000    1.334546000   -0.284060600
 161   -0.950000000   -0.680671000   -0.521807000
 162    2.185376000    0.246652000   -0.510307900
 163   -0.950000000   -0.414658200   -0.333217200
 164    1.639927000    0.360713900    0.497413200
 165   -0.950000000   -1.417954000    0.170761700
 166   -0.950000000   -0.432307800    0.730726100
 167   -0.950000000   -1.871620000   -0.004340033
 168    4.823809000    0.858024400    1.951458000
 169   -0.950000000   -0.883536000   -0.199411400
 170    7.672297000    0.431460900    1.470315000
 171   -0.950000000   -0.974051300    0.037241900
 172    2.907034000    0.356400400   -0.622491600
 173   -0.950000000   -0.965146200    1.188340000
 174    3.486770000    0.253991000    1.198181000
 175   -0.950000000   -0.574403600    0.405559300
 176    9.199964000    0.395897800   -1.353828000
 177   19.487880000    1.276317000   -1.237416000
 178   -0.950000000   -0.775493700   -0.304405700
 179    3.847406000    0.367001800    0.690294000
 180   28.779880000    1.893932000   -0.372871900
 181    4.483230000    0.522361500    0.336992000
 182   -0.950000000   -1.675285000   -0.023472540
 183   -0.950000000   -1.158914000   -0.291513800
 184   -0.950000000    0.125573000    1.838805000
 185   18.795020000    1.581089000   -0.440239200
 186   16.299490000    1.702065000    0.289704600
 187   -0.950000000   -0.437774000    0.239758000
 188    2.147819000    0.216031600   -0.450039700
 189   -0.827017400   -0.056356350    0.531210700
 190    8.169205000    0.732006100   -0.720931200
 191   -0.950000000   -1.722931000   -0.129058700
 192   -0.950000000   -1.249482000    0.783837600
 193   -0.950000000   -1.320268000    0.682824800
 194   -0.950000000   -0.975166800    0.300343300
 195   -0.950000000   -0.923901500   -0.167608400
 196   -0.950000000   -0.537664300   -0.513066500
 197    2.207437000    0.384438100    0.499420600
 198   -0.950000000   -1.209665000   -0.425419000
 199    4.418470000    0.648388000    0.436528200
 200    0.505149700    0.200843000   -0.337468400
 201   -0.950000000   -0.257538200   -0.704985300
 202    1.327842000    0.220406600   -0.284356800
 203   -0.950000000   -0.705829000   -0.737782800
 204    5.227562000    0.633187300   -0.759164700
 205   -0.950000000   -0.321550900    0.564879300
 206    2.041389000    0.322008200   -1.177178000
 207    2.401981000    0.878999200    0.296760900
 208   22.782400000    1.922148000   -1.073907000
 209    9.642138000    1.143317000    0.062930410
 210   -0.950000000   -0.234888500   -0.853354600
 211    0.794492900    0.296716800    1.163751000
 212   10.889600000    1.325544000    1.344250000
 213    7.724146000    0.552212100   -0.109983300
 214   22.204860000    1.929738000    0.052726650
 215   -0.049745840    0.053512570    0.769104600
 216   11.283340000    0.563131500   -1.288610000
 217    1.218569000   -0.194021900   -1.182828000
 218   -0.950000000   -1.709899000    0.119818700
 219    5.226766000    0.400707200    0.821262300
 220   17.175210000    1.784602000    0.261217000
 221   -0.950000000   -0.855871100   -0.087853680
 222    9.837073000    0.412582000   -1.524383000
 223   10.459910000    0.954755000   -0.249710600
 224   13.290740000    0.820939800   -0.719423300
 225    8.974710000    0.551510600   -1.937189000
 226    7.156603000    0.689620100    1.641701000
 227    1.690902000    0.180400900    0.785939000
 228   -0.950000000   -1.164899000   -1.033837000
 229    8.180502000    0.839564900    0.850399700
 230   11.027750000    1.311345000    0.152767900
 231   11.517030000    0.585842700    1.079716000
 232   11.099790000    0.823888700    1.339693000
 233   -0.950000000   -1.371478000   -0.435094000
 234   -0.950000000   -0.831329200   -0.718990400
 235   14.903080000    1.412572000    0.166421800
 236   16.039150000    0.976060500    0.981659000
 237    9.786281000    0.486671000   -0.307940300
 238    8.397331000    0.380829100   -0.195130900
 239   14.506220000    0.963999100   -0.053519090
 240    6.296225000    0.344607700   -1.551957000
 241    2.558994000    0.448538300   -1.166483000
 242   -0.950000000   -0.978875400    0.158030100
 243   -0.950000000   -1.512665000    0.109675300
 244   -0.950000000   -1.565343000    0.625420900
 245    2.895484000    0.499448300   -1.847980000
 246    1.592714000    0.378118800    0.720805600
 247   -0.950000000   -1.003791000   -0.396034500
 248   -0.950000000   -0.022884730   -1.202544000
 249   -0.950000000   -0.175810200    0.626354000
 250   -0.950000000   -0.833765500    0.514868800
 251   -0.950000000   -0.085115580   -0.381830800
 252   -0.950000000   -0.761868800   -1.377789000
 253   -0.950000000   -1.816608000    0.984088700
 254    1.518400000    1.459649000    1.684809000
 255   -0.328055100    0.371169000   -1.040359000
 256   -0.950000000   -0.187501800    0.273004400
 257   -0.950000000   -0.529397500    1.088735000
 258    0.485198600    0.353995500   -0.461979200
 259    5.340608000    0.860161200    1.285245000
 260    4.071748000    0.902059000    0.206974700
 261   -0.950000000   -1.011060000   -0.834373300
 262   -0.950000000   -0.995760000   -0.323877000
 263   -0.950000000   -0.948213300    0.041816580
 264    0.903441000    0.414504000   -1.173530000
 265   -0.950000000   -1.224681000   -0.451394200
 266   16.619630000    1.289524000    0.199064000
 267   -0.950000000    0.200829800   -0.088321930
 268    6.272418000    0.688692400   -0.771990500
 269    0.561855900    0.002087544   -1.383388000
 270   -0.950000000   -0.042433490   -0.368457600
 271   -0.950000000   -0.454365400    0.300642500
 272   14.460310000    1.332325000   -0.525881300
 273    4.897162000    0.569314400    0.121996300
 274   -0.950000000    0.121490100    1.089555000
 275    5.013648000    0.703301800   -0.064920320
 276    7.153386000    0.407547600   -1.241562000
 277   -0.950000000   -0.791549000    0.133811100
 278    6.668325000    0.545602300    0.228877300
 279    2.969552000    0.314573000   -0.486127200
 280    0.150061700    0.046638490   -0.514927800
 281   -0.950000000   -1.047101000    0.992014900
 282   -0.950000000   -1.074405000    0.827976600
 283   -0.950000000   -0.360618200    0.187086600
 284    5.391891000    0.171473600   -1.276994000
 285   -0.950000000   -0.215184600    0.249253100
 286   16.886920000    1.254874000   -0.451079900
 287   -0.950000000   -0.827507400   -1.054866000
 288    5.320362000    0.383067500    0.325476800
 289    7.657846000    1.203563000    0.795081900
 290   10.222440000    1.211606000    0.111598400
 291    3.890674000    0.156918700   -0.132314500
 292   -0.950000000   -0.820870900   -1.638661000
 293   -0.950000000   -0.708496300    1.236607000
 294    8.241526000    0.913350900    0.404292400
 295    8.805263000    0.826447800    0.477045900
 296   -0.950000000   -0.673080800    1.522010000
 297    5.344232000    0.319273200   -0.039726750
 298   14.150770000    1.468427000   -0.371203200
 299   -0.950000000   -0.917497100   -0.215754700
 300   -0.950000000   -0.421516000   -0.226777000
 301   11.130590000    0.684315300   -1.577184000
 302   -0.950000000   -0.820266000    0.809402400
 303   -0.950000000   -0.632427500   -0.849546400
 304    1.318168000    0.213867000   -0.400175500
 305    2.131494000    0.076186820   -0.336895100
 306   -0.950000000   -0.698079200    1.514576000
 307    0.110200500   -0.007489661    0.293148500
 308   -0.950000000   -0.882173800    1.254905000
 309   12.387440000    1.182258000    0.578722300
 310    6.448900000    0.600077800    1.069640000
 311    5.679582000    1.562619000    0.935655400
 312    1.060827000    0.073242910   -0.847762200
 313   -0.950000000   -0.548416900   -0.661353000
 314   -0.950000000   -1.071378000    0.770059800
 315    2.445373000    0.021577060   -0.980222200
 316   18.685450000    1.253010000   -0.649639700
 317   -0.950000000   -0.615560300    0.179409300
 318   -0.738512300    0.021181640    1.200888000
 319   11.412580000    0.928396400   -0.879591400
 320   -0.950000000   -0.626599600    0.323925900
 321   15.400250000    1.195355000   -0.327313700
 322   18.240470000    1.037308000    1.816712000
 323   -0.950000000   -0.771548800    0.927495600
 324   17.799030000    1.294424000    0.045769490
 325    2.448715000   -0.073614890   -1.014842000
 326   -0.950000000   -0.403498000   -0.569054100
 327    8.721734000    0.379108900   -0.718665700
 328   12.811080000    0.878665000   -0.527228500
 329   16.649550000    1.314419000   -0.109260900
 330    1.133153000   -0.126301100   -0.490009500
 331   10.093870000    0.715828000   -0.926345200
 332   17.471300000    1.694947000   -0.083819770
 333   -0.950000000   -1.226611000    0.089095620
 334   -0.950000000   -0.498759000    0.870807100
 335   -0.950000000   -0.345256700   -0.148240700
 336    9.255833000    1.434912000   -0.177946200
 337   -0.950000000   -0.572295600   -0.313983900
 338   -0.199659400   -0.245734400   -0.529856100
 339   -0.950000000   -0.073468160    0.333233300
 340   12.848110000    1.397899000    1.275091000
 341   -0.950000000   -1.927005000   -0.353479500
 342   -0.950000000   -0.306781000    0.339437200
 343   -0.950000000   -0.265227900   -0.923532200
 344   10.335860000    1.312390000    0.712075900
 345    2.124954000    0.308775200    0.257306500
 346   -0.950000000   -0.557452600   -1.023354000
 347   -0.950000000   -1.346922000   -1.466428000
 348    1.861508000    0.163774000    0.334826000
 349   18.870750000    1.681919000   -1.001773000
 350   -0.950000000   -1.147309000   -0.551314900
 351   -0.950000000   -1.554335000   -0.330792400
 352   16.676460000    1.420898000   -0.567081100
 353   -0.950000000   -0.282558200    0.552623100
 354   15.769770000    1.760259000    0.336795700
 355   11.418670000    1.073061000   -0.065794090
 356   -0.950000000   -0.340369900    0.458604100
 357    4.992003000    0.497528700   -0.251757300
 358   10.264050000    1.195637000    0.142063400
 359   -0.950000000   -0.595644300    0.089054660
 360   16.934860000    1.339341000    0.029460210
 361    1.227643000    0.459460600    1.434523000
 362   -0.950000000   -1.968842000   -0.806566600
 363   -0.864190000    0.399953700    1.144286000
 364    5.909368000    0.502471100    0.542235000
 365   26.409530000    1.923003000   -0.272402000
 366   18.739800000    1.460217000    0.476075800
 367    3.624494000    0.194610900    0.330326400
 368    3.516229000    0.345106600    1.508155000
 369   -0.950000000   -1.294023000    0.732858600
 370   -0.950000000   -0.914578900    1.911412000
 371    8.180628000    0.413605000   -0.581119200
 372    0.846249400   -0.493125100   -1.616593000
 373   -0.950000000   -0.383299600    0.072662140
 374   -0.950000000   -1.675896000   -0.099941530
 375   -0.950000000   -1.395625000   -1.535078000
 376   -0.950000000   -1.251334000   -0.281065100
 377   -0.950000000   -0.685177200    0.392556500
 378    0.706993800    0.053309040   -0.025670350
 379   13.570530000    0.806662200   -1.245232000
 380   -0.950000000   -0.819254600    1.310685000
 381   -0.950000000   -1.159995000    0.315682200
 382   13.579650000    1.203008000    0.056685080
 383    6.976162000    0.614291900   -0.346246700
 384   16.125350000    1.255889000   -1.241945000
 385   -0.950000000   -0.463704000    0.428562200
 386   -0.950000000    0.011558840   -0.185505500
 387    2.211826000   -0.089514740   -0.937829200
 388   -0.950000000   -0.225552500    0.010873270
 389    5.954421000    0.592594600    0.137996600
 390   10.011650000    0.833555000    0.479689200
 391   -0.622235800    0.290564000    0.544740000
 392    6.129353000    0.393228500   -1.387728000
 393   -0.950000000   -1.057300000   -0.493829000
 394   -0.950000000   -0.648914500    0.718591700
 395   -0.950000000   -1.973420000    0.358310200
 396   -0.950000000   -1.337278000   -0.545301200
 397   -0.950000000   -0.059921260   -0.821903300
 398    3.357200000    0.596004000    0.498748300
 399   -0.950000000   -0.950858800   -0.987556900
 400    4.941018000    0.974691300    0.553672500
 401    0.976531100    0.683334700   -0.068763690
 402    5.713619000    0.851561500   -0.842160900
 403   -0.950000000   -0.544228000    0.833717700
 404    8.430039000    1.212792000    0.117831000
 405   -0.950000000   -1.225952000   -0.958030400
 406   -0.950000000   -0.290953100    0.985507600
 407   11.638270000    1.014025000   -0.780605900
 408   -0.950000000   -1.344383000   -0.741918000
 409    9.369682000    1.274034000    0.011331600
 410   -0.950000000   -0.552073300   -0.317189000
 411   -0.950000000   -1.792342000   -0.886050600
 412    8.944651000    0.953495100    1.058334000
 413   -0.950000000   -0.251448800   -0.408068400
 414   -0.950000000   -1.318636000    0.447839300
 415    3.194358000   -0.002087399   -1.824206000
 416   15.932310000    1.500631000   -0.231756000
 417   -0.950000000   -1.261484000    1.589059000
 418    1.952341000    0.408900300    0.103599200
 419   18.035960000    1.409502000    0.283817200
 420   -0.950000000    0.021025360    0.154723500
 421   19.373980000    1.374801000    0.062686840
 422   -0.950000000   -1.408395000    0.204406800
 423    1.736694000    0.138101000    0.710558900
 424    3.889450000    0.915402500    1.001368000
 425   11.638420000    1.060952000    0.430906600
 426    5.990500000    0.154467800   -1.669651000
 427   -0.950000000   -0.977342600   -0.192895500
 428   -0.950000000    0.002118827    0.717176800
 429   -0.479950800   -0.127437400    1.044699000
 430    3.697310000    0.662865000    0.683370100
 431   -0.950000000   -1.326992000    1.796169000
 432    3.179066000    0.323695800    0.757164800
 433   -0.950000000   -1.849779000   -1.847277000
 434    2.680909000    0.205045400   -0.040028960
 435    5.028987000    0.173886500   -0.972503000
 436    3.974189000    0.269862300    0.304728900
 437   19.510900000    1.857981000   -0.669707800
 438    7.457736000    0.590455800    0.191012000
 439    0.397587100   -0.202975600    0.130530000
 440   -0.950000000   -0.694974100   -0.335176600
 441   11.057930000    0.828354600   -0.801146100
 442   -0.950000000   -0.793803600   -1.879646000
 443    4.466436000    0.054593480   -0.548499100
 444   13.078300000    1.268540000   -1.225991000
 445   17.556980000    1.459462000   -0.702778300
 446   -0.950000000   -1.060573000   -1.277012000
 447   -0.950000000   -0.619064000    0.512711700
 448   17.058320000    1.279768000   -0.294081400
 449    5.699128000    0.074892200   -0.650165800
 450    3.070831000    0.424692400    0.740528400
 451   14.148960000    1.134469000    0.598815100
 452    6.211488000    0.471251900   -1.579800000
 453    5.920631000    0.464442500   -1.307640000
 454    8.308785000    0.802645100    0.353995500
 455   -0.950000000   -0.762059300    0.936074500
 456    6.355505000    0.647626400   -0.483855600
 457    0.986230700   -0.194357100   -0.629197400
 458   -0.950000000   -0.656386600    1.784316000
 459    3.344679000    0.467199800    0.213237900
 460    3.238902000    0.296990800    0.698845700
 461    3.772832000    0.163653800   -0.120327600
 462   -0.950000000   -0.985585200    1.238394000
 463    2.701383000   -0.122492900   -0.760171300
 464   -0.950000000   -1.509930000    0.758644100
 465   -0.950000000   -0.460153800   -0.574461200
 466   -0.950000000   -1.521830000    0.464426900
 467    1.784937000   -0.022867840   -0.662651100
 468   -0.950000000   -0.146866800    0.589634200
 469   -0.413818900   -0.126930800   -0.175446500
 470   12.736590000    0.510859100   -1.773488000
 471   -0.950000000   -1.321543000   -0.755033600
 472    8.782747000    0.703772100    0.675215300
 473    8.115308000    0.854229300   -0.135328000
 474   -0.950000000   -0.761632800    0.500491000
 475   15.993400000    1.355170000    0.278083000
 476    3.144886000    0.821680200    0.524059600
 477   -0.950000000   -0.355749100   -0.563327600
 478    4.902066000    0.279714300    0.927940900
 479   11.481830000    0.899112200   -0.160665300
 480    2.692175000    0.121766000   -0.174798100
 481    3.169030000    0.038633590   -1.997798000
 482   -0.221500100   -0.033002150   -0.895104400
 483   -0.137997800   -0.188975300   -1.803101000
 484   -0.950000000    0.210791700    0.994111800
 485   -0.515717900    1.136528000    1.624110000
 486    5.442241000    0.796315200   -0.694762800
 487    7.313976000    0.606901900   -0.718007400
 488   -0.950000000    0.147913600    0.536768500
 489    0.244275600   -0.158606900   -1.618185000
 490   -0.950000000   -0.620236700    1.687437000
 491   -0.869153500    0.201238000    0.266035700
 492   -0.950000000   -0.226186700   -1.917388000
 493   -0.950000000   -1.317653000   -0.329477900
 494   -0.950000000   -1.011784000   -1.130978000
 495    0.874750600    0.607555100    0.996088300
 496    1.290545000   -0.114143100    0.042000520
 497   10.076090000    0.204166000   -1.617194000
 498   11.825340000    0.839018200    0.680939100
 499    5.543345000    0.579017100    0.495964800
 500   -0.950000000   -0.736593600   -0.627085500
 501   -0.950000000   -1.810431000    0.568653100
 502    5.059293000    0.094322970   -0.522256400
 503    1.787192000   -0.090763090   -0.205167000
 504    7.539384000    0.418092600    0.066977840
 505    8.899256000    1.035364000    0.402610700
 506   13.027210000    0.968253200    0.281399000
 507   19.904980000    1.477354000   -1.225518000
 508    3.114567000    0.720118300    1.508217000
 509   14.208140000    1.016250000   -0.615240100
 510   -0.950000000   -0.184906300    1.043616000
 511   -0.950000000   -0.487450900   -0.060864610
 512   -0.950000000   -0.652934400    0.938991800
 513   11.916130000    0.873293700    0.274607400
 514   11.990870000    1.405994000    0.514045700
 515   -0.890651200    0.142123500    1.592614000
 516   -0.950000000   -0.786972000    0.636423100
 517   -0.950000000   -1.452958000    0.003431135
 518    5.620793000    0.593965800    0.006142953
 519   -0.950000000   -0.344446900   -0.181933000
 520    2.746149000    0.351307600    0.079980880
 521   -0.950000000   -0.425154000    0.559327600
 522   -0.950000000   -0.896106100   -1.737504000
 523   12.909680000    1.365036000    0.596714300
 524   -0.845989200   -0.392800600   -1.367639000
 525    1.164758000    0.074513870    0.982979900
 526   -0.950000000   -1.052196000    0.215347800
 527    9.359693000    0.958080300    0.586188400
 528   -0.950000000   -1.127083000   -0.355331600
 529   -0.950000000   -0.949730900    0.343515400
 530    1.650895000    0.029215760   -0.289367600
 531   -0.950000000   -0.679027400    0.325530000
 532   -0.950000000   -0.440558300   -0.581415300
 533   13.371340000    1.363612000    0.687308500
 534   -0.950000000   -0.142157000    1.179751000
 535   -0.950000000    0.039197480    0.015497830
 536   11.094790000    1.325902000    0.340793100
 537    1.733107000    0.335172400    0.830136600
 538   -0.565321300   -0.072425480    0.028603300
 539   -0.950000000   -0.163055500   -1.382865000
 540   -0.950000000   -1.998685000   -0.244139600
 541   -0.950000000   -1.594148000    0.912666700
 542   -0.950000000   -1.597537000   -0.020635170
 543    4.026178000    0.133765100   -0.261542000
 544    7.461385000    0.449126200   -0.019435460
 545    5.269224000    0.303848800    0.187986300
 546    8.327832000    0.969812500    0.700875600
 547   14.564270000    1.024484000   -1.694489000
 548    6.002596000    0.184320500   -0.905807700
 549   13.886620000    1.170351000   -0.698757300
 550    0.317829100    0.023350720    0.378486600
 551   25.131020000    1.684307000   -0.898255200
 552   -0.950000000   -0.779651500   -0.172726200
 553   10.028510000    0.993140500   -0.557322200
 554    6.207753000    0.544704400    0.859845200
 555   15.394910000    0.990576800    0.313056000
 556   -0.950000000   -1.000411000   -1.815897000
 557    0.049107310    0.225478600   -0.749421600
 558   -0.950000000   -1.127277000    0.048984420
 559    0.280953900    0.214691200   -0.995658400
 560    7.058097000    0.807978700   -0.519040500
 561   -0.950000000   -1.489853000    0.173513600
 562   10.602920000    1.408853000    0.984109800
 563   -0.950000000    0.133974800   -0.303701400
 564   -0.950000000    0.034196210   -0.003964204
 565    8.828524000    0.696931700   -0.990289000
 566   -0.950000000   -1.634426000    1.589472000
 567   10.028090000    0.984788100   -0.590302500
 568    4.886662000    0.562349200   -0.049834600
 569   -0.950000000   -1.895922000    0.139767400
 570   -0.950000000   -0.477179800   -0.077170400
 571    5.383577000    0.667281400    0.200753400
 572   -0.950000000   -0.957974000    0.172603500
 573   -0.950000000   -0.895350200    1.129064000
 574   -0.950000000   -1.025362000    0.893726900
 575   -0.950000000   -1.596066000    0.443577700
 576   -0.950000000   -0.676134000   -0.240428800
 577   -0.950000000   -1.899191000   -1.170573000
 578   -0.950000000   -0.653526700    0.507776500
 579    2.982585000    0.207339400   -0.453517300
 580   16.921430000    1.505658000   -0.791303500
 581   -0.950000000   -0.869970200    0.924426100
 582    4.067384000    0.738739400    1.620397000
 583    3.825166000    1.165153000    1.865645000
 584    1.092812000    0.027457670   -0.488647100
 585   -0.950000000   -1.099825000   -0.169678100
 586   -0.950000000   -0.366710100   -0.143691400
 587    8.618340000    1.111270000    1.618228000
 588   -0.887573600   -0.457159700   -0.061843400
 589   -0.950000000   -0.040282550    0.208619700
 590    2.110087000    0.257763000   -0.139840400
 591    2.371099000    0.233823800    1.650940000
 592   -0.950000000   -1.067784000    0.113744500
 593   -0.950000000   -0.814614100   -0.576401400
 594   -0.950000000   -0.654757600   -0.788130700
 595    0.370952300   -0.278070700   -1.173248000
 596    9.043976000    0.771943900    0.097201650
 597    8.826069000    1.236376000    0.470848900
 598   12.282910000    0.920441100   -0.407687400
 599    0.282314100   -0.129910500   -0.164608700
 600    2.551741000    0.306929800    1.325973000
 601   -0.950000000   -0.692413300   -0.298580400
 602   -0.950000000   -0.440642200   -0.370620000
 603   -0.313198300   -0.141520300    0.878653400
 604   17.358420000    1.878762000   -0.348357800
 605   16.185760000    0.949293800   -0.979671300
 606   16.587100000    1.754520000    0.891122800
 607   -0.950000000   -0.632865100   -0.639423600
 608    6.221676000    0.321174300   -1.077362000
 609   10.687040000    0.865709500    0.273882000
 610   -0.950000000   -0.976167500    0.257268800
 611   -0.950000000   -0.266951300    0.558528900
 612   -0.950000000   -0.566624000    0.923977800
 613   15.209750000    1.160104000   -0.668576900
 614    0.832707500   -0.150151400   -0.259279100
 615   -0.950000000   -1.216014000   -0.909777100
 616    5.719121000    0.407286900    0.625175900
 617   17.372590000    1.307231000   -1.108730000
 618   -0.950000000   -0.758823000   -0.366108500
 619    7.948792000    0.351718000   -0.360953100
 620   13.967740000    1.296343000   -1.459628000
 621   -0.950000000   -0.368765800    1.204426000
 622    0.401060700    0.064940360    0.456554900
 623    8.147360000    1.090111000    0.174239000
 624    4.087382000    0.723977100    0.693770000
 625   -0.867860900   -0.228869100    0.327644700
 626    9.653113000    0.756426900   -0.878137000
 627    0.337981100   -0.473547200   -1.437913000
 628   20.564670000    1.805604000   -0.306275400
 629    0.506049200   -0.177906800   -0.393098400
 630   -0.950000000   -0.408577200   -0.440693600
 631   -0.950000000    0.105896400    1.361979000
 632   15.404870000    0.501789900   -1.796806000
 633   -0.950000000   -1.011618000    1.735767000
 634   10.349160000    0.643153700   -0.280601200
 635   24.154660000    1.499591000   -0.531599000
 636   17.693350000    1.291407000   -0.462652800
 637   -0.950000000   -0.589257000   -0.313074300
 638   13.376340000    1.394063000    0.576745400
 639   -0.950000000   -0.585048900   -0.089510350
 640   -0.950000000   -1.794004000    1.197521000
 641   22.375460000    1.418247000    1.037275000
 642    8.698419000    0.695922000    0.382369300
 643   -0.950000000   -1.103865000   -0.199023400
 644   15.343170000    1.483093000    0.557902100
 645    6.473261000    0.188098400   -0.342875300
 646    1.852829000   -0.196977900    0.318489300
 647   14.477270000    1.193692000    0.942513000
 648    3.923781000   -0.058651070   -0.207334300
 649   16.240540000    1.011460000   -0.187658600
 650   16.516150000    0.935788400   -1.074274000
 651    5.469140000    0.519020100    0.676023900
 652    7.910210000    0.249691100    1.287501000
 653    7.618305000    0.092945620   -1.256053000
 654   -0.005358024   -0.145418200    1.770957000
 655   -0.950000000   -1.409635000   -0.312400700
 656   -0.950000000   -1.201474000    0.076053830
 657    5.372056000    0.185187000   -0.250616500
 658   16.778750000    1.392650000    0.167299900
 659   13.164340000    1.262534000    0.102953600
 660   14.265940000    1.051277000    0.068614680
 661    8.918501000    0.712509900    0.478563400
 662    6.808203000    0.427543300   -0.283849500
 663   12.171530000    1.536090000    1.154783000
 664    9.283566000    0.956153700    0.237432400
 665   -0.950000000   -1.056058000    0.590657500
 666    8.227123000    0.602775100    0.400165100
 667    3.783117000    0.022163120    0.156841500
 668   21.625960000    1.449972000   -0.512246300
 669    6.828708000    0.717981000    0.575626200
 670   10.817120000    0.641491200   -1.390831000
 671    2.752062000   -0.131382600   -0.169828300
 672   -0.950000000   -0.749341300    1.039380000
 673    3.499601000    0.024574690    0.781644700
 674   -0.335211700   -0.352555500   -0.449276300
 675    4.128201000    0.257644500    0.046696360
 676   18.213000000    1.421659000    0.006316353
 677   11.582780000    1.201881000   -0.218452500
 678    9.726268000    0.854504400    0.093391570
 679   -0.950000000   -0.643554800    0.272399500
 680    6.828039000    1.215110000    0.401724700
 681   12.833200000    1.425884000    0.437714100
 682    4.136158000   -0.069825800   -1.081821000
 683   11.415220000    0.854815100   -0.069818000
 684   28.292210000    1.889774000    0.710549900
 685   -0.950000000   -0.691036900   -0.492707700
 686   -0.950000000   -1.461104000   -1.250765000
 687   17.818840000    1.401068000    1.275770000
 688   -0.950000000   -0.873609600    0.279825800
 689   -0.950000000   -1.992339000   -0.489539400
 690   10.391680000    0.494064300   -0.978032500
 691   -0.950000000    0.149627000   -0.196440100
 692    2.846841000    0.562225200    0.361448100
 693   -0.950000000   -0.322031200    0.957742500
 694    3.729136000    0.843818500    0.564601600
 695   -0.950000000   -0.374663100    0.256582400
 696    0.175045000    0.128313200   -0.432382200
 697   17.971090000    1.771289000   -0.803274300
 698   -0.950000000   -1.072146000    0.213525500
 699    2.360997000    0.354169400    0.366358300
 700   -0.950000000   -0.762555000   -0.513180100
 701    0.493764800    0.244176700   -0.959167300
 702    6.829278000    0.541753700   -1.609853000
 703   -0.950000000   -0.312557400   -0.526684200
 704   -0.950000000   -1.321862000   -0.505273600
 705    0.919530400    0.261624900   -1.047995000
 706    3.307285000    0.534241100    0.539587600
 707   -0.950000000   -0.429921600    0.005747474
 708   10.079740000    0.932933900   -0.123516100
 709   -0.686784200   -0.131759000   -1.030253000
 710    3.917379000    0.132918900   -1.587325000
 711   11.253110000    0.946244500   -0.058842370
 712   -0.950000000   -0.743735800   -0.693442000
 713   -0.950000000   -1.356747000   -0.698777100
 714   22.764180000    1.760989000   -0.819932600
 715   -0.950000000   -1.251852000    0.988404300
 716   -0.950000000   -1.240060000    0.585796500
 717   -0.950000000    0.057127700    0.799642400
 718   -0.950000000   -1.996554000   -0.095903110
 719   20.303030000    1.503049000   -1.231860000
 720   -0.950000000   -1.520462000    0.949701600
 721   -0.950000000   -0.116288700    0.293619200
 722   11.269810000    1.477937000    1.014202000
 723   -0.950000000   -1.678185000   -1.684763000
 724    1.045116000    0.105585400    0.638466000
 725    3.750054000    0.395788600   -0.237843300
 726   -0.950000000   -0.954828600   -0.664262000
 727   -0.950000000   -0.837760100    0.820440500
 728   28.835810000    1.746132000   -1.016338000
 729    0.989814000   -0.000327235   -0.556191600
 730    0.449913300    0.082751000    0.353626900
 731   -0.950000000   -0.759301200    0.572243000
 732   10.297660000    0.997665100    0.620118800
 733   11.452210000    0.969319000    0.384499000
 734    9.058283000    0.787515400    0.630499100
 735   -0.950000000   -0.253555600   -0.304333200
 736    5.622360000    0.991521200    0.058917210
 737   -0.950000000   -1.939607000    0.552937600
 738   -0.950000000   -1.470779000   -0.664104400
 739    4.252189000    0.874240500   -0.069388590
 740   -0.950000000   -0.838445900   -0.001735417
 741   -0.950000000   -0.007313502   -0.342173900
 742   -0.950000000   -0.125507400   -0.110364200
 743   -0.950000000   -0.944313200   -0.078789690
 744   -0.950000000   -1.674367000   -0.346212600
 745    7.024720000    1.187627000   -0.224091500
 746   -0.950000000    0.187892000    0.091815940
 747    5.835981000    1.133827000    1.019958000
 748   -0.950000000   -0.457813200   -0.100927000
 749   -0.950000000    0.057391120   -0.093757740
 750   -0.950000000   -0.031079820    0.115287800
 751    3.812410000    0.026742150    1.531910000
 752    2.766912000   -0.258238100    1.072731000
 753   -0.950000000   -0.879742100    0.822062300
 754   20.256240000    1.263203000   -0.354900800
 755   -0.950000000   -1.122358000   -0.758147900
 756   13.470780000    1.273478000    0.092808660
 757    1.137132000   -0.303830200   -0.296880600
 758    7.391263000    0.198976800   -0.270148700
 759   24.178360000    1.923525000   -0.371055100
 760   12.690210000    0.948940700   -0.360466400
 761    5.388908000    0.353582700    1.391377000
 762   12.369440000    1.286773000    0.053262160
 763    7.931432000    0.804546300    0.545880800
 764   16.494670000    1.331918000   -0.775023700
 765    1.269232000   -0.067681160    0.613960100
 766   14.126700000    1.923662000   -1.668632000
 767   -0.950000000   -0.164593700   -1.200353000
 768    9.611270000    1.016953000   -0.025975610
 769    4.743206000    0.681312400   -0.448962100
 770   -0.950000000   -0.688822300   -0.905452900
 771   -0.950000000   -0.336125000    0.032585990
 772   -0.950000000   -0.731045200   -0.241142900
 773   -0.950000000   -0.727908400   -0.053392670
 774    2.343915000    0.382480500   -0.809825800
 775   -0.950000000   -0.066465790    0.895755700
 776   -0.950000000   -0.046216430    0.389555400
 777    5.560188000    1.036340000   -0.410504200
 778   -0.950000000    0.459363600    0.739695800
 779    1.626427000    0.658654400    0.895473600
 780   -0.950000000   -0.874122400   -0.171675600
 781   -0.950000000   -1.370729000   -0.654636500
 782   -0.950000000   -0.194177400    0.819761200
 783   16.241510000    0.745738300   -1.383550000
 784   -0.950000000   -0.464612500   -0.505425200
 785    8.208089000    0.844737600    0.299483500
 786   -0.950000000   -0.826613200    0.685687100
 787    8.946402000    0.504570900   -0.466695000
 788    6.176152000    0.288546600   -0.302620600
 789   -0.950000000    0.176357400    1.760317000
 790    9.255619000    1.091095000    1.336105000
 791    4.957537000    0.243126000    0.226198500
 792   -0.950000000   -0.809498400   -1.197595000
 793   17.538670000    1.015651000   -1.807823000
 794   -0.950000000   -0.841389000    1.376191000
 795    0.638592200   -0.240117800    0.498528900
 796   -0.950000000   -1.281779000    0.726736700
 797    5.693396000    0.468032900    0.297537900
 798   -0.950000000   -0.583078100   -0.040747110
 799   -0.950000000   -0.580346400    0.639890400
 800    1.334780000   -0.119741600   -0.348715100
 801   -0.950000000   -1.130770000    0.568114300
 802    7.334765000    0.304556500   -0.493328300
 803   -0.950000000    0.599895700    1.339707000
 804   -0.950000000   -0.775647900   -0.239897800
 805   -0.950000000   -1.803867000   -0.555470700
 806   24.805220000    1.936661000    1.366074000
 807    8.051313000    0.494766500   -0.415836500
 808    9.213254000    1.510147000    1.507432000
 809   15.459420000    1.495682000   -0.260728000
 810    3.747840000    0.083348560    0.216832200
 811    2.008371000    0.136478700   -0.200713400
 812   -0.950000000   -0.420382100   -0.650344600
 813   16.805510000    1.032579000   -1.118561000
 814   -0.802301700   -0.161043300   -0.691053200
 815   -0.950000000   -0.002442273    1.819025000
 816    7.933436000    0.982849500   -0.467413400
 817   -0.950000000   -1.300676000    0.573167200
 818   -0.950000000   -1.275596000    0.830387500
 819    4.619424000    0.433228200   -0.495478100
 820   12.209680000    1.061734000   -1.727758000
 821   -0.950000000   -1.160115000   -0.496163300
 822    8.483921000    0.615266000    0.216991800
 823   -0.950000000   -0.821684900    0.539027900
 824   -0.950000000   -0.431589600    0.951836200
 825   -0.950000000   -0.576498700    0.027419930
 826   -0.950000000   -0.087288950    0.118485300
 827    3.949128000    0.172414800   -0.030975570
 828   25.725510000    1.512943000   -0.998301600
 829   -0.571191600   -0.190844100    0.229661800
 830   -0.950000000   -1.870675000    0.974910800
 831   17.140150000    1.701188000   -1.114292000
 832   -0.950000000   -0.748133000    0.305489400
 833    2.209497000    0.215154500   -0.556294800
 834   10.133370000    1.341428000    1.144970000
 835    0.553316800   -0.104031400   -0.321414800
 836    6.866868000    0.984074300    1.160089000
 837   -0.950000000   -0.959352800   -0.329392400
 838   -0.950000000   -1.104681000   -0.659657100
 839   -0.950000000   -0.756777600    0.428323600
 840   14.543870000    1.260488000    1.072128000
 841   -0.486800800    0.079117530   -0.614426500
 842   -0.950000000   -0.666289600    0.111943900
 843   16.421480000    1.213356000   -1.835941000
 844   -0.950000000   -0.521563500   -1.022547000
 845   -0.950000000   -1.718534000    1.101500000
 846   10.958580000    1.145764000   -0.435643500
 847    5.863703000    0.702629000   -0.420401400
 848    5.496398000    0.712570500   -0.242605000
 849   -0.950000000    0.746414400    0.899388500
 850   -0.950000000   -1.328556000    0.105562200
 851   -0.950000000   -0.521559600   -0.990741500
 852   -0.950000000   -0.277388800   -0.670423500
 853   -0.950000000    0.000468789    0.204529700
 854   -0.950000000    0.282057900    0.323458700
 855    1.746851000    0.092318660   -1.183158000
 856   -0.950000000   -1.528580000   -0.969927400
 857    0.410980400    0.348967400   -0.167284300
 858   -0.950000000   -0.454815700    0.946625100
 859    1.958964000    0.491829100   -0.184335200
 860   -0.950000000   -0.661426600   -0.864235400
 861    0.199639100    0.121093000    1.437164000
 862    8.307771000    1.135218000   -1.552358000
 863    1.613835000    0.450279800    0.329995800
 864    0.176926600    0.203181900   -0.282306800
 865   -0.950000000   -0.264312400   -1.152168000
 866   -0.950000000   -0.796372100   -1.939664000
 867    6.431349000    0.995103900    0.762875500
 868   -0.950000000   -0.016924360    0.649556600
 869   -0.950000000   -0.989416000    1.250684000
 870    1.537501000    0.181815300   -1.959681000
 871   -0.950000000   -1.549267000   -0.695052100
 872   -0.950000000   -0.176417700    0.855328300
 873   -0.950000000   -0.019272710   -0.053819400
 874   -0.734073300    0.104200700   -0.144403700
 875    5.509858000    0.359143300   -1.523388000
 876   -0.950000000   -1.946913000   -1.092329000
 877   -0.950000000    0.444893900    1.168877000
 878   -0.950000000   -1.076966000    1.120536000
 879    0.513818200    0.379812500    0.151120100
 880    8.487128000    0.654139300   -1.322301000
 881    5.460174000    0.572430500   -1.696840000
 882    8.243519000    0.891885300    0.675981700
 883   -0.950000000   -0.497645200    0.801014000
 884   -0.950000000   -0.165982500    1.462544000
 885   -0.950000000    0.072340980    0.498487500
 886   -0.950000000   -0.816724500    1.363582000
 887    5.961256000    1.365493000    1.421511000
 888    0.285097100    0.067257740    0.489162000
 889   -0.950000000   -1.055953000   -1.150021000
 890   -0.950000000    0.000180339    1.291777000
 891   -0.387486800    0.259189400    1.416149000
 892   -0.950000000   -0.415306200    0.199110800
 893   11.750740000    0.772730400   -1.934476000
 894   11.792990000    0.789046600   -0.893158000
 895   11.334040000    1.106127000   -0.644108400
 896    2.532968000    0.374707500    0.583743200
 897   10.885400000    0.524748700   -1.920140000
 898   -0.950000000   -1.222297000    0.062907320
 899   13.925400000    1.182162000   -0.326401100
 900   -0.950000000   -0.689946700    0.479302100
 901    6.575969000    0.013666710   -0.873514400
 902    7.200763000    0.351353500    1.432369000
 903   19.662700000    1.164803000   -1.213322000
 904   -0.950000000   -0.854034900   -0.249742300
 905   10.100220000    0.301986200   -1.163232000
 906    4.548958000    0.335031400    0.953649600
 907   18.325920000    1.407098000    0.423632900
 908    5.072089000    0.137837300    0.261094800
 909   15.280560000    1.341854000   -0.581113100
 910   20.323730000    1.191782000   -0.136684100
 911   -0.950000000   -1.910070000    1.358763000
 912    3.262370000    0.136319600    1.210348000
 913    5.362079000    0.074564770   -0.310226900
 914   -0.118388000   -0.220173200    0.244286700
 915   11.357880000    0.446104000   -0.210651100
 916   18.944420000    1.900323000   -0.282106700
 917    3.499616000    0.739084100    0.719015800
 918   -0.950000000    0.053252170    0.348694400
 919    1.132390000    0.029996670   -0.805775400
 920   -0.950000000    0.185488500    0.518097800
 921   -0.950000000   -0.394180900   -1.044420000
 922    3.386543000    1.039232000    1.075132000
 923   -0.822904000    0.039902070   -1.024147000
 924   18.484030000    1.875042000   -0.715315100
 925   -0.950000000   -0.627531000    0.704637000
 926   -0.950000000   -0.565582600   -1.104773000
 927    8.845655000    0.981564800    0.715076200
 928   10.920840000    0.984325500   -1.191743000
 929   -0.545115400   -0.225900100   -1.044254000
 930    7.710074000    0.580526600   -1.794583000
 931   17.655090000    1.288175000   -0.826150800
 932    5.893103000    0.433027900   -0.978158500
 933    2.741053000    0.195250000   -0.376537700
 934   -0.950000000   -0.587984500   -0.824604300
 935    4.261762000    0.131096200   -1.188192000
 936   -0.950000000   -0.623390500    0.254369900
 937   15.947290000    1.219645000   -1.189667000
 938   13.002660000    0.836745900   -1.842512000
 939    7.974745000    0.190518600   -1.029841000
 940    2.116951000    0.331752400    0.871393800
 941   -0.950000000   -1.390384000    1.514690000
 942   -0.950000000    0.463827400    1.639364000
 943    0.678576700    0.394819800    0.498195900
 944   -0.950000000   -0.736516400    0.569938300
 945   -0.950000000   -0.628545400    1.664310000
 946   12.986470000    1.708301000    1.384010000
 947    2.480697000    0.118599800    0.752458900
 948    0.922231800   -0.433355600    0.402836800
 949   19.064860000    1.534940000   -1.077394000
 950   -0.950000000   -1.697670000    0.132124600
 951    2.864844000   -0.169375600   -0.875605900
 952   13.452140000    0.754489500    1.916835000
 953   -0.950000000   -0.875367000    0.226050100
 954   -0.950000000   -0.514730000   -0.201256300
 955   -0.950000000   -1.315649000    1.570430000
 956   -0.385253000   -0.409347000   -0.000960848
 957    2.786249000   -0.281698300   -0.877630600
 958    3.665692000    0.480646800    0.405845900
 959    8.296860000    0.396330400    0.137531100
 960    8.038508000    0.404159900   -0.763812800
 961    2.598763000   -0.079395730   -1.082937000
 962    4.033787000    0.137384700   -0.275590400
 963   11.062090000    1.009914000    0.510786900
 964   18.490180000    1.906458000   -0.282723200
 965   14.046190000    1.046142000   -1.839329000
 966   14.980980000    1.472716000    0.847879600
 967   -0.950000000   -1.625008000   -0.518097200
 968    6.702553000    0.048504660   -1.944243000
 969    7.862117000    0.584446700    0.152716400
 970    4.286165000    0.191369800    0.980421000
 971   13.294980000    0.874524500    1.398958000
 972   -0.553699400   -0.420123500   -1.039768000
 973   -0.950000000   -0.648379100   -0.969450300
 974   16.391530000    1.272982000   -0.254085700
 975   13.030790000    1.108643000   -0.377726900
 976   18.297260000    1.500920000   -0.981904100
 977   -0.950000000   -0.105917700    0.175152900
 978   -0.950000000   -0.461013000   -0.248906600
 979   -0.950000000   -1.417098000   -0.405079900
 980   -0.368666500    0.044723450   -0.070815990
 981    3.142114000    0.282433800   -0.590982500
 982   13.729060000    1.011861000   -0.494402500
 983    8.910290000    1.052070000    0.515605300
 984    6.609984000    0.626158200   -0.186073900
 985   -0.950000000   -0.564990600   -0.241076500
 986   -0.950000000   -0.006728523    1.259488000
 987   -0.950000000   -1.193638000   -0.211035000
 988    6.626941000    0.872687700    0.881116600
 989    0.247772100   -0.024338220   -0.501281300
 990   -0.950000000   -0.961614000    0.552530100
 991    4.503151000    0.200674200    0.786482600
 992   10.722460000    1.211978000   -0.621196400
 993   -0.950000000   -0.751847100    0.117456500
 994    1.319014000   -0.569344700   -1.704586000
 995    0.017849790   -0.542757300   -1.079300000
 996   11.965050000    0.867273600    0.220092500
 997    2.040435000    0.000711506    1.072771000
 998    6.626119000    1.334176000    0.520379600
 999   12.483800000    1.436331000    1.642852000
1000   -0.950000000   -0.733003900   -0.183935200
1001   10.643540000    0.941569200   -0.024509290
1002   -0.950000000   -0.578906800    1.465821000
1003    0.193102500   -0.189900500    0.070668440
1004    5.308465000    0.308610900   -0.579098900
1005    7.393255000    0.172721000   -0.961009300
1006   11.451450000    0.939560000    0.091861330
1007   -0.950000000   -1.213993000    1.093509000
1008    3.043169000    0.518147800    0.570432600
1009    3.850179000    0.369357300    0.178349300
1010   13.501060000    1.137994000   -0.689675800
1011   -0.554093800   -0.171535900   -0.703066700
1012   -0.436288700    0.177189300    0.804348100
1013   -0.950000000   -0.463460400    0.080066130
1014    6.758553000    0.467914800   -1.780643000
1015   -0.950000000   -0.265868200   -0.655818800
1016   -0.950000000   -0.970721300    1.278956000
1017   -0.950000000   -0.970625600    1.631979000
1018   -0.950000000   -1.335051000   -0.659070000
1019   -0.950000000   -0.645902700   -1.209714000
1020   16.262900000    1.924687000   -0.370163500
1021   -0.950000000   -1.722834000    0.934467800
1022   -0.950000000   -0.205412700    0.112010800
1023   -0.950000000   -1.798664000    0.014329280
1024   -0.950000000   -1.342084000   -0.141376400
1025   -0.950000000   -0.392826300    1.297678000
1026    5.002045000    0.607671400   -0.074990650
1027   -0.950000000   -0.546507300    0.610715000
1028    5.038843000    0.811972900   -0.410647400
1029   -0.950000000   -0.541561000   -0.598133600
1030   -0.950000000   -0.755789800   -0.721408800
1031    7.664719000    1.021571000    0.304024200
1032   -0.950000000   -1.616099000   -1.757650000
1033   12.563230000    1.751761000    0.707717800
1034    1.307033000    0.326089600   -0.247815200
1035   -0.950000000   -0.390938400   -0.408229700
1036    2.648568000    0.016009680   -0.804204700
1037   -0.950000000   -0.280294600    0.141156600
1038    4.247384000   -0.071624730   -1.395613000
1039   -0.950000000   -1.189315000    0.858472900
1040   11.577310000    0.733651600   -0.998720000
1041   -0.950000000   -1.234867000   -0.316095300
1042    4.021044000    0.474564400    0.657168600
1043   11.820690000    0.563665300   -1.876542000
1044   -0.950000000   -0.689576700   -0.181618300
1045   12.968870000    0.787211300   -0.709539600
1046    0.444615000    0.111008700    1.171052000
1047    3.150962000    0.763352400    1.283404000
1048    1.276037000    0.005049489    0.808558800
1049    0.570634700    0.126063900    0.024349760
1050    1.719646000    0.649237400    0.627681500
1051   -0.950000000   -0.194626400    1.061636000
1052   -0.209633200   -0.121959200   -0.860947700
1053   -0.229518200   -0.198295700   -0.362791400
1054    9.533758000    0.948915900    1.238621000
1055   -0.950000000   -0.450057100    0.496251800
1056    6.606816000    0.495973000    0.277843600
1057   -0.950000000   -0.253955400   -0.183949300
1058   -0.950000000   -0.872363600   -0.401348900
1059    8.568259000    0.964408000   -1.163364000
1060   -0.950000000   -1.773130000    1.905545000
1061   -0.950000000   -0.567532200   -0.767214400
1062    3.878472000    0.150778800   -1.416191000
1063   11.371720000    0.565688500   -1.315074000
1064    1.016733000   -0.150224700   -0.566249800
1065   -0.950000000    0.309266100    1.857455000
1066   -0.950000000   -1.486089000    1.066414000
1067    3.561564000    0.350968300    0.538210600
1068   19.986700000    1.830378000   -0.284855000
1069   -0.950000000   -1.118014000    1.446490000
1070    6.490848000    0.562945600    0.471500900
1071    5.354659000    0.562183700    1.508912000
1072   19.520180000    1.272098000    1.371804000
1073    4.472894000    0.291699200   -0.324671300
1074   -0.950000000   -1.662541000   -0.900906600
1075   -0.950000000   -0.957778700   -0.618473400
1076   -0.950000000   -1.081346000   -1.067314000
1077   -0.950000000   -0.234944000    1.473250000
1078    4.538930000    0.615670500    0.713424800
1079    4.068445000    0.506889700    0.915586300
1080   -0.950000000   -0.714799500   -1.089372000
1081    3.630642000    0.432061500   -1.284060000
1082   -0.950000000   -0.561273700    0.304859100
1083   -0.950000000   -0.316089600    0.110366100
1084   -0.950000000   -1.326359000    1.906264000
1085   -0.950000000   -1.763019000    0.520764300
1086   15.823800000    1.535740000   -0.285755700
1087    3.943854000    0.601274100    0.171663600
1088   -0.950000000   -1.635762000   -0.904811500
1089    8.257673000    0.771491900   -1.109849000
1090   -0.950000000   -0.571292800   -1.056660000
1091   11.826690000    1.540196000   -1.392636000
1092   -0.950000000   -0.378446600   -0.261903200
1093    1.923162000    0.594030800    0.096280770
1094    2.166565000    0.455348900   -0.061897710
1095   -0.950000000   -0.689167000   -0.359536500
1096    7.327004000    0.607736800   -1.022914000
1097   -0.950000000   -0.250537400    1.332749000
1098   -0.950000000   -1.176753000    1.048329000
1099    5.364314000   -0.037410570   -1.795667000
1100   12.580630000    0.731262300   -1.215107000
1101   -0.950000000   -0.431506700    0.730117000
1102   -0.950000000   -1.072420000    0.482282400
1103    7.049757000    0.456871200   -1.553205000
1104    1.579157000    0.546043300    0.702792900
1105   -0.950000000   -0.618474000   -0.087085250
1106   -0.950000000   -0.707671400    0.068037000
1107   -0.950000000   -0.836203900   -1.819643000
1108   11.094180000    1.086626000   -0.432856000
1109    5.019247000    0.871051800    0.467041700
1110   -0.950000000   -0.374107700    1.469680000
1111   -0.950000000   -0.502579400   -0.222533100
1112   -0.950000000   -0.200285500    0.551188300
1113   -0.950000000   -0.304016000   -0.987379000
1114   -0.950000000   -0.588186000   -0.809268700
1115    0.104120000    0.114473000    1.673881000
1116    8.302505000    1.028185000   -0.565895200
1117   -0.950000000   -1.132762000   -0.333035100
1118   -0.950000000   -1.179749000   -1.815768000
1119    5.386385000    0.865693900    1.318364000
1120   -0.950000000   -0.415124200    0.349224500
1121    2.330989000    0.321287100    1.015077000
1122   12.488440000    1.123509000   -0.165853600
1123   -0.950000000    0.137226600    0.508167000
1124   -0.950000000   -1.250098000   -1.223743000
1125   15.133120000    0.971486900   -1.791177000
1126   -0.950000000   -0.189419800    0.402085700
1127   -0.950000000   -0.344218500   -1.091171000
1128    8.283732000    1.351134000   -1.628260000
1129   -0.950000000   -0.452643000   -0.493840500
1130   -0.950000000   -1.286364000    0.197081500
1131    4.373198000    1.063898000   -1.236827000
1132   -0.950000000   -0.511500800   -0.309114200
1133   -0.950000000   -0.406978200   -1.244126000
1134   -0.950000000    0.017069470   -0.970563500
1135   -0.950000000   -1.558683000    0.784030500
1136   -0.950000000   -0.049995630   -1.707047000
1137   -0.950000000   -1.905456000   -1.329681000
1138    3.321152000    0.951542200    0.109662100
1139   -0.950000000   -0.571766600    0.321881700
1140   -0.950000000   -0.487794000   -0.263380400
1141   10.269600000    0.780438000   -1.025859000
1142   -0.950000000   -0.375962100    0.314610000
1143   19.507580000    1.542104000    0.156463800
1144    9.039203000    0.835444800   -0.947815900
1145   17.181900000    1.340236000    1.541488000
1146   -0.692092800   -0.267847600    0.411271900
1147    3.669031000    0.203908700    0.500854000
1148   -0.950000000   -1.169687000   -0.101264100
1149   -0.950000000   -0.759044200   -0.889953900
1150    8.432247000    0.670088300   -0.498527200
1151   -0.950000000   -1.958193000   -0.778663200
1152    5.282405000    0.304468700    0.097235100
1153   15.029770000    1.562739000    0.365546500
1154    4.584002000    0.269868100    1.309097000
1155   -0.950000000   -0.215139000    0.428508100
1156    0.473100200   -0.327058400   -1.032509000
1157   -0.950000000   -0.265930900    1.968659000
1158    9.413905000    0.584871700   -0.485120500
1159   10.951630000    0.757228700   -0.925045900
1160   -0.950000000   -0.726251000    0.078759800
1161   12.987300000    1.883799000    0.140858800
1162    7.869281000    0.603635600   -0.186303700
1163   10.030130000    1.235402000    0.923851500
1164    4.288291000    0.144565300   -0.456840400
1165   -0.950000000   -0.861285300    0.972049200
1166    3.135922000    0.094291540   -0.432211400
1167    3.138728000    0.115912000    0.181738400
1168    0.766327100   -0.128924900    0.687285900
1169    2.096032000   -0.049725430   -1.171196000
1170   -0.950000000   -0.414285400    1.162095000
1171   -0.950000000    0.037561650    1.047787000
1172   18.463170000    1.593761000    0.226797200
1173   -0.950000000   -0.943241900    0.022954950
1174    7.859425000    0.402187900   -1.207698000
1175    4.067921000    0.484536800   -0.264157900
1176   -0.950000000   -1.473809000   -0.439587600
1177   -0.950000000   -1.932698000    0.226967800
1178    2.904387000    0.824803700    0.812872500
1179   -0.950000000   -1.352520000    1.752874000
1180   -0.950000000   -0.058296030    0.061449090
1181    9.587548000    0.980329100   -0.039890640
1182   17.029910000    1.707705000   -1.176803000
1183   -0.950000000   -0.709895600    0.496731300
1184    3.995256000   -0.111963000   -1.837318000
1185    6.447146000    0.965297500    0.646751600
1186   10.786930000    0.626348700   -0.320491100
1187    2.059994000   -0.095001930   -0.599512800
1188   -0.950000000   -1.186542000    1.063965000
1189    8.752795000    1.062552000    0.318982400
1190   -0.950000000   -1.699196000    1.356706000
1191   -0.950000000   -0.754876100    0.348218200
1192   -0.623914200   -0.387995900   -1.370280000
1193   -0.950000000   -0.443193300   -0.073713320
1194    2.958898000    0.246804500    0.949077300
1195   -0.950000000   -0.888087000   -0.187840600
1196   12.879060000    1.038813000    0.176779800
1197    0.764666700    0.570353300    1.841199000
1198   -0.950000000   -0.477282400    1.635370000
1199    2.445711000    0.311987800    0.668427700
1200   -0.950000000   -0.937262200   -0.228898800
1201   17.710020000    1.131648000   -1.458033000
1202   15.345810000    1.364426000    1.363008000
1203   -0.950000000   -1.156137000   -0.904621200
1204   -0.950000000   -0.132512300    0.416614400
1205   -0.950000000   -0.836294700    0.313991500
1206   -0.950000000   -0.625297000    0.041644800
1207   -0.950000000   -0.969190000   -0.564630200
1208   -0.950000000   -0.913110500   -0.002882314
1209   -0.950000000   -0.790687400   -0.882656800
1210   13.231460000    1.074816000   -1.728033000
1211   16.987430000    1.545204000   -0.364505200
1212    1.719024000    0.019092190   -0.989976800
1213   -0.950000000   -0.449751900    1.389016000
1214   -0.950000000   -0.835242300    1.441242000
1215   -0.088765160    0.019044050   -0.167904000
1216   -0.950000000   -0.759509800   -0.357081400
1217   -0.950000000   -1.048091000   -0.454525400
1218    6.692303000    0.601253400   -0.678891100
1219    7.919369000    0.778250500    0.665689600
1220   -0.950000000   -0.291345800    1.606950000
1221   -0.950000000   -0.671746800   -0.431051500
1222    4.230688000    1.066635000    0.859556000
1223   -0.950000000   -0.259753800    0.545675500
1224    4.137217000    0.280857200   -0.604221400
1225   -0.950000000   -0.767659600    1.161662000
1226   -0.950000000   -0.693213400    0.310546600
1227   -0.950000000   -0.368536500    0.678965100
1228   -0.950000000   -0.033149050   -0.144208700
1229    4.714233000    0.485445600   -0.414050400
1230    6.688107000    0.643208500   -0.448377000
1231    2.084727000    0.484496700    1.589339000
1232    6.305106000    0.637697400    0.154308700
1233   -0.950000000   -0.603258500    0.440741900
1234   -0.950000000    0.143775300    1.448499000
1235    6.982400000    0.509271600    1.008901000
1236   -0.950000000   -0.153060100    0.458626100
1237   -0.950000000   -1.685817000    1.684485000
1238   -0.950000000   -1.058873000    0.750285000
1239   -0.950000000   -1.511755000   -0.440026900
1240    0.851727100   -0.108792700   -1.054890000
1241    6.903767000    0.594432900   -1.123563000
1242    3.208877000    0.869638300    0.945016400
1243    2.407178000    0.385729100    0.599190200
1244   -0.950000000   -0.615946000   -0.248044000
1245   13.324110000    1.190908000   -0.588188800
1246   -0.607016100    0.034341790   -0.811217900
1247   -0.950000000    0.022289120    0.227193500
1248   -0.950000000   -0.259786800   -0.102136400
1249   -0.950000000   -1.951517000   -0.558832000
1250   19.607850000    1.869592000   -0.272804000
1251    3.669915000    0.710251500    0.957246900
1252   -0.950000000   -0.091518080   -0.018976790
1253   -0.950000000   -0.291369800    1.405288000
1254   -0.950000000   -0.166754400   -0.343027400
1255    4.756221000    0.495934000   -1.438820000
1256   -0.950000000   -1.492658000    0.797472900
1257   -0.950000000   -0.414980700   -0.178552800
1258   -0.950000000    0.172081200    0.110040500
1259   -0.950000000    0.027043040    0.305984000
1260   -0.950000000   -1.148181000    0.165392300
1261   -0.950000000   -0.994622600   -0.216827900
1262   -0.950000000   -1.089454000    1.504270000
1263   20.501120000    1.641623000   -0.806163800
1264   -0.950000000   -0.525828600    1.197439000
1265    4.345731000    0.181952100    0.556282900
1266   12.458700000    0.761863500   -0.815037500
1267   -0.950000000   -1.424553000   -0.355479700
1268   -0.950000000   -1.302589000    0.521995500
1269    7.407539000    0.207971400   -1.692873000
1270   11.429710000    1.213020000    1.323692000
1271    8.910015000    0.370690400    0.876870900
1272   -0.950000000   -1.109102000    0.018001370
1273   13.497530000    0.529157700    1.703398000
1274   -0.950000000   -0.807132200   -0.485837200
1275   21.489830000    1.671832000    0.309513000
1276    3.695950000    0.219065800    0.441215800
1277    7.464180000    0.234435000   -0.386885700
1278   -0.950000000   -1.365182000   -0.386705900
1279   -0.950000000   -0.922588900   -0.547158600
1280   -0.796308000   -0.322786000    1.111524000
1281   14.658320000    1.175060000    1.195278000
1282   -0.870225100   -0.416859800    0.364321200
1283    1.187601000   -0.146097100   -0.000431767
1284   -0.950000000   -1.418195000    1.932640000
1285   24.209760000    1.949992000   -0.465743400
1286   11.192750000    1.279397000    0.895926300
1287   10.636470000    0.866930200    1.494872000
1288    4.210687000    0.129372500    0.786274300
1289   12.156720000    0.447713600   -0.689270800
1290    4.644856000    0.364481700    0.444319800
1291   -0.950000000   -0.764146600    0.993637300
1292    9.565118000    0.823017300    0.161812400
1293    5.012773000    0.336377500   -0.249464800
1294   -0.950000000   -0.721481000    0.157655600
1295   -0.950000000   -0.366357200    0.477268900
1296   -0.950000000   -0.676301100   -1.774804000
1297   -0.950000000   -0.800564800   -0.097766770
1298   -0.950000000   -0.254565200   -0.404953600
1299   -0.950000000   -0.304263900    1.066100000
1300    1.352193000    0.440052300    0.423672300
1301   -0.950000000   -1.341173000   -0.235172400
1302   10.099650000    0.854550400   -1.234289000
1303   -0.950000000   -1.653313000    1.368649000
1304    0.720712400   -0.000615382   -1.093978000
1305   15.810690000    1.930537000    0.133765200
1306   -0.950000000   -0.951205100   -1.008008000
1307   10.687890000    1.121505000    0.561618300
1308   -0.950000000   -0.581743400   -0.494305100
1309    7.531211000    0.844996000    0.386848900
1310   11.906720000    0.262011200   -1.921498000
1311   18.593040000    1.245388000   -0.077955630
1312    5.515957000    0.641280000    1.365162000
1313    1.049328000   -0.261639200   -0.264609400
1314    3.442127000   -0.042138000   -1.914783000
1315    1.511738000   -0.192624200   -1.126286000
1316   -0.948178800   -0.404353100    0.121359200
1317   -0.950000000   -0.354241800    1.393398000
1318   -0.950000000    0.282247400    1.866585000
1319   10.867920000    1.403606000   -0.004054419
1320    7.480383000    0.317681900   -0.357635300
1321   16.344810000    0.956092700   -1.701587000
1322   10.281030000    0.411990000   -1.196422000
1323   15.563920000    1.279673000    1.012458000
1324   12.700410000    0.927491600   -0.394462000
1325   13.526990000    0.813206100   -0.393689400
1326   17.914580000    1.554658000   -0.265200600
1327   -0.950000000   -0.708663300   -0.369303900
1328   -0.950000000   -1.070341000   -0.214556300
1329   10.047820000    0.479495400   -0.509572100
1330    8.219282000    0.669340800    0.516330800
1331   10.332930000    0.803027200    0.864627100
1332   21.032430000    1.469057000    1.958153000
1333   -0.950000000   -0.990253600   -0.089091460
1334    4.177725000   -0.131461000   -0.403193400
1335   17.290660000    0.876830300   -1.003533000
1336   -0.950000000   -0.224188200   -1.886561000
1337   19.045040000    1.673802000    0.514343900
1338    3.478446000    0.342775000   -0.507381600
1339   -0.950000000   -0.121496000   -0.576643300
1340   13.984210000    1.091113000   -1.303212000
1341   11.802270000    1.165842000   -0.187096000
1342   -0.950000000   -0.775047700   -0.217621900
1343   -0.950000000    0.227968200    0.978750500
1344   -0.950000000   -0.168745300   -0.856579300
1345   -0.950000000   -0.375851100    0.045446420
1346   -0.950000000   -0.314964900    0.959775200
1347   -0.950000000   -0.666133300    0.549523900
1348   -0.950000000   -1.514369000   -1.608443000
1349   -0.950000000   -0.348697700    0.737870200
1350    1.765215000    0.124573600    0.751707500
1351    8.044784000    0.857429400   -0.591155800
1352    8.544464000    0.555045000   -0.321606100
1353   10.468120000    0.760621700    0.031490750
1354   -0.950000000   -1.302218000    0.875031000
1355    5.021442000    0.819122900    0.502402200
1356   -0.286667600   -0.356371400   -1.026699000
1357    2.566942000    0.029204080   -1.069313000
1358    3.481006000    0.246885400   -0.166015900
1359    4.931170000    0.748200800   -0.049218310
1360   -0.950000000   -0.915628900    0.030816760
1361    1.134115000    0.001843693    0.069380640
1362   -0.950000000   -0.285381000    0.251149300
1363   -0.950000000   -0.199845500    0.780494500
1364    4.975875000    0.273638900   -0.081864550
1365   -0.950000000   -0.350502500   -0.007635449
1366    5.953283000    0.431716600   -1.103078000
1367   11.543030000    1.183130000   -0.760988600
1368   -0.950000000   -0.415981100    0.674454900
1369   -0.950000000   -0.352269100   -1.026390000
1370   -0.950000000   -0.076866360   -0.292599900
1371    6.215747000    0.612713300   -0.756564900
1372    1.412100000    0.299495900    0.209362100
1373    1.467739000    0.182635600   -1.071302000
1374    5.321056000    1.019094000    1.288733000
1375    4.361025000    0.308016200    1.061820000
1376   -0.950000000   -1.856420000   -1.061742000
1377   14.067550000    1.477256000    0.578167600
1378   -0.950000000   -1.475182000   -0.550928900
1379   -0.950000000   -0.238330000   -0.185347600
1380   -0.950000000   -1.039829000   -0.121313700
1381    9.681016000    0.651042800   -0.475093600
1382    8.869831000    0.784287900    0.714526500
1383    4.428890000   -0.017722960   -0.663381600
1384   16.848400000    1.244520000   -0.309409700
1385   -0.950000000   -1.847863000   -0.148692300
1386   15.316550000    1.324632000    1.159680000
1387   11.947790000    0.425941900   -1.060326000
1388    8.114123000    0.302428500   -1.517339000
1389    9.879474000    0.751178500    1.377658000
1390   12.772690000    0.966859800    0.595488600
1391   11.940940000    0.983514600    1.348555000
1392   -0.950000000   -0.288667600    1.176927000
1393   -0.950000000   -1.903608000   -0.310684700
1394    0.990036500   -0.078899170    1.393846000
1395   10.005170000    0.450426600    0.169287200
1396   -0.950000000   -0.391900900    0.083726830
1397    3.321118000   -0.253698500   -1.927622000
1398   -0.950000000   -0.557143000   -0.563651000
1399    3.935463000    0.637193100    0.266328500
1400   15.260130000    1.290830000   -0.403131100
1401   -0.950000000   -0.236092400   -0.674884700
1402   20.572220000    1.799236000   -0.872623800
1403   13.918360000    1.583399000    1.254012000
1404   11.190640000    1.111263000   -1.107401000
1405   16.490850000    0.959102300   -1.825710000
1406    7.227059000    0.813797900   -0.242977100
1407   -0.950000000   -0.177090400   -0.252414800
1408    6.934252000    0.424593100   -0.878124800
1409   -0.950000000    0.157367800    0.310364500
1410   -0.950000000   -0.606426800   -0.409613900
1411    8.038323000    0.693691700    0.160677300
1412   -0.950000000   -0.959737600    0.986734000
1413   -0.950000000   -1.039714000    0.572896600
1414   -0.950000000   -1.107487000    1.847817000
1415   -0.950000000   -1.484693000   -0.152481100
1416   13.186810000    0.735069800   -0.379715700
1417    1.071955000   -0.076355340    0.739168300
1418   -0.950000000   -0.453361100    1.704908000
1419   10.948680000    0.525974300   -0.945054800
1420    3.367051000    0.630931500    1.455131000
1421   -0.950000000   -0.944168500    0.624173600
1422    0.210858800   -0.473468700   -0.952113300
1423    2.148697000   -0.029737750    0.122590500
1424    2.549593000   -0.027105320    0.182313600
1425    1.480189000    0.614188100    1.216743000
1426   23.108250000    1.931790000   -0.801503300
1427    1.275638000   -0.111130100    0.805112400
1428    3.053303000    0.159154700    0.853262000
1429    9.866605000    0.551463500   -1.329676000
1430   -0.950000000   -1.027739000    0.163790100
1431   -0.950000000   -1.208008000    0.642838900
1432    0.437533100   -0.156295200   -0.887762400
1433   -0.950000000   -0.294648500    0.938016800
1434    3.772834000    0.320184000    0.177140200
1435   -0.950000000   -1.751802000    1.722275000
1436   -0.950000000   -0.879208700    0.733617000
1437   10.508240000    0.643489200   -1.590280000
1438    0.381131500   -0.061014810    0.850708500
1439   14.838520000    1.198060000    0.519241400
1440   -0.950000000   -0.695520500    1.129086000
1441    8.100850000    1.308551000    0.910110800
1442   -0.950000000   -0.325580700    1.484715000
1443   -0.950000000   -1.628596000   -0.666878600
1444   -0.950000000    0.000489350   -0.878114500
1445   -0.950000000   -0.265218300    1.211449000
1446   -0.950000000   -1.001890000   -1.236614000
1447   -0.950000000   -1.103439000   -0.065099520
1448    2.949628000    0.580552000    0.749014100
1449    3.378834000    0.491140600    0.072679560
1450   -0.950000000   -0.467782600    0.960141300
1451   -0.950000000   -1.603360000   -0.174882800
1452   12.894470000    1.257428000   -0.570804100
1453    7.142613000    0.989660600   -1.484321000
1454    3.435907000    0.456058500   -0.599817900
1455   -0.950000000   -0.739513400   -0.937529200
1456   -0.950000000    0.320216200    1.066646000
1457   -0.950000000   -0.509414300    0.350213600
1458   -0.950000000   -1.678478000   -1.108998000
1459   -0.950000000   -1.548458000    0.644836400
1460    5.486000000    0.863836400    0.056011950
1461   -0.950000000   -1.141934000   -0.792094600
1462   -0.950000000   -0.808209700   -1.036879000
1463    1.536512000    0.396201400    0.076315010
1464   -0.950000000   -0.426025500   -0.068123050
1465   -0.950000000    0.767092100    1.582355000
1466   12.030970000    1.458556000   -1.058747000
1467   -0.950000000   -1.881819000    1.129798000
1468   -0.950000000    0.123741400    0.720886700
1469    2.763362000    0.447701800   -1.061745000
1470   -0.950000000   -0.007941582   -0.869290300
1471   13.472840000    1.041379000   -0.750492600
1472   -0.950000000   -0.779778700    1.469064000
1473    4.118631000    0.289039800   -1.017563000
1474    5.785566000    0.606814300   -0.366311300
1475   12.741920000    0.782641300   -0.771210500
1476    7.102588000    0.266933000   -1.876790000
1477   -0.950000000   -1.065581000    0.790016800
1478    6.080688000    0.543063400   -0.894145900
1479   -0.950000000   -1.108013000    0.873243600
1480   -0.950000000   -0.673607500    0.664596300
1481   -0.950000000   -0.932730900    1.697688000
1482   -0.950000000   -0.252000500    0.554712300
1483   -0.950000000   -0.075068820    0.044975480
1484   -0.950000000   -1.687780000   -0.119707400
1485   16.052630000    1.468300000    1.470723000
1486   11.789550000    1.252548000    0.965356300
1487   -0.950000000   -0.987828900    0.770065500
1488    4.633371000    0.631754600    0.009241190
1489    6.482929000    0.850589400   -0.500738700
1490   -0.950000000   -0.305463700   -0.098727090
1491   -0.950000000   -0.903822700   -1.229056000
1492   -0.950000000   -0.909130900   -0.776968600
1493   12.533690000    1.357144000    0.894472100
1494   -0.950000000   -1.338195000    1.380204000
1495   -0.950000000   -1.445949000    0.110222300
1496   -0.950000000   -0.292405300   -0.075957930
1497   -0.950000000   -0.214780600   -0.336662600
1498   19.127760000    1.895352000   -1.482161000
1499    5.412104000    0.238611100   -1.760706000
1500   12.737310000    1.389341000   -0.997764400
