*y  x1  x2
   1   -0.950000000   -0.612146300    1.829847000
   2   -0.950000000   -0.600973000    0.941819400
   3    5.027247000    0.320695200   -0.102184200
   4   -0.950000000   -1.462479000    1.101674000
   5   -0.950000000   -0.357077900    0.172585200
   6   -0.805005900    0.132343200    0.103370100
   7    2.556232000    0.314315600   -1.340265000
   8   -0.950000000   -1.035039000   -0.864118200
   9   -0.950000000   -0.381414000    0.010227140
  10   -0.950000000   -0.350932800   -0.068452150
  11    2.813359000    0.392505400    0.458373200
  12    3.266995000   -0.017034600   -1.589318000
  13   -0.950000000   -1.086108000    0.127608200
  14    8.759165000    0.840336300    0.425101200
  15    1.015184000    0.243615800    0.927263200
  16   -0.950000000   -0.535856500    0.161835300
  17    1.925470000    0.406891800    0.029825230
  18   -0.272117100   -0.038246450   -1.052372000
  19    0.612854000   -0.086316860   -1.085186000
  20    8.039499000    0.943533500    0.017332540
  21    0.576049900    0.910242400    1.714959000
  22    5.151832000    0.512765900   -0.048561490
  23    2.201737000    0.221501900   -1.297395000
  24   -0.950000000   -0.720301400    0.081123910
  25    7.566851000    0.769834500   -0.130448000
  26   -0.950000000   -1.194313000   -0.873254800
  27   -0.950000000   -0.417729200   -0.747026700
  28   -0.950000000   -0.730125100    0.756917200
  29    0.758676400    0.518110800    0.293458900
  30    2.730763000    0.152195500   -0.357915100
  31    0.311284400    0.054947590    0.250542100
  32   -0.950000000   -0.557096000    0.694895400
  33    4.776094000    0.145275400   -1.033886000
  34   -0.950000000   -0.634722600    1.391154000
  35   -0.950000000   -0.380979400    0.743121700
  36    4.157799000    0.687138100    1.003258000
  37   -0.950000000   -1.207026000   -1.105716000
  38   -0.950000000   -1.026069000    1.215093000
  39   -0.950000000   -0.280394800    0.374246200
  40    4.928044000    0.645079700   -0.060748920
  41   -0.950000000   -1.458393000   -0.885061800
  42   -0.950000000   -0.904287800   -0.684190200
  43   -0.950000000    0.543323200    1.871728000
  44    3.439323000    0.562647200    0.354932900
  45    7.009770000    0.547740000    0.523333500
  46    2.172763000    0.207950100    0.378828500
  47    3.992199000    0.725611800    1.052670000
  48    6.728894000    0.564998300   -0.915157900
  49   -0.950000000   -1.004138000   -0.658289700
  50   -0.950000000   -0.161286200    0.448495500
  51    3.813323000    0.570758600    0.589817800
  52   -0.950000000   -1.228226000    0.878785600
  53   -0.950000000   -0.717713300    0.536037100
  54    1.197777000    0.172118100    1.973458000
  55   -0.950000000   -1.160685000   -0.877642000
  56    7.130447000    0.629389300   -0.542695700
  57   -0.950000000   -1.557921000    1.259563000
  58   -0.950000000   -1.551128000    1.742946000
  59    2.479037000    0.476257600    1.635496000
  60   -0.950000000   -0.931138200    0.039805760
  61    5.979501000    0.755985900   -0.704305200
  62   -0.950000000   -0.379068000    0.252395400
  63   -0.950000000   -0.378121800    0.415835400
  64    1.717137000    0.386545000    0.411261600
  65   -0.950000000   -0.982551600   -1.169400000
  66   -0.950000000    0.171718100    0.632226300
  67   -0.950000000    0.210779300   -0.576361700
  68   -0.950000000   -0.813507700   -1.453456000
  69   -0.950000000    0.598150400    1.680213000
  70   -0.950000000   -1.162179000   -0.505873200
  71    0.226884900    0.316104700   -0.087308720
  72   -0.950000000   -1.272748000   -1.477926000
  73   -0.950000000    0.030658630   -0.564035800
  74   -0.213734000    0.219131400   -0.447090500
  75   -0.950000000   -0.370153700    0.663196100
  76   -0.950000000   -1.431414000   -0.277487500
  77   -0.645328900   -0.383680700   -0.670287900
  78   -0.418448000   -0.694528000   -1.378566000
  79   10.747600000    1.216036000    1.220533000
  80    5.538437000    0.422849800    0.234993200
  81    2.284604000    0.054851610   -0.165739700
  82   15.212680000    1.994908000    1.912207000
  83   -0.950000000   -1.426730000   -0.289667800
  84   -0.056268970   -0.114249800    0.981683500
  85   13.165720000    1.060345000    0.052635820
  86   22.859650000    1.805622000    0.010427960
  87    9.360107000    0.574528200   -0.523598200
  88   14.527780000    0.951544400   -0.917750400
  89   -0.950000000   -1.495089000    1.261312000
  90    5.134605000    0.244063700    0.274521800
  91   -0.950000000   -0.357634300   -0.106413600
  92   -0.950000000   -0.988458200   -0.130368500
  93   -0.950000000   -0.144148000   -0.466876700
  94    6.068651000    0.676931600   -0.386112600
  95   -0.950000000    0.105074900    0.612401000
  96   -0.950000000   -0.629765500    0.372219200
  97    0.488224800    0.198081100   -0.655638700
  98    1.121713000    0.184789700   -0.158380900
  99   -0.950000000   -0.187618400    0.109938000
 100   -0.950000000   -1.185512000   -0.242100000
 101   -0.950000000   -0.475116300    0.507986200
 102    2.708164000    0.398413300   -1.048519000
 103    5.907820000    0.777591700   -0.000862249
 104   -0.950000000   -0.247175800    1.616553000
 105    0.943156000   -0.171732700   -1.340777000
 106   -0.537772200    0.192129700   -0.081387310
 107   -0.950000000    0.131839500    1.008410000
 108   -0.950000000   -0.126151200   -0.411034800
 109   11.541750000    1.668946000   -0.520268800
 110   -0.950000000   -0.384137500   -1.310006000
 111    7.644638000    0.836703100    0.778880800
 112   -0.950000000   -0.318126600    0.158423100
 113   -0.950000000   -0.586565100    0.509868900
 114   -0.950000000   -0.618428000   -0.539231800
 115   -0.950000000   -1.004307000   -0.818271400
 116   -0.950000000   -1.830248000   -0.452439100
 117    9.397865000    1.278560000   -0.603345300
 118   -0.950000000    0.248836300   -0.241399700
 119   -0.950000000   -0.009823490   -1.013888000
 120    9.345855000    1.029890000   -0.348408400
 121    1.377018000    0.070264430   -1.297519000
 122    3.321635000    0.402886500   -1.237440000
 123   10.606360000    0.890563300   -1.163916000
 124   12.380620000    1.301113000   -0.312058800
 125   -0.168952400    0.093634730   -1.391564000
 126   -0.029790060    0.111684300    1.338278000
 127   -0.950000000   -0.196279200    0.444278300
 128   -0.950000000   -0.249996500   -0.063270890
 129   -0.950000000   -0.911877400    0.995427300
 130   -0.950000000   -0.986966800   -0.555106400
 131    5.454058000    0.678030100    0.439399200
 132   -0.950000000   -0.028317080   -1.457888000
 133   -0.950000000   -0.767878000    0.702583700
 134   -0.950000000   -0.590200500    0.022077570
 135    0.920148400    0.497157000    1.409615000
 136   -0.950000000   -0.556786500    1.306044000
 137   14.537610000    0.520679100   -1.161232000
 138    7.347029000    0.376956700   -0.636546800
 139   20.404950000    1.553466000   -0.638647300
 140   -0.950000000   -0.436060200    0.082290040
 141   21.843900000    1.885944000   -0.282169200
 142   10.616210000    0.904328600    0.200546200
 143   13.186630000    0.859667600   -0.270806000
 144   11.917740000    0.632096900   -0.678925600
 145    8.362123000    0.454270200   -0.589145700
 146    9.704438000    0.565604800    1.144847000
 147    9.008876000    0.718100000    1.066592000
 148   -0.950000000   -0.565411400    1.866110000
 149   -0.950000000   -0.822471600   -0.357176900
 150    5.137326000    0.371991700    1.193417000
 151   -0.377425400    0.353387000    0.805444900
 152   -0.950000000   -0.294096600   -1.340953000
 153    4.557244000    0.752701700    0.495972100
 154   12.517150000    1.174410000    1.640999000
 155   -0.950000000   -0.546994200    0.224746300
 156   -0.950000000   -0.669615100    0.168227900
 157   10.777370000    1.020021000   -0.741836500
 158   -0.950000000   -0.234260200   -0.405305100
 159    7.940991000    0.876184000   -0.857587700
 160   -0.950000000   -0.421461300    0.371709700
 161   -0.950000000   -1.646984000   -0.770344900
 162    6.143237000    0.620456200   -0.149448600
 163   -0.950000000   -0.416093800    1.153123000
 164   -0.950000000   -1.722505000    0.201485300
 165   -0.950000000    0.404691400    1.500170000
 166   -0.327084600   -0.156856000   -0.061715490
 167   15.529020000    0.978174600    0.947533400
 168   12.798960000    1.084924000   -0.404877200
 169   10.067230000    1.393652000    1.178338000
 170    4.812908000    0.615431000    0.186275600
 171   -0.950000000   -1.216056000    0.743801000
 172    0.239552200    0.015997610    0.089544700
 173    6.946001000    0.186453400   -1.555023000
 174    2.255001000    0.003873198   -0.408556900
 175    1.010054000    0.100806700    0.221924900
 176    6.474873000    0.376843200    0.274869100
 177    4.506849000    0.053806950    0.001751322
 178   -0.950000000   -0.248139300    0.219037900
 179    9.663707000    0.542829000   -0.919202300
 180   -0.950000000   -1.540230000    0.393899500
 181   10.609910000    0.357939200   -1.256122000
 182   14.197690000    1.495814000    0.766916900
 183    4.315860000    0.218115200    0.812574100
 184    3.255689000   -0.220446200   -0.641777200
 185   -0.950000000   -0.490059900    0.433788700
 186   -0.950000000   -1.437633000    0.011122850
 187    1.921120000   -0.238881000    0.111293300
 188   19.498540000    1.382741000    0.865949300
 189   16.229660000    1.024477000   -0.708945900
 190   -0.589867100   -0.584905600    0.924406800
 191    9.883165000    0.512645900    0.137617800
 192    6.497632000    0.372247700   -0.167641900
 193    6.731894000   -0.102911900   -0.805459500
 194   15.649590000    1.096639000   -0.496264600
 195   -0.950000000    0.165251800    1.470115000
 196   -0.950000000   -0.726957400   -0.222941800
 197   -0.950000000   -0.169082700    1.681976000
 198   -0.950000000    0.216161800    0.897563700
 199   -0.950000000   -0.247998900   -1.214465000
 200   10.546280000    1.233257000   -0.229534800
 201    5.056355000    0.729203000   -0.253880500
 202   -0.950000000   -1.345181000   -1.446681000
 203   -0.950000000   -0.060611340   -1.099029000
 204   -0.950000000   -0.479307600   -0.653798100
 205    5.906329000    0.778057600   -0.331931900
 206   -0.950000000   -0.665972600    0.422645600
 207   -0.950000000   -0.233691300    0.607042300
 208   -0.950000000   -0.442504500    0.630728800
 209   -0.950000000   -1.753121000    0.184663700
 210   -0.950000000   -0.816030600    0.450547800
 211   -0.950000000   -1.085452000   -0.560099400
 212    3.754144000    0.440529000   -0.691400800
 213   -0.950000000   -0.263756000    0.027045150
 214   -0.950000000   -1.144111000   -0.496939000
 215    8.778631000    1.025213000   -0.549944700
 216   -0.950000000    0.128305700    0.356146900
 217    3.073717000    0.807485700    1.062135000
 218   -0.950000000   -0.548704800    0.005538053
 219   -0.950000000   -0.938953400    0.204713200
 220    0.628042800   -0.017688870   -1.329275000
 221   16.489000000    1.994744000   -1.277825000
 222   -0.950000000   -1.691488000   -0.396773000
 223   11.896000000    1.015768000   -1.700146000
 224   -0.950000000   -1.737020000    0.479305400
 225    6.667532000    0.956238300    0.286425600
 226   -0.950000000   -0.558492700    0.428771400
 227   -0.950000000   -0.550716100   -0.554494600
 228   -0.950000000   -0.649445700    0.144879700
 229   -0.950000000   -1.652311000    1.178402000
 230   -0.077774350   -0.141173600    0.000386232
 231    4.669201000    0.542607300    0.686949000
 232   -0.950000000   -0.492840500    0.302420400
 233   -0.950000000   -1.196863000   -1.046125000
 234   15.707900000    1.795701000    1.392209000
 235    9.634139000    0.758213600    1.224789000
 236    6.306447000    0.314529300    0.245118800
 237    2.674421000    0.066346370    0.124079300
 238    9.389226000    0.713802100   -0.855982000
 239   -0.950000000   -1.932749000    1.402849000
 240    8.307532000    0.556268700   -0.012884130
 241    5.345482000    0.219928300   -1.490179000
 242   -0.950000000   -0.326515100    0.814516500
 243   -0.950000000   -0.931397200    1.785514000
 244    8.896663000    0.772285200   -1.718011000
 245   -0.950000000   -0.599732600   -1.118419000
 246   -0.950000000   -0.340023800    1.628673000
 247    9.927774000    0.839481800   -0.423666100
 248   -0.950000000   -0.604496900   -1.230265000
 249   -0.950000000   -1.274712000    0.012713530
 250   15.816630000    1.582533000   -1.915742000
 251   -0.950000000   -1.127348000    1.173792000
 252   -0.950000000   -0.164931100   -0.054790230
 253   -0.950000000   -1.790400000   -0.920480600
 254    6.547546000    1.302356000    0.666076200
 255   -0.950000000   -0.067056440    0.099581350
 256   11.233040000    1.337920000   -1.419875000
 257   -0.950000000   -1.546457000    0.068102610
 258   21.139960000    1.756492000   -0.835848600
 259   -0.950000000   -0.148720900    0.426734700
 260   -0.733902600   -0.116804100   -0.430469200
 261    8.772920000    0.653912500   -1.363928000
 262    7.843765000    0.932177700   -1.500380000
 263    3.126523000    0.474140100   -0.343778600
 264   -0.950000000   -0.471286300    1.590796000
 265    8.533634000    0.868149300   -0.519332500
 266   10.257310000    1.040187000   -1.285917000
 267   -0.950000000   -0.482257400    0.377286900
 268   -0.482562600   -0.280628100   -1.251354000
 269    0.058331020    0.035192020   -0.420308600
 270   -0.950000000   -0.920466600    0.217297500
 271   -0.950000000    0.031287420    0.601624200
 272   -0.950000000    0.136777200    0.151052300
 273   -0.950000000   -0.543824600   -0.961358300
 274   -0.950000000   -1.810312000   -0.624111900
 275    0.637603300    0.259295300   -0.198018400
 276   12.226550000    1.059985000    1.257877000
 277   -0.724453700    0.082074830    0.289908700
 278    4.897922000    0.146350400   -1.804566000
 279   -0.950000000   -0.903960400    0.671289500
 280   -0.950000000   -0.243660100    0.389872100
 281   -0.614781200    0.246375400    0.924474700
 282    0.108991700    0.144507400   -1.403845000
 283    5.072285000    0.870101700    0.566327600
 284   -0.950000000   -0.818310400    0.337415600
 285   -0.950000000   -0.572549300   -1.229765000
 286   -0.950000000   -0.412876200    0.462224300
 287   -0.052332820   -0.072371580    1.851555000
 288    9.146269000    0.786244900    0.788481500
 289    2.763316000    0.279288100    0.809288100
 290    7.326157000    0.947883700    1.870982000
 291   -0.950000000   -0.561675300    0.341196400
 292   10.806340000    0.750058200   -0.853534500
 293   -0.950000000   -0.855588700    1.088735000
 294   -0.950000000   -1.391429000   -0.812257100
 295    8.022128000    0.474413200   -0.663144300
 296   -0.950000000   -0.610438700   -0.042235550
 297   -0.950000000   -0.195537600    0.839840900
 298    2.912586000    0.253459100   -0.275248700
 299   -0.950000000   -1.329995000   -1.319225000
 300    4.485923000    0.263511000   -0.456963000
 301   -0.950000000   -0.990099000   -0.363557000
 302   -0.950000000    0.207570700   -0.111507100
 303    5.081728000    1.401156000   -0.101685600
 304   10.147650000    1.019414000   -1.540486000
 305    5.361383000    0.936600900    0.754571300
 306    3.348953000    0.722559300   -1.457814000
 307   -0.950000000   -0.441580200   -0.318759100
 308   10.974080000    1.047603000   -1.254109000
 309   -0.950000000   -1.699937000   -0.428536600
 310   -0.950000000   -0.098975280   -0.119604800
 311   -0.950000000   -0.081695970    0.821313000
 312    0.084793480    1.002123000    0.488685500
 313    0.416272600    0.051703620   -1.320907000
 314   -0.950000000   -1.563344000    0.378499200
 315   -0.950000000   -1.728717000   -1.604683000
 316   -0.950000000   -1.569853000   -0.601132500
 317   -0.950000000   -1.432701000    0.850240000
 318   14.081060000    1.471598000    0.523032000
 319   -0.317282000    0.203786900    1.450167000
 320   -0.950000000   -0.451938900    1.110523000
 321   -0.456165500   -0.113563400   -0.149881500
 322   -0.950000000   -0.795281000    0.343853900
 323    6.445077000    0.375336000   -0.125341100
 324   22.497630000    1.510310000   -1.183553000
 325    9.824440000    0.814015200   -0.324498400
 326   -0.950000000   -0.216707700    0.806200200
 327    0.403378600   -0.099026230   -0.212313600
 328   -0.950000000   -0.867784900   -0.593701600
 329    0.518009300   -0.243824000   -0.555749700
 330    0.614643400    0.163893800    1.455300000
 331    1.233102000    0.031648600   -0.664463100
 332   10.254040000    1.520659000    0.635346600
 333   -0.950000000   -0.019824440   -0.143015400
 334    5.234219000    0.440799800   -0.603013100
 335   -0.950000000   -0.338467600    0.427052700
 336   -0.950000000   -1.288160000    0.270895100
 337    8.975065000    0.846593700   -1.204097000
 338   -0.950000000   -0.838231000   -0.035806330
 339   -0.950000000   -1.053571000   -1.011527000
 340    8.212880000    1.059961000    1.172403000
 341    9.364508000    1.161120000   -0.758611900
 342   -0.950000000   -0.082160910    0.386035400
 343   -0.950000000   -0.706315700   -0.002667240
 344    6.267487000    0.300465000   -1.463243000
 345    4.112087000    0.443149700   -1.037316000
 346   -0.950000000   -0.316785400    0.063006930
 347    4.831557000    0.543765300   -0.206665600
 348    0.892369700    0.140265800    1.392148000
 349   -0.950000000   -0.708920300    0.820897900
 350    8.985379000    0.740203600    0.783042800
 351   -0.950000000   -0.718961000   -0.028539830
 352    5.459501000    0.540257000   -1.052516000
 353   -0.950000000   -1.508718000   -0.714723500
 354   -0.950000000   -1.007268000    1.296007000
 355    2.037779000    0.285510500   -0.153758600
 356    5.154996000    0.620618100    0.777088800
 357   -0.578215100   -0.219108400   -1.013670000
 358    9.497555000    0.446769500   -1.393237000
 359   -0.950000000   -0.995813400    0.322422400
 360   10.221890000    0.715041900   -0.883335200
 361    2.886041000    0.400637700    0.261961000
 362   -0.950000000   -1.260250000    0.257239900
 363   -0.950000000   -0.836452200   -0.427972000
 364   16.521180000    1.938857000   -0.269056000
 365    8.692377000    1.066916000    0.887600900
 366    0.683311200    0.039411270   -0.508664800
 367    2.145893000    0.187026800   -0.158134900
 368    4.391238000    0.344256600   -1.707769000
 369   -0.950000000   -0.798109900    0.135360300
 370    5.182870000    0.393457800   -1.903683000
 371   -0.950000000   -0.224460400    0.953116000
 372    1.617531000    0.296211800    0.438989300
 373   -0.950000000   -0.092376880    0.880803300
 374    4.995806000    0.479352100    0.014906640
 375    6.455690000    1.179174000    0.363660600
 376   -0.950000000   -0.632596000    1.035551000
 377   -0.359854800   -0.238384600   -0.061883720
 378   -0.950000000   -1.162867000   -1.333234000
 379   -0.950000000   -1.743400000    0.173022800
 380    9.976348000    1.123942000    0.690438100
 381   -0.950000000   -0.529506200    0.296307100
 382    3.958271000    0.138228800    0.190948200
 383   -0.950000000   -0.510096100    1.302945000
 384   -0.950000000   -1.253603000    0.559392200
 385   11.401510000    1.123367000    1.031387000
 386    4.074016000    0.652385200    1.398967000
 387   14.123830000    0.995580900   -1.283441000
 388   10.004130000    0.841894600   -0.026145840
 389    3.607222000    0.546995400    0.930224000
 390   -0.950000000   -1.408694000    1.381669000
 391   -0.162059900   -0.059194670   -0.026735200
 392   18.463800000    1.452083000   -0.718422900
 393   -0.950000000   -1.553064000    1.082914000
 394   -0.950000000   -0.879781200    0.231478900
 395   17.762770000    1.539711000    0.454084900
 396   -0.950000000   -1.269307000   -0.151692100
 397   10.631020000    1.400645000    1.040241000
 398   15.448640000    0.925780800   -0.549474200
 399   11.128600000    0.888862900   -0.865594100
 400    3.929281000    0.111196000   -0.531155400
 401   12.378040000    0.946239400   -0.337671700
 402   -0.950000000   -0.699940500   -1.052745000
 403   -0.950000000   -0.546781800   -0.190366200
 404    3.891041000    0.427809700    1.108120000
 405   -0.950000000   -0.753000000    0.300266900
 406   -0.950000000   -0.630638000   -1.262688000
 407   -0.950000000   -0.753378000   -0.742347300
 408    3.100351000    0.438871000   -1.109304000
 409   -0.950000000    0.255277900    1.359482000
 410   -0.950000000   -1.672072000   -0.194217800
 411   -0.950000000   -1.467188000   -1.032963000
 412   -0.950000000   -0.134979100    0.956459600
 413   -0.950000000   -0.278219200   -0.033550880
 414    0.403720700    0.403221800   -0.414807700
 415   -0.950000000   -0.839157100   -1.816198000
 416    1.312596000    0.360295800    0.264179400
 417   -0.950000000   -0.745152300   -0.351221300
 418   -0.950000000   -0.369504300    0.386158200
 419    1.098022000    0.408404500    0.419773700
 420   -0.950000000   -1.726112000    1.393829000
 421    0.172817400   -0.382489000    0.693102900
 422    6.605586000    0.170958900   -0.857172100
 423   -0.950000000   -1.042495000   -0.265779800
 424   -0.950000000   -0.419435700    0.551967100
 425   -0.950000000   -0.620198100   -0.292932400
 426   -0.950000000    0.036391020    1.693124000
 427   -0.950000000   -0.789013800    1.270738000
 428   15.697520000    0.889221900    0.491459100
 429    8.484019000    0.186573400    0.098534320
 430   10.451060000    0.256514900   -1.190179000
 431    2.521763000   -0.112549200    1.717654000
 432   27.047040000    1.936724000   -0.458576900
 433   16.474080000    1.129448000    1.331951000
 434    3.548937000    0.321240500    1.224165000
 435   25.323010000    1.567937000   -0.042363980
 436   -0.950000000    0.247228100    0.671938400
 437    0.133662300    0.189433300    1.247290000
 438   -0.950000000   -0.270442100   -0.218590400
 439   -0.950000000   -0.639405800   -0.604749400
 440   -0.950000000   -1.873396000   -0.453320200
 441   -0.950000000   -0.560984000   -0.490957600
 442    6.100276000    0.580152700   -1.085023000
 443   -0.950000000   -1.110683000   -0.106171900
 444   -0.950000000   -0.642760700    0.822705500
 445    4.193193000    0.534380400    0.097388270
 446   -0.950000000   -0.539485000   -0.096049870
 447   -0.612845500    0.283357900    1.528207000
 448    6.888489000    0.950760200    1.457512000
 449   -0.950000000   -0.131579500   -0.821252600
 450   -0.950000000   -0.713903700   -1.544015000
 451   -0.950000000   -1.064514000    0.396207400
 452   -0.478761100    0.021031700    0.872424400
 453   -0.950000000   -1.482844000   -1.044989000
 454    5.033020000    0.286888400    0.429736600
 455    0.509988900    0.900566000    1.062517000
 456   12.709900000    0.942717800    0.819321700
 457    6.300527000    0.541450300    0.617059600
 458    8.586352000    0.408237600   -1.038268000
 459    0.526563800    0.025886540    0.626663700
 460    0.297952200   -0.079725720   -0.547370400
 461   -0.950000000   -0.949923100    0.161038100
 462   -0.950000000   -0.291638400   -0.098883580
 463    5.593518000    0.485480800   -0.099381270
 464   -0.950000000    0.011141190    0.189369700
 465    1.112590000    0.304095600    0.011099880
 466   -0.950000000   -0.378526400   -1.964165000
 467   -0.950000000   -0.267069000   -0.155345400
 468   -0.950000000   -0.174942300   -0.838644400
 469    1.372423000   -0.114940700   -1.218891000
 470   -0.950000000   -0.025134890    1.288594000
 471    8.957493000    1.546324000    0.266308200
 472    3.368776000    0.476431900    0.540488000
 473   -0.950000000   -0.757738200   -0.655593600
 474   11.660030000    1.290990000   -1.910338000
 475    9.760139000    1.003710000    0.180541100
 476    4.207585000    0.603539700   -0.144327900
 477   -0.628646500    0.142123200   -1.518542000
 478   -0.950000000   -0.171993200   -0.285586600
 479    0.128697000    0.427777300    0.440738700
 480   16.270050000    0.931894100   -1.203556000
 481   14.197340000    1.317622000    0.158380400
 482    4.026953000    0.817301400    0.898944100
 483   -0.950000000   -0.910672200   -0.294592200
 484   -0.950000000   -0.941057000    0.890092000
 485    1.289752000   -0.135413300   -0.831270400
 486   -0.950000000   -0.427912600    0.292638000
 487    6.279705000    0.537215300    0.434692200
 488    5.552454000    1.419087000    0.143247500
 489    5.241071000    0.347163800   -1.649646000
 490    7.336005000    0.724826900    0.152571400
 491   -0.950000000   -1.449644000   -1.590754000
 492    0.633588300    0.272432800    0.291707000
 493   -0.950000000   -0.391490700    1.752630000
 494   -0.950000000   -0.864613600   -0.003625903
 495   -0.950000000   -0.840985700   -0.702787700
 496    1.235567000    0.003544529    0.181228600
 497    4.033404000    0.223204400   -1.271766000
 498   12.615250000    1.317844000   -0.024877590
 499    6.691460000    0.495745600   -0.484605700
 500    0.445983200   -0.109978800   -0.478943800
 501   -0.163240000    0.220358200    1.300563000
 502   -0.950000000   -1.100824000   -0.648198800
 503   11.554990000    1.072752000   -0.947885100
 504   -0.950000000    0.022120710    0.834993900
 505   10.003240000    0.734880900   -0.927685600
 506    2.798723000    0.352331500    0.038771540
 507   -0.950000000   -0.910654000   -1.069316000
 508   -0.950000000   -0.523890200    1.077955000
 509   -0.950000000   -0.163445300    0.573222000
 510   15.931680000    1.702633000    0.054835580
 511   -0.424048700    0.164924600   -1.686775000
 512   -0.950000000   -0.129289200    0.996577800
 513   -0.950000000   -1.437274000    0.742098300
 514   -0.950000000   -1.704457000   -0.406588900
 515   -0.950000000   -0.837466000    1.320008000
 516   -0.950000000   -0.594021500    0.014892980
 517   13.774230000    1.361579000    0.556162500
 518   -0.950000000   -0.251441600   -1.542054000
 519   -0.950000000   -0.259853000   -0.443659000
 520    1.365076000    0.375167800   -1.418778000
 521    6.313591000    0.774680100   -1.403864000
 522   -0.950000000   -0.139471700   -1.040185000
 523    7.992940000    0.922322400   -0.628502800
 524   -0.950000000   -0.559411100    0.560028100
 525    4.646365000    0.315165300   -1.267554000
 526   -0.950000000   -0.678883200   -0.834256300
 527   -0.950000000   -0.948914600    0.702176000
 528    0.354333700    0.291084100    0.465265800
 529   -0.950000000   -0.153970800    1.195342000
 530   -0.950000000    0.075178170    1.678205000
 531    6.744294000    0.845896300   -0.178222200
 532    7.215876000    0.861604800   -0.332918500
 533   -0.950000000   -0.425783400    0.221680300
 534   -0.950000000   -1.999888000   -1.080031000
 535   -0.950000000   -0.136156200    0.310441900
 536   -0.950000000   -1.762768000    0.157760300
 537   -0.950000000   -0.561033100    0.740094600
 538    0.303583900    0.242030200    0.412579100
 539   20.109450000    1.297394000   -0.321969700
 540   -0.950000000   -0.343168200   -1.875919000
 541   -0.950000000   -0.182212800    1.327046000
 542   11.942340000    0.961425400   -0.126465200
 543   -0.231791000    0.003905825    0.274930300
 544    1.076181000    0.075245910    0.167877900
 545   -0.950000000   -0.163555000    0.047676700
 546   -0.396476200   -0.006356488   -0.595953000
 547   -0.950000000   -0.832017500   -0.670358900
 548   -0.950000000   -1.608522000   -0.234814800
 549   -0.824299700   -0.095247020    0.779756600
 550   12.092320000    1.217271000   -0.402350000
 551   -0.950000000   -0.449932800    0.180533000
 552   -0.950000000   -1.400455000   -0.922718900
 553   -0.950000000   -0.329811700    0.732580900
 554    2.375146000   -0.097396460   -1.892538000
 555   12.398390000    1.040824000    0.039318460
 556   13.821450000    0.792340600    0.710830000
 557   -0.950000000   -1.151885000   -0.909610100
 558    1.958357000   -0.240928800   -1.646956000
 559   17.491660000    0.897687700    0.033457800
 560   11.367780000    0.124288500   -1.892615000
 561   19.299560000    1.646376000    1.160190000
 562    4.560256000    0.611190500    1.265675000
 563   23.242330000    1.692832000   -1.031294000
 564   -0.419110800    0.137988400    1.758819000
 565   14.720480000    1.045760000   -0.816017700
 566   -0.950000000   -1.645586000    0.348846300
 567   -0.950000000   -0.862382100   -0.382548700
 568    7.792246000    0.163002700   -0.745376800
 569   10.896550000    1.386887000    1.104240000
 570    6.618706000    0.049051420    1.877519000
 571    5.974660000    1.306590000    1.538854000
 572   -0.950000000   -0.503725200   -0.281932200
 573    4.353751000    0.377353900   -1.504980000
 574   -0.950000000   -0.562407500   -1.103488000
 575   -0.950000000   -0.594216300    0.173254300
 576   -0.950000000    0.051261980    0.361614500
 577   -0.058672170    0.110747400   -0.584126900
 578   -0.950000000   -0.847715000    1.151629000
 579   -0.950000000   -0.123099600    1.752215000
 580   -0.950000000   -0.681572200    0.157171100
 581   15.273650000    1.931149000   -1.124582000
 582   -0.950000000   -0.410081600   -0.532203600
 583   -0.950000000   -0.536165200    0.857343500
 584    9.993973000    0.921926100   -1.193691000
 585   10.317640000    0.935252200   -0.738010400
 586   -0.950000000   -0.865388500    1.487244000
 587    9.205985000    0.708426800   -0.561436800
 588   -0.950000000   -1.636426000    0.623479400
 589    1.910581000    0.175644500    0.630453000
 590   16.214260000    1.308420000   -0.196259400
 591    1.462063000    0.133454400    0.271265800
 592   19.973250000    1.349940000   -1.296463000
 593   -0.950000000   -1.044995000    0.873200000
 594    3.678591000    0.261515900    0.633673800
 595   11.525390000    1.158321000   -0.447485600
 596   -0.950000000   -1.297808000   -0.639102100
 597   -0.950000000   -0.102096100    0.653814400
 598   -0.021079580   -0.367609300   -1.352143000
 599    6.371815000    0.614816200    0.248312100
 600    6.326044000    0.366815300   -0.114373200
 601   -0.950000000   -1.060107000   -1.244841000
 602    9.046967000    0.761855800    0.019215790
 603    3.029593000    0.611625200    0.859088500
 604    0.512022600    0.447924000    0.220236100
 605   -0.950000000   -0.296298400   -0.401924900
 606   -0.950000000   -0.728069300    0.335043500
 607   -0.950000000   -0.822576400    1.388412000
 608   -0.950000000   -1.888681000   -0.996171100
 609   12.396060000    1.215416000    0.224436500
 610   -0.950000000   -0.041856990   -0.151588900
 611   -0.950000000   -0.749698600   -0.659418700
 612   -0.950000000   -0.458217600    0.803308600
 613   -0.335897200    0.031344250   -0.834407600
 614   -0.950000000   -0.613419400   -1.045341000
 615    2.200008000    0.383559400   -0.148111800
 616   -0.950000000   -1.278149000   -0.509162400
 617    0.287346400   -0.262945200    1.800165000
 618   24.980040000    1.452269000   -1.624416000
 619   -0.950000000   -1.287634000    0.745562800
 620   10.958400000    0.613064000    1.046182000
 621   14.328640000    1.003550000    1.007484000
 622    3.536716000    0.058366280   -0.665942100
 623   11.556770000    1.004641000   -1.106798000
 624    3.133539000    0.118608800    0.083803980
 625   -0.950000000   -0.827151900   -0.572981800
 626    8.801712000    0.773585200    0.408207900
 627   -0.950000000   -0.724351900   -0.492668000
 628    6.349051000    0.552967600   -0.392506100
 629   12.387880000    0.696154900   -0.851557700
 630   -0.950000000   -0.304219800    1.211297000
 631   10.946910000    0.770571200   -0.646350000
 632   10.060200000    0.894754500    0.959346800
 633    6.515648000    0.800114600    0.123064300
 634    6.531988000    0.335035300   -0.973676400
 635   -0.950000000   -1.539355000   -0.415374600
 636   -0.950000000   -0.882195800   -1.321015000
 637    8.334873000    0.961397000    0.732348700
 638    5.591356000    0.486792800   -0.287103300
 639    7.620564000    0.786679500    0.097695550
 640   -0.135816100   -0.248573300    0.141659300
 641   -0.950000000   -0.299871700    1.914624000
 642   13.030820000    1.010672000   -0.398414600
 643   16.431840000    1.928025000    0.712364200
 644   -0.950000000   -0.870155600   -0.406493400
 645    7.100932000    0.450103700   -0.408155000
 646    2.208961000    0.079524620   -0.269019400
 647    4.480507000    0.112614500   -0.605275500
 648   16.317340000    1.093206000   -0.869717900
 649   -0.950000000   -0.359531200   -0.736646900
 650   22.228210000    1.778492000   -0.315708700
 651   -0.950000000   -0.689548900    0.496479600
 652   10.483640000    0.870265100    0.581171100
 653   -0.950000000   -0.437561300   -0.005464910
 654   12.475690000    1.104411000    0.002323041
 655    2.651340000   -0.009720929   -0.609035200
 656    1.046165000   -0.052274050   -0.014657780
 657   10.940110000    1.025512000    0.310703100
 658    8.175967000    1.004125000    0.540631200
 659   -0.950000000   -0.598175100   -0.735746400
 660   19.051190000    1.398088000   -0.781767600
 661    1.243008000    0.000052514   -1.063884000
 662    8.423642000    0.640830000   -1.361064000
 663   -0.950000000   -0.356142000    1.689910000
 664   -0.950000000    0.029610910    1.011320000
 665   -0.950000000   -0.493340900    1.081147000
 666   -0.950000000   -0.525347800    0.708745000
 667    8.006319000    0.887649200   -1.023884000
 668   -0.950000000   -1.231173000    1.060315000
 669   -0.950000000   -0.495540700   -0.370332400
 670   12.678190000    0.945688000    0.925487900
 671   17.800760000    1.583673000    0.904717300
 672   -0.950000000   -1.224196000    0.735084900
 673   -0.950000000   -0.156432500   -0.707179600
 674   -0.950000000   -1.143957000   -0.034216680
 675   -0.950000000   -0.500144000    0.071059790
 676   -0.950000000   -1.070529000    0.259335800
 677   -0.950000000   -1.725579000   -1.933952000
 678   -0.950000000   -0.058233270   -0.838955100
 679   -0.950000000   -0.310968200   -0.723682300
 680   -0.950000000    0.306990500    0.047530340
 681   -0.950000000   -0.791935500   -0.156800000
 682   -0.950000000   -1.984222000   -0.485053900
 683    2.540859000    0.753863100   -0.018612940
 684   14.978960000    1.915101000    0.890310400
 685   -0.950000000   -0.247520800    0.183723200
 686   -0.950000000   -0.669880100    0.399037100
 687    4.426480000    0.416512300   -1.836002000
 688    6.218429000    0.686826700    0.688153700
 689   -0.950000000   -0.535720600   -0.333488700
 690   13.669290000    1.231400000   -1.295763000
 691   -0.950000000   -1.964682000   -1.316383000
 692   -0.950000000   -0.666829900   -0.202574900
 693    2.475900000    0.383618900   -1.126011000
 694   -0.950000000   -0.701194200    0.281492600
 695    2.633370000    0.252596400   -1.074727000
 696    2.912650000    1.188588000    0.388245700
 697   12.632190000    1.737867000   -0.286446800
 698    8.734095000    1.017994000   -0.515764800
 699   -0.950000000   -1.028347000    0.102929800
 700   -0.950000000    0.053555490    1.845762000
 701   -0.950000000   -0.165506100   -0.362915800
 702    2.282350000    0.209671800   -0.956856300
 703   10.075830000    1.221844000   -0.549556600
 704   -0.950000000   -0.190710900   -1.579728000
 705   -0.401151000    0.182375300    1.032471000
 706   14.247930000    1.021295000   -0.011776120
 707   -0.950000000   -0.828537900    0.523994700
 708    2.217251000    0.061241640    0.049986450
 709   12.307790000    0.977227800   -0.319813800
 710   -0.950000000   -1.082248000   -0.459431900
 711   15.271440000    0.422847700    1.490716000
 712   -0.950000000   -1.580586000   -0.119903800
 713    3.193556000    0.088175140    0.113091700
 714    8.091299000    0.337175700   -1.043909000
 715   18.499070000    1.765579000    0.209771800
 716    4.175555000    0.234727800    0.197476100
 717    6.342068000    0.374490800   -0.404174300
 718    6.638429000    0.815910000    0.627734300
 719    7.563864000    0.604933600    0.321404300
 720   -0.950000000   -1.039883000    0.397766600
 721   -0.950000000   -0.219757300    0.630460700
 722    8.012083000    0.633708800   -0.017925830
 723   12.275920000    1.698587000    1.034979000
 724   -0.950000000   -0.320562200    0.101226800
 725   -0.950000000   -1.937026000    0.621847700
 726    9.165257000    0.778125200   -0.000052057
 727   15.989820000    1.569202000   -0.718413800
 728    3.597499000    0.494384600    0.733354900
 729   13.292930000    1.399383000    0.044941890
 730   -0.950000000   -0.724365300    0.752513700
 731    2.585819000    0.239665700   -0.285964300
 732    2.306839000   -0.051235600   -1.009210000
 733   -0.950000000   -0.822466900   -0.555395400
 734    0.898611700   -0.085973070   -1.420320000
 735   -0.950000000   -1.882286000   -0.148756300
 736   -0.950000000   -0.326656700   -0.058444510
 737   -0.733754500    0.063946870   -0.235266900
 738   -0.950000000    0.053126980   -0.643354200
 739    6.084392000    0.777938000   -1.561919000
 740    9.795052000    1.406195000   -0.349499300
 741   -0.950000000   -1.020501000   -0.362211200
 742   -0.950000000   -0.519840100    0.108455000
 743   -0.950000000   -0.711936300    0.404816600
 744   -0.950000000   -1.868348000   -0.324633500
 745    2.183161000    0.296098600   -0.896986400
 746    9.197141000    0.726634300    1.300372000
 747   13.249820000    1.068274000   -0.877289500
 748    3.618125000    0.765377400    1.365102000
 749   -0.950000000   -0.237973000   -1.316239000
 750   -0.549211100   -0.021738900   -0.959254000
 751    2.160622000    0.437807900    0.761704100
 752   -0.950000000   -0.430435000   -1.430222000
 753    8.075770000    1.111064000   -0.939119600
 754    7.014590000    0.816185300   -0.938820900
 755   -0.950000000   -1.370021000    0.632976100
 756   -0.950000000   -0.586818500   -0.074250270
 757   -0.950000000   -1.394885000   -1.257437000
 758   -0.950000000   -1.940264000    0.310485400
 759   -0.950000000   -0.579285500   -0.272441200
 760   -0.950000000   -0.454904700    0.015280520
 761    3.928680000    0.829279500    0.144820300
 762   13.833260000    1.872225000    1.268530000
 763    6.632847000    0.855235600   -0.261699300
 764   -0.950000000    0.295177500    1.255964000
 765   -0.950000000   -0.356971700   -0.871363200
 766   -0.950000000   -0.363330700   -0.040588530
 767   -0.950000000   -1.278352000    0.190507600
 768    4.059756000    0.638507700   -0.165285300
 769    1.032024000    0.483488600    1.694349000
 770    9.815582000    0.855305000   -0.716245600
 771   -0.950000000   -0.745798400    1.308295000
 772    7.547402000    0.417375200   -0.699789300
 773   11.830330000    0.743848300   -0.636831600
 774    5.209078000    0.538366100   -0.408792600
 775   -0.950000000   -0.709034000    0.458325500
 776    3.437479000    0.130449500   -0.644195200
 777   -0.950000000   -0.468070400   -0.276209200
 778   -0.950000000   -0.340082200    0.735899700
 779    7.362990000    0.817865400   -0.310692000
 780   -0.950000000   -1.172776000   -1.281652000
 781   15.517880000    1.669015000    1.015184000
 782    5.441738000    0.690164200   -0.058092000
 783   -0.950000000   -0.208481700   -0.272762200
 784   -0.950000000   -1.180766000   -0.623931300
 785   -0.950000000   -0.623946400    0.441112400
 786   -0.950000000   -1.044813000   -1.264865000
 787    2.462245000    0.152653700   -0.675700000
 788   -0.950000000   -0.578893100   -0.481863400
 789   -0.950000000   -0.322217100    0.417452000
 790    9.267073000    0.782926700   -0.355283700
 791   -0.510621400   -0.069875920    0.504032300
 792    0.464006600    0.390653900    0.667039500
 793    8.020677000    0.784176200   -1.699990000
 794    9.424992000    1.276192000    0.061017870
 795   -0.950000000   -1.058493000    0.268967000
 796   -0.950000000    0.291989800    0.976627800
 797   19.235380000    1.751849000    0.566399900
 798   -0.950000000   -0.386201400    0.357400000
 799    6.551695000    0.460959400   -1.975312000
 800    5.087324000    0.962107300    0.491198400
 801   -0.950000000   -1.490729000   -0.764459100
 802   18.372810000    1.792967000   -1.563408000
 803   -0.950000000   -0.217588200   -0.817159000
 804   -0.950000000   -1.634207000    0.190225800
 805   -0.950000000   -0.802824200   -0.762735800
 806    5.746310000    0.923400700    1.260500000
 807   -0.950000000   -1.162770000    1.471591000
 808    2.915701000    0.513481000    0.267318200
 809   -0.950000000   -0.486962300    0.081902970
 810    4.333658000    0.412114200   -0.500043600
 811   -0.950000000   -0.587210000    0.110564800
 812   12.585070000    0.817827100   -1.646593000
 813   -0.950000000   -1.612763000   -0.490294800
 814   14.907690000    0.947683300   -1.258864000
 815   -0.588297600   -0.002993754    0.190857900
 816   11.161080000    0.999547200   -0.422679000
 817   -0.950000000   -1.308299000    0.418652000
 818   25.850070000    1.829641000   -0.558905000
 819   -0.950000000   -0.300986200   -0.169466300
 820    7.211668000    0.281548600   -0.634991000
 821   -0.904184800    0.202277900    0.911376900
 822   -0.950000000   -0.508071900   -1.524347000
 823   -0.950000000    0.278547900    1.194003000
 824   -0.339294700   -0.120745800   -0.033317330
 825   12.319740000    1.040943000    1.263734000
 826   -0.950000000   -0.876278800    0.133053900
 827    8.320094000    0.443356100   -0.865959600
 828   11.718560000    0.822264300    0.122274700
 829    5.077076000    0.494069500    0.881265400
 830   -0.950000000   -0.271768700    0.686087500
 831   -0.950000000   -1.120943000   -1.166099000
 832    3.704527000    0.382574800    1.261996000
 833   16.905210000    1.663632000   -0.589125100
 834   -0.950000000   -0.588799300   -0.036209040
 835   -0.950000000   -0.919790900    0.248794300
 836    6.604582000    0.339614800   -0.931369900
 837   12.216340000    0.502279400   -0.186114100
 838    6.006817000   -0.017055230   -1.367269000
 839   21.802310000    1.307096000    1.196109000
 840    6.330315000    0.665815100    0.706330300
 841   16.993210000    1.602599000    0.751341400
 842    3.975422000    0.721468800    0.981398700
 843    4.915751000    0.457476900    0.124769800
 844   -0.950000000   -0.922642100   -0.364075400
 845   10.784010000    0.776958100   -0.094039700
 846   -0.950000000   -0.658130900   -0.095868450
 847   -0.950000000   -0.082415610    0.868796900
 848   -0.950000000   -1.084921000    0.060881200
 849   -0.950000000   -1.213820000   -1.313411000
 850   19.700820000    1.752076000    1.109056000
 851   13.414580000    0.840746500   -0.361572600
 852    8.610748000    0.422716400   -1.190702000
 853    9.256771000    0.704285600   -0.843406900
 854    5.072052000    0.338138300    0.642881400
 855    5.773699000    0.442876100   -0.305882100
 856   -0.950000000   -1.041442000   -0.458579500
 857    4.282081000    0.486369100   -0.133808400
 858   -0.950000000   -0.234442800    0.734559900
 859   -0.950000000   -0.589401400   -0.268578200
 860   -0.950000000   -0.784020100   -0.799324500
 861   11.632780000    1.261356000   -0.828247600
 862   -0.483441900   -0.034414000    0.252647100
 863   -0.950000000   -0.243337500   -0.190736900
 864   -0.950000000    0.033274550    1.097733000
 865    3.761318000    0.101701900    0.321703500
 866    4.997248000    0.282291300    0.032843600
 867   11.341290000    1.003653000    0.178357800
 868   20.332480000    1.523887000   -0.032776860
 869    2.030224000    0.236539500    1.026889000
 870    4.282950000    0.404075400    0.515857500
 871   -0.738232800    0.179991000    0.926030800
 872   11.731980000    0.819707700   -1.960954000
 873   12.959830000    1.198803000   -0.390096800
 874   -0.537988600   -0.145175500   -0.669589800
 875   -0.950000000   -1.298881000   -0.932371500
 876   13.027900000    1.076984000   -1.284671000
 877    2.611745000    0.266609500    0.172031100
 878   -0.950000000   -0.288696400    0.747847900
 879   -0.950000000   -0.340757400    0.055680130
 880   -0.950000000   -1.495062000    0.985954000
 881    8.039522000    0.586492600   -0.881944500
 882    7.462721000    0.642747200   -0.391506800
 883    1.911425000    0.396703500    0.753104600
 884   -0.950000000   -1.704818000    0.441185500
 885    5.798458000    0.104433600   -1.669014000
 886    9.336273000    1.004661000    1.281303000
 887    7.272512000    0.572036800   -0.463686800
 888   -0.950000000   -0.434682200    0.504913100
 889   10.247760000    0.422158900   -1.312194000
 890    3.657882000    0.069955130   -0.392821000
 891    0.391849600   -0.123228700    0.118519600
 892   17.227510000    1.802726000   -0.095938950
 893    0.415821700   -0.098392550   -0.021288980
 894    5.088288000    0.015841580   -1.023527000
 895    7.651223000    0.370448900   -0.966929800
 896   14.696230000    0.950502600   -0.492644200
 897   -0.950000000   -0.269950900    0.590618000
 898   14.045190000    0.951767500    1.164712000
 899   -0.950000000   -1.533793000    0.658552500
 900   -0.950000000   -0.623660300   -0.625146500
 901   -0.950000000   -1.086984000   -1.709376000
 902   -0.950000000   -0.530043900    1.447078000
 903   -0.950000000   -1.051481000    0.400305300
 904   -0.876686300    0.055042590   -0.077084880
 905    3.872544000    0.401265200    0.179961500
 906   -0.950000000   -0.670443000   -0.516361900
 907   -0.950000000   -0.911490000   -0.109091800
 908   -0.950000000   -0.036961280    1.123341000
 909   -0.950000000   -0.488061600   -0.933520900
 910   -0.950000000   -0.944609700    1.046715000
 911   -0.950000000   -0.229431400    1.185292000
 912   -0.950000000   -1.344224000    0.263878700
 913    4.997563000    0.591811700   -0.442561500
 914   -0.950000000   -1.085556000    1.761864000
 915   -0.950000000   -0.295993200   -0.854301900
 916   -0.950000000   -1.072054000    0.065822170
 917   -0.950000000   -1.374595000   -0.684044100
 918   -0.950000000   -0.340092300   -1.257734000
 919   -0.950000000   -0.083688680   -0.260728000
 920   -0.950000000   -0.608485400   -0.491289600
 921   -0.950000000   -0.455236400    1.244689000
 922   -0.950000000   -1.229033000   -0.421121300
 923    1.682497000    0.263562100    0.044243030
 924    3.092009000    0.273431100   -1.167658000
 925    2.161721000    0.369145300    0.093766450
 926   -0.950000000    0.131026500    1.734205000
 927   10.527910000    0.992392100   -0.183559300
 928    5.957927000    0.611741800   -0.174292800
 929   15.668620000    1.224295000    0.602803900
 930   -0.950000000   -1.431566000    1.348437000
 931   -0.950000000   -1.050860000   -0.269746600
 932   -0.950000000   -1.862138000    0.530430500
 933   13.363230000    1.232555000   -0.624269500
 934    5.548408000    0.598206400   -0.939165200
 935    4.961309000    0.729718500   -0.007660000
 936   -0.950000000   -1.093276000   -0.671771400
 937   -0.950000000    0.097174390    0.021079980
 938    9.449347000    1.313955000   -0.619232000
 939   -0.950000000   -0.909423600   -0.978677400
 940   -0.950000000    0.172681600   -0.033379830
 941   -0.950000000   -0.149165600    0.513790300
 942   -0.950000000   -1.249307000   -0.857229700
 943   -0.950000000   -1.475847000   -0.761166600
 944   -0.950000000   -0.586846900    1.873894000
 945    2.063842000    0.394441800   -0.226245100
 946   -0.950000000   -1.044115000    0.884906800
 947   10.146130000    0.773260600   -1.310776000
 948   -0.950000000   -1.557736000   -0.330206900
 949    6.236706000    0.481514500   -0.433053800
 950   -0.950000000   -1.060143000   -0.789950000
 951   -0.950000000   -0.061118760    0.953271000
 952    5.441749000    0.412541700   -0.460274400
 953   24.255520000    1.709612000   -1.674058000
 954   12.827540000    1.307884000    0.279602100
 955    3.193292000    0.337516000    0.493723400
 956   -0.950000000   -0.778862600    0.543807700
 957   -0.950000000   -1.500299000    1.400510000
 958    4.668749000    0.687854100    0.366588600
 959    4.008136000    0.527061000    0.101774500
 960   -0.950000000   -1.206269000   -0.457545500
 961    9.872281000    0.856038100   -0.575455000
 962   -0.950000000   -0.686955100    0.287582100
 963   -0.950000000   -1.340509000    0.444553700
 964    4.274420000    0.607200600    0.851506400
 965    1.822645000    0.492216200   -0.031920650
 966   16.188700000    1.885886000   -1.839853000
 967   -0.950000000   -1.382260000    0.162736900
 968   -0.950000000   -1.183016000   -0.505162800
 969   -0.778553400   -0.122915800   -0.611693800
 970   -0.950000000   -0.729126500    0.617975200
 971   -0.950000000   -1.013282000    1.103919000
 972   10.451720000    1.127652000   -0.176569300
 973    5.050516000    0.799431700    0.378404800
 974    8.501225000    0.609373000    0.424741300
 975   -0.878827400    0.207898100    0.837799700
 976    8.179580000    0.985319900    0.352252800
 977    3.778168000    0.353810400    0.530802500
 978    0.937938800   -0.303925000   -1.435273000
 979   -0.950000000   -1.963045000    1.132419000
 980   -0.950000000   -1.790655000   -1.323744000
 981    6.766182000    0.819900500    0.449007500
 982   13.462190000    1.823361000    1.203017000
 983   10.518670000    0.929144600    0.204003800
 984   -0.950000000   -0.737145100    0.536032800
 985   -0.950000000   -0.333241500    0.727839700
 986   12.543550000    1.371093000    1.189488000
 987   -0.269172200   -0.120981700    0.462300200
 988   -0.950000000   -1.028109000   -0.036288080
 989   -0.053989810   -0.297616100   -1.411467000
 990   10.667000000    0.863648600   -0.133014500
 991   -0.950000000   -0.971170800   -0.831848600
 992   -0.950000000   -1.115011000    0.197690700
 993   -0.950000000   -0.799530400    1.974755000
 994    3.553853000    0.585135100   -0.354420500
 995   -0.950000000   -0.274646500    1.102032000
 996   -0.950000000   -0.805527800   -0.249534800
 997   -0.950000000   -0.354794200   -0.527359300
 998    3.266512000    0.567127400   -0.268332700
 999   -0.950000000   -0.765606100   -0.642124200
1000   -0.950000000   -0.322569400    1.352153000
1001    0.376703800   -0.096872390   -0.875030300
1002   -0.950000000   -0.748730200   -0.452365200
1003    4.313480000    0.692318400   -0.157524500
1004    1.736559000    0.360989300   -0.629105800
1005    5.696963000    0.601231100    0.396475200
1006   -0.950000000   -1.552787000    1.043719000
1007   -0.182695800    0.485941100   -1.011007000
1008   -0.950000000   -0.666750900   -1.134506000
1009   -0.950000000   -1.231918000   -0.264395900
1010   -0.950000000   -0.837286400    0.635934100
1011   -0.950000000   -1.415625000   -0.534932500
1012    0.916769500    0.707654900   -1.533701000
1013   -0.950000000   -1.740862000    0.854933300
1014   -0.950000000    0.267003500   -1.497320000
1015   -0.950000000   -0.885529800   -0.219969500
1016   -0.950000000   -0.108688400   -0.887146300
1017   -0.950000000   -0.966564000   -1.642975000
1018   -0.950000000    0.464722800    1.529724000
1019    1.660514000    0.511686300   -0.606309300
1020   -0.950000000   -0.330625600   -0.945091500
1021    1.587580000    0.414088300   -0.167235500
1022    3.670767000    0.929317000    1.338396000
1023   -0.950000000   -0.049895070   -0.365028200
1024   -0.950000000   -0.250959100    0.196557900
1025   -0.950000000   -1.816617000    0.357177800
1026   -0.950000000   -1.494200000   -0.407510200
1027   -0.950000000   -0.924333500   -0.301177600
1028   -0.950000000   -0.991453500    0.627470900
1029   -0.950000000   -1.178629000   -0.851844000
1030   24.416300000    1.961101000   -1.406905000
1031   -0.831230000   -0.006447221   -0.510010200
1032    5.702278000    0.615236600   -0.522995200
1033   -0.950000000   -0.833099800   -0.254895700
1034   -0.950000000   -1.334561000   -0.017693690
1035   -0.950000000    0.167134000    0.392752300
1036   -0.950000000   -0.414650700   -0.045417280
1037   -0.950000000   -1.111060000    0.154243600
1038   -0.492669500    0.610304500    0.637821000
1039   10.531290000    1.183038000    0.737955800
1040    3.267491000    0.580654300    0.578118000
1041   -0.950000000   -1.323653000   -0.153413800
1042   15.025880000    1.391974000   -0.934088100
1043   -0.950000000   -0.147199400    0.205275600
1044   -0.950000000   -0.234135700    0.055603790
1045    5.493283000    0.422057900   -0.538374700
1046    2.995115000    0.399111700   -0.197455000
1047   -0.950000000   -0.874106400    1.093596000
1048   -0.950000000   -1.128944000   -1.096567000
1049   -0.950000000   -0.110257000   -0.543494200
1050   -0.950000000   -1.439088000   -0.629050500
1051    2.309046000   -0.016135030   -1.118442000
1052    1.146839000    0.240853400    0.753998100
1053   -0.950000000   -0.260965500   -0.159130800
1054   -0.950000000   -0.768382900    0.500718600
1055   -0.950000000   -1.690938000    0.370801700
1056    3.633964000    0.417829600   -0.316716300
1057   -0.950000000    0.138095800    0.227119800
1058   -0.950000000   -0.990141800    1.734051000
1059    5.541878000    0.638281400   -0.245587900
1060   -0.950000000   -0.653447400   -0.440155000
1061    8.585706000    0.766201400   -1.056519000
1062    3.913858000    0.553195000   -0.404139800
1063   -0.950000000   -0.769951700   -0.594199400
1064   -0.950000000   -0.124055900   -0.095162140
1065   -0.950000000   -0.841610400   -0.654030000
1066   -0.950000000   -1.074591000    1.212929000
1067    1.946849000    0.537641800    0.258022900
1068   -0.950000000   -1.788970000    0.874910300
1069   -0.950000000   -0.924252400    0.650724400
1070   -0.950000000   -0.047647320    0.037413250
1071   -0.950000000   -0.754702200   -0.288009700
1072   -0.950000000   -1.453715000   -0.137842400
1073   -0.950000000   -0.537242800   -1.069616000
1074   10.459080000    1.175601000   -0.417506800
1075    6.436219000    0.823276800   -0.807619500
1076   -0.950000000   -1.188330000    0.371219400
1077    3.930833000    0.454918600   -0.904383300
1078    2.611767000    0.208867000   -0.227731300
1079   -0.950000000   -1.210385000    0.797742600
1080   -0.950000000   -0.775025100   -1.707755000
1081    6.060373000    0.315632700   -0.179551500
1082    3.293192000    0.168441200   -0.676139400
1083    2.944649000    0.570145800    1.931557000
1084    1.906138000    0.100355600    0.799981000
1085   -0.950000000   -1.916786000   -0.078014790
1086   -0.950000000   -1.016875000   -0.506597700
1087   -0.950000000   -0.110804000    0.916321100
1088   10.104720000    0.913122100   -0.619412000
1089   -0.950000000   -1.034283000    0.315098500
1090   -0.950000000   -0.852436300    0.353012600
1091   17.524190000    1.602481000   -0.931264500
1092   -0.950000000   -0.216033100    0.816076200
1093    0.419214400    0.022174010    0.511068900
1094    0.552439500    0.040467860    0.141182300
1095    5.392316000    0.489346200    1.328671000
1096   -0.950000000   -0.859994600   -0.175887400
1097   -0.950000000   -0.443541500    0.681654100
1098    9.915360000    0.752893600   -0.835262500
1099    9.518445000    0.075473100   -1.644650000
1100    2.271259000    0.205047300    0.965611300
1101   21.298000000    1.558372000    1.857619000
1102   11.572180000    1.781223000    0.852311200
1103   30.492810000    1.867727000   -1.204794000
1104   -0.950000000   -1.028545000    1.489639000
1105   -0.950000000   -0.454301500    1.389560000
1106    2.221483000    0.049572470    1.386163000
1107    7.655691000    0.173177800   -0.905304400
1108   -0.950000000   -0.871250600   -1.352599000
1109   11.218760000    0.603264300   -0.531690200
1110    8.668942000    0.360925600   -1.186670000
1111   17.946460000    0.847267700    1.736463000
1112    1.226654000   -0.856948000    0.570432500
1113   13.949780000    0.784547600    0.293109000
1114    4.063426000   -0.336049900    0.134297900
1115    8.879549000    0.161081100   -0.009140354
1116   17.838410000    1.223179000   -0.473144200
1117   17.537240000    0.902719300   -0.814187900
1118   12.815340000    1.303696000    0.898365100
1119   17.753090000    0.580780400    1.817174000
1120    8.671097000    0.907219000    1.594672000
1121   23.114240000    1.513863000    1.622288000
1122    2.118441000   -0.759676400   -0.482679300
1123    5.552303000   -0.240516700    0.137237400
1124    9.154675000   -0.010554280   -0.424575500
1125   15.222980000    0.929307100    1.052377000
1126   -0.950000000   -0.785324800    0.899816400
1127   -0.950000000   -1.090034000   -0.854405800
1128    2.656918000    0.328227900   -0.380577700
1129   -0.950000000   -0.699519700   -1.942105000
1130    3.023244000    0.171444600   -0.817942200
1131   15.542910000    1.372519000    0.103823900
1132   -0.950000000   -0.157630500    0.574764200
1133    1.047216000    0.330348800   -0.569444300
1134   -0.140762900    0.068202040    0.529252800
1135   -0.950000000   -0.471011100   -0.992598500
1136    0.016584160    0.712684100    0.835000900
1137   -0.950000000   -0.680841400   -1.600254000
1138   -0.950000000   -0.931398000   -1.682322000
1139   12.972410000    1.546330000   -0.223348000
1140   -0.950000000   -1.038733000    0.797397700
1141   -0.950000000   -1.343942000    0.072939220
1142    9.401307000    0.711154400   -1.394277000
1143   -0.950000000   -0.896028200   -0.129929600
1144   -0.950000000   -1.243438000    1.006208000
1145    2.945834000    0.092626520   -0.015737490
1146   10.276030000    1.381332000    0.629379800
1147   13.786250000    0.963148000    1.536006000
1148   19.287260000    1.525608000   -1.068411000
1149    5.789813000    0.394926200   -0.973362800
1150   12.091530000    1.097097000    0.294337000
1151   -0.950000000    0.233501400    1.225605000
1152    9.125452000    0.481855400   -1.363796000
1153   11.155570000    1.018666000    0.336704000
1154   -0.950000000   -1.335536000   -0.505399100
1155    0.653549300    0.010754560   -0.266513400
1156   -0.950000000   -0.377200000    0.874295100
1157    5.481617000    0.454143800    0.720653900
1158    3.847900000    0.162696800   -0.406356200
1159   16.490700000    1.072761000   -0.011742850
1160   -0.950000000   -0.657573400   -0.678736300
1161    5.621922000    0.178068700   -1.267838000
1162    5.876587000    0.705912900    0.132399700
1163   10.181230000    0.680256100    0.376228300
1164   19.296420000    1.835045000    1.248758000
1165   -0.950000000   -0.642504200    0.665227600
1166    1.337733000   -0.258922500   -1.282237000
1167    6.266984000    0.593518800   -0.087321970
1168   -0.005414368   -0.245845000   -1.654297000
1169   -0.950000000   -0.918250100   -0.428250700
1170    1.370235000   -0.494665400   -1.586841000
1171   -0.950000000   -0.278945200    0.266189700
1172   -0.950000000   -0.733316600    0.797872100
1173   -0.950000000   -0.927265700   -0.836204300
1174   -0.950000000    0.300494300    1.413772000
1175   -0.950000000   -0.238682400    1.124131000
1176   -0.950000000    0.047933660   -0.300668000
1177   -0.950000000   -1.061341000    0.750893400
1178   -0.950000000   -1.944123000    0.834433600
1179    3.741057000    0.570340900   -1.478482000
1180   -0.950000000   -1.315210000    0.396088300
1181   -0.950000000   -0.530130100   -0.326037100
1182   -0.573787900    0.214063100   -1.618732000
1183   -0.950000000   -0.104942700   -0.788062500
1184    0.630112900    0.186461000   -0.854632300
1185    6.883028000    0.744563700   -1.122602000
1186    3.848893000    0.053623450    0.013625800
1187    8.556984000    0.501473600    1.823234000
1188   -0.950000000   -0.941867200   -0.229322000
1189    4.509913000    0.274359300   -0.272961600
1190    4.179992000   -0.038501970   -0.872393300
1191   10.872670000    0.799957100   -0.089772520
1192    1.294910000    0.025738040    0.158158200
1193   17.932960000    1.488762000   -1.009848000
1194    1.157803000    0.034787990    1.046795000
1195   15.651010000    1.156599000    0.313273900
1196    8.667735000    0.660267000   -1.099899000
1197   -0.950000000   -1.097635000    0.469904500
1198   14.693530000    1.145085000   -1.175467000
1199   11.022680000    0.516091700   -1.589632000
1200    7.648343000    0.926597500    0.026214510
1201    8.733438000    0.730706600    0.732660700
1202   30.818180000    1.720710000   -1.537480000
1203    7.445133000    0.238720400   -0.217576800
1204    0.622975400   -0.356504200    1.167159000
1205   18.062630000    1.440341000    0.950709800
1206   21.556750000    1.530990000   -0.144874200
1207   -0.950000000   -1.181950000   -0.439104200
1208   -0.950000000   -0.625560200   -0.339156300
1209   15.106110000    1.067760000   -0.211130900
1210   -0.950000000   -1.950191000    1.661306000
1211   13.382860000    0.620325000   -0.139389000
1212   -0.950000000   -0.412587700    1.118450000
1213   12.460970000    0.604822200    0.406601700
1214   -0.950000000   -0.563707400    1.210367000
1215   11.712420000    0.560235500    0.162817200
1216   -0.950000000   -1.036343000   -1.776046000
1217   -0.950000000    0.113952100    1.487714000
1218   -0.950000000   -1.709471000   -0.272577900
1219    8.364718000    1.015068000    0.216683700
1220   -0.950000000   -0.100821600   -0.250229400
1221   -0.950000000   -0.477802300   -0.476251600
1222   -0.950000000   -0.540577000   -0.851597500
1223    1.648829000    0.312471000    0.201290300
1224   -0.950000000   -0.809375000   -0.946079000
1225   -0.950000000   -0.859297800   -0.500396900
1226    9.091788000    1.151864000    0.239599800
1227   -0.950000000   -1.245063000    0.631621600
1228    9.068989000    1.418780000    1.352177000
1229   -0.950000000   -0.288111700   -1.238411000
1230   -0.950000000   -0.736354900   -0.411847900
1231   -0.950000000    0.136346500    0.706807000
1232   -0.950000000   -0.524802200    0.527262900
1233    8.345059000    0.796249700   -0.849054900
1234   -0.950000000   -0.071324930    0.202837900
1235   -0.950000000    0.540435600    1.139551000
1236   -0.950000000   -0.500926200   -0.477147100
1237   10.058910000    0.993253800   -0.019545450
1238   -0.950000000   -1.311974000    1.175449000
1239   -0.950000000   -0.550533600   -1.824038000
1240   16.830980000    1.184570000   -1.669874000
1241   -0.950000000   -1.039397000   -0.308066200
1242   -0.950000000   -1.323609000   -0.949505400
1243    5.307001000    0.670582500    0.025036990
1244   -0.950000000   -1.265480000   -1.258764000
1245   -0.950000000    0.027857380   -0.236009000
1246   15.641110000    1.561087000   -0.191853700
1247   10.114220000    0.517619200    0.299450400
1248   -0.950000000   -0.839332900    1.560308000
1249    0.684192900   -0.195555400   -0.355068300
1250   -0.950000000   -1.243435000   -0.881801800
1251    9.103552000    0.387750200   -1.559780000
1252    9.970936000    0.884001800    0.100924800
1253    5.785272000    0.567892900    0.798677400
1254    2.724076000    0.735738800    1.667356000
1255    9.683606000    1.042778000    0.676859700
1256   11.385030000    0.994261500   -0.759413600
1257   14.256200000    0.994333200   -0.455521900
1258   -0.698171800   -0.121384200    0.379794700
1259   -0.950000000   -0.841594800    0.481228300
1260   -0.950000000   -0.766889600    0.028152120
1261   -0.950000000   -1.380224000    1.262915000
1262   -0.950000000   -0.633861300   -0.584383300
1263   -0.950000000   -0.906408400   -0.085157400
1264    6.347417000    0.884043900    0.499206200
1265    3.801139000    0.318088400   -0.594487200
1266   -0.950000000   -0.657803600    0.015695870
1267   12.719790000    0.920955100   -1.357698000
1268    0.082454800    0.063221590   -1.159703000
1269   -0.950000000   -0.739675300   -0.053791550
1270    0.768783700    0.395683300    0.631040000
1271    2.011290000    0.413840500    0.253951200
1272   -0.950000000   -0.184330600   -0.266052100
1273    2.461824000    0.220694100   -0.266008000
1274   -0.950000000   -1.334148000    1.081819000
1275   18.748350000    1.860650000   -1.190717000
1276    2.588798000   -0.323971800   -1.034990000
1277   18.267000000    1.129512000   -0.145232400
1278   -0.950000000   -0.285596400    1.049377000
1279    3.616898000   -0.124177800   -0.849182400
1280   14.355780000    1.417744000    1.156663000
1281    7.972144000    0.188637600   -0.986755000
1282   10.802520000    0.937464400    1.600078000
1283    5.486946000    0.441631500    0.950871100
1284   -0.950000000   -0.724500800   -0.029788100
1285    6.024207000    0.863843400    0.454110700
1286   12.773740000    1.012911000    0.005259320
1287   -0.779371300   -0.449041000   -0.851865900
1288   -0.950000000   -0.461067900    0.899707500
1289    4.427670000    0.094231300    0.615526600
1290    3.965134000    0.006749813    0.375866900
1291    0.342960600    0.026261960   -0.187707100
1292   -0.950000000   -1.170802000   -0.998984100
1293    4.905193000    0.523692300   -0.063788550
1294   -0.950000000   -0.215026700   -0.311334900
1295   -0.950000000   -0.518091800    1.374622000
1296    3.799818000    0.290723600   -0.623637300
1297    3.394519000    0.375330300   -0.471133400
1298    2.521248000    0.292728800    0.151962800
1299    2.618482000    0.858856500    1.730248000
1300   -0.950000000   -0.139927500   -0.322359100
1301   -0.950000000   -0.257109700    0.568672500
1302   -0.950000000   -1.188831000   -0.143040300
1303   -0.950000000   -0.368721300    1.222004000
1304   -0.950000000   -1.449135000   -0.354391900
1305    5.775149000    0.902817600    1.132985000
1306   -0.950000000   -1.249053000    1.069697000
1307   17.840040000    1.146622000   -0.902280300
1308    3.642531000    0.631278800    0.973363400
1309   15.128420000    1.628043000    0.834273400
1310    6.071664000    1.002496000    1.636079000
1311   10.775440000    0.652754000   -0.398279700
1312    5.481019000    0.054877540   -0.051429320
1313    3.415674000   -0.400142400   -0.962311600
1314   10.163930000    0.223727900   -1.382569000
1315    3.132597000   -0.702751800   -1.659245000
1316   17.682710000    1.223531000    0.361497500
1317    3.612545000    0.225976900    0.859329000
1318    1.510559000   -0.239223300   -0.150592400
1319    5.066344000    0.284161800    0.316021200
1320   17.899170000    1.379534000   -0.655613200
1321   -0.950000000   -0.236006600    0.611920300
1322    0.518648000   -0.047390240   -0.530959200
1323   10.038390000    0.708532600   -0.540377300
1324   -0.064760680    0.396231600    1.528740000
1325    2.531396000    0.463481500    0.802658200
1326    7.185175000    0.649634400    0.549003800
1327   -0.950000000   -0.333844900    0.261906200
1328   -0.950000000    0.095047690    0.733304700
1329    7.378260000    0.643210100   -0.602140100
1330   -0.950000000   -1.516126000    0.891690700
1331    1.377917000    0.087242200    0.581785900
1332   -0.950000000   -1.568544000    0.197380400
1333    1.043109000   -0.222566500   -1.013203000
1334    3.537880000    0.709419100    0.343833400
1335   -0.950000000   -0.807751300    0.533673400
1336    2.518022000    0.297822100    0.040916690
1337   13.456780000    1.009808000   -0.835294800
1338   -0.950000000   -0.685631300   -0.514729700
1339   20.565320000    1.697172000   -0.712408600
1340   13.352570000    1.338948000   -0.571674100
1341   -0.950000000   -0.474132200   -1.284877000
1342   -0.950000000   -1.811970000    0.788164900
1343   -0.950000000    0.191508100    0.637423800
1344   -0.950000000   -0.746118900   -0.183043700
1345    1.474224000    0.593609800    1.927817000
1346    4.389097000    0.271360000   -0.978352900
1347   -0.950000000   -1.851879000    0.559436200
1348    4.643237000    0.581519800   -0.025561970
1349   14.680190000    1.704399000    0.716459900
1350    1.427571000    0.103473900    0.064766230
1351    0.924734200   -0.216567900   -0.375624900
1352    0.896883400   -0.096616990    0.462358000
1353   -0.950000000   -0.611103100    0.093681810
1354   10.906660000    0.680902100   -0.455480100
1355    0.681409200    1.040881000    1.482607000
1356    9.124902000    0.891278900    0.503379100
1357    2.780757000    0.161872600    0.718537100
1358    6.431870000    0.489665500   -0.710065100
1359   11.197540000    0.954334300   -1.966487000
1360   -0.950000000   -0.928149900   -0.841392600
1361    0.628998700    0.059482250    0.896572100
1362   19.601530000    1.906097000    0.293449100
1363    1.087479000   -0.298305600   -1.288438000
1364    2.641800000    0.225189800   -0.202597000
1365   -0.950000000   -1.171807000    1.480454000
1366   -0.614582900    0.020496610    0.782290700
1367   20.990630000    1.778479000   -0.955582200
1368   -0.950000000   -0.651318700    1.089789000
1369   -0.950000000   -0.871087200    0.471215500
1370   13.837880000    1.122375000   -0.183267100
1371   -0.950000000   -0.724483400   -0.274235300
1372   -0.950000000   -1.584267000    0.381525700
1373    4.999790000    0.349571400   -0.525360200
1374   -0.652227100   -0.096673680    0.064661560
1375   16.567230000    1.518364000   -0.887124300
1376    7.538716000    0.491670300   -0.762860600
1377   -0.950000000   -0.361193100    0.026559160
1378   -0.950000000   -0.749377900    0.330431200
1379   -0.950000000   -0.465964300   -0.427369400
1380    8.980629000    0.686753800    0.080940710
1381   12.761540000    1.381733000    1.082291000
1382   -0.950000000   -0.685581400   -0.035453360
1383    9.668426000    1.159284000    1.272449000
1384    1.739045000   -0.048369950   -1.169360000
1385   -0.950000000   -0.180427100    0.162742500
1386   -0.950000000   -1.090099000    0.675900400
1387    0.200538000    0.027865160    0.600390600
1388    1.014083000   -0.081907660   -0.403635600
1389   -0.950000000   -1.014847000   -0.204293100
1390   -0.950000000    0.040600420    1.695482000
1391   -0.950000000   -1.313226000   -0.083477420
1392   -0.950000000   -0.552756100    0.504576300
1393   18.851470000    1.821492000   -1.501432000
1394   -0.950000000   -1.023598000    1.351506000
1395   -0.950000000   -1.757231000    0.116510200
1396   -0.950000000   -1.632145000   -0.021274190
1397    9.606685000    1.073278000    1.513304000
1398   -0.950000000   -1.930589000   -0.725280500
1399   17.331500000    1.841839000    0.298068200
1400   13.068260000    1.202043000   -1.766020000
1401   -0.950000000   -0.507351000   -1.469273000
1402   -0.950000000   -0.360972400    0.108573200
1403   -0.950000000   -1.116114000   -1.061027000
1404    8.844460000    1.006836000    0.221620900
1405   -0.950000000   -0.830862100    0.831566400
1406   -0.950000000   -0.847462700   -1.632162000
1407   -0.950000000   -0.011486600    0.957142000
1408   -0.622540500    0.349327000    1.570730000
1409   24.650570000    1.958991000   -1.010733000
1410   -0.950000000   -0.362713800    0.944948100
1411   -0.950000000   -0.449344100    0.601867700
1412   -0.950000000   -0.397362000    1.456598000
1413   -0.950000000    0.078221490   -0.233799700
1414   -0.950000000   -1.282680000   -1.892125000
1415   -0.950000000   -1.386231000    0.116485800
1416   -0.950000000   -0.744115000    0.842856100
1417   -0.950000000   -1.079719000   -1.117814000
1418   -0.950000000   -0.366586700   -1.714024000
1419   -0.950000000   -0.200450100    0.155114600
1420   -0.950000000   -0.374423300    0.405819800
1421    1.054884000    0.018560950   -1.965495000
1422   -0.950000000   -1.486682000    0.191427600
1423   -0.950000000   -0.323625700    1.485658000
1424   -0.950000000   -1.606706000    1.971409000
1425   -0.950000000   -1.001891000    1.302269000
1426   -0.950000000   -0.334666800   -1.038621000
1427    1.611825000   -0.037870790   -1.644412000
1428   -0.950000000    0.193169000    1.394885000
1429   12.863780000    1.204687000    0.568001900
1430   -0.950000000   -0.264550600   -0.444996800
1431   -0.950000000   -0.513466100   -1.461666000
1432   -0.950000000   -0.567890400    0.400256800
1433   -0.950000000   -0.499119700    0.353351700
1434   -0.950000000   -0.549325700    0.091152860
1435    1.228230000    0.466985700    0.640827100
1436   -0.950000000   -0.165877200   -1.364837000
1437    3.907157000    0.367022300   -0.994912300
1438   -0.950000000   -0.941101100   -0.640637700
1439   -0.950000000    0.058834790    1.554727000
1440   -0.950000000   -0.322483600    0.098739620
1441   -0.950000000   -1.553166000   -0.922363200
1442    6.005607000    0.939477500    0.825388000
1443   -0.950000000   -0.871905100    0.346425100
1444   -0.950000000   -0.799039600    0.120585500
1445   -0.950000000    0.675997200    0.817384400
1446   14.377620000    1.648411000    0.116851500
1447    5.432859000    0.769840900    1.337845000
1448   -0.950000000   -0.355472500    0.373095500
1449   -0.950000000   -0.975935700   -1.294210000
1450   -0.950000000   -0.411688300    1.061690000
1451   -0.950000000   -0.885497600   -0.825104000
1452   -0.950000000   -0.668280600   -1.199943000
1453   -0.781126000    0.070826030   -0.137636700
1454   -0.950000000   -0.120172400   -0.443356900
1455   -0.950000000   -0.510829400   -0.713970300
1456   -0.950000000   -0.658608800   -0.648743000
1457   -0.442086700    0.314980000    0.100029500
1458   -0.950000000   -1.018566000   -1.254925000
1459   18.767880000    1.621729000   -0.121764900
1460   18.256820000    1.724346000   -0.478518000
1461   -0.950000000   -1.090083000    0.165434300
1462   -0.950000000   -0.352508100   -0.306841100
1463   11.590040000    1.877861000    0.225632500
1464   -0.950000000   -0.624855000    0.890338800
1465   -0.950000000   -1.192732000    0.188600100
1466   -0.950000000   -0.852059400   -0.252841100
1467   -0.950000000   -0.579899400   -0.319935400
1468    3.952332000    1.173280000    0.446960800
1469   10.068490000    0.652058400   -0.931012300
1470   -0.950000000   -1.476631000    0.533772300
1471    6.957072000    0.798009900    0.569332300
1472    0.312928100    0.092690560   -0.058032220
1473   -0.950000000   -0.663731300   -0.060534990
1474   -0.950000000   -0.990056600    0.133563400
1475   20.476760000    1.763338000    0.099936710
1476    7.479117000    0.714915600   -0.212511000
1477    4.815842000    0.645493800    0.463853900
1478   -0.950000000   -0.839304400   -1.306574000
1479   -0.950000000   -1.530352000   -0.449252200
1480    7.892151000    0.759000000    0.730394700
1481   14.473360000    1.586542000    1.094355000
1482   -0.950000000   -0.476530300   -0.451129300
1483   -0.950000000   -1.303107000    0.602750800
1484   24.101390000    1.739607000   -0.790351800
1485    7.892987000    0.746308500   -0.047293450
1486   -0.950000000   -0.038739820    1.223645000
1487    3.766523000    0.918735500   -0.489230900
1488   -0.950000000   -0.059744600   -1.146714000
1489   -0.522004500    0.466729300   -1.649450000
1490    1.022289000    0.552783900   -1.529571000
1491   -0.950000000   -0.744614800   -1.742953000
1492   -0.950000000   -0.283415100    0.146106400
1493   -0.950000000   -0.876100200   -1.777047000
1494    4.926624000    1.080448000   -0.304835800
1495   -0.950000000   -0.939517500   -1.010366000
1496   -0.950000000   -1.851310000    1.179913000
1497   -0.950000000   -0.964302300    0.201937000
1498   -0.950000000   -1.533152000   -0.174139800
1499   -0.950000000   -0.995663200   -1.450229000
1500    5.165923000    0.873906500   -1.048016000
