*y  x1  x2
   1   13.936840000    1.267776000   -0.014085400
   2   -0.950000000   -0.476786900   -0.972789500
   3    7.146884000    0.597808000   -0.965621900
   4    2.209556000   -0.045077830   -1.538335000
   5   -0.950000000   -0.898579000   -0.425747700
   6   -0.950000000   -0.424345100    0.135403000
   7   -0.950000000   -1.414892000    0.010611130
   8   -0.950000000   -0.142094800   -0.280477600
   9   -0.950000000    0.023925410    0.264000500
  10   11.252180000    1.475674000    0.392078000
  11   -0.950000000   -1.446291000   -1.412860000
  12    3.344826000    0.501037000   -1.681820000
  13   12.317850000    1.127343000    0.407367700
  14   -0.950000000   -0.228720200    0.013396250
  15   19.161200000    1.770221000    0.222978200
  16   -0.950000000   -0.399658000   -0.996847200
  17   -0.950000000   -1.259180000    0.266711100
  18   -0.950000000   -1.600347000   -0.632600400
  19   -0.950000000   -0.420162300    1.654912000
  20   -0.950000000    0.185590700   -0.131381900
  21   -0.950000000   -0.936066900   -1.425166000
  22   12.050770000    1.236425000    1.674893000
  23   -0.950000000   -0.247194500    0.024233530
  24    0.246950700    0.253787700    1.191256000
  25   -0.950000000   -0.210551800   -0.094568500
  26   -0.950000000   -0.299159100   -1.531727000
  27   -0.950000000   -0.427649900    1.040274000
  28   -0.950000000   -1.936995000    1.352349000
  29   -0.950000000   -0.098367920   -0.779929900
  30   -0.950000000   -0.688779500   -1.433892000
  31   -0.950000000   -0.134352300    0.289186000
  32    4.544264000    0.139268400   -1.258583000
  33   -0.950000000   -0.231826500    0.027368750
  34    9.262571000    0.992639800   -0.316591500
  35   -0.950000000    0.104339700    1.156152000
  36    0.800012900   -0.239045100   -1.206533000
  37    4.900958000    0.238442700   -0.957116600
  38   -0.950000000   -1.981437000    1.243262000
  39   18.233960000    1.029648000   -1.533592000
  40   -0.950000000   -0.076021810    0.329599600
  41    2.461090000    0.361360700   -0.143395800
  42   10.861390000    1.348560000   -0.407183300
  43   -0.950000000   -0.474233800   -1.026766000
  44   -0.950000000   -0.229342300   -0.256498900
  45   -0.950000000   -0.316439600    0.852201100
  46    9.381646000    0.647887100   -1.634801000
  47   -0.950000000   -0.842049200    0.049054610
  48   -0.950000000   -1.320564000    1.496604000
  49   -0.950000000   -0.657798400    0.572498000
  50   -0.950000000   -1.144610000    0.874246400
  51   -0.950000000   -0.922046100   -1.252999000
  52    7.983173000    1.212509000    0.956186600
  53   -0.950000000   -0.435771100    0.219482500
  54    4.657677000    0.543527400   -0.106613200
  55    3.589523000    0.131672600   -1.169251000
  56   -0.950000000   -0.033023870    0.498985700
  57   -0.950000000    0.068841680   -0.386335400
  58   -0.950000000   -0.007219596    0.887760400
  59   -0.950000000   -0.237211100    0.480856300
  60    8.682621000    0.782905800   -1.418244000
  61    6.042465000    0.086164100   -0.476512600
  62    9.026008000    0.641014000   -0.854087400
  63   21.789540000    1.905929000   -0.491445400
  64   -0.950000000   -1.227612000    0.161329100
  65   -0.950000000   -1.282240000    0.491687500
  66    5.087322000    0.169201100    0.694547200
  67   -0.950000000   -0.222140900    0.551436900
  68    8.901208000    0.688569900   -0.085071310
  69    4.567506000    0.159439200    0.484407000
  70   -0.950000000   -0.640301000   -0.375981400
  71   -0.215113100    0.154657800    0.683430500
  72   -0.950000000   -0.365567300    1.824437000
  73    7.079217000    0.121011400   -1.035706000
  74   16.066280000    1.277630000    0.406713100
  75   -0.950000000   -0.795495400   -1.476818000
  76    4.132475000   -0.055349030    1.651607000
  77   -0.064319860   -0.218424600    1.492085000
  78   14.447980000    0.995453300   -0.578916400
  79   11.942770000    0.641843500    0.517857800
  80   -0.950000000   -0.770557700   -0.472538400
  81   -0.523860700   -0.271018700   -0.124701400
  82   -0.668533400   -0.411066200   -0.341488600
  83    6.129731000    0.440302500    0.375328500
  84    4.199858000    0.167858900    0.056828450
  85   23.366910000    1.819904000   -0.306473800
  86   -0.950000000   -0.711222400    0.778202100
  87    1.320552000    0.329218800    1.285378000
  88    5.753285000    0.339971100   -1.093930000
  89   -0.950000000   -1.205364000    0.479808600
  90    8.009577000    0.407468100   -0.360277400
  91   10.787290000    1.930668000    1.986261000
  92   -0.950000000   -0.244989900    1.093546000
  93   21.009780000    1.622370000   -0.665759500
  94   -0.950000000   -1.045666000   -1.014145000
  95   -0.950000000   -0.670208500    1.272711000
  96    3.821733000   -0.147088300   -1.116449000
  97   -0.950000000   -0.525440700    0.954372300
  98    5.805385000    0.248480900   -0.768222100
  99   -0.950000000   -0.744459600   -0.587421000
 100   19.456650000    1.516391000   -0.639594300
 101    8.682993000    0.445388600   -0.375424200
 102   15.407560000    1.225057000    0.459417100
 103   10.729540000    0.664384600    0.011180070
 104    1.261478000   -0.070313470    1.016202000
 105   14.354310000    1.966309000    0.799607900
 106   -0.105158800    0.377832100    0.472715300
 107   -0.950000000    0.204038500    0.662577500
 108   -0.950000000   -1.995314000   -0.722696800
 109   -0.950000000    0.069148660    0.023416790
 110   -0.950000000   -0.780215900   -0.635343800
 111   -0.950000000   -0.172420800    1.448054000
 112   17.939170000    1.645606000   -0.286923700
 113    1.856249000    0.069907820   -0.545709700
 114    3.242027000    0.571686900   -0.222779100
 115    6.532750000    0.873136400   -0.273407100
 116    4.402927000    0.935153900    0.618675600
 117   -0.950000000   -1.963691000   -0.722072600
 118   -0.950000000   -0.866914700   -0.096166850
 119   -0.950000000   -0.610686800   -0.262707900
 120   -0.950000000   -1.751015000   -0.684815900
 121    5.046151000    0.461125300   -0.220041900
 122   16.166490000    1.951705000    0.127642400
 123    0.360497100   -0.082610190   -0.222555200
 124   -0.950000000   -1.134928000   -0.156839100
 125   -0.950000000   -1.141283000   -0.601369300
 126   -0.950000000   -0.481860600   -0.311516900
 127    0.325499600    0.002000049    0.938633300
 128   -0.950000000   -0.228483500    0.338423200
 129   -0.950000000   -1.415633000   -0.156454700
 130    8.121044000    0.480101700    0.441274400
 131   10.541160000    1.673873000    1.284754000
 132   -0.950000000   -0.396634600    0.463161200
 133   -0.950000000   -0.703234300   -1.451188000
 134    5.289212000    0.113039900    1.245962000
 135   -0.950000000    0.503178300    1.200361000
 136    8.481531000    0.871389200   -0.152505800
 137   -0.950000000   -0.215761800   -0.214496500
 138   15.025390000    1.900976000   -0.799605500
 139   -0.622110600    0.319320200   -0.258979100
 140   -0.950000000   -0.448462500   -1.040060000
 141   -0.950000000   -0.753788300   -0.824667000
 142    0.040673590    0.234675200   -1.558781000
 143    5.377623000    0.389543400   -1.163101000
 144   -0.950000000   -0.269053100    0.655749000
 145    5.574492000    0.444045200   -1.582899000
 146   -0.950000000   -0.913291600    1.290669000
 147   -0.950000000   -1.058178000    1.103063000
 148   -0.950000000   -0.198784000    0.090578030
 149    4.824231000    0.774481700    0.355390100
 150   -0.950000000   -1.202503000   -0.999338200
 151    3.120652000    0.582188500    0.826253100
 152   10.685280000    1.338157000    0.114268600
 153   -0.950000000   -0.413059200   -1.036853000
 154    3.743877000    0.566055000   -0.138017800
 155    2.619040000    0.048898290   -1.931510000
 156   -0.950000000   -1.150429000    0.573516200
 157    3.831368000    0.790451100    1.076558000
 158   -0.950000000   -1.315909000    0.735287200
 159   -0.950000000   -1.508528000   -0.855229800
 160   -0.950000000   -0.568638700   -0.152734500
 161   -0.950000000   -0.945509600    0.255507700
 162    5.554052000    0.512196500   -0.789487700
 163   -0.950000000   -0.915451100    0.508250300
 164    0.520873400    0.009176588   -0.670306100
 165    4.098269000    0.690932400   -0.080237010
 166   -0.950000000   -1.503423000   -0.026324990
 167   -0.950000000   -0.061706160   -1.314769000
 168   -0.950000000   -0.138690100    0.239599500
 169   15.098020000    1.594678000    0.016810480
 170    5.742222000    1.089408000   -0.301336700
 171    2.354231000    0.810646000    0.618892800
 172    8.555918000    0.823576000   -0.560793000
 173    9.102883000    0.829679400   -0.861048600
 174    1.412291000    0.625321400    1.535037000
 175    0.695237700    0.250559900   -1.648393000
 176   -0.950000000   -0.458331000    0.814054800
 177   -0.950000000   -0.221676300   -1.491175000
 178   -0.950000000   -0.711906800    0.460809400
 179   -0.950000000   -0.636197400   -1.193082000
 180   -0.950000000   -1.566203000   -0.165003100
 181   -0.950000000    0.107998500    1.074253000
 182    1.684979000   -0.054086970   -0.054465740
 183   15.792500000    1.490674000   -0.421853200
 184   18.901590000    1.428843000   -0.712228600
 185   -0.950000000   -0.593109600    1.052895000
 186    0.829642500   -0.183263900    0.265412000
 187   -0.950000000   -1.533514000    0.350201000
 188   -0.950000000   -0.899078800   -0.606112400
 189   14.864790000    1.292833000   -0.529817000
 190   -0.950000000   -0.956474400   -0.645889600
 191   -0.950000000   -1.080511000    1.612826000
 192   15.003550000    1.161732000   -0.557578500
 193   12.121610000    1.093812000   -0.372088300
 194   13.284720000    0.971828900    0.455178900
 195   -0.950000000   -0.652723000   -1.295475000
 196   19.620260000    1.496181000    0.246555100
 197   -0.950000000   -1.427972000    0.864468000
 198    3.720550000    0.294289800   -0.030320410
 199    8.603149000    1.660757000    1.559687000
 200   -0.950000000   -1.853508000   -0.133381800
 201   -0.950000000   -1.171916000   -0.908590800
 202    2.190632000    0.919974400    1.652898000
 203    5.071010000    1.072406000    1.840056000
 204    8.866393000    0.955142000   -0.297197000
 205   11.021080000    0.815336600   -0.860280500
 206   -0.950000000   -0.636196100   -1.389017000
 207    8.451398000    0.721623900   -0.241931900
 208    6.141003000    0.734071900    0.228374800
 209   -0.950000000   -1.815207000   -0.659169900
 210   -0.950000000   -1.495325000    0.616177300
 211   -0.950000000   -0.166697400   -0.068363510
 212   16.949790000    1.974261000   -0.001067632
 213   -0.950000000   -0.806575100   -0.965614400
 214   14.101850000    1.195207000   -0.042377760
 215   -0.950000000   -0.336124700    0.093425280
 216    0.970213500    0.068403450   -0.792610000
 217   14.611620000    1.459960000   -1.107017000
 218   10.462680000    1.244535000    0.532817900
 219   -0.950000000   -1.842847000    0.091412140
 220   10.104980000    0.653313100   -1.420337000
 221   -0.950000000   -0.443508500   -0.234257900
 222   -0.950000000   -0.282132700   -0.048173180
 223   -0.950000000   -0.378965100    1.281595000
 224   -0.950000000   -0.721958800   -0.593657700
 225   -0.950000000   -0.773415800    0.427076900
 226    3.648172000    0.194089900   -1.448369000
 227    0.436992000   -0.209606900   -1.827695000
 228   -0.950000000   -0.193020600   -0.496592700
 229    9.819098000    1.219824000    0.618967400
 230   -0.766397100    0.318963300    0.479202100
 231   -0.950000000   -0.000638135    0.137200700
 232   -0.205723700   -0.238480800   -1.130065000
 233   -0.186726400    0.123481200    0.131687800
 234   -0.950000000   -0.773954800   -0.705751800
 235   -0.950000000   -0.645944500    1.600500000
 236    8.779722000    0.831545200    0.543800000
 237    5.291410000    0.255130700   -1.604057000
 238   -0.950000000   -0.410257600   -1.916056000
 239   -0.950000000   -1.030032000    1.241876000
 240   12.735540000    1.095565000   -0.584212400
 241    1.127473000   -0.039137070    0.564701000
 242    0.089432910   -0.326295900   -0.030997690
 243    9.192863000    0.354464900   -0.305775900
 244    8.392497000    1.047101000    0.420127400
 245   -0.950000000   -1.310892000    0.630595900
 246   -0.950000000    0.022205520    1.174232000
 247    2.973825000   -0.105799400    0.885484500
 248   -0.153236300    0.237501400    0.655281300
 249    3.789882000    0.499061200    1.298192000
 250   16.432900000    1.285284000   -0.031622550
 251   -0.950000000   -1.780636000    0.313640000
 252   -0.950000000   -1.051424000   -0.085731060
 253    6.133260000    0.589284500    0.933669200
 254   11.064080000    0.860345700   -1.178690000
 255   -0.832736300   -0.506191100   -0.679686500
 256   -0.950000000   -0.630190100   -1.446488000
 257    3.072010000    0.480628000    1.000128000
 258   22.049260000    1.512501000   -1.056980000
 259    6.847601000    0.339858400   -1.056829000
 260    2.845330000    0.246479100    0.790850800
 261   18.744960000    1.567112000   -0.620148900
 262   17.628620000    1.467062000    0.350842300
 263   18.264890000    1.320084000    0.663694700
 264   -0.950000000   -0.153999700    0.847930100
 265   -0.388173300   -0.045886680   -0.525599900
 266   -0.950000000   -0.788815900    0.710552500
 267   -0.950000000   -0.358405600   -0.342801000
 268   -0.950000000   -0.686611300   -0.977080000
 269   -0.950000000    0.184138400    1.053410000
 270   -0.950000000   -0.656114500    1.529266000
 271   -0.950000000   -0.658458200   -0.531474400
 272   -0.950000000   -1.306168000    1.107005000
 273    7.139706000    0.416207700    1.178695000
 274    3.191677000   -0.024571860   -0.181716400
 275   -0.472491900   -0.012213770    0.775205800
 276   11.965090000    0.735335300   -0.565959800
 277   18.432920000    1.176428000   -0.162217000
 278   -0.950000000   -0.879102700    0.816350800
 279   -0.110555200    0.121927400    0.922295100
 280    0.868174900    0.195677600    0.576000100
 281   -0.950000000   -1.012546000   -0.154920100
 282    4.450355000   -0.056591840    0.398862300
 283   -0.950000000   -0.984936600    0.917990800
 284   12.009430000    1.496574000    1.002768000
 285   -0.950000000   -0.684686300    1.004093000
 286   -0.950000000   -0.325285400   -0.958431000
 287    6.593710000    0.843273000    0.346457800
 288   -0.950000000   -0.926952800    0.163596500
 289    0.132200100    0.388060300   -0.258379900
 290   -0.950000000   -0.740449500    1.090358000
 291   -0.950000000   -1.256674000    1.366277000
 292   -0.950000000   -1.094572000    0.179021400
 293   -0.950000000   -0.739578400   -0.156040100
 294   -0.950000000   -0.751668300    1.175362000
 295   -0.950000000   -0.100483400    0.754605700
 296   -0.950000000    0.234153100    1.151848000
 297   12.384860000    1.401778000   -0.691826200
 298   -0.950000000   -0.969905400   -1.224325000
 299   -0.950000000   -0.349432700   -1.617627000
 300   -0.950000000   -0.363150500   -0.470292000
 301   -0.950000000   -0.399982200    0.160189100
 302    9.097457000    1.011076000    0.640888600
 303    1.096218000   -0.439205100   -0.982625500
 304    5.251016000    0.202937200    0.143009700
 305   -0.950000000   -0.107071700    1.208175000
 306   -0.950000000   -1.168312000    0.617571300
 307   14.628840000    1.329113000    0.646693100
 308   -0.442681200   -0.143489200    0.165245700
 309   -0.928911100   -0.471424900   -0.215982700
 310    0.151491300   -0.199044000    0.310981800
 311   11.718920000    1.582813000    1.322136000
 312   -0.128865400   -0.271096900    0.308934500
 313    1.207128000   -0.229138500    0.556996600
 314   24.052690000    1.695295000   -1.605753000
 315    4.715807000    0.105045500   -0.228352700
 316   -0.950000000   -0.629370300    1.192155000
 317    4.462101000    0.336037100    0.428695500
 318   -0.950000000   -0.298467400   -0.694006800
 319   -0.950000000   -0.535462800    0.532770300
 320    9.948343000    1.124158000   -0.329414400
 321   -0.950000000   -0.604304000   -0.662581500
 322   -0.950000000   -0.514179500    1.050075000
 323   16.722360000    1.743721000   -0.997059400
 324   -0.950000000   -1.794691000   -1.361628000
 325    0.463040000    0.199840000    0.153450300
 326   -0.950000000   -0.658326200    1.056215000
 327    8.361651000    1.519036000    0.828033400
 328   -0.950000000   -0.045988360   -0.156582700
 329   -0.950000000   -0.402423200   -0.264271200
 330   -0.046240220   -0.020807000    0.010990980
 331   -0.950000000   -0.127925800    0.133610500
 332   -0.950000000   -0.528958900    0.952378100
 333   -0.950000000   -0.880860800   -1.025709000
 334    3.340275000    0.317032100   -1.230173000
 335   -0.950000000   -1.283202000    0.474986800
 336   14.884640000    1.627932000    0.071577080
 337   -0.950000000   -1.219508000    1.299536000
 338    7.939410000    0.864063700   -0.233962200
 339   -0.950000000   -0.753424300    1.237439000
 340   -0.950000000   -0.495105500    0.238394700
 341   -0.950000000   -1.278861000    0.431980900
 342    1.496985000   -0.285429200    1.185819000
 343   -0.950000000   -0.925357400   -1.203191000
 344   -0.950000000   -0.196735400   -0.169839400
 345   -0.950000000   -0.138377300    0.487997500
 346    4.114221000    0.710178200    1.097714000
 347   10.692690000    0.792577200   -0.414975000
 348    2.390583000    0.013129080   -0.407450300
 349    1.174734000   -0.245607800   -1.354081000
 350   -0.950000000   -1.126642000   -0.715789500
 351   14.580470000    1.176491000   -0.084838620
 352   -0.950000000   -0.948445200    0.158875500
 353    1.967457000   -0.341878000   -1.714995000
 354   -0.950000000   -1.297252000   -0.053178930
 355    0.768394100   -0.036318300   -0.830736700
 356   -0.123812100   -0.315004400   -0.313974400
 357    7.116356000    0.705208900    0.527329900
 358    1.285254000    0.383589700    1.062443000
 359    5.100306000    0.782201900    1.243599000
 360   14.382440000    1.202527000    1.761412000
 361   -0.950000000   -0.685542300   -1.587349000
 362   -0.950000000   -0.678293100   -1.816643000
 363   -0.950000000    0.515625200   -0.063364770
 364   -0.725965200    0.493942100   -1.654244000
 365   -0.638560600    0.583753000   -0.262410300
 366   -0.950000000   -1.415353000   -0.739935300
 367   -0.950000000   -1.893496000    1.252763000
 368   -0.950000000    0.019810920   -0.441553200
 369   -0.950000000   -0.255005200   -1.392906000
 370   -0.950000000    0.199973900   -1.528202000
 371   -0.950000000    0.329367000   -0.056676610
 372   -0.950000000   -0.802209100    1.103510000
 373   -0.950000000    0.372633800    1.643830000
 374    2.425966000    0.682755100    0.423902800
 375    5.601154000    0.917024100   -1.553910000
 376   -0.950000000   -0.608534700   -1.207323000
 377   11.789130000    0.868791000    0.090846350
 378   -0.950000000   -1.516191000    0.543794900
 379   -0.950000000   -0.774311200    0.274141500
 380   -0.950000000   -0.088776460    0.887873100
 381    8.468522000    0.928593000   -1.310369000
 382   15.697910000    1.826511000    0.214632000
 383    2.611084000    0.326668400    0.489016400
 384   -0.950000000   -0.508855400    1.671672000
 385   20.015380000    1.608764000   -1.239309000
 386   -0.039666330   -0.167301200   -0.440683000
 387    4.948635000    0.568205300   -0.237038600
 388   -0.950000000   -0.413145400   -0.020932810
 389   10.182310000    1.850276000    1.624748000
 390   -0.950000000   -1.008089000    0.748590100
 391   -0.950000000   -0.173163300    0.235089400
 392   -0.950000000   -0.394703500    0.423608200
 393   -0.950000000   -1.990380000   -0.253931800
 394   -0.950000000   -1.344774000   -0.242298500
 395    7.874384000    0.958225200   -0.718127500
 396   -0.950000000   -0.397130400    0.906105400
 397    2.842428000    0.361992400   -0.453472200
 398   -0.950000000    0.294929300    1.660761000
 399   13.275390000    1.733519000    0.357184000
 400    0.144086700   -0.030668430    0.012740110
 401   -0.950000000    0.517696000    0.828723600
 402    3.458849000    0.328958400   -0.735694100
 403   -0.950000000   -0.171961800    0.007519592
 404    1.865729000    0.113839700   -1.075520000
 405   -0.950000000   -1.135167000   -0.268362600
 406   -0.950000000   -0.596812800   -0.371136500
 407    0.234073500   -0.159564900    1.489956000
 408   13.906850000    0.706090400   -1.528382000
 409   19.106630000    1.534576000   -0.540696500
 410    7.115783000    0.647413700   -0.159469300
 411   -0.950000000   -1.358281000    0.730000100
 412    8.846450000    1.310077000    0.318053700
 413    5.272585000    0.236124400    0.474974700
 414   -0.950000000   -0.155750600    1.999243000
 415   12.401560000    1.302245000    0.076684390
 416    0.631157800   -0.521325200   -1.071733000
 417    5.057504000    0.481722500    0.636746600
 418    9.514273000    0.615425900    1.382463000
 419   10.296130000    0.801954100    1.174429000
 420   11.531620000    0.560061700   -1.174312000
 421   -0.950000000   -1.631023000   -0.319727500
 422   21.509220000    1.515806000   -0.401559000
 423    0.221220700    0.003335817    0.049313970
 424   -0.950000000   -1.657686000   -0.883336800
 425   -0.950000000   -0.189794300   -0.968220100
 426   -0.950000000   -0.775069700    1.258625000
 427   -0.950000000   -0.219088500   -0.042258700
 428   -0.950000000   -0.257681400    1.907957000
 429    3.623610000    0.246355400   -1.899569000
 430   -0.950000000   -1.447795000    0.145642300
 431   -0.950000000   -0.228894300    0.326170300
 432   -0.368071600   -0.022507520    0.091761730
 433   -0.950000000   -0.903463600    0.870322800
 434    4.669564000    0.779295300    1.214567000
 435    6.022320000    1.140534000    1.217356000
 436   19.704590000    1.199619000    0.690639400
 437   -0.950000000   -0.529250600    0.191710000
 438    4.277572000    0.036808030   -0.852100000
 439    3.423273000    0.132013300   -0.067026530
 440   14.766170000    1.370431000   -1.039696000
 441    1.082025000   -0.040443570    0.102496700
 442   -0.950000000   -1.182194000    0.322421300
 443   -0.950000000   -1.093585000    0.601144600
 444   13.797560000    0.954172400   -0.780752500
 445   -0.466444100   -0.166435200    0.382266300
 446   11.023700000    0.889450100    1.128615000
 447    1.476475000   -0.031109270    0.359817100
 448    2.512958000   -0.038654570    0.701643300
 449    8.139116000    1.052262000    0.449447400
 450    7.171564000    0.727935800   -0.359447800
 451   -0.950000000   -0.248679400   -0.069348760
 452   -0.950000000   -0.979341700    1.914689000
 453    2.359269000    0.346385600   -0.113908700
 454   -0.950000000   -0.080776900    0.871027900
 455   -0.950000000   -1.460513000    0.267286900
 456    3.822354000    0.821083200   -0.045019310
 457    2.729400000    0.133297500   -0.760177300
 458   -0.950000000   -1.010136000    0.408276600
 459   -0.950000000   -1.132897000   -0.754996400
 460    7.124169000    0.815460200    0.837639100
 461    4.129267000    0.567065300    0.106505700
 462    7.111978000    0.676294400    1.131975000
 463    0.307187000    0.006152069   -0.208823300
 464   -0.278079800    0.067615130    0.171930500
 465    1.186943000    0.139744700    0.500373700
 466   -0.950000000   -1.074056000    0.466125800
 467   -0.950000000   -1.907942000   -0.858657500
 468   -0.950000000   -0.997328600    0.792627500
 469   10.462720000    1.130306000   -1.489080000
 470   -0.950000000   -0.193451000   -0.445656800
 471   -0.950000000   -0.091650370   -1.693229000
 472   -0.950000000   -0.771865800    0.002829304
 473   -0.950000000    0.089560350   -0.152418000
 474    5.820640000    1.035827000   -0.135298300
 475   -0.950000000   -0.680443200   -0.855638300
 476    2.632593000    0.861360800    0.404712900
 477   -0.950000000   -0.685021400   -0.211375600
 478   -0.950000000   -0.637624000    0.074939250
 479   -0.950000000   -0.089357370   -1.250921000
 480   -0.950000000   -0.378303600    0.078658320
 481   -0.950000000   -1.291017000    0.320256000
 482   12.061720000    0.610456100    0.190352200
 483   17.623180000    1.260856000   -1.269045000
 484   11.939060000    1.302087000    1.737677000
 485    4.443672000    0.156028200    0.114419400
 486   21.732730000    1.441520000   -0.071049080
 487    1.112120000   -0.282227500    0.546285500
 488    8.022440000    0.526789100    0.532431500
 489   14.279060000    1.349543000    1.384535000
 490    9.828446000    0.262727500   -1.458153000
 491   14.224630000    0.913119200   -0.519586900
 492    4.331310000    0.058513310   -0.704581800
 493   14.523710000    1.095641000    0.577164100
 494    4.798408000   -0.053476500    0.113849700
 495    1.154180000   -0.449947100   -0.635829800
 496   -0.950000000   -0.815177700    0.758949500
 497   -0.950000000   -0.703440000   -0.001883708
 498   -0.950000000   -0.395036400    0.205793200
 499   -0.950000000   -0.813293300    0.624794500
 500   14.619000000    1.876957000   -0.073419930
 501   -0.950000000   -0.557078400   -0.278103200
 502   -0.950000000   -1.816567000    0.528582200
 503   -0.950000000   -0.048147080    1.743864000
 504   -0.950000000   -0.574030100    1.761798000
 505   -0.950000000   -1.549106000    0.549040100
 506   10.579650000    1.389723000    0.082273580
 507   18.968130000    1.764045000    0.312347200
 508   -0.950000000   -0.461264100    0.495701700
 509   -0.950000000   -0.985807100   -1.634955000
 510   -0.950000000   -1.466788000   -0.368785300
 511   -0.950000000   -0.360465700   -0.990987000
 512   -0.950000000   -1.108963000    0.821306100
 513   -0.950000000   -1.207455000   -0.393374600
 514   -0.950000000   -0.245243400   -0.746832300
 515    1.517090000   -0.058023020   -1.033391000
 516    9.829403000    1.174262000   -0.093324470
 517   14.990860000    1.026503000   -1.433058000
 518   -0.950000000   -0.877936500    1.674279000
 519   13.135040000    1.899393000   -0.359800700
 520   -0.950000000   -0.188984100    0.534910500
 521   -0.950000000   -1.168876000   -0.586949400
 522    4.478812000    0.590243300    0.089315380
 523   -0.950000000   -1.082434000   -0.042695990
 524    2.632052000    1.256613000    1.111290000
 525   -0.950000000   -0.722433300   -1.754723000
 526    6.855137000    0.932445500   -0.733624400
 527   -0.950000000   -0.114530500    0.305220600
 528   -0.950000000   -0.189350300    0.575290400
 529   -0.950000000   -0.733920800   -0.081040910
 530   -0.950000000   -0.245961900   -0.210683400
 531   -0.950000000   -0.846588900   -1.225868000
 532   -0.950000000   -1.025638000    0.275379800
 533   -0.950000000    0.011086990    0.512056600
 534   -0.950000000   -1.383808000   -0.341320100
 535   10.538800000    0.766895200    0.807425300
 536   -0.198654600   -0.057285330   -0.552521800
 537   -0.950000000   -1.061841000    0.395554900
 538   -0.950000000   -0.154198500    1.754291000
 539    6.413721000    0.364367800   -1.187470000
 540   -0.950000000   -0.818903900    0.062519850
 541    9.106249000    0.821314000   -1.249109000
 542   -0.950000000   -1.415015000   -0.574509700
 543   -0.950000000   -0.054499760    1.336619000
 544    5.880145000    0.737378100    0.561565900
 545    5.954278000    0.884367800    0.033310230
 546    9.992100000    1.122248000   -0.305824900
 547    1.468976000    0.064040810   -1.749074000
 548   -0.950000000   -0.903263400   -1.221654000
 549   11.876700000    1.047807000   -1.338341000
 550   12.349240000    1.116417000   -1.384616000
 551   -0.950000000   -1.518825000    0.316787200
 552   -0.950000000   -0.559226500    0.740895300
 553    6.409664000    1.403972000    1.704972000
 554   -0.950000000   -0.120397900    1.771961000
 555   -0.950000000   -0.642316200   -0.968810200
 556   -0.950000000   -0.932246100   -0.686805900
 557    9.571202000    1.184458000    0.269795800
 558   15.976190000    1.402079000    0.591083800
 559    8.807346000    0.805359800   -0.393108600
 560   -0.950000000   -0.323976600   -1.384887000
 561   -0.950000000   -0.365079900    0.847967100
 562   -0.950000000   -0.848628500   -1.256924000
 563   -0.950000000   -1.117985000    0.706884400
 564    4.963354000    0.482617200   -0.250882600
 565    4.065154000    0.415604100   -0.586670800
 566   18.412430000    1.682240000    0.199238600
 567   -0.950000000   -0.695377600   -0.716053600
 568   -0.950000000   -0.592745900   -0.271762800
 569    7.735917000    0.802979000   -0.697336800
 570    1.581542000    0.416619100    0.616294500
 571   -0.950000000   -1.057597000    0.079092480
 572   11.879710000    1.287743000   -0.567116000
 573   13.987330000    1.727428000   -1.448727000
 574   12.315460000    1.155834000   -1.686159000
 575   -0.950000000   -0.659108000   -0.435844600
 576    7.400226000    1.123856000    1.122168000
 577   -0.950000000   -0.315805600   -0.128750300
 578   13.106550000    1.307673000    1.103019000
 579   -0.950000000   -0.659470400   -0.850031800
 580   -0.950000000   -0.436598900   -0.381673200
 581   -0.179292500   -0.080930680   -0.468414100
 582   -0.950000000   -1.070867000    1.178218000
 583   -0.950000000   -0.021884160   -0.585352500
 584   -0.950000000   -0.081180190    0.649075000
 585   -0.950000000   -0.554090700   -0.179986900
 586   -0.950000000   -0.949565300    1.532492000
 587   -0.606362600   -0.271529700   -0.454321400
 588   -0.950000000   -1.369249000   -0.249875600
 589    8.938294000    1.364602000    0.357913800
 590   -0.950000000   -0.225631500   -0.437875800
 591   -0.950000000    0.114497100    1.075986000
 592   14.912900000    1.387971000    0.831185800
 593   -0.950000000   -1.863114000   -1.740414000
 594   -0.950000000   -0.422096700    0.951101600
 595   -0.950000000   -0.252576100   -0.613893000
 596   -0.592322400   -0.007836480    0.139317400
 597   -0.950000000    0.155699800    1.790578000
 598    6.105557000    0.801599400    0.538011700
 599   -0.950000000   -1.941320000    0.006369345
 600    0.780138100    0.122199600   -0.414391200
 601   -0.950000000   -1.509340000   -0.484924800
 602   14.928600000    1.539898000   -1.269358000
 603   -0.145648800    0.292284000    0.236173400
 604    9.836272000    0.961849300   -0.926371800
 605    2.257375000    0.512272200    1.016426000
 606   23.399630000    1.790450000    0.173055200
 607    0.003986188    0.050172190   -0.936958300
 608   -0.950000000   -0.414418700    0.221445200
 609   -0.950000000   -0.942941600   -0.677176400
 610   -0.950000000   -0.716316700   -0.086093340
 611   -0.950000000   -0.788045600    0.201173600
 612    9.515276000    0.993568800   -0.075418500
 613    1.604576000   -0.158596100   -1.711118000
 614   -0.950000000   -0.848573800    0.985248400
 615   -0.950000000   -0.982786800   -0.931719100
 616    5.118813000    0.581227100    0.467910600
 617   -0.950000000   -0.823822700   -0.066629090
 618   -0.950000000   -0.431097700    1.376769000
 619   -0.950000000   -0.786193600   -0.193024500
 620   12.399700000    1.117721000   -0.023654360
 621   -0.950000000   -0.137649600    1.265143000
 622   -0.950000000   -1.220618000   -1.973154000
 623   -0.950000000   -0.030369990    0.348596300
 624   -0.796874200   -0.212716500   -0.857971600
 625    4.576645000    0.524432600   -0.292556000
 626   -0.950000000   -0.409131500   -0.193632700
 627    1.808058000    0.644711000    1.155020000
 628    9.853687000    0.862935500   -1.037180000
 629   -0.950000000   -0.402067700    0.109104100
 630    2.264166000    0.271405500    0.841806100
 631    6.067349000    0.608593400   -0.084771560
 632    7.113514000    0.931172300    0.699225800
 633   12.141040000    0.814712300   -1.998656000
 634    2.872178000    0.453255900   -0.703620700
 635    9.233108000    0.757501900   -1.548448000
 636    5.773819000    0.635742500   -1.574141000
 637    6.544377000    0.580138500   -1.273480000
 638    0.110652900    0.267152300    0.960842500
 639   -0.950000000    0.333837300    1.055698000
 640    3.828670000    0.659244300   -0.348429100
 641   -0.950000000   -1.726309000    0.973548700
 642   -0.950000000   -0.708800800   -0.463693300
 643   -0.950000000   -0.089452340    0.371338400
 644   -0.950000000    0.217113900    1.757698000
 645   -0.950000000   -1.436841000   -0.043764720
 646   -0.950000000   -0.172676000    0.141654700
 647   13.095790000    0.791226100   -0.745704000
 648    5.550157000    0.409943100    0.016806480
 649   -0.950000000   -0.974686300   -1.272290000
 650    2.970407000    0.611682000    0.871142500
 651   -0.950000000   -0.839211300    1.616501000
 652   -0.950000000   -1.615500000   -1.157671000
 653   18.390710000    1.966993000    0.479028200
 654   -0.815560200   -0.223099600   -0.599243000
 655   -0.950000000   -0.904216900    0.871490300
 656    4.350105000    0.448662400   -0.236878500
 657    8.804237000    1.271472000    0.291329700
 658    7.881073000    0.640932900   -0.609187500
 659   -0.950000000   -0.816087400   -0.455536200
 660   -0.950000000   -0.880350000   -0.382601900
 661    4.925646000    0.356141400    0.064482490
 662   12.289720000    1.051167000    0.548774000
 663   -0.950000000    0.121942800    1.444500000
 664    3.755356000    0.310822200   -0.215220900
 665    3.390920000    0.185948200   -1.073330000
 666   -0.950000000   -0.700780800    0.705207100
 667   -0.950000000   -0.660519400   -1.489512000
 668   15.880450000    1.435094000    0.821940300
 669   13.738840000    1.326968000    1.204039000
 670   14.575230000    1.092137000   -0.121236700
 671   -0.950000000   -1.134956000    0.993836000
 672    0.537955400   -0.448925000   -0.559356300
 673   -0.950000000   -1.334557000    0.007962537
 674   -0.950000000   -0.694366700    1.248880000
 675    2.429520000    0.199408600    0.247818300
 676   18.114650000    1.318192000   -0.003553120
 677   -0.950000000   -0.784122700   -1.163698000
 678   -0.950000000   -0.367150100    1.393424000
 679   11.030720000    1.001476000    0.680170300
 680   -0.950000000   -0.620058700    1.019309000
 681   -0.950000000   -0.670073900   -0.945885900
 682   14.572640000    0.844287700   -0.922311200
 683   -0.950000000   -0.965708800    1.119629000
 684   -0.950000000   -1.637455000   -1.579919000
 685    8.038304000    0.759704300   -0.572626400
 686    4.682033000    0.610513000    0.333035400
 687   -0.950000000   -1.147437000    0.657906000
 688   10.657440000    1.413413000    0.218918900
 689    2.267906000    0.310683400    0.230173600
 690    1.711168000    0.014263420    0.231187500
 691    4.833566000    0.714348300    1.569432000
 692   16.706840000    1.313820000   -0.020498970
 693   18.837430000    0.942309000   -0.878631800
 694    3.426788000    0.328779300    0.998873600
 695   -0.950000000   -1.161922000   -1.605036000
 696    9.429297000    0.427214800   -0.121641500
 697   15.175020000    1.094733000   -0.413234100
 698   11.156910000    1.142064000    1.171229000
 699   12.357260000    1.081151000    0.624169000
 700    7.449907000    0.281763100    0.220544000
 701   11.144540000    0.724058100    0.411592300
 702    2.069565000   -0.371742300    0.579736900
 703   11.795850000    0.728564000    0.453098500
 704   -0.950000000   -0.540556500    1.108073000
 705   14.797010000    0.731454200   -1.491312000
 706   -0.950000000   -1.038175000    1.528853000
 707   -0.275842600   -0.145185400    0.175486500
 708    2.640218000    0.399090900    0.623787000
 709   -0.950000000   -0.645621500    0.482561000
 710    2.880375000   -0.097345860    0.181004200
 711    5.296885000    0.506319500   -0.053858350
 712   -0.950000000   -0.295591000   -0.164337800
 713   -0.950000000    0.013983770    1.624265000
 714   -0.950000000   -0.323559800    0.860141600
 715   -0.950000000   -0.502839000    1.500454000
 716   -0.342394100   -0.373715300   -1.030276000
 717   -0.950000000   -1.337332000    0.305192900
 718    0.551629100   -0.112803500   -0.094515990
 719   -0.950000000   -1.114377000   -0.625169500
 720    7.578228000    0.815593100    0.934031900
 721   -0.950000000   -0.844347000    0.055643700
 722   -0.624005000    0.122130600   -0.968949200
 723    0.046329340    0.094998860   -1.649285000
 724   -0.950000000    0.097966800    0.034024500
 725    1.790655000    0.420105500    0.343876300
 726   -0.950000000   -0.868021600    0.185495200
 727    6.582357000    0.926594700    0.607612000
 728   -0.950000000   -0.181528400   -1.394244000
 729   -0.950000000   -0.166568200   -0.063347520
 730   -0.950000000   -0.803630400    0.504802700
 731   -0.950000000   -0.894429300    1.163201000
 732   -0.950000000   -0.067353390    0.034458880
 733   -0.950000000   -0.492412400    0.650104300
 734   -0.950000000   -0.546409000   -1.150640000
 735   -0.950000000   -0.177315800   -1.539932000
 736   -0.950000000   -0.839004900    0.768831200
 737   -0.950000000   -0.777515200    0.804736400
 738   -0.950000000   -0.439987300    1.156628000
 739   24.556340000    1.837480000    0.505783500
 740    9.521373000    0.813156000    0.686676000
 741   -0.950000000   -1.499347000   -0.924325500
 742    6.515275000    0.188964000    0.933072400
 743   20.706490000    1.770826000   -0.816442900
 744    2.181519000   -0.111950500    1.841893000
 745   -0.950000000   -0.121705600    1.393468000
 746   -0.950000000   -0.403796500    0.303080900
 747    3.404529000    0.059078300   -0.317711400
 748    8.920264000    0.573193200    1.731687000
 749   14.557210000    0.788943300   -0.836197800
 750   -0.950000000   -0.882505600   -0.968370200
 751   -0.950000000   -0.444767900    0.431281800
 752   -0.950000000   -0.679087900   -0.457882700
 753    8.575899000    0.556529700    0.346213700
 754    2.865872000   -0.145847500   -0.540614300
 755   -0.950000000   -0.806397400    0.289347100
 756   13.061200000    0.767035600   -0.877130900
 757    6.179546000    0.653069200    1.151149000
 758    9.041893000    0.670979800    0.097646730
 759   -0.950000000   -0.340239300    1.876206000
 760    6.401365000    0.480771300   -0.272950500
 761   15.437950000    1.415723000    1.639400000
 762    2.677364000    0.159500500    0.704853800
 763    2.381205000   -0.159166300    0.223576800
 764   -0.950000000   -1.261436000   -0.353586600
 765   -0.950000000   -0.589626200    1.255871000
 766   -0.950000000    0.003571997    1.214119000
 767    1.887727000    0.040831330   -0.400872600
 768   13.639750000    0.971123900   -0.692539500
 769   -0.950000000    0.300449800    1.056932000
 770   -0.950000000   -0.788192600   -0.247452700
 771   -0.950000000   -1.742834000   -0.361266900
 772   -0.950000000    1.023881000    1.957750000
 773    0.860368500    0.608616000    0.881553100
 774   -0.950000000   -0.733390600    0.774571200
 775   -0.950000000   -1.100489000    0.963993000
 776   19.822590000    1.694599000   -0.617011100
 777   -0.950000000   -0.573626900   -0.564870000
 778    7.314310000    0.257639500   -1.741963000
 779    3.112372000    0.196632900   -1.371026000
 780   -0.950000000   -1.038557000   -0.694235600
 781   -0.950000000   -0.829467700   -0.736025300
 782   -0.950000000   -0.954485400   -0.888911700
 783   -0.950000000    0.018859900   -0.094166680
 784    6.480619000    0.789523800   -0.234240400
 785   -0.950000000    0.474956900    1.116775000
 786   -0.950000000   -0.298373300    0.118900600
 787   -0.950000000    0.114547900    0.294022900
 788   -0.950000000   -0.195454600   -1.150735000
 789   -0.950000000   -0.676777100   -0.155024800
 790   -0.950000000   -0.530124200   -1.839454000
 791   11.198990000    1.230260000   -0.645739400
 792   -0.950000000   -0.861925700   -0.523625900
 793    0.622959700    0.174212200   -0.352196100
 794   -0.950000000   -0.262065700   -0.001883056
 795    3.443411000    0.475211700   -1.381101000
 796    4.516376000    0.364257800   -0.370791600
 797   -0.950000000   -1.464543000    0.682389300
 798   -0.950000000   -1.019988000   -0.117527100
 799   21.001690000    1.706365000    0.696319100
 800   -0.950000000   -0.208752300   -0.046131040
 801   14.699100000    1.113296000   -1.565769000
 802   14.166630000    1.083295000   -1.269001000
 803   -0.950000000   -0.407618600    0.565384900
 804   12.221280000    0.971187300    0.597534100
 805   -0.950000000   -0.472949700    0.590430900
 806    2.406900000    0.192772100   -0.326906700
 807   -0.950000000   -0.400153600    0.894737100
 808   -0.950000000   -1.228363000    1.892958000
 809   -0.950000000   -1.051575000   -0.125825200
 810    6.169658000    0.714967100    0.111435000
 811   -0.950000000   -0.160928700    1.102294000
 812   -0.782715600   -0.310571300   -0.425447900
 813    5.650870000    0.474878100    0.537399000
 814   11.858290000    1.088743000   -0.343020900
 815   -0.950000000   -0.483332800    1.464687000
 816   17.354970000    1.381235000   -1.592330000
 817    7.217846000    0.545765500   -0.360578500
 818    4.833176000    0.453915300    0.399041600
 819   -0.950000000   -0.809095100    0.062832670
 820    3.677116000    0.064591900    0.333881000
 821   -0.950000000   -0.563225900   -1.216243000
 822    6.990617000    0.277673000   -0.913455200
 823   -0.950000000   -1.817480000    0.166608000
 824   13.999750000    1.358098000   -0.812790100
 825   11.459480000    1.162178000    0.565765100
 826   10.021350000    0.974385100    1.646461000
 827   17.105990000    0.882364800   -0.354980700
 828   21.018320000    1.217458000    0.912843500
 829   23.197800000    1.608295000   -0.805817900
 830    8.207178000    0.426527400    1.080695000
 831   27.184720000    1.870750000   -0.322359600
 832    7.359939000   -0.059873510   -0.474182600
 833   19.353280000    1.832632000    0.371834600
 834   10.856310000    0.516496700    0.654350900
 835   12.357740000    0.541989800   -0.243027700
 836    2.694405000   -0.508972700   -0.472324200
 837    1.265117000   -0.628556100   -0.416270800
 838   26.402060000    1.850037000    0.091694980
 839    8.358983000    0.287199000    0.320225600
 840   12.165960000    0.496742000    0.435742100
 841   -0.950000000   -1.499997000   -1.207590000
 842    5.012205000    0.883147600    1.682914000
 843   -0.950000000   -1.436837000    1.433689000
 844   -0.950000000   -0.444809800   -0.375159300
 845    7.815298000    1.167685000    0.516732400
 846   -0.950000000   -0.571801200    0.704140600
 847   -0.950000000   -1.095032000    1.523093000
 848   -0.950000000   -0.855300300   -0.578087200
 849    5.246085000    1.031761000    0.242250600
 850   -0.950000000   -1.229210000   -0.630237800
 851   -0.950000000   -0.257325700   -0.161254400
 852   -0.950000000   -1.099234000   -1.611703000
 853   -0.950000000   -0.325747900    1.231855000
 854   -0.950000000   -0.397704900   -1.228343000
 855   -0.950000000    0.040874010    0.143828700
 856    7.854692000    0.718053100    0.120903500
 857   -0.950000000   -0.638840000   -0.607802800
 858    6.340158000    0.480359300    0.253945700
 859    5.212566000    0.427736300    0.077523820
 860    3.035496000    0.129276200   -1.322385000
 861    1.156923000   -0.293058100   -0.966765200
 862    9.572126000    1.676223000    0.323875200
 863    4.076658000    0.231159800   -1.651192000
 864   -0.950000000   -0.565283100    1.629565000
 865   17.280370000    1.418033000   -0.574202200
 866   -0.950000000   -0.531477000   -0.804631000
 867   17.886770000    1.290055000    0.424167700
 868   -0.950000000   -0.547434200    0.863386000
 869   -0.950000000   -1.343317000   -0.370554200
 870    8.234068000    0.680799100   -0.805333400
 871    4.680205000    0.329452200   -1.282274000
 872    1.454298000    0.012432040   -0.347670100
 873    1.142617000    0.146369800    0.727833300
 874   12.523630000    1.266742000   -0.845366200
 875   -0.950000000   -1.704794000   -0.723243000
 876   -0.592823400    0.199245000    0.741843500
 877   -0.950000000   -1.853349000   -0.082495050
 878   -0.278634000    0.192080300    1.193463000
 879   14.279460000    1.668648000    0.370937400
 880   11.980070000    1.301892000    0.038439110
 881    2.710713000   -0.020722400   -0.904293800
 882   -0.950000000   -0.580092800   -1.245335000
 883    5.435195000    0.266032400    0.957763100
 884   -0.178325000    0.183577900    0.661648900
 885    9.685056000    0.835369100    0.261804900
 886   -0.950000000   -1.389748000    1.397256000
 887   -0.950000000   -0.879535300   -1.419823000
 888   -0.950000000   -1.014097000    1.603253000
 889   -0.950000000   -0.857229500   -0.983761700
 890   -0.950000000    0.154054800    0.981840400
 891   -0.950000000   -1.410814000   -1.447474000
 892    3.969792000    0.259603100    1.560007000
 893   -0.950000000   -1.465187000   -0.530626100
 894   -0.071966090    0.367772400    0.473597300
 895   -0.950000000   -0.495307400    1.935312000
 896    3.054999000    0.651247200    0.192463500
 897   12.177240000    1.004859000    0.187593000
 898   -0.950000000   -0.452413700   -0.316492900
 899   -0.580647200    0.008474491   -0.052338690
 900   -0.950000000   -1.463939000    1.031744000
 901   -0.950000000    0.161398900    0.500546100
 902   -0.950000000   -0.302703800   -0.180677500
 903    0.614858300    0.437231200   -0.289667500
 904   -0.950000000   -1.815173000    0.011618730
 905   -0.950000000   -0.505213800   -1.015768000
 906   -0.627809600    0.066693330   -1.389480000
 907   -0.950000000    0.693909100    1.885270000
 908   -0.950000000   -0.943081700   -0.600273400
 909   -0.950000000   -1.106544000   -0.021061400
 910   -0.950000000    0.105147800    0.481766000
 911   -0.950000000   -1.073733000   -0.885735600
 912   -0.950000000   -1.389509000    0.668592500
 913   -0.950000000    0.185871200    0.387404000
 914   -0.950000000    0.035642280   -0.029353470
 915   -0.950000000   -0.201554000    0.050478040
 916    5.151105000    0.560336500    0.563095100
 917   -0.950000000   -0.956330200    0.617353800
 918    7.043385000    0.984812700    0.436863300
 919   -0.950000000   -1.367728000   -0.280452500
 920    3.717733000    0.184289100    0.575242800
 921   -0.950000000   -0.433277600    1.226258000
 922    8.480669000    0.699582800    1.334044000
 923   -0.950000000   -0.994398600   -1.065418000
 924   15.191190000    1.705616000    0.043194220
 925   -0.950000000   -0.404138900    0.809142400
 926   13.434370000    0.842798100   -1.182442000
 927   -0.950000000   -1.342892000    0.189345800
 928    2.503332000   -0.170963300   -0.962244800
 929   -0.950000000   -0.648783900   -1.764380000
 930   20.083880000    1.705744000    1.050640000
 931   -0.950000000   -1.882312000   -1.146605000
 932    4.739043000   -0.038843050    0.418437500
 933   20.752930000    1.206700000   -0.557047000
 934    0.583993400   -0.258431400   -0.181148300
 935    4.553658000    0.751035600    1.063275000
 936   10.181730000    0.854578600    0.619422300
 937   -0.950000000   -0.743213600   -0.064251380
 938    0.244009500   -0.486911600    1.582481000
 939    6.911086000    0.819723900    0.682441000
 940   -0.950000000   -0.520929600    1.172403000
 941   -0.008139952   -0.470463400    1.325148000
 942   -0.950000000   -0.882467900   -0.900384000
 943   10.807120000    0.499852000   -1.032097000
 944   -0.950000000   -1.649344000   -0.402855800
 945    8.962639000    0.752629300    0.200303500
 946    3.076295000    0.244306400   -0.171823800
 947   -0.950000000   -1.372224000    0.526351700
 948    5.005647000    0.641403900    1.009214000
 949   11.548150000    1.305774000   -1.363632000
 950    0.189431800    0.360583900    0.248060500
 951   13.808580000    1.106035000   -0.115712000
 952   -0.950000000   -0.618968100    0.241100300
 953    0.361220800   -0.338875500   -1.829537000
 954   -0.880112900   -0.013153650    0.035101290
 955   -0.950000000    0.030743650    0.927195800
 956   12.107320000    1.375955000    0.034342470
 957   -0.950000000   -1.980954000    0.203168400
 958   -0.950000000   -0.128260900    0.020729390
 959   -0.950000000   -0.356949000    0.056334650
 960    6.932767000    0.586118100   -0.236655300
 961    1.983015000    0.087628430    0.057893470
 962   12.992990000    0.751478500   -0.516380900
 963   20.627690000    1.157555000   -1.455516000
 964   21.292840000    1.413449000    1.508666000
 965    6.587624000    0.486046600    0.067299500
 966   -0.950000000   -0.433885200   -0.183607200
 967   -0.950000000   -1.368705000    0.110337500
 968    8.141876000    0.625592300    0.317846700
 969   -0.950000000    0.048418250    0.957763300
 970    4.221248000    0.394299800    1.237741000
 971   -0.950000000   -0.837070100   -0.000159823
 972   -0.950000000   -0.539136300    0.035871270
 973    8.935833000    0.480592800    0.796189400
 974    0.907026800   -0.033021320    0.432156600
 975   -0.146702300   -0.184424500   -0.125689100
 976   -0.950000000   -0.238813000    0.169797300
 977   -0.950000000   -0.547684300   -0.738579200
 978    3.128921000    0.343334700    1.613565000
 979   -0.950000000   -1.658469000    0.279418000
 980   -0.950000000   -1.837455000    0.117573400
 981    0.326124500   -0.164845600    0.028782190
 982   18.240900000    1.723182000   -1.185089000
 983   -0.950000000   -0.780999000    0.565399000
 984   -0.950000000   -0.908552200   -1.227769000
 985    1.808330000    0.474325700    0.333147900
 986   -0.950000000    0.090627000    1.167555000
 987    5.504575000    0.579040600   -0.007565175
 988   -0.950000000   -0.354460500    1.696081000
 989   -0.950000000   -0.452338600   -0.518612900
 990   -0.950000000   -0.067042070   -0.328080800
 991   -0.950000000   -1.284887000   -1.347839000
 992    9.388090000    0.578197100   -0.351967000
 993   11.059210000    1.022838000    0.460821000
 994    4.526299000    0.347445400   -0.227819800
 995    9.826634000    0.847668700    0.508774400
 996    3.105483000    0.827883600    1.484697000
 997    1.588972000   -0.476837400   -1.432135000
 998   14.988810000    0.836449700   -0.706225800
 999   -0.950000000   -0.537885000    0.032466420
1000   22.769700000    1.741575000   -1.067216000
1001   -0.950000000   -0.439273600   -0.685779900
1002   13.322370000    1.070240000    0.924597400
1003   -0.950000000   -0.395026900    1.662497000
1004   -0.950000000    0.318954600    1.970366000
1005   -0.950000000   -1.834779000    0.137908900
1006   -0.950000000   -0.326016500    0.042231080
1007   15.560190000    1.424274000   -0.522946400
1008    9.773229000    0.776883100   -0.883135700
1009   -0.950000000   -0.985939200    0.403116600
1010   15.027520000    1.699046000    0.546624300
1011    3.503268000    0.747793600   -0.198485900
1012   -0.950000000   -1.271871000    0.295662400
1013   -0.950000000   -0.180978300    0.162615300
1014   13.740210000    1.100626000   -0.273038500
1015   -0.950000000   -0.319181600   -0.000111692
1016   -0.950000000   -0.883674700   -0.541024100
1017    7.240922000    0.943330400    1.668951000
1018    3.994309000    0.246541900    0.244810800
1019   -0.950000000   -1.781320000    1.331979000
1020   -0.950000000   -1.456988000    1.109232000
1021    7.224486000    0.789828400   -1.137677000
1022    4.968515000    0.489151200   -0.619630300
1023   -0.950000000   -0.186656100    0.195543000
1024   -0.950000000    0.356606400    0.229570600
1025   -0.950000000   -1.035245000   -0.942416000
1026   -0.950000000   -0.758847700   -0.004753846
1027   -0.950000000   -0.233718700   -0.044028880
1028   -0.950000000   -1.326895000   -1.154789000
1029   -0.950000000   -1.518991000    0.501054100
1030   -0.950000000   -1.124948000    0.400559400
1031   -0.950000000    0.360287800    0.932502900
1032   -0.950000000    0.148441900    0.314188600
1033   -0.950000000   -0.998270700   -0.120017600
1034    3.769936000    0.627521400   -0.284580300
1035   -0.950000000   -0.732361000   -0.407620400
1036   -0.950000000   -1.633864000   -0.725646000
1037    8.970662000    0.739044800   -1.936838000
1038   -0.950000000    0.238892700    0.835786300
1039   -0.060388620   -0.180763900   -0.635215400
1040    1.735822000   -0.017453910    0.814444400
1041   16.940060000    1.425449000   -0.817345700
1042    3.278981000    1.692621000    1.433727000
1043   -0.950000000   -1.933918000    0.661884000
1044   11.834970000    1.188594000    0.272260200
1045   -0.950000000   -1.985965000    0.332428200
1046   15.012420000    1.145452000   -0.730666800
1047    0.546372100    0.193874300   -0.037323600
1048    3.730057000    0.511861600    0.337147700
1049   21.661520000    1.855535000   -0.772718900
1050    0.296583300    0.183145200   -0.152227100
1051   -0.950000000   -0.859311600   -0.498761200
1052    8.214952000    0.865483500   -1.425745000
1053    1.159184000    0.366637200    0.910288400
1054   -0.950000000   -0.558820800   -0.757661300
1055    7.476679000    0.747799900   -1.315261000
1056   -0.950000000   -1.302201000    1.325011000
1057   -0.037808190    0.172061200    0.794231400
1058   10.068650000    1.247613000    0.622020600
1059   14.095820000    1.317942000   -0.955967600
1060   -0.950000000   -1.298102000    0.036146020
1061   -0.950000000   -0.575685800    0.483570900
1062   -0.950000000   -0.686250300    0.106692800
1063   -0.950000000   -0.068554640    1.563022000
1064   -0.950000000   -1.799035000    0.096100770
1065    4.602849000    0.839858600    0.334075200
1066   -0.950000000   -0.578830700    0.576107900
1067   -0.950000000   -0.632055100   -0.222587500
1068   11.405410000    0.822377700   -1.640592000
1069    2.474342000    0.436786700   -0.821194500
1070    1.771688000    0.288133800   -0.764481800
1071    1.204743000    0.516595200   -0.058296090
1072   -0.950000000   -0.464364600   -0.004703371
1073    4.930829000    0.770800100   -0.365542600
1074   -0.700374500   -0.051969350   -1.655591000
1075    1.571209000    0.678563900    1.214585000
1076   -0.950000000   -0.297846500   -1.487480000
1077    7.631639000    0.905756300   -0.596282600
1078   -0.950000000   -1.318025000    0.979652600
1079   -0.950000000   -0.711282400   -0.084017640
1080   -0.950000000   -0.317764200   -0.660874000
1081   -0.767321900   -0.449375100   -0.287500900
1082    9.646063000    0.997142800    0.130318800
1083   -0.950000000   -0.695440700    1.028634000
1084   -0.950000000   -0.935046300   -0.387286300
1085   10.824170000    1.211554000   -0.308583700
1086   15.861610000    1.484162000    0.386440400
1087    5.617300000    0.105239300    1.007501000
1088   -0.950000000   -0.858043100   -0.392419600
1089    0.395669500   -0.225833300   -1.643242000
1090    3.981617000   -0.160680000   -1.037527000
1091   -0.950000000   -1.245087000    1.221160000
1092   11.602100000    0.935164600    1.203186000
1093   11.445630000    1.284377000    0.240065900
1094    7.827780000    0.439914500   -0.897998700
1095    4.823979000    0.383868400    0.614469800
1096   -0.950000000   -0.252196600    1.209078000
1097    2.244573000    0.069009540   -1.608258000
1098   -0.950000000   -0.457580600    0.691498000
1099   -0.950000000   -0.371301300   -1.425593000
1100   -0.950000000   -1.352209000   -1.223995000
1101    1.479395000    0.315219600   -0.331248100
1102   11.775240000    1.525784000    0.367684500
1103   -0.950000000   -1.466594000    1.080898000
1104    3.808467000    0.721385700    0.446918000
1105   -0.657742400    0.421623300    0.418423300
1106    0.721799400    0.213263500    0.508182600
1107   17.710190000    1.659881000   -0.315662400
1108   -0.950000000   -0.909198000   -0.731032000
1109    5.644857000    0.792630200    0.489612300
1110   -0.950000000   -1.756332000   -1.957689000
1111   -0.950000000    0.472674100    0.740942100
1112    8.985258000    0.850172100   -0.360616400
1113   17.436360000    1.708821000   -1.311852000
1114   -0.950000000   -0.075646310   -0.895034300
1115   -0.950000000   -1.310357000   -1.223960000
1116   -0.950000000   -0.422138700    1.658427000
1117   -0.950000000   -0.360551200    1.561224000
1118   -0.950000000   -0.439625100    0.450206800
1119   -0.950000000   -1.377519000    0.352821900
1120    1.961424000    0.411999300   -0.800903800
1121   -0.950000000   -0.545166800   -1.655556000
1122    2.225149000    0.540366600   -0.258719200
1123    1.185006000    0.655108100    0.365613800
1124   -0.950000000   -1.048749000   -0.129604600
1125   14.070480000    1.088125000   -1.702250000
1126    0.892737800   -0.097824000   -0.612139400
1127   -0.950000000   -0.536851800    0.943566600
1128   17.068220000    1.806580000    0.921540900
1129   -0.950000000   -0.482625300    0.188166200
1130    7.109615000    0.626753600   -0.000473244
1131    6.356721000    0.401214900   -0.206191800
1132   -0.950000000    0.028286610    0.620119500
1133    4.511934000    0.497106200   -0.140798300
1134    0.224429400   -0.315060800   -1.124857000
1135    4.122617000    0.508235000    0.214016600
1136   18.914660000    1.912663000   -0.724927000
1137   -0.950000000   -1.329509000   -1.698566000
1138   -0.950000000   -0.445348400    1.879002000
1139   -0.950000000   -0.405288500   -0.012172520
1140    5.688431000    0.585234000   -0.041145150
1141   -0.950000000   -0.979006500    0.982537100
1142   -0.950000000   -0.785225900   -1.097268000
1143   -0.828761900    0.442691200    0.435208700
1144   -0.950000000   -0.505837300   -0.838726500
1145    8.433765000    0.662568000   -1.417113000
1146   -0.950000000   -1.678927000   -1.077934000
1147   -0.950000000   -0.722220500   -0.764299100
1148   -0.950000000    0.269382600   -0.130302000
1149    0.975005900    0.324056800    0.249064600
1150    3.366009000    1.322931000    0.460396300
1151   -0.950000000   -0.178160100    1.934899000
1152   -0.950000000   -0.553565500    0.292442900
1153   -0.950000000   -0.404780300    0.029513050
1154   -0.950000000   -1.711115000   -1.919416000
1155   13.302970000    1.634930000   -0.214642000
1156   -0.950000000   -1.344184000   -0.986590800
1157    7.805704000    1.818121000    1.082347000
1158    6.090469000    0.467916800    0.507552400
1159   -0.950000000   -0.587406100    0.841068100
1160   -0.950000000   -0.838443200   -0.667850600
1161    1.787050000    0.047266060    0.051947010
1162   -0.950000000   -0.170234200    1.058848000
1163   -0.950000000   -0.886763600    1.532020000
1164   -0.950000000   -1.145696000    0.922119200
1165    3.585545000    0.405722900    0.768782000
1166   -0.950000000   -0.366406400    0.392993200
1167    6.081596000    0.547054200   -0.835499400
1168    2.256528000   -0.389045600    1.881217000
1169   -0.950000000   -0.593822300   -0.039040620
1170   -0.950000000   -0.974765900   -0.278121800
1171    2.063811000    0.236174600   -0.328226400
1172    9.992052000    0.681121900   -1.121874000
1173    5.195561000    0.759217000   -0.066313210
1174   -0.950000000   -1.002839000   -0.120252600
1175   12.316170000    1.385501000   -0.829009900
1176    9.313764000    1.128907000   -0.094955040
1177    7.962261000    0.452607900   -1.402986000
1178   -0.950000000   -0.983503400    1.096632000
1179    5.926823000    0.314088300   -1.174221000
1180   -0.950000000   -0.443065100    0.648989400
1181    6.127530000    1.180468000    0.879666600
1182   -0.950000000   -0.472811300    1.152920000
1183   -0.950000000   -0.289160400    0.211923500
1184   -0.950000000   -1.018693000   -0.365561900
1185   -0.950000000   -0.993923800   -0.618951000
1186   -0.950000000   -1.619745000   -0.547047200
1187    4.436350000    1.218261000    1.732101000
1188    4.985495000    0.401259100    0.383203600
1189    1.951474000   -0.194357600   -1.449197000
1190    4.494671000    0.174042200   -0.933660800
1191   -0.950000000   -0.488811700    1.001436000
1192   17.460720000    1.236565000    0.660281300
1193    2.497648000    0.040086840   -0.419614300
1194   -0.950000000   -0.272398400   -0.017716570
1195   -0.950000000   -0.937379800    0.237172400
1196    5.535452000    0.343526500   -1.013255000
1197   -0.950000000   -1.098540000   -0.036156180
1198   -0.950000000   -0.369620600    0.276460800
1199   -0.950000000   -0.655340200    1.989983000
1200    9.364268000    1.287321000    1.725472000
1201    9.651366000    0.449342200   -1.718373000
1202   -0.950000000   -1.198762000    0.798157900
1203   -0.950000000   -1.168160000    0.167160600
1204    6.740624000    0.365885900    0.993797300
1205    0.213411100    0.153132500    0.866995600
1206    6.514700000    0.431219400    0.944551500
1207   -0.950000000   -0.671814900   -0.486100600
1208   13.814170000    0.737647700   -1.373113000
1209    4.274028000    0.489887700    0.347877600
1210   17.370930000    1.584155000    0.414319700
1211   18.557190000    1.487403000    0.787846100
1212   -0.950000000   -0.485421200    1.610193000
1213   -0.950000000   -0.630626400    0.579330800
1214    7.978251000    0.344030600   -1.366122000
1215   16.556730000    1.048008000   -1.257917000
1216    1.593564000    0.222137600    0.227992100
1217   -0.950000000   -1.148887000    0.925014300
1218   10.017040000    0.653950900   -1.170789000
1219    1.965442000   -0.044255650   -0.370234900
1220   11.935340000    0.745500100   -0.314500600
1221   -0.950000000   -0.420765700    0.571106800
1222    7.809199000    0.308620500   -0.982191800
1223    8.218886000    0.455417400   -0.517290000
1224    0.615146200   -0.205679600   -0.139329100
1225    5.063738000    0.871765300    0.706000300
1226    4.477334000    0.109259500   -1.269757000
1227    3.535145000   -0.038786020   -0.518663900
1228    3.134432000    0.870124000    1.206995000
1229    0.134819200   -0.306752400   -0.020638710
1230   -0.950000000   -0.815403000   -0.921724600
1231    9.143050000    0.708976500    0.853368800
1232    3.899844000    0.189909500   -0.960181100
1233    3.588949000    0.747468900    0.823640400
1234    0.198470200   -0.210096400   -0.943606600
1235    4.709028000    0.708204200    0.607773900
1236   -0.950000000   -0.856271600    0.423595600
1237   -0.266310100   -0.286346500   -0.594872100
1238    9.576094000    1.039179000    1.121156000
1239    4.682622000    0.213324200   -1.035077000
1240   -0.950000000   -0.972312500   -0.132006000
1241   -0.950000000   -0.113748800   -0.249025900
1242   -0.950000000   -1.301667000    1.175760000
1243    5.762485000    0.322473900   -1.487154000
1244   -0.940540700   -0.187110000   -0.677124900
1245    6.337085000    0.708096200   -0.032738380
1246   15.917490000    1.466484000   -0.142532900
1247   19.946480000    1.833628000    0.107180300
1248    1.599547000    0.251690100    0.086377750
1249   -0.950000000   -0.785771200   -0.846544200
1250   -0.950000000   -0.167536700    0.966277400
1251   13.654700000    0.887752100   -1.551835000
1252    8.000870000    0.986935000   -0.220140300
1253   -0.950000000   -0.461021600   -0.876127300
1254   -0.950000000   -0.514332100    1.145000000
1255   16.768300000    1.491171000   -0.950445600
1256    1.378684000    0.367771400    0.485601000
1257    4.337208000    0.414379000   -1.067299000
1258   13.310260000    1.496635000    0.104355700
1259   -0.950000000   -1.534953000    0.758164700
1260   -0.950000000   -0.806458600    0.402453500
1261    2.868575000    0.504151000    0.258306500
1262   -0.950000000   -0.810260000   -1.238300000
1263    8.867575000    0.675926200   -0.781102900
1264    1.084222000    0.566897800    0.422547000
1265   -0.950000000   -1.491561000   -0.723146200
1266    7.661646000    0.460109100   -0.714645600
1267   -0.950000000   -1.148884000    0.497764200
1268    8.314571000    1.388268000    0.433996000
1269    7.097756000    0.669351900   -0.386139300
1270   -0.950000000   -0.762202700   -0.993801400
1271    5.521399000    0.372269000   -1.412900000
1272    0.556224700    0.109528800    0.289950300
1273   -0.950000000   -0.824961500    1.257403000
1274   -0.950000000   -0.377553000    1.730126000
1275   -0.950000000    0.019172790    0.718944400
1276   14.772240000    0.997268500    0.249957100
1277   22.390410000    1.820686000    0.308901400
1278   20.760390000    1.119171000   -0.889051700
1279   17.485900000    1.389245000   -0.158551000
1280   17.672620000    1.128119000   -0.311082700
1281    4.854542000    0.332336700    0.814315500
1282   18.452490000    0.932360300   -0.200130100
1283   12.125610000    0.378492300   -0.627860200
1284    4.022196000    0.417773400    1.940042000
1285    1.322908000   -0.499063000    0.988408300
1286   24.943720000    1.599757000    0.044085520
1287   13.723080000    0.564830000   -0.448420300
1288    1.586524000   -0.209618400    0.896815000
1289    1.221535000   -0.795310900   -0.435800200
1290    7.838667000    0.016350850    0.870961700
1291   -0.950000000   -1.618476000   -0.081079980
1292   -0.950000000   -0.186697200   -0.028914710
1293   -0.950000000   -0.296789600   -0.900658500
1294   -0.950000000   -1.880659000   -1.984670000
1295   -0.950000000   -0.282953700    1.883413000
1296   -0.950000000   -0.433395200   -1.176957000
1297   12.898610000    1.134979000   -0.105798300
1298   -0.950000000   -0.453966100   -0.489391000
1299    6.099407000    1.212865000    1.619374000
1300   -0.950000000    0.246979800    0.898836000
1301   -0.950000000    0.019300990   -0.585854400
1302    0.925505100    0.271316900   -1.348630000
1303   -0.950000000    0.141987300    0.853482100
1304   -0.950000000   -0.033527780   -0.027182760
1305   -0.950000000   -0.799844000    0.183389900
1306    6.151382000    0.893069000    1.489914000
1307    8.410618000    0.394696200   -0.600587700
1308   23.615290000    1.839836000   -1.047182000
1309   11.754840000    0.559843800   -0.037756110
1310   -0.950000000   -1.221209000    0.822835100
1311    0.615964100   -0.221183100    0.453729600
1312    3.218494000   -0.187519800    0.652002200
1313   -0.950000000   -1.822468000   -0.164954700
1314   -0.950000000   -0.790909500    1.973612000
1315   -0.950000000   -0.736052400   -0.385296000
1316    2.708497000   -0.056048890   -0.006226843
1317   17.003990000    1.308612000    0.058868560
1318   22.037620000    1.726025000    0.505016900
1319   15.589530000    1.080640000   -0.670917800
1320    5.349451000    0.135865300    0.724610600
1321   15.645060000    1.889305000   -1.331216000
1322   -0.382205100    0.172600700    0.333814300
1323    7.870261000    0.680912700   -0.474856900
1324   18.504980000    1.264420000   -1.863841000
1325   -0.950000000   -1.533053000   -0.004886709
1326    0.920884300   -0.162503400   -1.399403000
1327    9.057296000    0.707921300    0.365890200
1328   -0.950000000   -1.082198000    0.572457500
1329   10.688250000    0.683120900   -0.897101400
1330    1.932811000    0.146034600    0.061080470
1331    9.713447000    0.572026000   -0.679787500
1332   -0.950000000   -1.058426000    0.623263700
1333    8.006023000    0.423633900   -1.407764000
1334   15.651090000    1.440880000   -0.426059500
1335    0.035725500    0.112610100    1.921824000
1336    5.134716000   -0.093153260    1.262058000
1337   17.452700000    0.836237700   -0.679617600
1338   -0.950000000   -0.662045100    1.745698000
1339    9.192218000    0.726740200    1.252148000
1340   12.691980000    0.623908100    1.619883000
1341    3.809666000    0.435360500    1.449555000
1342    4.020895000    0.309204500    1.990562000
1343   23.530260000    1.443229000    0.196633800
1344   15.526000000    1.152151000    0.453689400
1345   21.554890000    0.793751900   -1.566575000
1346   10.789200000    0.341541800   -0.559029100
1347   -0.950000000   -1.492828000    0.632712200
1348    2.851553000   -0.462150300    1.067040000
1349    1.294036000   -0.541123900   -0.148534800
1350    7.470836000    0.050610150    1.528212000
1351   -0.950000000   -0.769091000    0.327446800
1352    6.063452000    0.938336600   -1.863224000
1353   -0.950000000    0.271545400    0.920465000
1354   -0.950000000   -0.111824800   -0.213822200
1355   -0.950000000   -1.415912000   -0.721211300
1356   -0.950000000    0.089646520    0.658289200
1357   -0.950000000   -0.872962000    0.600673000
1358   -0.950000000   -0.846330800    0.166647800
1359   -0.950000000   -0.344206900    1.189143000
1360    6.993523000    0.797287200    1.242492000
1361   -0.950000000   -1.131766000   -1.105407000
1362   -0.950000000   -0.589973400   -0.147180300
1363    1.740255000    0.754893200   -0.064568550
1364    4.973263000    0.560702400   -1.797794000
1365    3.936462000    0.602909400    0.069256020
1366   -0.950000000   -0.585415500    0.147122700
1367   -0.950000000    0.532691200    1.612372000
1368   -0.117522200    0.516235300    0.579405500
1369    3.721558000    0.947044300    0.612804600
1370    3.841689000    0.573080500   -1.463039000
1371   -0.950000000   -0.187190800   -1.701430000
1372    0.697780500    0.173376300   -1.782796000
1373   -0.950000000   -0.003489036   -0.530131800
1374   -0.950000000   -0.345117800    0.051246270
1375   -0.950000000   -1.916312000   -1.472345000
1376   -0.950000000   -0.854129900   -1.247689000
1377   11.371630000    1.203451000   -0.757092900
1378    4.505667000    1.101638000    0.162476100
1379   -0.950000000   -1.973286000   -1.215915000
1380   -0.950000000   -0.487086600   -0.654150900
1381    0.444625800   -0.128183300    0.702753800
1382   -0.950000000   -0.909014100   -1.482940000
1383    2.316557000    0.205860000    0.215228500
1384   16.589990000    1.320043000    0.401588700
1385   -0.950000000   -0.114345400    0.835286900
1386   15.554500000    1.532366000   -0.824349400
1387    3.889826000    0.494788400   -0.776460000
1388    4.373557000    0.309667500    0.471216700
1389    4.243532000    0.573216100    0.407557700
1390    7.937572000    1.123303000   -0.345776600
1391   -0.950000000   -0.397072100   -0.259198000
1392   14.822170000    0.883679000   -0.878263800
1393   -0.950000000   -0.124025900    0.104948600
1394   -0.950000000   -0.414046000    0.300974700
1395   -0.328676400   -0.520421300   -1.804786000
1396    1.410953000    0.349051500    0.431588900
1397   -0.950000000   -0.789863100    1.113421000
1398   -0.950000000   -0.946581400   -0.657290500
1399   -0.950000000   -1.710565000   -0.731020200
1400   -0.950000000   -0.059670920   -1.003327000
1401   -0.950000000   -0.044934330   -0.266521300
1402   -0.950000000   -0.370138300    1.058136000
1403   11.589990000    1.108681000   -0.391019700
1404    0.312683500    0.409259000   -0.335041200
1405   -0.950000000   -0.073738390    0.456469600
1406   -0.950000000   -1.540161000   -0.928354600
1407   -0.950000000   -0.754991900    1.078247000
1408   -0.950000000   -1.697398000    0.041074590
1409   -0.950000000   -0.429739400    1.195946000
1410    9.853958000    0.925059700    0.402605700
1411   -0.950000000   -1.797086000   -1.498690000
1412   -0.950000000    0.498684200   -0.507185300
1413   -0.950000000   -1.622749000   -0.313857500
1414   -0.950000000    0.019174810   -1.336097000
1415   -0.853720100    0.127502900   -1.749760000
1416   -0.950000000   -0.898487200   -0.372264100
1417   -0.950000000   -1.711362000   -0.408355100
1418   -0.950000000   -0.430705100   -0.058076220
1419    9.958194000    1.773705000   -1.966857000
1420   -0.950000000   -0.090362910    0.057985840
1421   -0.950000000   -0.144286600   -0.968118400
1422    7.245188000    1.332777000   -0.803459000
1423   -0.950000000   -0.507643700   -0.538284000
1424   -0.950000000    0.348882300    0.085797340
1425   -0.950000000   -0.513538900    0.681760000
1426   -0.581183700   -0.518012600   -0.201736200
1427    7.866551000    0.343022900    1.939714000
1428    9.759294000    0.742919800   -0.871832400
1429    4.090211000    0.017025310   -0.034563790
1430    2.679109000   -0.075486910   -0.551175300
1431    2.564248000   -0.211456500   -0.154653300
1432   -0.950000000   -1.055965000    0.690369700
1433    4.429092000   -0.207489800   -1.069531000
1434   11.188170000    0.622328100    0.639222700
1435   -0.950000000   -1.062981000   -0.574320200
1436    6.835066000    0.474665900    0.296913300
1437    6.231041000    0.555060000    0.154357500
1438   -0.950000000   -1.033682000    0.993906300
1439    8.312929000    0.558362500   -0.100108400
1440    3.874513000    0.600302800    1.942168000
1441   -0.950000000    0.021388170    1.244728000
1442   -0.950000000    0.043332310    1.263875000
1443    4.021915000    0.526257300   -0.572900800
1444   -0.950000000   -1.956422000    0.867856400
1445   -0.950000000   -0.496397500   -0.125458800
1446    1.321149000    0.287588800    0.023541910
1447   -0.950000000   -1.399019000    1.940870000
1448    5.293972000    0.572113600   -0.737649600
1449   10.338500000    1.034915000   -0.663143500
1450   -0.950000000    0.251277300    0.341439200
1451   -0.950000000   -0.274992100   -0.400988600
1452   -0.950000000   -1.312347000   -0.745004500
1453    5.757320000    0.648629600    0.120768100
1454   -0.950000000   -0.695917300    1.222891000
1455   -0.950000000   -0.501637400   -0.597303200
1456    1.354599000   -0.143221900    0.360256800
1457   -0.950000000   -0.564251100   -0.164004500
1458   -0.913137400   -0.296730100    0.962852200
1459    0.553594400   -0.491711300   -0.999398600
1460    2.294579000   -0.025693120    0.848338500
1461   -0.950000000   -0.758824300   -1.177912000
1462   15.101380000    1.440066000    0.823698800
1463   -0.950000000   -1.082042000   -0.415762900
1464    9.110257000    0.792255500    0.662756900
1465   12.983400000    0.678425300    0.822530600
1466   17.923910000    1.232221000   -0.028551940
1467   14.184600000    1.284376000   -0.116783500
1468    7.098940000    0.489511100    0.574415400
1469    1.619280000   -0.605876300   -1.937555000
1470   -0.950000000   -1.061165000    1.525718000
1471    1.686533000   -0.237461700   -1.460718000
1472   10.226310000    1.139089000   -0.159042200
1473   -0.018716990   -0.225070800    0.165552000
1474    3.890638000    0.368820800    1.067443000
1475    7.254258000    0.559274400    0.589954100
1476    0.828581000    0.036490750    0.192866200
1477   11.344710000    1.347889000   -0.409974500
1478    2.760724000    1.016221000    1.229887000
1479    5.257795000    0.131327400   -1.722029000
1480    3.935578000    0.179811800   -0.880329500
1481    3.227586000    0.236175900   -0.644564700
1482   11.082970000    0.810655800   -0.564715700
1483   -0.950000000   -1.083092000   -0.717224200
1484    1.094813000   -0.112601400    1.598174000
1485   -0.950000000   -0.590226900   -0.552633500
1486   -0.950000000   -0.143932100    1.120132000
1487   -0.041384670    0.042216200    0.140158000
1488    4.070325000    0.294091300   -0.011030620
1489   -0.950000000   -0.974554600    0.253404100
1490   12.037080000    0.999176900   -0.859421500
1491   -0.950000000   -0.293617700    0.646373300
1492   -0.950000000   -1.060399000   -0.798720600
1493    9.208549000    0.949633200   -0.786499800
1494    8.076374000    0.692741500   -1.241968000
1495   -0.950000000   -0.630456700    1.627373000
1496   -0.950000000   -0.775910500    0.158991900
1497    9.544501000    1.024659000   -0.566159200
1498   14.288390000    1.030945000   -0.246328100
1499    0.286787100   -0.102168000   -0.695635600
1500   -0.950000000   -0.385759500   -0.214070500
