*y  x1  x2
   1   -0.950000000    0.127136700    1.768913000
   2    1.617842000   -0.224104600   -0.771207500
   3    5.364648000    0.737665300    0.937132800
   4   -0.950000000   -0.498555400   -0.679561100
   5    9.657700000    0.693237500    0.235766900
   6    0.102085600   -0.003655248    0.226052700
   7    8.712778000    0.829042600   -0.695660400
   8    1.840694000   -0.161669800   -0.429590500
   9    9.523743000    0.461598000   -1.205457000
  10   11.226100000    0.632356200   -0.223624200
  11    3.424304000   -0.067314030   -1.294860000
  12    2.195107000    0.335240900    1.172313000
  13   19.153190000    1.250213000   -0.884783800
  14   -0.257502800   -0.099744540    0.144442100
  15   -0.950000000   -0.509555200   -0.556605200
  16   13.017580000    1.307087000    0.256314700
  17    0.613091400    0.069450360    0.045509840
  18   -0.950000000   -0.163307000    0.032024700
  19    5.612676000    0.728022000    0.075173100
  20    7.664807000    1.277967000    1.619947000
  21   -0.950000000    0.466795900    1.106520000
  22    1.595891000    0.345550800   -0.554853700
  23   -0.950000000   -0.654349700    0.211557600
  24   -0.950000000   -1.283723000    1.328625000
  25   -0.950000000   -1.665863000   -0.009908836
  26   -0.950000000   -1.057618000   -1.890289000
  27   -0.950000000   -1.643868000   -0.229146400
  28   -0.950000000   -1.394590000   -0.809136900
  29    8.474866000    0.685712900   -0.713243600
  30   -0.950000000   -0.461928800   -0.226528000
  31   10.581180000    1.061175000    0.505281100
  32    6.209894000    0.721771000    0.711935900
  33   10.886670000    1.142862000    0.410119300
  34    6.314922000    0.155497400   -1.760211000
  35   -0.950000000   -0.790728500   -1.681669000
  36   -0.950000000   -0.462715000    0.319340700
  37   -0.950000000   -0.986039900    1.317807000
  38   -0.950000000   -0.443498900    0.302803700
  39   -0.950000000   -0.723964000    0.091182100
  40    5.451943000    0.340683300    0.887957900
  41    7.331522000    0.627315000   -1.036680000
  42    0.330836700   -0.227958500   -0.316189100
  43   -0.950000000   -0.334590000    0.248815500
  44    3.661793000    0.058785610   -1.222175000
  45   -0.950000000   -0.095233960    1.786539000
  46   15.554050000    0.892196800    0.353011800
  47   18.671130000    1.039827000   -1.400400000
  48    7.265065000    0.266987200    0.371190200
  49   11.385370000    0.813472800    0.456473400
  50   19.367970000    1.328670000    0.332932500
  51   -0.950000000   -1.086536000    1.371351000
  52   15.426440000    1.289560000    0.114234100
  53    0.510127400    0.295232200    1.437987000
  54    2.435857000   -0.294308400   -0.188158200
  55   13.551450000    0.505788000   -1.370707000
  56   20.929390000    1.917764000    0.415312000
  57    8.585053000    0.252930300   -0.078156380
  58   28.872810000    1.838256000    0.336579600
  59   -0.950000000   -1.400450000    0.796846700
  60    3.107818000   -0.143551300    0.133083800
  61   -0.950000000   -1.026837000    0.688079900
  62   -0.950000000   -0.671254100   -0.964670700
  63    5.711936000    0.011569850   -0.977569800
  64   10.037750000    1.526481000    1.228334000
  65    8.195245000    0.582375100    0.303303400
  66   14.163320000    0.757358700   -1.226354000
  67    8.994120000    0.574112800    0.000014339
  68   14.555330000    1.848757000    0.862608700
  69   -0.950000000   -1.361826000    1.290965000
  70   -0.950000000   -0.759864600   -0.188866700
  71   10.153310000    0.941430100    0.630991800
  72    6.285715000    0.525313000    0.525614000
  73   11.420860000    1.060509000   -0.200004500
  74   -0.950000000   -0.718203700   -0.151886100
  75   -0.950000000    0.173722300    1.915144000
  76   14.237880000    1.530630000    0.468602000
  77   -0.950000000   -0.624148900   -1.438981000
  78   -0.950000000   -0.093093200    1.593413000
  79   10.451350000    1.203596000    1.550707000
  80    2.725331000   -0.074738380   -1.532401000
  81    4.566038000    0.455331500    0.344223500
  82   -0.950000000   -0.828003800    0.499493600
  83   -0.950000000   -1.965528000   -1.852876000
  84   -0.950000000   -1.264334000    0.425232400
  85   -0.748529200   -0.172292900   -0.793861900
  86   -0.950000000   -1.164848000   -0.718217300
  87    7.183478000    0.707821200    1.026567000
  88    1.295281000   -0.124179000   -0.096861530
  89    9.890240000    1.572025000    0.446632000
  90    4.352016000    0.543969500    1.108713000
  91   16.815560000    1.692660000   -0.265450800
  92   -0.950000000   -0.774009600    1.157206000
  93   -0.950000000   -1.231765000    0.718465500
  94   22.509580000    1.853526000   -0.310491200
  95    2.124925000    0.170018000    0.008461100
  96    6.210236000    0.554952200   -0.454776000
  97    3.418330000    0.536987100    0.462161500
  98   -0.950000000   -0.895687600    0.566890200
  99   -0.950000000   -0.945067000   -0.382486300
 100   -0.413317400   -0.324911000   -1.173596000
 101    7.157128000    0.682323900   -1.314647000
 102   -0.950000000   -0.754384900    0.355028400
 103    6.308019000    0.801608700    0.057918360
 104    0.426301000   -0.026486890   -0.612035500
 105    2.532739000   -0.242358200   -1.441194000
 106   -0.950000000   -0.008965365   -0.440693100
 107    3.218063000    0.862424400    0.943712700
 108   -0.950000000   -0.427549000   -0.079716860
 109    0.635084900    0.470474800    0.394463200
 110   -0.950000000   -0.472679000   -1.544237000
 111   -0.950000000   -0.991221500    1.108848000
 112   15.628540000    1.447710000    0.297357100
 113   12.697780000    1.540310000    1.183361000
 114   -0.950000000   -1.809885000   -1.263975000
 115   -0.950000000   -0.185985600   -0.069691280
 116    7.561354000    0.576846400   -1.180488000
 117   -0.950000000   -0.681805700   -1.007918000
 118   -0.950000000   -0.501831900   -0.703481800
 119   -0.950000000   -0.838649900   -0.047250040
 120   -0.950000000   -0.972976200   -1.225098000
 121   -0.673303700   -0.729882900   -0.826098800
 122    9.245158000    1.006117000   -0.244026500
 123   -0.950000000   -0.841659700    0.533799400
 124   -0.950000000   -0.141571600    1.029629000
 125   -0.950000000   -0.598853400    0.171193000
 126    7.715998000    0.489539800    0.820939700
 127    2.182698000   -0.052886890    0.191138800
 128   -0.950000000   -0.927250300    0.068121700
 129   11.150760000    1.781628000    0.422526100
 130   11.987330000    0.758083300    0.643661400
 131   15.734330000    1.568849000    0.421594100
 132   25.320010000    1.989889000    0.942558500
 133   -0.950000000   -1.809241000   -0.671902500
 134   -0.950000000   -0.533342600   -0.015264830
 135    3.733486000   -0.057750080   -0.311137000
 136   -0.950000000   -0.416925700    0.162436600
 137   -0.950000000   -0.914983800    0.730794600
 138   -0.950000000   -1.164565000    0.299013700
 139   -0.950000000   -0.819967100    0.833636100
 140   -0.950000000   -1.022334000    0.233145400
 141   -0.950000000   -1.073850000    0.154049100
 142   -0.950000000   -0.405764900    0.452905300
 143   10.321840000    0.887308200    0.443116600
 144   -0.950000000   -0.824646100    0.040605010
 145   -0.950000000   -0.933189900   -0.353914200
 146   -0.950000000   -0.850221700    0.806927600
 147   -0.950000000   -0.498406600    1.599810000
 148   -0.950000000   -0.419011900    0.598406700
 149   -0.950000000   -0.337405700    0.774253000
 150    6.824244000    0.894141400    0.827039500
 151   -0.950000000   -0.178753500    1.086059000
 152    5.420008000    0.922284400    0.439334200
 153    2.414298000    0.478427400   -0.884099200
 154   -0.950000000   -0.483317200    0.181450800
 155   -0.950000000   -1.485124000    0.793580800
 156   10.358490000    1.239319000    0.379749600
 157   -0.950000000   -1.515950000    1.447143000
 158   -0.950000000   -0.159665000    0.671597600
 159    6.632732000    0.881193800   -0.993063100
 160   -0.950000000   -0.304076100   -0.325964300
 161   -0.950000000   -0.615371800    0.561680600
 162   -0.950000000   -1.931893000    1.036811000
 163   -0.950000000   -1.424107000   -0.118711000
 164   -0.950000000   -0.621324300   -1.661385000
 165   -0.950000000   -0.976194700    0.225022000
 166   15.691960000    1.476276000    1.003138000
 167   -0.950000000   -0.229707500    0.572666900
 168   -0.950000000   -0.230939200    0.576898500
 169   -0.950000000   -0.802029200    1.086593000
 170   -0.950000000   -0.807036600   -0.058008950
 171   -0.950000000   -0.771790200    1.213781000
 172   -0.950000000   -1.550382000    0.609248500
 173    9.364329000    1.110482000    1.252057000
 174   -0.950000000   -1.231856000   -0.278604800
 175   -0.950000000    0.001760606    0.785770500
 176    7.571934000    0.766384000    0.314163300
 177   -0.950000000   -0.332914700    0.355681300
 178    0.570558900   -0.223788000   -1.160607000
 179    5.198203000    0.317717100   -0.423788700
 180   -0.950000000   -1.061400000   -0.857729400
 181   -0.950000000   -1.037373000   -0.330614400
 182   -0.950000000   -0.594951900   -1.027679000
 183   -0.950000000   -0.175062500    0.147385400
 184   -0.950000000   -1.335471000    1.233443000
 185   -0.950000000   -1.394868000    0.900928100
 186   -0.950000000   -0.550801300    0.877057300
 187    2.100184000    0.010629450   -0.702000500
 188    3.885639000    0.515364200    0.590884900
 189    8.252521000    1.276612000    0.778406100
 190   -0.950000000   -0.279667500   -0.533148200
 191   -0.950000000   -0.831468100    0.009355664
 192   -0.950000000   -1.308754000    1.036899000
 193   -0.950000000    0.218138100    0.645742900
 194    2.050404000    0.378673800   -0.228202300
 195   -0.950000000   -0.344087800   -0.696478200
 196   -0.950000000   -0.292535600    0.366670400
 197   11.087970000    0.785350100   -1.085868000
 198   13.431740000    0.961735900   -1.030392000
 199    3.712187000    0.396015900   -0.071744200
 200   -0.950000000   -0.846467700   -0.580131300
 201    2.965654000    0.358466500   -0.685462000
 202   15.638380000    1.495035000   -0.091823390
 203    6.786712000    0.750255300    1.155529000
 204   -0.456627000   -0.107584400   -0.796446900
 205   -0.950000000   -1.698274000   -1.038594000
 206   -0.330831900   -0.159477700    0.080303040
 207   -0.950000000   -0.751890800   -1.815249000
 208   18.273080000    1.478269000    0.002835922
 209    0.561557700    0.057210600    0.316584300
 210    0.972773900    0.018176730    0.239190600
 211   -0.102694000   -0.419554100    0.985127900
 212    9.951778000    0.660331600    0.320544300
 213   13.014550000    0.882252900    0.505670900
 214    8.866952000    0.411978500    0.569328500
 215    8.012760000    0.844894100    0.623134900
 216   17.757180000    1.260428000    0.797196600
 217    2.632199000   -0.638680200   -1.179354000
 218   -0.950000000   -0.603516100    0.672855100
 219    5.809281000    0.002001007    1.171506000
 220   -0.950000000   -0.726011800   -0.992306200
 221   15.206670000    1.006017000    0.609345800
 222   14.675040000    0.949578600   -0.322841200
 223   27.513640000    1.763842000   -1.624757000
 224    3.853295000    0.135842300    0.807903400
 225    9.286020000    0.610484200    0.441437700
 226   -0.950000000   -0.106394200   -0.682084400
 227   -0.950000000   -0.330323900    1.414320000
 228   31.030020000    1.742666000   -1.686207000
 229   -0.950000000   -0.716345700    0.850949100
 230   -0.950000000   -0.509066800    0.379043700
 231   -0.950000000   -0.599691500    0.095188210
 232    3.000165000    0.553316700   -0.303932000
 233    0.605874100    0.126665300   -0.248401300
 234   -0.950000000   -0.785854400   -0.062706460
 235   -0.950000000   -0.869732300   -1.367153000
 236   -0.950000000   -0.758846800   -0.232307500
 237   16.765170000    1.892684000   -0.676668600
 238    0.489857300   -0.091803520   -1.607817000
 239   -0.950000000    0.009158642    1.036049000
 240   10.120070000    1.032110000   -0.419550500
 241   18.463290000    1.551103000    0.237331700
 242   17.990780000    1.500256000   -1.784500000
 243   -0.950000000   -1.392829000    0.876422300
 244    3.448203000    0.124740200   -0.684355900
 245    5.169601000    0.265736200   -1.101413000
 246   -0.950000000   -1.182133000    0.908735700
 247    0.705797100    0.082378570   -0.635849000
 248    2.599194000    0.286528700    0.753593600
 249   -0.907685000   -0.039186350    0.083855330
 250   -0.950000000   -0.714918100   -0.352183000
 251   -0.259868600   -0.114880000   -1.091758000
 252   -0.164013300    0.551889100    1.670060000
 253    5.163307000    0.807240800    0.228261400
 254    4.024000000    0.203060500   -1.195187000
 255   19.331290000    1.233514000   -0.836839300
 256   -0.950000000   -0.985286100    1.316054000
 257   -0.950000000   -0.379323400   -0.828613200
 258   -0.950000000   -0.654112300   -0.969152400
 259   -0.950000000   -0.895647700    1.223232000
 260    9.598406000    1.476370000   -0.711327000
 261   -0.272383600    0.314634700    0.190719300
 262   -0.950000000   -0.616127500   -1.709256000
 263   -0.950000000   -0.909304200   -0.171529600
 264   -0.950000000   -1.487296000   -0.571502500
 265    9.835674000    1.138143000    1.267380000
 266   -0.269843500    0.201779400   -0.098651620
 267   -0.950000000   -0.880649700    0.306363800
 268   -0.950000000   -0.005468352    0.152688800
 269   -0.950000000   -1.032546000    0.715978200
 270    3.152933000    0.702835300   -1.212058000
 271    8.039570000    0.528848500    0.082692940
 272   -0.400088400   -0.297141100   -0.968881500
 273   -0.950000000   -0.563707200   -0.520831300
 274    0.762822900   -0.373027100   -1.795498000
 275    8.653536000    0.552024000   -0.758051200
 276   -0.950000000   -0.197713300    0.969206900
 277   -0.950000000   -0.671196900    0.476063400
 278    7.046373000    0.637960300    0.116804700
 279    9.536315000    0.839857400   -0.720267800
 280   -0.950000000    0.088145070    1.702607000
 281   13.413860000    1.187200000   -0.193939800
 282   -0.950000000   -0.938676400    0.007013342
 283   -0.950000000   -1.724982000   -0.036606140
 284   -0.950000000    0.254065600    1.400636000
 285   -0.950000000    0.677597600    1.498135000
 286    5.049925000   -0.332331900   -1.793057000
 287   17.269880000    1.197041000    0.274058500
 288   -0.950000000   -0.519500100    0.110859500
 289   20.868450000    1.801900000    0.424938800
 290   -0.739938100   -0.674537300   -1.512758000
 291    9.842590000    0.768066200    1.901797000
 292   27.513540000    1.906503000   -0.278747100
 293    2.751984000   -0.026168630    0.841516700
 294   14.443410000    0.559793100   -0.771531300
 295   -0.950000000   -0.067223240    1.021949000
 296   14.651860000    1.080184000   -0.158047900
 297   -0.436546000   -0.439676500    1.179836000
 298   -0.950000000   -0.408328400    0.110168600
 299   12.100850000    0.798435300    1.633982000
 300    4.648515000   -0.085947680   -0.800830700
 301   -0.950000000   -0.533067300    0.668533700
 302   -0.950000000   -0.514901000   -0.558305000
 303    2.699642000    0.145784500   -1.057377000
 304   -0.950000000   -0.259602500    0.414013200
 305   -0.950000000   -1.739435000    1.740925000
 306   -0.950000000   -0.242468400   -1.056979000
 307   -0.950000000   -1.395969000    0.163919000
 308   -0.950000000   -0.408472700    1.286861000
 309    4.400876000    0.768125800    0.974565200
 310    5.149023000    0.683268700    0.818932400
 311    6.509414000    0.832617600    0.304588000
 312   -0.950000000   -0.601353700   -0.334187100
 313   24.570260000    1.664429000   -1.705868000
 314   -0.950000000   -0.503389900   -1.392614000
 315   -0.950000000   -1.530662000   -1.574431000
 316   -0.605284100   -0.150522900   -0.925139400
 317   -0.950000000    0.465092800    1.188212000
 318   -0.950000000   -0.006316921   -0.045317820
 319   -0.950000000   -0.656718900    0.213331900
 320   -0.950000000   -0.860887900   -0.063952590
 321   -0.950000000   -0.338377100   -0.576435600
 322   -0.950000000   -0.521738800    0.494020700
 323   11.799960000    0.944295100   -1.910304000
 324   -0.950000000   -0.224821700    0.092241640
 325   -0.950000000   -0.110122400    0.124990100
 326    4.404333000    0.273201500   -1.711073000
 327   11.847590000    0.804490600   -1.357815000
 328    8.355581000    0.848936000   -1.224876000
 329   -0.044018480   -0.302039800   -1.325301000
 330    7.406502000    0.770553400   -0.164671900
 331   -0.116663700    0.236156900   -0.770370600
 332   16.626330000    1.749841000    1.138160000
 333   -0.950000000   -0.176585300   -0.174473200
 334   -0.950000000   -0.638875800   -0.671183400
 335   -0.950000000   -0.133147900   -1.592856000
 336   -0.783984300    0.114228300   -0.214665400
 337    5.638000000    0.645250900    0.631869500
 338    6.255851000    0.782034600   -0.742005800
 339   -0.950000000   -0.435482000    0.116944100
 340   -0.950000000   -0.693933900    0.754540300
 341   -0.950000000   -0.787466200   -1.833799000
 342   -0.950000000   -0.546027600   -0.261066800
 343   -0.950000000   -0.186403300   -0.112441700
 344   -0.950000000   -0.941705500    0.354576700
 345   -0.950000000   -1.737764000   -0.134776000
 346   -0.950000000   -0.391896000    0.614731900
 347   -0.950000000    0.006688621    1.803278000
 348   -0.950000000   -1.374669000    0.338286300
 349   -0.950000000   -0.417833000    1.252607000
 350   -0.950000000    0.271855400    0.943506900
 351   10.967830000    1.168763000   -1.252031000
 352   -0.950000000   -0.650435000   -0.784115900
 353   18.685150000    1.556756000   -0.700286500
 354   -0.950000000   -0.815688000   -0.889360100
 355   -0.950000000   -0.430383600    0.730245400
 356   12.510400000    1.324744000   -0.862600300
 357    7.525301000    1.264396000    0.164879000
 358   -0.950000000   -0.194321900   -0.629136500
 359   -0.950000000   -1.645264000   -1.478537000
 360   -0.950000000   -0.861588400   -1.012304000
 361   11.350110000    0.647162800   -0.235768500
 362    3.103553000   -0.155251200   -0.596126200
 363   -0.950000000   -0.427391100    1.853618000
 364   -0.950000000   -1.987328000   -1.627676000
 365    9.517342000    0.605037400   -0.346681100
 366   10.711160000    0.902682600    0.378174500
 367    6.829548000    0.369293400    0.029040150
 368   -0.950000000   -0.716472400   -0.180689200
 369    3.157560000    0.638369700    1.378204000
 370    7.420646000    0.490453900    0.555962200
 371   14.832080000    1.201622000    0.019594370
 372   10.014400000    0.522524700   -0.621134400
 373   -0.950000000   -1.116106000   -0.388035500
 374    5.537669000    0.190614700   -0.482078400
 375   16.865550000    0.862072600    0.420482900
 376    5.280254000    0.058145730   -0.877072700
 377   14.400640000    1.027375000   -0.601078800
 378    6.086363000    0.247076000    1.579364000
 379   -0.950000000   -1.787704000    1.830698000
 380    9.018808000    0.490935500   -0.719589000
 381   -0.950000000   -1.769087000   -1.770303000
 382   17.747100000    1.267667000    0.204586400
 383   -0.950000000   -0.469500700    1.953535000
 384    6.504817000    0.534276300   -0.103283600
 385   14.508660000    1.339375000    0.242754900
 386   -0.950000000   -0.509243500    1.272847000
 387    3.013578000    0.056050440   -0.074038580
 388   10.511930000    0.187770900   -1.158534000
 389    5.177422000    0.129146900    0.320074200
 390   -0.950000000   -1.340070000   -0.563304000
 391    7.790334000    0.511133400   -0.575053500
 392   -0.950000000   -0.966972800   -0.282070500
 393    3.825060000    0.163313500   -0.279539700
 394   -0.950000000   -0.834383400   -0.058610830
 395    7.205521000    0.892116700    0.757443800
 396    4.517313000    0.141815200   -0.536745600
 397   -0.950000000   -0.712545500    1.484908000
 398   -0.950000000   -0.415048200    0.387098900
 399    4.391098000    0.477936900    0.773506500
 400   -0.950000000   -0.139382000    1.207121000
 401   11.850320000    1.089063000   -0.464209900
 402   10.827290000    0.659550300   -1.631508000
 403    6.247234000    0.308406300    0.055045150
 404   -0.950000000   -0.813301900    1.443428000
 405   11.057840000    1.460784000    1.635447000
 406    6.090489000    0.501079000   -1.110446000
 407   -0.950000000   -1.437688000    1.313469000
 408   -0.950000000   -1.389348000   -0.275756400
 409    6.305957000    0.455108600   -1.036563000
 410   -0.950000000   -0.557097800   -0.469717500
 411   -0.950000000   -0.998085500    0.350519500
 412   -0.950000000   -0.486995100    0.995437200
 413   -0.950000000   -1.030666000    0.566814000
 414    6.727645000    0.670995100   -0.023653950
 415   -0.845447900   -0.015254830    0.162095500
 416   -0.950000000    0.188951700    0.758946800
 417    4.502236000    0.436017100    0.297320900
 418    8.105543000    0.814555100   -0.074496650
 419   12.927130000    1.195065000   -0.172222000
 420   -0.950000000   -0.525675900    0.749433600
 421   -0.950000000   -0.671193500   -0.205259900
 422   -0.950000000   -0.559405000   -0.651221300
 423   -0.950000000   -0.920455200   -0.617217700
 424   -0.950000000    0.183104700    1.190703000
 425   -0.950000000   -0.601536500   -1.139530000
 426    5.140817000    0.664552900   -1.874174000
 427   -0.950000000   -0.862204300    0.025823150
 428    3.373866000    0.155590200   -1.085426000
 429    2.774010000    0.449171000    0.880344900
 430    9.979697000    1.172013000    1.209805000
 431   -0.950000000   -0.798961800   -0.392877100
 432   -0.950000000   -1.122691000    0.626547800
 433   -0.027880840    1.028055000    1.658671000
 434   -0.950000000    0.041243340   -0.101829200
 435   -0.950000000   -0.464304500    0.435305600
 436   -0.950000000   -0.630922600    0.555417600
 437    6.883813000    0.579930500   -1.886133000
 438    0.349741700    0.375733300    1.374384000
 439    7.638453000    0.920500700   -0.096200020
 440   -0.950000000   -1.550574000    1.321106000
 441   -0.950000000   -0.582917400    0.096959100
 442   15.340570000    1.132128000   -0.929359700
 443   -0.878914900    0.011103160   -0.020562910
 444   -0.950000000   -0.193384600    0.431632700
 445    7.716738000    0.831561500    1.012625000
 446   10.130390000    1.191259000    0.128322900
 447   -0.950000000   -0.712455600    0.101927800
 448   14.963910000    1.160603000   -0.355237800
 449   -0.950000000   -1.173978000    1.241554000
 450   -0.950000000   -0.801888800    0.356231900
 451   10.371390000    1.044970000   -0.328549900
 452   -0.950000000    0.339180800    1.201989000
 453   -0.950000000   -0.559114800    0.495086100
 454    7.925055000    0.688914300   -1.652420000
 455   -0.950000000   -1.188704000   -0.990731600
 456   -0.950000000    0.325900100    0.945420000
 457    7.113270000    1.720552000    1.383464000
 458   -0.832754600    0.687882500    1.178236000
 459    1.440078000    0.074909490   -0.867873900
 460    1.347372000    0.426647200    0.396494600
 461   -0.950000000   -1.368699000    0.105727200
 462    6.510828000    0.252883700   -1.808155000
 463   -0.950000000   -0.970870700    0.464484000
 464    0.520462700    0.042958980   -0.803086100
 465   -0.950000000   -0.784747900   -0.106175700
 466    0.529069900    0.003420796    0.375046300
 467    6.081353000    0.515513200   -0.808150500
 468    0.329698900    0.000339576   -0.381669600
 469   -0.950000000   -0.234779300    1.655223000
 470   -0.950000000   -0.288198500    1.073120000
 471    2.722627000    0.382958300   -0.817079800
 472   12.711100000    0.918224300    0.194826400
 473    2.298372000   -0.022720810   -1.096551000
 474   -0.950000000   -1.197731000    0.005760443
 475    3.196404000   -0.141477200   -1.863602000
 476    8.469766000    0.756891400   -0.459828200
 477   -0.946371200    0.086616310    0.438735000
 478   -0.950000000   -1.356858000    0.680352800
 479   -0.950000000   -0.810635400    1.383324000
 480   -0.950000000    0.034543260    0.514729600
 481   11.360330000    1.299029000    1.103290000
 482   -0.950000000   -0.612953500   -0.696332600
 483   -0.950000000   -1.502107000   -1.265264000
 484    7.276814000    0.848946100    0.056691660
 485   -0.950000000   -0.579707800   -1.038198000
 486   -0.950000000   -1.998838000    1.270322000
 487   -0.950000000   -0.301650300   -0.150145700
 488   -0.950000000   -0.679674300   -0.692638600
 489   -0.950000000   -0.073537230   -0.591439300
 490   -0.950000000   -0.090317570    0.213421700
 491   -0.950000000   -0.072742720    0.333059200
 492   20.554900000    1.693637000   -0.643045900
 493   -0.950000000   -0.831405500   -0.793242000
 494   -0.950000000   -0.485083600    0.914526000
 495    1.324275000    0.310986700    0.750306800
 496   -0.950000000   -0.449072500   -1.482709000
 497    8.380092000    0.251919100   -1.689491000
 498   13.841170000    1.521224000   -1.161464000
 499   -0.950000000   -0.133403200   -0.012636320
 500   18.243950000    1.447289000   -1.418559000
 501    4.878586000    0.684197400   -0.193227000
 502   14.448710000    1.728075000   -0.080323810
 503   -0.950000000    0.133207100   -0.250356000
 504   -0.950000000   -0.080902720   -0.764901200
 505   -0.950000000   -0.402455600   -0.488792700
 506   -0.950000000   -0.819009700   -1.680126000
 507   -0.950000000    0.261449000    1.037773000
 508   -0.950000000    0.012476360   -0.524402500
 509   -0.950000000   -0.778178500    0.060242660
 510   -0.950000000   -1.549006000    1.189585000
 511   -0.950000000   -0.875824100    1.668399000
 512   12.981420000    1.254450000   -1.394300000
 513    4.483540000    0.336634600   -0.379081100
 514   -0.950000000   -0.045108370    0.775219400
 515   -0.950000000   -0.916994700    0.513392700
 516   -0.950000000   -1.015784000   -0.900775100
 517   12.598910000    1.006950000   -0.640084200
 518    4.368556000    0.761952600   -0.137845900
 519   -0.950000000    0.387540800    1.946588000
 520    4.231904000    0.286995200   -1.000813000
 521    6.341017000    0.812504000    0.052100660
 522   -0.307793800    0.023263020   -0.990444500
 523    3.971632000    0.757105300    0.951616400
 524    9.219881000    0.835677600   -1.007039000
 525   -0.950000000   -1.623418000   -1.222769000
 526   11.886850000    1.311358000    0.177464400
 527   -0.950000000   -0.063233820    0.475029900
 528   -0.950000000   -0.419155400    0.857412000
 529   -0.950000000   -1.043788000   -0.515245100
 530   -0.950000000   -0.662777300   -0.109476200
 531   -0.637327700    0.058975120   -0.165969900
 532    2.118999000    0.261149300   -0.089129870
 533   -0.950000000   -0.048409240    1.948008000
 534   -0.950000000   -0.144068800   -0.121180500
 535   -0.654823400   -0.314274400   -1.288964000
 536   -0.950000000   -1.196110000    0.469142100
 537   -0.950000000   -0.368925600   -0.913708600
 538    3.029806000    0.548893500    0.689776400
 539   -0.950000000   -0.661582600    0.282836400
 540   10.355060000    1.312588000   -0.155353600
 541   17.971540000    1.452426000   -0.911590300
 542   13.794530000    1.363606000   -0.063042020
 543   -0.950000000   -0.129933500   -0.249243800
 544    1.747627000    0.245876800    0.421357400
 545   -0.950000000   -1.539520000    1.134526000
 546    1.336645000    0.346925800    0.483387400
 547   12.356710000    1.240845000   -0.612189500
 548   13.948180000    0.715881100   -1.583614000
 549    3.252839000    0.005696347   -1.086423000
 550   -0.305316400    0.400986100    1.888603000
 551   -0.950000000   -1.280411000   -0.815025000
 552   -0.950000000   -0.893547400    0.360903800
 553    9.114946000    0.538694900   -1.165798000
 554   -0.950000000   -1.006280000   -0.335098900
 555    6.713592000    0.670718600    0.890820700
 556   -0.950000000   -1.850907000   -1.393473000
 557    9.357462000    0.885141600   -1.554537000
 558   -0.618741200    0.540599000    0.777923300
 559   -0.950000000    0.100728700    0.490473600
 560   -0.950000000   -0.517576400    0.278064800
 561   -0.950000000   -0.355887700    0.073192860
 562   -0.950000000   -0.267267800    1.023217000
 563   -0.950000000    0.676671600    1.083797000
 564   -0.950000000   -0.830463000    0.221463500
 565    1.638231000    0.463181600    1.232497000
 566   -0.950000000   -1.647743000   -0.760529600
 567   -0.950000000   -0.725394100   -1.036232000
 568   -0.950000000   -0.728020600   -0.804795500
 569   -0.950000000   -0.379526300    0.034538560
 570    1.003698000    0.276164200   -0.062315300
 571   -0.950000000   -0.722156800   -0.585079600
 572    0.374117900   -0.370595900   -1.427828000
 573   12.353390000    0.742147200   -1.152708000
 574   17.481920000    1.364260000    0.956865700
 575   -0.950000000   -0.932037400    0.094464440
 576    3.926023000    0.550019000    0.504476000
 577    4.460871000   -0.041416590    0.677927900
 578   -0.950000000   -0.257070600    1.314784000
 579   -0.224234200   -0.592106200   -0.788675000
 580    0.970610300    0.143458600    1.896956000
 581   -0.661327000   -0.470977400   -0.117165200
 582   13.643800000    0.692308000   -0.872935400
 583   18.381250000    1.202331000   -0.042524120
 584   12.939610000    0.939127900   -0.590680700
 585    4.886112000    0.268422400    0.997237900
 586    8.314816000    0.841504300   -1.076751000
 587   -0.950000000   -0.653833300   -0.605481000
 588   -0.950000000   -1.106788000   -0.457182500
 589   -0.950000000   -1.462675000    0.640789600
 590    6.157978000    1.565707000    0.570739900
 591   -0.950000000   -0.975020000    1.449768000
 592   -0.950000000   -0.501985700    0.323929500
 593   -0.950000000   -1.338744000    1.521596000
 594    0.843685500    0.499841200   -0.377968600
 595   -0.950000000   -0.671151800   -0.795275000
 596   -0.950000000   -0.621211700   -1.276106000
 597   -0.950000000   -1.245588000   -1.351487000
 598    1.380390000    0.650572900    0.525756200
 599   -0.950000000   -1.101113000   -1.777445000
 600   -0.950000000   -1.043266000    0.652036000
 601   -0.950000000   -1.088850000    0.687234100
 602   12.701930000    1.106128000   -0.416366000
 603    9.825526000    0.853484700    0.190157800
 604   -0.950000000   -1.517784000    0.845776200
 605    3.129532000   -0.111151000   -1.157710000
 606    5.388594000    0.724513500    0.608908400
 607    9.026161000    0.896054200   -0.332070100
 608   16.995030000    1.207657000    0.596102200
 609    1.655936000   -0.012942080   -0.676722000
 610   -0.950000000   -0.793815600    0.055073110
 611   12.821710000    1.122770000    0.877317800
 612   -0.950000000   -1.351884000    0.453991700
 613    3.080964000    0.234267900    0.066698500
 614   -0.950000000   -0.751927900    0.114664300
 615   -0.950000000   -0.529526500    1.582902000
 616   17.660360000    1.564063000   -0.722009100
 617    9.297532000    0.554763600    1.759328000
 618   16.836960000    1.078629000    0.212253900
 619    8.694201000    0.328069400    0.416014900
 620    9.326878000   -0.067802380   -1.515994000
 621    8.586729000    0.512536900    1.534498000
 622   14.396590000    1.329694000    0.693385800
 623   -0.950000000   -1.580595000    0.222148500
 624    0.822513200   -0.433238000    0.162309100
 625    2.542039000   -0.176984300    1.193507000
 626    6.380660000    0.338323900    1.171357000
 627   11.448590000    0.276512200    1.935550000
 628    3.430690000   -0.222315200   -0.254706300
 629    5.195002000    0.048081600   -0.589642800
 630   -0.950000000   -0.589517500    1.734370000
 631    6.422025000    0.323029200    0.293701900
 632    3.152737000    0.035344810   -0.153095100
 633   12.190610000    1.888387000    1.195131000
 634   -0.950000000   -0.733294200   -0.723399000
 635   -0.950000000   -0.385386700   -0.643757500
 636   -0.950000000   -0.912606900   -0.435494500
 637   -0.950000000   -1.217115000    1.592501000
 638    7.376252000    0.511347800   -0.440750500
 639   -0.950000000   -0.313870300    0.692011300
 640    2.656137000    0.143225600   -0.769564400
 641   -0.950000000   -1.572742000    1.260157000
 642   -0.950000000   -0.441405500   -0.081541550
 643   18.248440000    1.575841000   -0.623569700
 644   -0.950000000   -1.013983000    0.694311300
 645   -0.950000000   -1.933506000   -1.027222000
 646   13.440850000    1.148890000   -0.244589800
 647   -0.950000000   -0.949862200   -0.852864300
 648   -0.950000000    0.013660000    0.696139000
 649    1.730905000    0.238393600   -0.668157700
 650   -0.950000000    0.145094200   -0.113681200
 651   -0.950000000    0.083061860    0.104664800
 652   -0.950000000   -1.461271000    0.090271460
 653   -0.950000000    0.155338900    0.775093100
 654   -0.950000000   -0.108393700    0.875378800
 655   -0.950000000   -0.160662900   -0.253528200
 656   -0.950000000   -1.231236000    1.295473000
 657   -0.950000000   -1.679235000   -1.182236000
 658    1.385514000    0.293765600   -0.415122100
 659   -0.950000000   -1.185275000   -0.196427700
 660   -0.950000000   -0.341652900   -0.654768000
 661    4.281313000    0.435021100    1.173946000
 662   15.419740000    1.163203000    1.578846000
 663   -0.950000000   -1.867647000    0.632420100
 664   -0.950000000   -0.202558400    0.706982800
 665    7.237362000    0.338544000    1.652944000
 666   -0.950000000   -1.168013000   -1.109551000
 667    7.498961000    0.722862900    0.741938600
 668    1.121874000    0.386463200    0.496792700
 669   13.773560000    0.431972800   -1.762903000
 670   -0.950000000   -0.656242400   -0.858776000
 671    1.716004000   -0.075447990    0.165792200
 672    4.095361000    0.189840400    0.473481100
 673    6.040983000    0.109820000   -1.328905000
 674    6.865935000    0.586140800    0.698131500
 675   -0.944421600   -0.321187800    0.487158900
 676   -0.950000000   -0.031570860    0.630935000
 677    9.275437000    0.720725600    0.197007700
 678   -0.950000000   -0.839842000    0.345971600
 679    4.287174000   -0.235061600   -1.789498000
 680   -0.950000000   -1.144443000    1.280777000
 681   -0.950000000    0.078486460    0.536542500
 682   -0.950000000   -0.258886100   -0.608134700
 683    6.733962000    0.626855900   -0.207347100
 684   -0.950000000   -0.101902800    0.376141900
 685    5.354496000    0.568055000   -0.762972800
 686   -0.950000000   -0.351573500    1.594054000
 687    1.277411000   -0.093978580   -1.650594000
 688    4.404572000    0.287705700    0.071450320
 689    8.704212000    0.995824600    0.390489500
 690    3.974417000    0.413912000   -0.166947900
 691   -0.950000000   -0.906075600    0.591411600
 692   -0.950000000   -1.063983000   -0.943733000
 693   -0.950000000   -0.933254600   -1.456696000
 694   -0.950000000    0.348916100    0.853232000
 695   -0.950000000   -1.996377000   -0.907946100
 696   -0.950000000   -1.142999000   -0.164474800
 697   -0.950000000    0.281707800   -0.058761930
 698   13.456840000    1.382995000    1.587199000
 699    8.867620000    1.236132000   -1.867741000
 700    2.671735000    1.016474000    0.214165800
 701   -0.950000000   -0.486193000    0.585335400
 702   -0.950000000   -0.645799900    0.467990600
 703    0.194965400    0.440412400    0.874603000
 704   -0.950000000   -1.092142000   -1.192479000
 705    9.081861000    1.037748000   -0.780291400
 706   19.576000000    1.538128000    1.275439000
 707   11.565410000    0.296649400   -0.947905700
 708   -0.950000000   -1.139152000   -0.141513700
 709    5.090056000   -0.120298700   -0.145778000
 710   -0.950000000   -0.803043100    1.062485000
 711    6.580105000   -0.112596100   -0.450536800
 712   17.238860000    1.131404000    0.099715510
 713   -0.950000000   -1.152763000    1.330674000
 714   -0.950000000   -0.703234500    1.567048000
 715   -0.950000000   -1.054290000    1.037261000
 716    1.890179000   -0.459696400   -0.726151700
 717   15.656150000    1.006312000   -0.365866000
 718    6.832970000    0.344544600    0.805325400
 719   -0.950000000   -0.916893000    0.741863600
 720   14.342940000    1.589925000    1.709944000
 721    3.584575000    0.455557200   -0.712447100
 722   10.427880000    0.994312500   -0.767844000
 723    7.988681000    0.656641400    1.034161000
 724    3.412311000    0.463957900   -0.430956200
 725   -0.950000000   -1.113977000   -0.563344900
 726    0.865375200    0.464532600    0.863105000
 727   -0.950000000   -1.073966000    0.775375800
 728   -0.950000000   -0.017709900    0.309064600
 729   18.778350000    1.238019000   -1.856842000
 730    7.732864000    0.723806600   -1.067791000
 731   -0.781248100   -0.098088150   -0.663657300
 732   -0.950000000   -1.026565000    0.551890400
 733   -0.950000000   -1.120411000   -1.021952000
 734   -0.950000000   -0.354473300   -0.966563400
 735   11.869820000    1.677207000   -0.834429700
 736    0.037187930    0.012135950   -1.776831000
 737   21.251870000    1.724256000   -0.743637400
 738   -0.950000000    0.195084500    0.137783100
 739   -0.950000000   -0.954979400    1.177872000
 740   -0.950000000   -1.506107000   -0.998780300
 741    4.144002000    0.616455900   -1.541163000
 742    3.966379000    0.989382100    1.365630000
 743   -0.950000000   -0.150129400   -0.063929230
 744   -0.950000000   -1.711236000    1.623712000
 745   -0.950000000   -1.607256000   -0.820754800
 746   -0.950000000   -0.267382100    0.418214900
 747    3.299649000    0.566749400    0.474395200
 748   -0.950000000   -0.326729300   -0.747469000
 749    8.434534000    0.961730500   -0.620384600
 750   -0.950000000   -0.263513500   -0.175563400
 751   -0.950000000   -1.869150000    1.268706000
 752   -0.950000000   -0.861229600    1.572513000
 753    8.692692000    0.541549800    0.093063810
 754   22.242000000    1.909110000   -1.185228000
 755    8.374982000    0.555303300   -0.322404400
 756    4.221749000    0.818626500    0.524554500
 757   -0.950000000   -1.048466000   -0.210889500
 758   -0.950000000   -1.038714000   -1.064442000
 759   -0.950000000   -1.128356000    0.351440500
 760   -0.950000000   -0.088537340    1.081950000
 761   -0.950000000   -1.595804000    0.318213200
 762   -0.950000000   -0.659981600   -0.311618500
 763   -0.950000000   -0.544352700   -1.160089000
 764    9.402632000    1.033640000    0.636535400
 765   11.657950000    1.359605000    0.501449900
 766   -0.950000000   -0.228289000    1.065035000
 767   -0.950000000   -0.103802500   -0.728407500
 768   -0.950000000    0.001157295    0.491284000
 769   -0.950000000   -0.850291200    0.312485200
 770    0.692253600    0.007101501   -1.274223000
 771   -0.950000000   -0.055595210   -0.034622990
 772   -0.950000000   -1.507491000   -0.692846600
 773   -0.950000000    0.176473500   -0.137132800
 774   -0.950000000   -0.413640600    0.107951800
 775   -0.950000000   -0.219127200    1.054257000
 776    1.108344000    0.221155100   -0.771251800
 777    7.491461000    0.742664400   -0.049491930
 778   -0.950000000    0.064817790   -0.275958400
 779   -0.950000000   -0.742751300    0.724530100
 780   -0.950000000   -0.152592800   -0.171958200
 781    7.227060000    0.290926100   -0.821741900
 782    7.561247000    0.208236200   -1.896263000
 783   -0.950000000   -1.083377000    0.463742400
 784   -0.950000000   -0.720700700    0.116865200
 785    9.860978000    0.734545100   -0.973745900
 786   23.949240000    1.466760000    1.445190000
 787   22.360880000    1.829475000   -0.045773100
 788   -0.950000000   -0.453406400   -0.447925500
 789    4.155716000    0.636308100    0.694970500
 790   -0.950000000   -1.617111000   -0.516569100
 791   -0.950000000   -0.203870800    0.895890400
 792   12.846090000    0.674183200    1.084555000
 793   14.543700000    1.271349000   -0.209920000
 794   -0.950000000   -0.945144000    0.318635900
 795   10.787300000    1.303475000    0.825305000
 796    2.867858000    0.236370900    0.355389900
 797    4.385099000    0.660832800    0.080488380
 798   -0.950000000   -0.797460100   -0.424848100
 799    9.476770000    0.473989900   -1.361791000
 800    3.393049000   -0.068297580   -1.328605000
 801   19.723940000    1.559651000   -0.125701000
 802   -0.950000000   -0.467391000    1.085201000
 803   18.951750000    1.909440000    0.991415300
 804   -0.950000000   -0.761768400    0.151889700
 805   -0.950000000   -0.703306400    0.402702400
 806    4.366785000   -0.084949460   -0.704698200
 807   -0.950000000   -0.367082100    0.836994900
 808    5.595089000    0.277998400    0.901331900
 809    4.378827000    0.613696500    1.031054000
 810    8.844620000    0.547083300   -1.154180000
 811    2.930863000    0.001578033   -0.398395300
 812   -0.849360600   -0.603931700   -0.651883900
 813   -0.950000000   -0.705809800    1.560557000
 814   15.504360000    1.358071000   -0.872901500
 815   21.581960000    1.401459000   -0.274375900
 816    7.689056000    0.577532900   -0.409221800
 817   13.437130000    1.076684000    0.666155600
 818   12.610450000    0.809744700   -0.057090690
 819   -0.950000000   -0.438524700    0.889125700
 820   -0.950000000   -1.029554000    0.346623200
 821   -0.950000000   -0.477114400   -0.509910900
 822    8.439898000    0.257482500   -1.031596000
 823    1.581691000    0.025106020    0.644078500
 824    3.106212000   -0.037650870   -0.269554800
 825    1.706333000   -0.283364200   -1.081104000
 826    7.731112000    0.848086500   -0.880991400
 827    9.903339000    0.860123400   -1.401084000
 828    8.898062000    0.893687400   -0.806458800
 829   -0.950000000   -1.209503000    0.290883700
 830   -0.950000000   -0.341866500   -0.683528600
 831   -0.950000000   -0.032768580   -0.447706300
 832   -0.950000000   -0.896167100    0.061863810
 833    4.649575000    0.717263600    0.498647600
 834    0.005421620    0.479187300    0.602512400
 835   -0.950000000   -1.189046000   -1.317032000
 836   -0.950000000   -0.536181800    0.262602100
 837    2.039206000    0.255014100   -0.430509800
 838    1.981780000    0.496323000    0.078951700
 839    3.020297000    0.366047400   -0.474180300
 840   12.154490000    1.301648000   -0.173633300
 841    3.734264000    0.501907600    0.027834340
 842    4.214628000    0.508768000   -0.116844500
 843   -0.950000000    0.171459500    0.353781800
 844    9.229732000    0.992096800   -0.624030000
 845   -0.950000000   -0.000715909   -0.023045240
 846   -0.950000000   -0.813057300   -0.452155400
 847   -0.950000000   -0.214062400   -1.855863000
 848   -0.950000000   -1.859660000   -0.035739370
 849   -0.950000000   -0.096761650    0.574470400
 850   -0.602676200   -0.277560300   -1.140911000
 851   -0.950000000   -0.455309100    0.537277400
 852   12.122480000    1.419664000   -0.791203400
 853   -0.950000000   -0.121692300    1.684972000
 854   -0.950000000   -1.986838000    0.173129600
 855   13.092100000    1.332413000    0.233037100
 856    4.111495000   -0.018862220   -0.116728100
 857   13.876720000    1.203406000    0.281411400
 858    3.609997000    0.400427200    1.834536000
 859    9.540004000    0.347479500   -1.802234000
 860   -0.950000000   -0.370279000    0.525044200
 861    0.752748800   -0.233412600    0.043714450
 862    5.014563000    0.258957300    0.011795420
 863   -0.950000000   -0.548857400    0.878200200
 864    1.971268000   -0.402760900   -1.824542000
 865    7.913040000    1.270259000    1.655867000
 866    6.400674000    0.699765800    0.641745200
 867   12.299180000    0.892559500   -0.203328300
 868   -0.950000000   -0.344759000    1.470015000
 869    1.273892000   -0.370799900   -1.504495000
 870    5.347218000    0.136446200   -0.902302200
 871    1.501333000    0.208457500    1.517152000
 872    9.357637000    0.907035100   -0.112504500
 873    2.575664000    0.258347700   -0.404263100
 874    1.424977000    0.083762720   -1.061349000
 875    2.068806000    0.072323910   -1.429822000
 876   17.340000000    1.380416000    1.566349000
 877   -0.950000000   -0.430262400   -0.359174900
 878   -0.950000000   -1.700793000   -0.865640900
 879   -0.950000000   -1.034115000   -0.868315800
 880    4.174179000    0.710914600    0.203256600
 881   -0.950000000   -0.535027800    0.043675420
 882    7.258564000    0.883140100    0.164333700
 883    1.399295000    0.192704400    0.889652200
 884   -0.950000000   -0.966977000    0.010111800
 885   -0.950000000   -0.236879800    0.962832000
 886   -0.950000000   -1.412946000   -0.482345600
 887    2.538496000    0.189333600    0.140175700
 888   15.772320000    1.201262000   -0.308088700
 889   -0.950000000   -1.724588000    1.139210000
 890   10.875190000    0.685733900   -0.936982400
 891    7.268048000    0.545065800    0.151848600
 892   16.344410000    1.904361000    0.609481100
 893   -0.950000000   -0.437253500   -0.721763700
 894   11.412530000    1.209438000   -0.126345500
 895    7.823993000    0.480633400   -1.210154000
 896   -0.950000000   -0.714246700    1.130935000
 897   -0.950000000   -0.722785200   -0.040384930
 898   -0.950000000   -0.064348390    0.425317700
 899   -0.950000000    0.550814700    1.727749000
 900   -0.950000000    0.026685030   -0.051169230
 901    1.880673000   -0.226357500   -0.311765000
 902    0.966298900   -0.341792400   -0.050762260
 903    7.282042000   -0.098513260   -1.066944000
 904   -0.950000000   -0.992595900    0.654417200
 905   -0.950000000   -1.022670000   -1.708600000
 906    3.175941000   -0.129962500    0.016349720
 907    4.701003000    0.543770600    1.313486000
 908   18.570520000    1.355307000    1.362594000
 909    0.035852360   -0.454101000    0.020520710
 910   11.885360000    0.823360100    0.245606700
 911    7.236771000    0.958256000    1.136026000
 912   11.834130000    0.732122500    0.982636300
 913   10.235900000    0.637318100   -0.017080070
 914   16.055430000    1.451925000    1.078870000
 915   20.909630000    1.108998000   -1.060572000
 916   -0.950000000   -0.694123400   -0.455204600
 917   -0.950000000   -0.327604500    1.309534000
 918    4.185108000    0.323636100   -0.224374600
 919    2.504305000   -0.045793660   -0.884298700
 920   -0.950000000   -0.099314300    1.029352000
 921   -0.950000000   -0.566848800    0.542179700
 922    4.715268000    0.429352200   -0.075010170
 923   11.105150000    1.198676000    0.329521000
 924   -0.950000000   -0.527721600   -0.008874702
 925   -0.950000000   -1.270737000   -0.204423300
 926    7.409543000    0.549785200   -0.749682400
 927    1.305722000    0.087151320   -0.058281430
 928    5.774060000    0.615261000   -0.078796810
 929   -0.950000000   -0.235239400    0.160953600
 930   -0.009769846   -0.018616310    0.126738500
 931    8.016790000    0.904574100    1.216944000
 932   -0.950000000   -0.079690970    1.581583000
 933   -0.950000000   -1.651642000    0.361063200
 934    0.057704950    0.179747100   -0.411924800
 935   -0.950000000   -0.313977200    1.309474000
 936   -0.950000000   -1.265850000   -0.074410500
 937   -0.950000000   -1.307473000   -0.391045000
 938   -0.950000000   -0.966868000    0.517628800
 939   -0.950000000   -1.772949000   -0.632611300
 940   13.621510000    1.169040000   -1.627270000
 941   14.115570000    1.908216000    0.182536500
 942    5.049831000    0.979951800   -1.110147000
 943   -0.950000000   -0.094266000   -0.242752900
 944   -0.883367100    0.084854150   -0.666186400
 945   10.463070000    0.973960300   -0.920730400
 946   14.745890000    1.438274000    0.127020000
 947   -0.950000000   -1.183998000    0.133924100
 948   -0.950000000   -0.439121000    0.544086100
 949   -0.950000000   -0.048234810    1.390978000
 950   -0.950000000   -1.338726000    1.097913000
 951    1.010046000   -0.058154380   -0.475122600
 952   -0.950000000   -0.377132100    0.880788600
 953    3.837829000    0.051298900   -1.176427000
 954   -0.950000000   -1.579600000    0.411890500
 955   -0.950000000   -0.999351200    0.365821800
 956   11.436090000    1.044031000   -0.621544900
 957   -0.950000000   -0.918175800   -0.061100040
 958   -0.950000000   -0.606906600    0.312557000
 959   -0.950000000   -0.514851100    1.040332000
 960   -0.950000000   -1.679292000   -0.012889290
 961   -0.950000000   -1.062103000   -0.290806900
 962   -0.950000000   -1.211639000   -0.210173300
 963   -0.950000000   -0.025133210   -0.240678700
 964   -0.950000000   -1.162704000   -1.500391000
 965   -0.950000000   -0.615711600    1.019388000
 966   -0.950000000   -0.561586000    1.176229000
 967   -0.950000000   -0.957688900    0.494041400
 968    3.433979000    0.568811800    1.237495000
 969   -0.950000000   -0.113857200    1.013976000
 970   -0.950000000   -1.262726000    1.328013000
 971   -0.950000000   -1.763149000    0.414192700
 972   -0.950000000   -0.013226010    0.895934900
 973   -0.950000000   -0.707638300   -1.074522000
 974    3.946689000    0.255280100   -1.600267000
 975   -0.950000000   -0.299670600   -0.309756200
 976   12.736400000    0.790058900   -0.967545000
 977   16.555400000    1.622024000   -0.149418900
 978    2.967029000    0.227464200    0.950621500
 979    1.444939000    0.427521700    1.623901000
 980   -0.074406150   -0.035818090    0.420619300
 981   17.153400000    1.569473000   -0.096384660
 982   12.568270000    1.826502000    0.207857100
 983   -0.950000000   -1.307290000   -0.533873900
 984   -0.887829200   -0.057969780    0.298338000
 985   -0.950000000   -0.782470800   -0.719915400
 986   -0.950000000   -1.150853000    0.077082260
 987   -0.950000000   -0.531456600   -0.961316700
 988    8.837297000    0.630725300   -0.268729100
 989   -0.950000000   -0.795084900   -0.128158100
 990   18.422720000    1.784701000   -0.792145200
 991   -0.950000000   -0.396409400    1.493060000
 992    4.421590000    0.838432100    0.197052200
 993   13.164480000    1.588047000    0.725002600
 994   -0.950000000   -1.001969000   -1.590887000
 995   -0.950000000   -1.188748000   -0.512642000
 996    1.295718000    0.250870900    0.514106000
 997   18.307540000    1.681821000   -0.194754000
 998    0.034659960    0.113557200   -0.468108700
 999    6.606304000    0.406120400   -1.421147000
1000   -0.950000000   -0.734806700   -0.100387800
1001   -0.950000000   -0.277260000    0.868984100
1002   -0.950000000   -0.827478000    1.073458000
1003   -0.950000000   -0.799272100    0.694651800
1004    0.852836900    0.105799600   -0.803571900
1005   -0.950000000   -0.213715600   -0.586119600
1006   11.517540000    1.719752000   -0.333882700
1007   16.227450000    1.450351000   -1.242382000
1008   -0.950000000   -1.205008000    1.536533000
1009    4.682367000    0.121538300   -0.374286800
1010   10.275780000    0.641078100    0.462361300
1011   -0.950000000   -1.612221000   -0.564828000
1012    0.512638800   -0.161654900    0.172400300
1013   -0.950000000   -1.969551000    0.367426300
1014   12.818570000    1.041083000   -0.295784200
1015   -0.387057100   -0.217992100   -0.174008000
1016    8.287123000    0.529261700    0.608534700
1017   -0.950000000   -1.143786000   -0.023580800
1018    3.104982000    0.316845500    0.552002600
1019   13.648060000    1.152816000    0.312505700
1020   -0.301399400   -0.397708000   -0.334664800
1021   -0.950000000   -1.104926000    1.728640000
1022    0.908080600    0.010060610    0.881961400
1023   13.204320000    0.587190500   -1.667487000
1024   11.144630000    0.649482500   -0.462737100
1025   -0.950000000   -0.454347000    0.253365900
1026    4.938901000    0.262322600   -0.131958400
1027   -0.950000000   -0.276584100    0.823057300
1028   15.134750000    1.940891000    1.022536000
1029   -0.950000000   -0.928410300    0.502252200
1030    4.859323000    0.342042100    0.997273500
1031    2.005547000    0.049759120   -0.556335300
1032   -0.950000000   -0.807650900    0.567034900
1033    6.292756000    0.878025700    1.738101000
1034    3.161722000    0.095103950    0.684486300
1035   18.056170000    0.945892400   -1.129569000
1036   10.413670000    0.979639600    0.061129330
1037   -0.950000000   -0.882938400    0.505268400
1038    0.984158600    0.186273200   -0.597118900
1039   -0.950000000   -0.945553300    0.824338700
1040   -0.950000000   -0.293846700   -0.578154500
1041   -0.950000000   -1.203433000    0.338746700
1042   -0.950000000   -0.874299900    0.255246700
1043    3.806941000    0.897574000    0.222471500
1044   -0.950000000   -0.697034300    0.142390100
1045   -0.950000000   -0.977625300   -1.124229000
1046   11.566650000    1.400521000    0.099948030
1047   -0.950000000   -0.470795000   -0.682900900
1048   -0.950000000   -0.172003500   -0.221613700
1049   -0.950000000   -0.769398800   -1.100700000
1050    6.150189000    0.575403100   -1.147597000
1051   -0.950000000   -0.232792000   -0.091069330
1052   -0.950000000   -0.605780800   -0.737378400
1053   -0.416083500    0.124552700    0.364009100
1054   -0.950000000   -0.959688800   -0.050463230
1055    8.931081000    1.108311000    1.765029000
1056   -0.950000000   -0.125035100    0.595549300
1057    1.368264000    0.231566200    0.553978600
1058   -0.950000000    0.087968720    1.322770000
1059   -0.950000000   -1.781522000    0.773241500
1060    9.271172000    0.996562700    1.892907000
1061   -0.950000000   -0.388106100   -1.144682000
1062   -0.950000000   -1.869555000   -1.035700000
1063   10.495950000    0.674331100   -1.680472000
1064   11.856260000    1.112290000   -0.896380500
1065   -0.950000000   -1.964882000    0.405765900
1066   19.694240000    1.522399000   -1.501101000
1067   -0.950000000   -0.466563800   -1.464732000
1068   -0.950000000   -1.512279000    0.583754900
1069   -0.159265800   -0.224929500   -1.047430000
1070    1.095267000    0.016433760    1.284048000
1071    2.412637000    0.200431800    0.955570200
1072   -0.950000000   -0.194095300    1.073564000
1073   -0.950000000   -0.982561600    1.644318000
1074   15.760370000    1.665424000    1.092344000
1075   -0.178200900   -0.381204400   -1.310630000
1076   -0.950000000   -0.222112200    0.054162590
1077   -0.300160700   -0.168850900   -0.851786900
1078    4.094620000    0.026557360   -0.359463600
1079    6.599823000    0.705996900    0.240787400
1080   18.138670000    1.692121000   -0.655462100
1081   16.071590000    1.350868000    0.188116900
1082   -0.950000000   -0.516167900    0.680028200
1083   11.813230000    1.344133000    0.277387300
1084   -0.140154300   -0.455262800   -0.794157200
1085    2.866227000    0.322041100    0.408811000
1086    3.175294000   -0.003356992   -0.907732700
1087   16.667340000    1.150276000   -0.496447700
1088   10.498220000    0.601229300   -0.493787200
1089    1.801146000   -0.120400200    0.105532500
1090   22.889920000    1.920586000    0.250275600
1091   -0.950000000   -0.641249900   -0.120322800
1092    7.993643000    0.657856000    0.243447400
1093   -0.950000000   -1.321682000    0.480669400
1094   -0.950000000   -0.800192200    0.607349100
1095   -0.247278800   -0.435602700   -0.089393340
1096   -0.950000000   -0.894577700    0.907341400
1097   -0.950000000   -1.179245000   -0.515388800
1098   -0.950000000   -1.395463000   -1.611355000
1099    7.656443000    1.150531000   -0.797229000
1100    3.821972000    1.275970000    0.483154500
1101   -0.950000000   -1.201600000    0.973623900
1102    3.263744000    0.733556200    1.082756000
1103   -0.950000000   -1.635763000    0.428126700
1104   -0.950000000   -0.852703200   -0.976169200
1105   -0.950000000   -0.573916900   -0.030146830
1106   -0.950000000   -0.677154200   -0.264519200
1107   -0.950000000   -0.622782800    0.065733650
1108   -0.950000000   -1.226683000   -1.633020000
1109   -0.950000000   -0.371240900    1.407241000
1110   -0.443724200    0.341298400   -0.000938610
1111   -0.950000000   -0.759944900   -0.443813100
1112   -0.950000000   -1.712914000   -0.321723900
1113   -0.950000000   -0.579415000    0.451228100
1114    0.282159700    0.283062100   -0.208767800
1115   -0.950000000   -1.242470000   -0.677019100
1116   -0.100102800    0.273563700    0.322533900
1117    5.537868000    0.742465300   -1.047526000
1118   -0.950000000   -0.470300500   -0.400207800
1119   -0.950000000   -0.730277700    0.041425440
1120   -0.950000000   -0.982924700    0.952806700
1121   -0.950000000   -0.362252200   -1.143729000
1122    3.507490000    0.754829100   -0.002692673
1123   -0.622448200    0.279343100    0.356997900
1124   -0.950000000   -0.206649300    0.144996900
1125   -0.950000000   -0.551133600   -0.837751100
1126    4.672236000    0.608247200    0.840710900
1127   15.835060000    1.171280000   -0.837374800
1128   -0.950000000   -0.990481400    0.896907600
1129   15.466610000    0.995398400   -0.563575100
1130   -0.950000000    0.287034500    1.125327000
1131   -0.950000000   -0.624431500   -0.250901700
1132   -0.950000000   -0.537309200    0.696194900
1133   22.922380000    1.689900000   -1.481705000
1134    7.921177000    0.658794800    1.017958000
1135   12.669320000    1.316382000    0.697035600
1136    2.082122000   -0.235282700   -0.605489300
1137    7.205624000    0.593671800    0.171110200
1138   20.888030000    0.963057800   -1.637284000
1139    5.818614000    0.254202900   -0.412760800
1140   20.829030000    1.881758000    0.343973700
1141   15.598660000    1.318989000    0.394865700
1142    9.994666000    0.989456800    0.336281500
1143   -0.950000000   -1.433391000    1.008724000
1144    4.292528000    1.122619000    1.208541000
1145   13.021260000    1.674564000    1.090070000
1146   -0.950000000   -0.205766600    0.243446900
1147    7.681866000    0.677011600   -0.225706900
1148    5.910885000    0.509335600   -1.512137000
1149   -0.950000000   -0.789249900    0.191148900
1150   -0.950000000   -0.173568600   -1.383147000
1151   -0.950000000   -1.686054000   -1.239494000
1152    1.173717000    0.138018500    0.584766500
1153   14.242250000    1.366601000   -0.945485900
1154   -0.950000000   -1.302982000   -0.661862700
1155   12.467010000    1.043029000   -1.484342000
1156    6.543363000    0.651714700   -0.035778050
1157    9.272047000    0.877697600    0.680588000
1158   -0.950000000    0.004381972    1.430430000
1159   -0.950000000   -1.740270000    0.064073890
1160   12.082190000    0.929324000    0.876344400
1161    0.073137890    0.097701260   -0.803195100
1162   10.868670000    1.175714000   -1.045328000
1163   -0.950000000   -1.492582000   -0.257026300
1164   -0.950000000   -0.260541800    0.284066600
1165   -0.950000000   -0.226332500   -0.305652600
1166   -0.950000000   -0.296725200   -0.716003800
1167   -0.950000000   -0.491801000   -0.770255500
1168   -0.950000000   -0.761826700   -1.040592000
1169    0.340529500    0.286968400    0.391830600
1170   -0.508181700    0.136967500    0.717791900
1171   -0.950000000   -0.139341300   -0.811992300
1172   -0.950000000   -0.698149200   -0.547720900
1173    3.861501000    0.885061900   -0.216353900
1174   -0.950000000   -1.177512000   -0.923305800
1175    1.570193000    0.816958500   -0.935022300
1176   -0.950000000    0.163357000   -0.225384200
1177   -0.950000000   -0.513710100   -1.815036000
1178   -0.950000000   -1.076281000   -0.011650640
1179   -0.950000000   -1.170123000    0.065849030
1180   -0.950000000   -0.279938400    0.868594900
1181   -0.950000000   -0.537679600   -0.867838400
1182    0.639695600    0.450332900   -0.987443000
1183    0.163904300    0.317121400   -0.614711400
1184   -0.950000000   -0.160617800   -0.856171800
1185   -0.950000000    0.325489600    0.386583900
1186   24.306550000    1.637577000   -0.095963020
1187    6.708655000    0.207583100   -1.237954000
1188   -0.950000000   -0.608333900    0.848160000
1189   -0.950000000   -0.374410900   -0.904572500
1190   -0.950000000   -0.770324100   -0.003850280
1191   -0.950000000   -0.626126800    0.577921300
1192   -0.950000000   -0.478836300    0.162873300
1193    3.528744000    0.621034300    0.258430400
1194    4.161367000    0.452221500    0.718164300
1195   10.005340000    0.672026800   -0.278250200
1196    0.885658400   -0.064939190   -0.486602100
1197   16.670910000    1.826092000    0.329921800
1198   -0.950000000   -0.995775900   -0.995320500
1199   11.299580000    1.360042000   -0.231649800
1200   -0.950000000   -0.920568800    1.099896000
1201    6.591150000    0.333549000    0.132994300
1202   -0.950000000   -1.548803000    0.729375800
1203    4.863718000    0.661391500    1.118084000
1204   -0.950000000   -0.875282400   -0.722557900
1205    0.665177000   -0.044638280   -0.191270000
1206    6.265151000    0.873851700    0.441773200
1207   -0.950000000   -0.586771400    0.490436900
1208    7.430503000    0.678998800   -1.065620000
1209   -0.950000000   -0.679090600   -0.465513300
1210   -0.950000000   -0.233303000    0.086130590
1211   -0.950000000   -1.047552000   -0.983776200
1212    0.554066300   -0.030399450   -0.399845600
1213    8.971742000    1.397715000    0.672815700
1214   12.839150000    0.983467700   -0.665623300
1215    8.825989000    0.884516000    0.746399200
1216   20.643080000    1.477849000    0.129874700
1217    6.583461000    0.209958100   -1.037851000
1218   25.176780000    1.889185000    0.525457100
1219   10.390590000    0.689145600   -0.330078900
1220   16.245620000    0.959551400    1.476826000
1221    4.733103000    0.015999610    0.049989390
1222    3.976510000   -0.124433400    0.330524600
1223   -0.950000000   -1.071374000   -0.870469700
1224   -0.950000000   -1.023066000   -0.799056900
1225    5.573726000    0.200661300    0.191696700
1226   12.393880000    1.072966000    0.211845400
1227    1.385451000   -0.219384400    0.626784300
1228   -0.950000000   -0.287889500    1.038343000
1229    1.141676000   -0.166643900    0.409068200
1230    7.065256000    0.383145600    0.072326550
1231   -0.950000000   -1.259219000    1.176820000
1232    9.961762000    1.434982000    0.962670100
1233   -0.950000000   -1.080195000    0.889352900
1234   11.982290000    1.179389000   -1.199693000
1235   -0.950000000   -0.803735400    1.468069000
1236   18.252290000    1.645473000   -1.035459000
1237    0.761127100    0.052649660    0.390410800
1238   -0.950000000   -0.015260730    0.345465900
1239   -0.950000000   -0.973002700   -0.377202300
1240   -0.950000000   -0.994342000   -0.424957800
1241   -0.950000000   -0.473920400   -0.758661200
1242    7.144521000    0.622970800   -0.163967600
1243   -0.950000000   -1.253066000   -1.026671000
1244    1.360809000    0.142935000   -0.237252000
1245    4.018113000    0.307836600   -0.789306000
1246   -0.950000000   -0.403697800    0.463659400
1247   -0.950000000   -0.947842300    0.632838800
1248   -0.950000000   -0.097207620   -0.657697900
1249   -0.950000000   -0.412348600   -1.599993000
1250   -0.950000000   -0.769688400    0.422124100
1251   -0.950000000   -0.861490300   -1.961619000
1252   -0.412939200    0.299640700   -0.694907000
1253   -0.950000000    0.193438200    1.144693000
1254   12.373350000    1.600001000   -0.501414400
1255   -0.950000000   -1.096510000    1.801646000
1256   -0.950000000   -0.337079700    0.606076600
1257   -0.950000000   -0.395875200    1.046861000
1258   -0.950000000   -0.381861300   -0.249394500
1259   -0.950000000   -1.299752000    0.069151030
1260    5.983869000    0.682966700   -0.372986200
1261   -0.950000000   -0.506927200   -0.243619900
1262   -0.950000000   -0.831653600    1.486155000
1263   -0.950000000   -0.893902500   -0.905710300
1264   -0.950000000   -0.973632700   -1.019651000
1265    2.631541000    0.381725100    0.036624920
1266   -0.950000000   -0.282173400    1.250558000
1267   -0.950000000   -1.521354000    0.066064760
1268   14.213350000    1.295705000   -0.464896900
1269   -0.950000000   -1.537070000    0.122243300
1270    0.889264600    0.729816900    0.914971600
1271    0.127401300    0.284075100    0.590433800
1272   -0.198316400    0.262783900    0.589141600
1273   -0.950000000   -0.642810300    0.058466780
1274    5.082209000    0.690564600    0.090772830
1275   -0.950000000   -1.172047000    1.439717000
1276   11.815300000    0.828466600   -0.444473500
1277   -0.950000000   -0.955065100    0.034380280
1278   -0.950000000   -0.796180300    1.551656000
1279    2.825673000   -0.106586700   -1.200504000
1280   -0.950000000   -1.352737000   -0.434533700
1281    9.634660000    1.172929000    0.960395300
1282   -0.950000000   -0.300713600    0.292630400
1283    9.346973000    0.702316500    0.203309800
1284   17.500830000    1.646969000    1.983670000
1285    7.262161000    0.492212800    0.385981000
1286   -0.950000000   -0.382106800    1.694670000
1287    8.788308000    0.556991400    0.246669200
1288   13.169620000    0.865777400   -0.027148070
1289   -0.950000000   -0.476685000    0.945830000
1290    6.945130000    0.565528800   -0.804725500
1291    8.967086000    0.443901300   -0.681488900
1292   -0.950000000   -0.728364600    0.404938700
1293   14.217510000    1.075271000   -0.722518300
1294   12.221560000    1.044921000    0.360936500
1295   -0.950000000   -0.264037300    0.935306900
1296   -0.950000000   -0.393632900    0.096146520
1297   11.478950000    0.570461000   -1.311103000
1298   -0.950000000   -1.682681000   -1.453914000
1299   11.506100000    1.355531000    0.210647200
1300   -0.950000000   -0.039709420    1.897837000
1301    9.134297000    0.386029600    0.403984300
1302   -0.950000000   -1.940074000    0.371000700
1303   -0.950000000   -0.994458900    0.555752800
1304    1.781070000    0.060654960   -0.294582300
1305   -0.834138400   -0.146267900    1.764571000
1306   10.576260000    0.724788400   -0.185439000
1307    8.969253000    0.432955400   -0.450262100
1308    8.700016000    0.431696300   -0.593961800
1309   10.063710000    0.760753700    1.113604000
1310    1.193741000   -0.285762100    0.281145200
1311   -0.546031900   -0.553429500   -1.205680000
1312   14.507220000    1.223066000    0.162983900
1313    8.885813000    0.379182600   -1.171839000
1314   19.319530000    1.624594000   -0.408450400
1315   -0.950000000   -0.314784100    0.643304500
1316    3.370552000   -0.092169030    0.812585200
1317    7.081999000    0.481894400   -1.021541000
1318    7.001967000    0.521555600    0.654833100
1319   18.278500000    1.155824000   -0.087150140
1320   14.010120000    0.911933700   -1.492314000
1321    4.204506000    0.063355320    0.608683800
1322    3.739453000    0.776799900    1.459759000
1323    8.494903000    0.474823800   -0.335448900
1324   -0.950000000   -1.132912000   -0.028446390
1325   -0.950000000   -0.483516300    0.999940800
1326    0.890597400   -0.148838900    0.327899900
1327   12.114300000    1.450703000    1.327898000
1328   -0.950000000   -0.850292400    1.377542000
1329   11.387830000    0.620071700   -1.151238000
1330   14.136900000    1.234597000   -0.211227000
1331   -0.950000000    0.036868160    1.296557000
1332   -0.950000000   -0.787128500   -0.180020300
1333    4.647357000    0.266947800    0.328782700
1334    4.853169000    0.053656360   -1.393919000
1335   13.110610000    0.695464400   -1.735213000
1336   -0.950000000   -1.250413000    0.546438000
1337   12.108920000    1.111933000    0.952442700
1338   13.790860000    1.298861000    0.120419800
1339   -0.950000000   -0.636875500   -0.417999900
1340   10.477290000    1.013168000    0.927765200
1341   19.388220000    1.510085000   -0.353699500
1342   -0.950000000   -0.095522640    0.925308800
1343   10.937980000    0.886234800    0.260608200
1344   -0.950000000   -0.601407900    0.805060200
1345   18.133270000    1.359516000   -1.127615000
1346   13.441890000    0.970903600    0.257793500
1347   -0.757052600   -0.637814800    0.221018300
1348   10.298140000    0.465811100   -0.980596300
1349    9.239743000    0.406737500   -0.357880300
1350    9.910112000    0.683789600   -0.602595700
1351   -0.950000000   -1.974569000    0.224378800
1352   -0.950000000   -0.387882400   -0.433514400
1353   14.801210000    1.843222000   -0.156144100
1354   -0.950000000   -0.700192300   -0.154353300
1355    0.065749150    0.190070200    0.352353700
1356    3.726243000    0.271158900    1.690303000
1357   -0.950000000   -1.740649000    0.130143700
1358   -0.950000000   -1.153845000   -0.583788700
1359   -0.950000000   -0.658076000   -0.080397860
1360   -0.950000000   -1.146117000    1.663965000
1361    3.759282000    0.574281400    0.416988100
1362    3.323730000   -0.255927700   -1.839199000
1363   16.108230000    1.604140000   -0.105765100
1364   -0.950000000   -1.819535000    1.845517000
1365   -0.950000000   -0.482103600    1.264528000
1366    7.132381000    0.751881300    0.975679900
1367   13.698690000    0.792205700    0.812384200
1368   20.420480000    1.458475000   -0.420349300
1369   14.195780000    1.410267000    1.121084000
1370   12.741860000    0.675171200    0.412967100
1371    1.991891000   -0.366391100    0.293631400
1372   24.016180000    0.955395500   -1.578736000
1373    9.179223000    0.385691900    0.671338200
1374   11.028880000    0.755724900    0.959690200
1375   10.907430000    0.351534100   -0.253214500
1376    4.194268000   -0.207220700    0.429042000
1377    2.995027000   -0.691613300   -1.393890000
1378    9.988405000    0.479063400   -0.673484300
1379    7.578874000    0.120668000    1.641202000
1380   13.000130000    0.651496200   -0.451374200
1381   -0.950000000   -0.928107200    0.328627400
1382   -0.358946300    0.331214700    1.681470000
1383   -0.950000000   -0.677373500    1.193365000
1384   -0.950000000   -1.133420000    1.580503000
1385   -0.950000000   -0.199613200   -0.354779400
1386   -0.950000000   -0.629572300    0.429787100
1387   -0.950000000   -0.451645500   -0.051877180
1388    3.657664000    0.966369800    0.630673700
1389   -0.950000000   -0.373688500    0.729259300
1390   -0.950000000   -1.483945000   -0.487686800
1391   -0.950000000   -1.091085000    1.428365000
1392   -0.950000000   -1.717800000   -0.600584500
1393   -0.950000000   -1.340466000   -0.079356100
1394   -0.950000000    0.099538170    0.860976000
1395   -0.950000000   -1.394296000    0.539443100
1396    3.489615000    0.049987900    1.003814000
1397    0.834077700   -0.212206600   -1.322991000
1398    8.218520000    0.759323100    0.023093940
1399    8.951047000    0.506140200   -0.949625500
1400   10.319590000    0.529283200   -1.431858000
1401   -0.950000000   -0.435245300   -0.142456400
1402    6.938912000    0.655665600    0.698850900
1403    2.660695000    0.201090900   -0.043865930
1404   -0.160284200   -0.177801200    0.168391200
1405    0.869096700   -0.258145500   -0.924192400
1406   -0.950000000   -1.781601000    1.178301000
1407    0.105301000    0.075401110    0.741595700
1408   15.055340000    1.215287000   -0.587096300
1409   -0.950000000   -1.123197000    1.559764000
1410    2.233628000   -0.035677980   -0.750557000
1411   14.731430000    1.227536000   -0.557548800
1412   -0.950000000   -0.795297200    0.598145800
1413   -0.950000000    0.123808800    0.094113030
1414   -0.950000000   -1.823426000    0.393455300
1415    2.570618000    0.668232600   -0.163218000
1416    1.979734000    0.558635800   -0.808072400
1417   -0.950000000   -0.245084400   -0.289145800
1418   -0.950000000   -1.105906000   -0.206575000
1419    5.494107000    0.508706400   -0.791397300
1420   -0.950000000   -1.281894000   -1.903577000
1421   -0.950000000   -0.050905100   -0.625506100
1422   -0.950000000   -0.111176500   -0.463447400
1423   -0.950000000   -0.867336200    0.167668800
1424    8.520479000    1.831202000    0.171225100
1425    9.050665000    1.158140000   -0.786425300
1426    9.046666000    0.695229700   -0.032151270
1427    3.326435000   -0.061192700   -1.020435000
1428    6.057456000    0.174889100   -1.458987000
1429    5.594090000    0.417807700   -0.580552400
1430   -0.950000000   -0.402678800    0.511400500
1431    6.322959000    0.276758300   -0.209281700
1432   -0.950000000   -0.718853100    0.691292200
1433    6.507589000    0.365939700   -0.558816100
1434    5.290382000    0.363341900   -0.134759500
1435    7.174979000    0.339906800   -0.634392900
1436    2.843585000    0.550532900    0.817965300
1437    9.977536000    0.785519500    0.644416600
1438   -0.950000000   -0.725603300   -0.503238600
1439   24.624410000    1.712010000    0.629719400
1440    5.279583000    0.520901600   -0.306249200
1441   -0.950000000   -1.062467000    1.463198000
1442    4.785237000    0.356329400   -0.070723320
1443   -0.950000000   -0.917675900   -0.367641800
1444   -0.950000000   -1.710223000    0.440665200
1445    8.761418000    0.985525500   -1.418978000
1446    8.890565000    0.705366500    0.232631100
1447    1.057304000    0.482948700    1.350136000
1448   -0.950000000   -1.226872000    1.355100000
1449    5.728610000    0.372133900   -0.563902400
1450    5.083611000    0.233953700   -0.463752800
1451    8.708068000    0.596917600   -0.820059200
1452   -0.950000000   -0.209600700    1.027560000
1453    0.398365100   -0.109058600   -1.493766000
1454   -0.950000000   -1.005504000   -1.315195000
1455   19.370410000    1.641164000    0.612816600
1456   -0.950000000   -0.899062800    0.353883600
1457   -0.950000000   -1.120637000   -1.977103000
1458    3.302339000   -0.091667730   -1.710981000
1459    9.645948000    1.091758000    0.720879400
1460    2.667181000    0.155281900    0.269029100
1461   -0.950000000   -0.563427300    0.034310050
1462   -0.950000000    0.065981070    0.373057100
1463   -0.950000000   -0.819910600    1.147230000
1464   -0.010691130    0.068870430   -0.231445200
1465    3.559614000    0.229331700   -1.409735000
1466    9.649082000    0.775169200   -0.774456200
1467    1.693098000    0.107487000    0.714314400
1468   13.299360000    1.069645000   -0.721509700
1469   -0.950000000   -0.450259300    1.137724000
1470   -0.950000000   -0.596362400    1.176026000
1471   12.964390000    0.872668700   -1.355122000
1472   10.045020000    0.646483900    0.740976500
1473    8.523989000    0.343360400   -0.178149400
1474    6.286678000    0.712975800    0.626122900
1475    1.939807000   -0.450175500    1.996827000
1476   11.820640000    0.762355600    0.201681400
1477    1.364533000   -0.085806390    0.512057100
1478    7.738226000    0.395233000   -0.020662560
1479    2.133310000    0.900707300    1.408535000
1480   -0.950000000   -0.966944000    0.167435400
1481    0.544910300   -0.266733300   -0.128104100
1482    2.033040000   -0.283529500   -0.847313500
1483   -0.950000000   -0.834312300    0.276105800
1484    6.322363000    0.322140000    0.377947200
1485   -0.950000000   -0.781533000    1.060118000
1486   11.379400000    1.502993000   -0.531636100
1487   20.816840000    1.645721000   -0.339984500
1488   -0.950000000   -0.187007400    0.792618100
1489    8.202049000    1.175436000    0.393094500
1490   -0.950000000   -0.247628500   -1.400355000
1491   -0.950000000   -1.813237000   -0.872943800
1492    3.244260000    0.656837100    1.033233000
1493   -0.950000000   -0.461742600   -0.148066100
1494    8.496918000    0.794361700   -1.384658000
1495    1.386756000    0.516817500    0.687069300
1496   -0.950000000    0.017316260   -0.219727500
1497   -0.950000000   -0.844213000   -0.447775500
1498   -0.950000000   -1.550413000   -1.131633000
1499   -0.950000000   -0.813395300   -0.250884700
1500    4.177270000    0.670832400   -0.562108200
