*y  x1  x2
   1    4.835119000    0.398058200   -0.321627600
   2   -0.950000000   -1.164734000   -0.124119200
   3   -0.950000000   -0.200889200    0.136737000
   4    0.993306500    0.075484790   -0.427283300
   5    2.429274000    0.197798700    0.304338600
   6    7.747434000    0.687344100   -0.634554900
   7   -0.950000000   -1.056562000   -0.713568700
   8   -0.950000000   -1.101644000    0.541189900
   9   -0.950000000   -0.231546200    0.427649100
  10   -0.950000000   -0.205169400    1.352843000
  11   -0.381631500   -0.098239220   -0.794603900
  12    0.761313600    0.200929800    0.619059300
  13   15.548880000    1.271417000   -0.243777300
  14   -0.950000000   -0.515471400    0.833545100
  15   -0.950000000   -0.980325400    0.022152020
  16    1.858795000    0.163447200    0.800661800
  17   17.673160000    1.363994000    0.258674800
  18   -0.950000000   -0.417577600   -1.130981000
  19   18.289940000    1.496074000   -0.312773300
  20   -0.950000000   -0.202803800    0.468701900
  21    1.321218000   -0.062745020   -0.687864000
  22   -0.950000000   -0.611715800    0.337174900
  23   -0.149253700    0.021689110    0.608097700
  24    3.748448000    0.216840700   -0.282803900
  25   -0.950000000   -0.803451700    0.354622200
  26   -0.950000000   -0.848212400   -0.642824000
  27   -0.950000000   -0.797454300   -0.459972400
  28   16.029350000    1.584568000   -0.594661100
  29    2.522414000    0.125243400    0.238885100
  30    4.692414000    0.030897760   -0.688862800
  31   -0.950000000    0.249439900   -0.054281160
  32    6.865998000    0.562238100   -1.697876000
  33   -0.950000000   -0.599222700   -0.102627400
  34   -0.950000000   -0.686273300   -0.003179827
  35   -0.950000000   -0.877834500    0.294159900
  36    9.696142000    0.411587300   -1.774291000
  37   -0.950000000   -0.906175600    0.506213700
  38   -0.950000000   -0.510975100    0.311061500
  39   -0.950000000    0.103357400   -0.274893900
  40   -0.950000000   -0.787817900   -0.580583500
  41   -0.950000000    0.101398600    1.465396000
  42   13.623620000    1.592306000   -1.634036000
  43    1.886321000    0.634415500    0.488587600
  44   -0.950000000    0.592598600    1.999391000
  45    6.876055000    0.763713100    0.140319800
  46    6.398434000    0.282349700   -0.391847600
  47   12.519320000    0.391176200   -1.349167000
  48   -0.169701300   -0.447031200   -0.714594300
  49   23.115890000    1.391344000   -0.938028400
  50   -0.950000000   -0.941665800    1.501707000
  51   18.875450000    1.347685000   -1.019441000
  52   12.742580000    1.152073000    0.001734540
  53   12.619720000    0.658568200   -0.800469900
  54   14.491010000    0.788801600    0.828428500
  55   16.412160000    0.834503400   -0.417174200
  56    5.645104000   -0.071109570   -1.189351000
  57   -0.950000000    0.087248710    1.569286000
  58    0.700330800   -0.307575200    0.552648500
  59    0.506879700   -0.207127800    0.446964700
  60    7.503109000    0.495873800    1.812356000
  61   -0.950000000    0.925633500    1.566440000
  62   -0.950000000   -1.540877000    0.128052600
  63   -0.950000000   -0.125796400   -0.271799400
  64   -0.950000000   -0.224619400    0.308449800
  65   -0.950000000   -0.424176700   -0.567605300
  66   -0.950000000   -1.498472000    0.200664500
  67   -0.950000000   -1.813794000   -0.340095600
  68   -0.950000000   -0.532974300   -0.009829337
  69   -0.950000000    0.002393469    0.631830700
  70   -0.950000000   -0.208837200   -1.119768000
  71   -0.950000000   -1.714823000    0.533043200
  72    3.450988000    0.356957200    0.512414300
  73    0.853315500    0.750740500    0.908466900
  74   -0.950000000   -1.124657000   -0.758818300
  75    8.027353000    0.847665900   -0.206112300
  76    9.106456000    0.842703000   -0.972949900
  77   -0.950000000   -0.510337400   -0.664977000
  78   -0.950000000   -0.460439100   -0.522387100
  79   -0.950000000   -1.336131000   -0.017713480
  80   -0.950000000   -0.205165000    0.641683200
  81   -0.950000000   -0.400383300   -0.493834000
  82   -0.950000000   -0.785233800    0.530112600
  83    0.555443900   -0.050210590   -0.865115200
  84   -0.950000000   -1.204317000   -1.974226000
  85   -0.950000000   -0.306833500    0.660762800
  86    0.583098600    0.300229700    0.708451400
  87    1.150589000    0.153756800    0.039230290
  88   16.174250000    1.600883000   -1.076890000
  89    1.498131000    0.122527400   -0.369128300
  90    7.136669000    1.005629000    0.648693000
  91    6.914544000    0.580200600    0.575335500
  92   -0.950000000   -1.940119000    1.259319000
  93   -0.950000000    0.003637485    1.959099000
  94    2.070193000    0.660433100    0.833276900
  95   -0.950000000   -0.247765500   -0.638840500
  96   -0.950000000   -0.134544500    1.174387000
  97   -0.950000000    0.053535740    0.400897200
  98   12.657290000    1.420527000   -0.108269300
  99   -0.164774000   -0.109243900    0.029186290
 100   -0.950000000   -1.034542000    0.319965600
 101    6.041872000    0.399899400   -1.303132000
 102   -0.950000000   -1.704367000   -0.144312800
 103   -0.950000000   -1.137168000   -0.023648050
 104    6.603411000    0.370198400   -1.449138000
 105   -0.950000000   -0.177371400   -0.417900100
 106    9.650590000    0.602889000    1.298813000
 107   -0.950000000   -1.879009000    0.993872200
 108    8.144329000    0.714193700    0.066534810
 109    0.105263700   -0.229036100   -0.629159000
 110    2.039628000    0.324340400    0.499000400
 111   11.172430000    0.854151300   -0.008331541
 112   -0.950000000   -0.576614800   -0.307504800
 113   -0.950000000    0.079726220    1.536817000
 114   -0.950000000   -0.289856700   -0.511652700
 115   10.509680000    0.674450500   -0.744212600
 116    3.423754000    0.090633630   -0.803925200
 117   -0.950000000   -0.630771600    0.814764800
 118   -0.950000000   -0.593512900    0.500354600
 119   -0.950000000   -1.701014000   -0.316473800
 120   -0.229926500   -0.157334000    0.660982800
 121   15.849230000    0.918643000   -0.933926000
 122    9.635326000    0.355998800   -1.263869000
 123   12.444920000    0.864788600   -0.186499800
 124   -0.950000000   -1.326662000    0.877847800
 125   21.590360000    1.381169000    0.253888900
 126    2.211005000   -0.225666000   -0.248659800
 127   11.813800000    0.549984900   -0.531944100
 128   12.523400000    0.691134300    1.135188000
 129    9.302562000    0.521967600    0.918127500
 130    2.267867000   -0.161666300   -0.064872890
 131    8.767352000    0.728031000    1.652345000
 132    8.669960000    0.132047100   -1.591768000
 133   -0.950000000   -1.080561000   -1.459546000
 134   11.303420000    1.163296000    0.799684500
 135   24.132410000    1.942894000    0.152539400
 136   -0.275307100   -0.258809500   -0.290641900
 137   15.998910000    1.016089000    1.468335000
 138    6.204237000    0.386349200   -0.424949900
 139    6.617760000    0.126433100   -1.314692000
 140   16.056470000    0.827708300   -0.518838500
 141   -0.950000000   -0.999981900    1.643344000
 142   10.580730000    0.841548900   -1.030524000
 143    9.803790000    0.772041400   -0.361527300
 144    5.906905000    0.154716800   -0.479866400
 145    5.952433000    0.277171600   -0.483136400
 146    1.105749000   -0.182829300   -0.419601500
 147    5.517995000    0.320059600    0.082913300
 148   14.944260000    1.080501000    0.344851700
 149    4.418566000   -0.146654500   -1.354940000
 150    6.790998000    0.423294900    1.430331000
 151   -0.950000000    0.724807200    1.111331000
 152   -0.950000000   -1.508312000   -0.694982500
 153   -0.950000000   -0.184361600   -0.930170600
 154   -0.950000000   -0.488666300   -0.628644600
 155   -0.950000000   -0.129569400   -1.045826000
 156    0.491197200    0.199179300   -1.250877000
 157   -0.950000000   -0.449199300   -1.062273000
 158    8.619644000    0.974839700   -0.953966900
 159   -0.470763700   -0.119939800   -1.683812000
 160   -0.071280190    0.129700900   -1.454742000
 161   -0.950000000   -0.299970800    0.098319550
 162    2.318782000    0.672111200    0.173361100
 163    2.983699000    0.853741400   -0.121902900
 164   -0.950000000   -0.907670900    1.708349000
 165   10.387290000    1.165774000   -0.899711200
 166   -0.950000000   -1.794187000    0.348753500
 167    5.906649000    0.348835800    1.715915000
 168    0.173947600   -0.468364100   -0.534638200
 169    7.975947000    0.790546400    1.070005000
 170   10.060260000    0.563916500    0.287099100
 171   11.599830000    0.481024700   -0.433641700
 172   19.955190000    1.758192000    0.213579700
 173   -0.950000000   -0.413318800    0.324934300
 174   11.972150000    1.503691000    1.069541000
 175   13.314570000    1.351274000   -0.503982900
 176   -0.950000000   -0.802060200    0.441088500
 177   -0.950000000   -0.913652900   -1.039429000
 178   -0.950000000   -0.955007700    1.341909000
 179    1.587118000   -0.215327200   -0.412393600
 180   -0.950000000   -0.316680900    0.302329500
 181   -0.950000000   -0.247602100    0.205093600
 182   -0.950000000   -0.264282500   -1.876929000
 183   -0.479624200   -0.025881850   -0.700540900
 184   -0.950000000   -1.170047000   -0.238029100
 185    3.785690000    0.595456600   -0.318164400
 186   -0.950000000   -0.256950700   -0.786742100
 187   -0.950000000   -0.918980000    0.404203800
 188   13.696700000    1.675513000   -1.158069000
 189   -0.950000000   -0.284281500   -1.495230000
 190    9.551524000    1.018072000   -0.618017700
 191    4.816867000    0.889855100   -0.127976600
 192   -0.950000000   -1.348633000   -0.180572500
 193    6.391264000    0.900536800   -1.194053000
 194   -0.950000000   -0.095598930   -0.908011800
 195   -0.950000000    0.350116700    0.394896000
 196   -0.950000000   -1.063251000   -0.725877900
 197   -0.950000000   -1.146466000    0.027266280
 198   -0.950000000   -0.507066900   -1.154657000
 199   11.412220000    0.846707900    0.839322700
 200   -0.950000000   -1.265389000    0.613765400
 201   -0.950000000   -1.344272000    0.402022500
 202    3.209533000    0.084699970    0.681575000
 203   -0.230242500   -0.282576700   -0.588572900
 204   -0.423722400   -0.327902900    0.289249400
 205   18.861750000    1.805479000    0.416706800
 206    8.515923000    0.724585000   -0.211882200
 207   15.947840000    1.306784000    0.498017600
 208    7.134727000    0.525592500   -0.252953600
 209   -0.950000000   -0.189104800    0.863003400
 210   15.147020000    1.769383000    0.853621000
 211   14.340360000    0.933575800    1.272033000
 212   15.407730000    1.285321000    1.123617000
 213   -0.950000000   -1.119267000   -0.948210800
 214    3.477642000   -0.448856300   -1.006314000
 215   10.422910000   -0.156782300    1.521609000
 216   11.288490000    0.923766900    0.880891400
 217    6.198668000    0.023019370   -0.431808500
 218   13.396400000    0.755468700   -0.179548300
 219    5.030984000   -0.396042300   -1.431565000
 220    7.480816000    0.321300000    1.135432000
 221   10.442050000    0.297777900   -0.213124900
 222    4.042322000   -0.313726600   -0.072152880
 223   23.196650000    1.569722000   -0.165232500
 224    1.046520000    0.108778600    1.771006000
 225   26.322250000    1.547377000    0.822398500
 226   12.411810000    1.486236000    0.965338300
 227   11.701030000    1.222945000    0.262680200
 228    0.114510700   -0.380322900   -0.328420800
 229    7.721297000    1.043863000    1.387999000
 230   13.337730000    0.985651700    0.241772900
 231    9.685338000    0.034886560   -1.866965000
 232    1.698908000   -0.111376000    0.133215200
 233   -0.950000000   -0.808516500   -1.233690000
 234   20.476490000    1.280898000   -0.634531800
 235   -0.950000000   -0.637594700    0.746766200
 236    0.417683400   -0.321397300   -0.218391600
 237    5.091106000    0.047230640   -1.032938000
 238   17.561850000    1.881927000    1.010322000
 239   -0.950000000   -1.968786000    0.486500100
 240    3.787868000    0.519791300    0.729444500
 241    7.185299000    0.509971800   -0.419491400
 242   25.197310000    1.780766000   -0.913442300
 243   -0.950000000   -0.478694200   -0.174651900
 244   17.625040000    1.104243000   -1.271056000
 245    2.246671000    0.278357400    0.478302200
 246   -0.950000000   -1.168198000    1.304295000
 247   -0.950000000   -0.174149500    1.399751000
 248   -0.950000000   -0.616769600    1.283056000
 249    2.330556000    0.341200100    0.518819200
 250   18.328730000    1.178485000    0.543858200
 251   10.129670000    0.665246000    0.467722800
 252    0.688262900   -0.425968200    1.023810000
 253   -0.950000000   -0.862700300   -0.750616400
 254   -0.950000000   -1.134543000   -0.081247510
 255    2.959882000    0.044842180    0.409905100
 256   -0.950000000   -1.740876000    0.452989700
 257   -0.950000000   -0.620602800   -0.953643000
 258   13.748030000    1.614947000   -1.265660000
 259   -0.950000000   -0.642647500   -0.183123300
 260   -0.737525300    0.033984900   -0.292231100
 261    6.632406000    0.692526900    0.047024150
 262   -0.950000000    0.492722500    0.905332800
 263   21.601650000    1.870647000    1.334380000
 264   -0.194219600   -0.207560100   -1.572485000
 265   19.590470000    1.495406000   -0.804300500
 266   -0.950000000   -0.326277900   -0.376950600
 267   -0.950000000   -0.545804400    0.512341100
 268   -0.950000000   -0.463096500   -0.540558700
 269    9.519338000    0.990107600   -0.137167800
 270   -0.950000000   -0.550455100    0.401621400
 271   -0.950000000   -1.608410000    1.114467000
 272   -0.950000000   -0.399721500   -0.332005400
 273   -0.950000000   -0.793399600    0.467325600
 274    8.039331000    0.629983900   -0.128291200
 275    1.651778000   -0.119214100   -0.627590800
 276    9.728335000    0.736069900    0.676548800
 277   -0.006414105   -0.269077500   -0.509569600
 278   -0.950000000    0.007069607    1.788489000
 279   -0.950000000   -0.104835700    0.822984300
 280   -0.950000000   -0.303828200    0.169298300
 281    7.137970000    0.498059700   -1.041897000
 282   -0.721678100    0.082042220    0.531536300
 283    6.459026000    0.430153800   -0.941153600
 284   -0.950000000   -1.408379000    0.088864920
 285   12.064260000    1.834338000   -0.223114600
 286    9.018560000    0.947041800    0.020901510
 287    1.019081000    0.199733600   -0.222802400
 288   -0.950000000   -0.866482900    0.787126700
 289    0.188378300    0.282637700    1.509496000
 290   11.804990000    1.048829000    0.540507200
 291   11.735360000    1.274301000    0.217613500
 292    2.122958000    0.025311990   -0.961913000
 293   -0.950000000   -0.747445900   -1.177489000
 294   -0.950000000   -0.655108000   -1.603448000
 295   11.827500000    1.032827000   -0.320782500
 296   -0.950000000   -0.128325100    0.856125500
 297   -0.950000000    0.031964600    1.077967000
 298   -0.950000000   -1.658179000   -0.607030300
 299   -0.950000000   -0.926941000    0.150177500
 300    9.195562000    0.973215800    0.448022000
 301   -0.950000000   -1.162176000   -0.156651100
 302   19.591050000    1.525189000    0.976181900
 303    0.987013100   -0.267153300    1.200114000
 304   21.360170000    1.825921000    0.833548700
 305    2.975709000   -0.130303100    0.190749700
 306   10.114000000    1.119844000    0.557741500
 307   -0.950000000   -0.722939700    1.261346000
 308    3.636875000   -0.091946860   -0.316727100
 309   -0.950000000   -0.428613600    0.828658500
 310   -0.950000000   -1.954612000    0.603812000
 311   -0.950000000   -0.364193700    0.668572900
 312    6.337756000    0.286477300   -0.070661460
 313    5.803585000    0.220541600    0.088954280
 314   19.351840000    1.618747000   -0.952546100
 315    3.349580000   -0.065801520   -0.198372300
 316    4.764922000    0.218448900   -0.168088900
 317    4.483243000    0.040293580   -0.026385410
 318    7.477009000    0.269000800   -0.445833300
 319   11.122850000    1.516531000    1.736235000
 320   -0.950000000   -0.944854000   -0.027757370
 321    3.781028000    0.072517140    0.047980690
 322    2.649508000   -0.237179300   -1.254581000
 323    3.317364000    0.675812600    0.787068000
 324   19.640290000    1.157375000   -0.921308600
 325    2.038248000    0.045830260    0.624238600
 326   -0.053505360   -0.046816560    1.582163000
 327    1.130765000   -0.207205700    0.074448940
 328    1.472701000   -0.038729450    0.654079300
 329   -0.950000000   -0.858778200   -0.103578200
 330   11.891390000    0.641135900   -0.790023900
 331   20.110770000    1.340009000   -0.348804500
 332    2.683892000   -0.168167300   -0.653456400
 333   14.355460000    1.229507000   -1.369055000
 334    9.876093000    0.458780900   -1.640388000
 335   10.376280000    0.658085900    0.113455000
 336    8.193632000    0.446231500    0.495966800
 337   -0.950000000   -0.962166000    0.530381100
 338    4.455195000    0.269536800   -0.397791000
 339   12.126560000    0.794224000   -0.445531900
 340   -0.950000000   -0.191413400    1.814197000
 341    0.777764100   -0.067260770    0.889268300
 342   11.163620000    0.708377000   -0.713475700
 343   -0.950000000   -1.017736000    1.740370000
 344    4.623440000    0.407650700    0.670236700
 345    1.871514000   -0.056154160    0.790172400
 346   -0.950000000   -0.293744500   -0.325531400
 347   -0.950000000   -0.592623700    0.191979800
 348   -0.950000000   -0.077303230    1.495072000
 349    3.323536000    0.114767500   -0.502908000
 350   -0.950000000   -0.762567100   -0.853049800
 351   14.242100000    1.783504000   -0.238200600
 352    6.408954000    0.924215000    0.033974690
 353   15.057740000    1.030547000   -0.524961700
 354   12.077670000    1.410847000   -0.141811900
 355    0.707942800   -0.102484500   -0.794755800
 356   -0.950000000   -1.035076000    0.170792700
 357   -0.950000000   -1.929633000   -1.364589000
 358   -0.950000000   -0.564993200    0.524261500
 359    1.382764000    0.293962900    0.347539900
 360   -0.950000000   -0.735745100    0.457738600
 361   12.924360000    0.954541000   -0.894344700
 362   -0.950000000   -0.969501200    0.179144100
 363    3.136815000    0.305911800   -0.045706950
 364   -0.950000000   -1.460955000    0.508794600
 365    4.524383000    0.634153200    0.011756810
 366    0.888826800   -0.035370840   -1.067814000
 367   15.793580000    1.513824000   -0.018104080
 368   -0.950000000   -0.713135300   -0.296819800
 369   12.966310000    0.931843600    0.079718150
 370    6.697152000    1.207136000    1.282294000
 371   -0.950000000   -0.294488600    0.021828270
 372   -0.950000000   -0.926096600   -1.929791000
 373   -0.950000000   -1.566319000   -0.124669800
 374   -0.950000000   -0.339186200    1.014747000
 375    7.093890000    0.948859900    0.378169200
 376   -0.950000000   -0.443619100    0.636396600
 377   -0.950000000   -0.483431500   -0.225389000
 378    3.151582000    0.628332400    0.541331900
 379   -0.950000000   -0.740871700    1.013470000
 380    9.791346000    0.451456300   -1.681526000
 381   -0.950000000   -0.799129500    0.329120900
 382   -0.950000000   -0.502722200    1.441577000
 383    3.879771000    0.765241800    0.097111430
 384   -0.950000000   -1.366580000    0.261865300
 385    5.860220000    0.855758600    0.053285030
 386    8.217411000    1.169616000    1.306454000
 387   -0.950000000   -1.534788000    0.891118100
 388    9.532412000    1.102240000   -1.608306000
 389   -0.950000000   -1.767317000    0.149601500
 390   -0.950000000   -1.322330000    1.079331000
 391   -0.950000000   -0.370104700    1.075545000
 392   -0.950000000   -0.737646600   -1.616705000
 393    1.191454000    0.663790200    0.769698200
 394    1.424994000   -0.115840600   -1.074140000
 395    3.145162000    0.827970000    1.276755000
 396   -0.950000000   -0.763220800    1.026426000
 397    3.213583000    0.136650100    0.067567890
 398   -0.753727600    0.107906700    1.468406000
 399   10.379580000    0.625210600   -0.375189400
 400    6.084585000    0.380501400    0.213939100
 401   -0.950000000   -1.165805000    0.999998100
 402    4.385064000    0.111354900   -1.391705000
 403   13.524550000    1.240546000    0.380091400
 404   -0.950000000   -0.266293100    0.990740900
 405   -0.950000000   -0.493724400   -1.013415000
 406   12.392980000    0.844754300    1.487765000
 407    4.101554000    0.309463800   -0.760024400
 408    0.935210800    0.203895500   -0.379064300
 409   10.379810000    1.230479000   -0.159260800
 410    8.787075000    0.531132000   -1.985868000
 411    4.858291000    0.272763200   -1.078625000
 412   -0.950000000   -1.220947000    0.689140400
 413   -0.950000000   -0.277160000    0.168345600
 414   -0.950000000   -1.120411000    0.837210300
 415   16.214850000    1.602096000   -0.694974700
 416   -0.950000000   -0.106696600    0.764034600
 417    2.748658000    0.521209100    0.691936400
 418    5.069478000    0.592610700   -0.155249500
 419    1.234635000    0.099058370   -1.053899000
 420   -0.950000000   -0.078001800    0.712063300
 421   -0.950000000   -0.446989400   -0.442565200
 422    5.468035000    0.364964800   -0.633144000
 423   -0.950000000   -0.149511100    0.791558400
 424   -0.950000000   -0.504498300   -0.215926800
 425    7.086966000    0.494154700   -0.287439000
 426   -0.950000000   -1.711163000    0.827576000
 427   -0.950000000   -0.397275500   -0.192128900
 428   -0.950000000   -0.311808800   -0.441603200
 429   -0.950000000   -0.395088700    0.202996700
 430    1.612188000    0.146794000    1.285458000
 431    5.913678000    0.257025900   -1.556231000
 432   -0.747987200    0.183688400    0.354189100
 433   -0.950000000   -0.860355800    0.163459900
 434   -0.950000000   -0.817608500    0.310772700
 435   -0.950000000    0.271702100    1.816492000
 436   -0.950000000   -1.691215000    1.032192000
 437   -0.950000000   -0.792999200    0.370447800
 438    4.449473000    0.319126600    0.346198600
 439   13.907030000    0.979275200    0.272086100
 440   10.796010000    0.884252600    0.459599500
 441    8.810220000    0.899146600    0.446454400
 442   11.635890000    1.474760000    0.318195000
 443   10.019030000    0.124608500   -1.986239000
 444   -0.950000000   -1.031515000    0.218729200
 445   -0.865109500    0.434878200    0.994796600
 446    2.537688000   -0.097622140   -0.355831100
 447    8.034916000    0.477772800   -0.006330106
 448    9.832885000    0.819595200   -0.338654200
 449    2.958958000    0.080610800   -0.513042600
 450   -0.290653500   -0.119250900   -0.447653400
 451   16.341240000    1.647060000   -0.890904000
 452   -0.950000000   -0.894946200    0.832807400
 453    0.232067100   -0.234596900    0.396430500
 454    1.462572000   -0.194272100   -0.089979170
 455    3.822289000   -0.049022200    0.330683400
 456   12.170250000    0.688395500    1.436152000
 457   11.911150000    1.317384000    0.717561300
 458   -0.457175100   -0.706197400   -1.076120000
 459    9.688033000    1.044046000    0.175034600
 460    5.390647000    0.099367370   -0.933660300
 461    8.416777000    0.385894600   -0.334457800
 462   -0.950000000   -0.730361400    0.672343300
 463   20.333760000    1.784154000    0.553541800
 464    2.961863000    0.010100770   -0.151079800
 465   27.082660000    1.815674000   -0.777620700
 466   17.371980000    0.963733200   -0.657958700
 467   -0.950000000   -1.173266000    1.394159000
 468    9.361381000    0.696589100    0.315483500
 469    0.765431500   -0.353557300   -0.281364300
 470    3.720666000    0.019535740   -1.277244000
 471   11.016030000    0.789568600    0.046785180
 472   10.672820000    0.640013900   -0.530301200
 473   17.220130000    1.323305000   -0.149816100
 474    0.855594500   -0.401553300   -0.972273400
 475    2.941013000   -0.167198500   -0.261828000
 476   20.653440000    1.774562000    0.867355400
 477    8.153454000    0.547406900   -0.480178800
 478   -0.950000000   -0.629557600    0.705610000
 479    1.899825000   -0.094518300    0.409897100
 480    1.442417000   -0.321726700   -0.991761000
 481   -0.950000000   -0.653196300    0.751361100
 482   -0.803734700   -0.050153310   -0.060137730
 483   -0.950000000   -1.853225000   -0.389954400
 484   -0.950000000   -0.151515000    0.396077500
 485    4.139825000    0.570532100   -0.563847600
 486   -0.950000000   -1.642199000    0.888101600
 487   -0.950000000    0.316409500    1.233181000
 488   -0.950000000   -0.645943900   -0.039599650
 489   -0.950000000   -0.053103390    0.992639000
 490    2.425373000    0.457363600   -0.187274800
 491   -0.950000000   -0.275195200    0.244363800
 492    5.195379000    0.450747000    0.689725900
 493   -0.950000000   -0.844398300   -1.290588000
 494   -0.950000000   -0.168939200   -0.005746092
 495   13.589410000    1.187952000    0.151569600
 496    1.539835000    0.197260300    0.247783600
 497    5.861459000    0.879521300    1.136784000
 498   11.244010000    1.096171000    1.929373000
 499   -0.950000000   -0.711522800    0.494596800
 500   -0.950000000   -0.747051400   -0.267412200
 501    3.016943000    0.879120100    1.574414000
 502   -0.950000000   -0.116119400   -0.911312000
 503   -0.950000000   -0.536592100    0.376262300
 504    3.231285000   -0.005150755   -1.227320000
 505   -0.950000000   -0.293317800    1.122541000
 506   -0.828417800    0.002230108    0.735045200
 507   -0.950000000   -1.273757000   -0.650731300
 508   -0.231786800   -0.138516800   -0.701408200
 509   -0.950000000   -0.602421300   -1.452418000
 510    4.889625000    0.125631400   -1.709646000
 511    5.180305000    0.590494900    0.074441540
 512   -0.950000000   -0.566024200    0.522040500
 513   -0.950000000   -0.777926300   -0.951117900
 514   13.663180000    1.557803000    0.015766320
 515   -0.950000000   -0.515707700   -0.003099953
 516   -0.950000000   -0.802705400   -0.535847100
 517    3.617431000    0.662425400   -0.745608500
 518    6.424667000    0.668347400   -0.485463200
 519   -0.950000000   -1.577138000   -0.798992100
 520   -0.950000000   -0.691337400    0.192778400
 521   12.403240000    1.372590000   -0.185984300
 522   -0.950000000   -0.511347200    0.319023900
 523   -0.950000000   -0.121050200    0.915704400
 524   12.733330000    1.315985000   -1.205010000
 525   -0.950000000   -1.306849000   -0.705628600
 526   -0.662547700   -0.176441100   -0.020654780
 527    9.458548000    0.706607700   -0.999272200
 528    5.266142000    0.074048690   -0.689806400
 529   -0.950000000   -0.777597600    0.545210100
 530    6.098669000    0.439472900   -0.360243400
 531   -0.950000000   -0.384909100    0.205465200
 532    7.387872000    1.335703000    0.431198200
 533   -0.950000000   -0.456839400    1.657437000
 534   -0.950000000   -0.715189400    0.431559200
 535    2.681412000    0.142902300    0.816506900
 536    8.582554000    0.726267200    0.257435100
 537   15.640810000    0.864452100   -1.245021000
 538    7.869838000    0.563449300    0.037629230
 539   10.422060000    0.636688700   -0.875478900
 540   15.975200000    1.380582000   -0.478028300
 541    5.129338000    0.152024200    0.615151300
 542   15.351650000    1.172555000   -0.498651600
 543   -0.950000000   -1.026371000    1.636823000
 544    2.826178000    0.062474440   -0.256383100
 545    4.984573000    0.613711900    1.064750000
 546    0.283673300   -0.157386900    0.594317100
 547   -0.950000000   -0.741309000    0.696270900
 548   -0.950000000   -0.529152300   -0.672264600
 549   -0.950000000   -0.377953300   -0.798924400
 550    1.634671000    0.067251470    0.166304000
 551    6.754626000    0.319721600   -0.717400400
 552   -0.950000000   -0.830343800    1.202098000
 553    1.198563000    0.118700000    0.688955500
 554   -0.613415400   -0.349941800   -0.146315700
 555   -0.950000000   -0.620947900    0.817820500
 556    3.493506000    0.538609200   -0.265262800
 557   -0.950000000    0.372066900    1.492733000
 558   -0.710330600    0.200254500    0.856243200
 559    5.229515000    0.947462500    0.383834000
 560   -0.950000000   -1.415073000   -0.667221400
 561   -0.950000000   -0.837979500   -0.247946400
 562   -0.950000000   -0.061555520   -1.604388000
 563    3.888186000    0.447499500   -0.886759000
 564   -0.950000000   -1.289981000    0.608253800
 565    5.985378000    0.548009700   -0.748042300
 566   -0.950000000   -0.046918080   -0.391870400
 567   -0.950000000   -0.052277010   -0.458142300
 568   -0.950000000   -0.294992400   -0.617362500
 569    2.188843000    0.301842600   -0.911635300
 570   -0.950000000   -0.168458800   -0.757865900
 571   -0.950000000    0.092672200    0.805123700
 572   -0.950000000   -0.592679100   -0.720284500
 573   -0.950000000   -0.053639030    1.397124000
 574    4.280232000    0.350891400    1.630147000
 575   -0.950000000   -0.412852600   -0.156248500
 576    1.691129000    0.604127100    1.396212000
 577    7.333596000    0.930474800    0.487119100
 578   -0.950000000   -1.447770000    0.031701410
 579   -0.950000000   -0.484898700   -1.682507000
 580    1.092261000   -0.047607200   -1.999817000
 581   -0.950000000   -0.438227000   -1.641578000
 582   -0.950000000   -1.308668000   -1.305482000
 583   -0.137068400   -0.133255500    1.526309000
 584   15.303840000    1.331670000    0.178116800
 585    4.127983000    0.634720000    0.336758200
 586   -0.950000000   -0.736956700   -0.836801100
 587   -0.950000000   -1.032742000    1.658661000
 588    4.100410000    0.922131300    1.291424000
 589    3.108612000    0.312553400    0.128371900
 590    2.335756000    0.248291700   -0.590089900
 591   -0.950000000    0.392051000    0.861252700
 592   -0.950000000   -0.618996300   -0.270416900
 593    3.910386000    0.514451700    1.548276000
 594    6.393091000    0.402479200   -0.326306700
 595   -0.950000000   -1.852339000   -0.368663900
 596    3.630047000    0.033152450   -1.115330000
 597   -0.950000000   -0.744256000   -0.617633600
 598    1.048202000    0.166482000   -0.305810400
 599    1.636296000    0.338514500    0.417102100
 600    9.644669000    0.770981700    0.250272200
 601    9.351974000    0.691314600    0.561392200
 602   -0.950000000   -0.020141820    1.904053000
 603    7.943625000    0.671601100    0.695528000
 604   14.039140000    1.015233000   -1.455660000
 605   -0.950000000   -1.419234000    0.585587300
 606    8.818341000    0.400869200    1.391018000
 607   17.660940000    1.283307000    0.999541500
 608    8.218970000    0.222925100   -0.382548500
 609    5.259266000   -0.019225120   -0.721507600
 610   -0.950000000   -0.998119200    0.231923400
 611    2.944705000   -0.379063900   -1.452265000
 612    7.897743000    0.386523400    0.149949900
 613   -0.950000000   -0.136081500    1.104631000
 614    3.702343000   -0.006508198    1.843589000
 615    2.243253000   -0.162647900   -0.246609600
 616   -0.950000000   -0.559126600    0.674048800
 617    3.681083000    0.597554100    0.268348400
 618   -0.950000000   -0.638458600    0.065666470
 619   -0.950000000    0.437479800    1.250671000
 620   -0.950000000   -0.957834500   -0.772747200
 621   -0.950000000   -0.594072600    1.243752000
 622   19.317540000    1.575337000   -0.213209900
 623   -0.950000000   -0.667304500   -0.743160000
 624   -0.950000000   -1.205407000   -0.276146000
 625   14.686330000    1.518077000   -0.616550500
 626   -0.950000000   -1.225567000    0.168721800
 627   12.602340000    1.533224000   -1.794732000
 628    4.027989000    0.140981400   -1.560691000
 629   -0.950000000   -0.489407000   -0.744195400
 630    0.881071800    0.218010000   -0.312343700
 631    0.045560020    0.808111700    0.610389300
 632   -0.950000000   -1.648049000   -1.236821000
 633   -0.950000000   -1.200028000    0.508495400
 634   -0.950000000   -0.723661500   -1.004716000
 635   -0.950000000   -1.626115000   -1.278181000
 636   -0.950000000   -0.712215700    0.699129400
 637   -0.950000000   -0.354280000   -1.056562000
 638   -0.950000000   -0.490215700   -0.689238000
 639   -0.950000000   -1.432681000    1.661439000
 640   -0.950000000   -0.880060800    0.859794800
 641    4.429843000    0.850591500   -1.638123000
 642   -0.950000000   -0.670989100   -0.076143220
 643   -0.950000000   -0.361652000   -1.354629000
 644   -0.950000000   -1.205216000   -0.371832800
 645   -0.950000000   -0.349959600    0.145420800
 646   13.766680000    0.999982900    0.321689000
 647   -0.950000000   -1.095391000   -0.750162500
 648   -0.950000000   -0.564768300    1.186441000
 649   -0.950000000   -0.542053100    0.100748800
 650    4.631408000    0.344099600   -0.333164200
 651   11.858790000    1.074556000   -1.839380000
 652   18.097840000    1.408717000   -0.375533900
 653    7.573977000    0.422372800   -0.657202400
 654   -0.950000000   -0.432587600   -0.570265500
 655   21.746300000    1.794570000    0.109216100
 656   22.176960000    1.589920000   -0.812623300
 657   -0.950000000   -0.686924500    0.314492900
 658   22.970360000    1.948577000   -1.735128000
 659   -0.950000000   -0.477460500    0.057089460
 660    2.363280000    0.027377970    1.184438000
 661    6.487732000    0.437589200    0.562910400
 662   11.552400000    0.905535300    0.153080400
 663    2.342443000   -0.024473530   -0.718875100
 664    7.989044000    0.251407300   -1.273159000
 665   -0.950000000   -0.978364100    0.591388300
 666   -0.950000000   -0.379706900   -0.218434300
 667    9.170816000    1.160810000    0.908332000
 668   -0.950000000   -1.118363000    1.982073000
 669   -0.138752200   -0.254523600    0.663387000
 670   -0.950000000   -1.579693000   -1.477512000
 671   -0.950000000   -0.822304400    0.606354500
 672   -0.950000000    0.008668708    0.507688900
 673    4.490634000    0.487143700    1.430672000
 674   -0.950000000   -0.275947800   -0.043803870
 675    7.635934000    0.520470100   -0.529307500
 676   -0.950000000   -0.363979000    0.147280900
 677   -0.401048700    0.131338600    0.923007700
 678    0.356689200   -0.031239120   -0.629127500
 679   16.080210000    1.328565000   -0.308286200
 680    1.407304000    0.051486410   -0.496376900
 681    9.160631000    0.989898900    1.045974000
 682    0.393721800    0.121897400    0.579584500
 683   -0.950000000   -1.197310000   -0.616783000
 684   -0.950000000   -1.299925000   -1.320559000
 685    2.121580000    0.261909300    0.680722100
 686   -0.950000000   -1.339259000   -0.941819800
 687    8.673547000    1.079782000   -0.815349900
 688   -0.950000000   -1.666173000   -0.486825800
 689   -0.950000000   -0.309338800    1.317991000
 690    9.849036000    1.016986000    0.306167200
 691    9.736595000    0.985486400   -0.285433600
 692   -0.950000000   -0.953883400   -1.355027000
 693   -0.950000000   -1.192122000   -1.959125000
 694   23.840800000    1.865999000   -1.369307000
 695   -0.950000000   -0.471322800   -0.714846600
 696    8.975033000    0.523962000   -1.767674000
 697   16.009700000    1.658949000    0.451837500
 698   -0.950000000   -1.696556000   -0.395651600
 699   12.827740000    0.989121800   -0.832658300
 700    5.587961000    0.451066200   -1.038989000
 701   -0.950000000   -0.742450500    0.899020500
 702   -0.950000000   -0.283433300   -0.837053100
 703   16.450040000    1.682815000    1.114208000
 704    7.433532000    1.178015000   -0.382015200
 705   -0.950000000    0.514202800    1.946734000
 706   16.036340000    1.359275000   -0.398819000
 707    2.519328000    0.366873800    0.091446170
 708   -0.950000000   -0.882236900   -0.221937600
 709    4.742684000    0.379359500    0.628308500
 710    7.131100000    0.749392600   -0.002946851
 711    3.480669000    0.513382000   -0.145266500
 712   -0.950000000   -0.363241400   -0.568396600
 713    4.124840000    0.632468500    0.042828010
 714   -0.950000000   -0.347774800    0.850277300
 715   -0.950000000   -0.634677600   -0.201560300
 716    7.465300000    0.939833900    0.302634700
 717   -0.385462600   -0.195930000   -0.883154900
 718   -0.950000000   -0.238595600    0.662448300
 719   -0.950000000   -0.444563900    0.028746180
 720   -0.950000000   -0.149229000    0.011275790
 721   -0.950000000   -0.694975800   -0.284885700
 722   -0.950000000   -0.433726900    0.147608600
 723    9.758349000    1.144448000   -0.522948000
 724   -0.950000000   -0.778027100    0.077369410
 725   -0.950000000   -0.373194400   -0.570099300
 726   -0.950000000   -1.134654000    0.812452600
 727   -0.950000000   -0.086872800    0.875294800
 728   20.815160000    1.728666000   -0.765716300
 729    1.794383000    0.165454700    0.945244500
 730   -0.950000000   -0.115880200    0.254682600
 731   -0.950000000   -1.307335000    0.286256700
 732   -0.726723900    0.085483310   -0.046183990
 733    3.385985000    0.207479800   -1.261888000
 734   -0.950000000   -0.438095100   -0.979404800
 735    1.317351000    0.233669700   -0.912020400
 736   -0.950000000   -0.453281900    1.910488000
 737    0.615702800   -0.292458900    0.340188000
 738   15.386740000    1.362130000   -0.718828300
 739   -0.950000000   -0.428966900   -0.224418700
 740   -0.950000000   -1.273116000    0.005196596
 741    9.871058000    1.038655000    0.784032100
 742    1.657188000   -0.380669800   -0.996110400
 743    8.722791000    0.339806500   -0.991241300
 744   -0.334517100   -0.162621000    0.116978600
 745    4.966717000    0.204748900    1.214260000
 746   20.212260000    1.366858000   -0.860595300
 747   13.711260000    0.890338800    0.070212820
 748   -0.950000000   -1.337757000   -0.044978760
 749   10.891820000    0.697809200    0.444227000
 750    6.638965000    0.463099600    0.741782700
 751    1.992339000   -0.234518600    0.432622000
 752    9.748858000    0.173433200   -0.917293300
 753   15.040200000    1.208467000   -0.365291200
 754   10.107810000    0.816279600   -0.088510100
 755   19.366400000    1.139117000   -0.177774800
 756   10.023960000    0.648899800    0.206041900
 757   -0.950000000   -1.411098000    0.460223300
 758   12.456930000    0.773938800   -0.557045300
 759   -0.950000000   -1.337511000    0.480634000
 760   14.815050000    1.115861000   -0.149606800
 761    0.923767100   -0.468242100    1.085551000
 762   -0.950000000   -1.001687000    1.538970000
 763    0.522880100   -0.263662900    0.550221800
 764   10.133470000    0.546289800    1.638939000
 765   20.447700000    1.698385000    0.049362860
 766   15.729140000    1.363174000   -0.218037900
 767   14.157590000    1.309808000    1.597313000
 768   12.047500000    0.396109900   -1.824871000
 769   18.263750000    1.573444000    1.553103000
 770    3.415769000   -0.243739800   -0.601473900
 771    7.861510000    0.156056300   -0.360616800
 772    7.745759000    0.194734800   -1.062369000
 773   18.833340000    1.201592000   -0.656342000
 774    0.596981600   -0.587435000    1.365211000
 775    6.798670000    0.771121100    1.242753000
 776   13.792040000    0.526576100   -1.022162000
 777    5.927934000   -0.189215000   -1.427241000
 778   26.287350000    1.371674000   -1.308270000
 779   16.341380000    1.180588000    1.167615000
 780   17.151400000    1.050929000    1.385075000
 781   -0.950000000   -0.512395400   -0.968494000
 782    4.850655000    0.891059400   -0.523905300
 783   -0.950000000   -0.943138700   -1.612543000
 784   -0.950000000   -0.427419800    0.625871400
 785   -0.950000000   -0.401098200   -1.344343000
 786   -0.950000000   -1.844966000   -1.294200000
 787    3.036542000    0.718428600   -0.340612800
 788   -0.950000000   -0.308950300    0.015476330
 789    4.925328000    0.646246400   -1.550205000
 790   -0.950000000    0.055220220    0.494786300
 791   -0.950000000   -0.667956800   -0.702549900
 792   -0.950000000    0.072011220   -0.235031800
 793    9.447599000    1.645491000   -0.931579600
 794   -0.145915400    0.294183500   -0.150000000
 795    2.696540000    0.549487800   -1.018684000
 796   -0.846820400   -0.583301800   -1.428505000
 797    6.048895000    0.078145180   -0.967691700
 798   28.161450000    1.894180000   -0.032074520
 799   -0.950000000   -0.891774600    1.603656000
 800   -0.950000000   -0.540359500    1.437748000
 801   18.439090000    1.389142000   -0.621322400
 802   -0.950000000   -0.645052100   -0.477875800
 803    0.097818290   -0.117309600    0.433308900
 804   -0.950000000   -1.902842000    0.186399700
 805    1.630607000    0.101667700    1.110720000
 806   -0.040060050   -0.450621800   -0.765845000
 807    8.188232000    1.222314000    1.609716000
 808   -0.950000000   -0.818576600    1.341811000
 809    2.139020000   -0.307016700   -0.562992100
 810    7.060051000    1.101272000    1.779686000
 811   -0.950000000    0.503095500    1.524372000
 812    6.464729000    1.235595000    0.001920403
 813   13.371430000    1.236599000   -1.999924000
 814   -0.950000000   -0.486831900   -1.876233000
 815   -0.950000000   -1.070455000   -0.410803300
 816   -0.950000000    0.097388570    0.218685400
 817    2.430612000    1.214149000    0.965142200
 818   -0.950000000    0.031725100   -0.398847400
 819   -0.950000000   -1.243203000   -0.259956300
 820   -0.950000000   -0.774320200   -1.855894000
 821   -0.777711000    0.093528290   -1.750173000
 822   -0.950000000   -0.243125500    0.629459500
 823   -0.950000000   -1.871506000   -1.467819000
 824   -0.950000000    0.154631000    0.230902800
 825    0.493581200    0.625739700    1.426335000
 826   -0.950000000   -0.558697500    0.775405900
 827   -0.672075500   -0.026856850    0.784693000
 828   -0.950000000   -0.589750400   -0.777282700
 829    8.261808000    0.546036400   -0.855130100
 830    5.049070000    0.631192100    0.646454800
 831   -0.950000000   -0.585954100    1.554045000
 832   -0.950000000   -0.831018900    0.305868400
 833   -0.950000000   -0.636605400   -0.230384600
 834    4.926146000    0.581555100    0.289319600
 835    8.949990000    0.661708200   -0.630838500
 836    1.895724000    0.135152400   -0.145781500
 837   -0.950000000   -0.545851500   -0.994003000
 838    7.821540000    0.489662200   -0.480738000
 839    0.310040100   -0.105199300   -0.819786100
 840   11.931330000    1.587967000    0.072985470
 841    1.083040000    0.191369800   -1.057649000
 842   -0.950000000   -0.343240600   -0.325919200
 843   -0.950000000   -0.763853500   -0.122855000
 844   -0.950000000   -0.214626300   -0.678001900
 845    2.153290000    1.053147000   -0.234779100
 846   -0.950000000   -0.235185700    0.940737800
 847    0.040642410    0.307838800   -0.125866600
 848   -0.950000000   -0.711363500    0.035046210
 849   -0.950000000   -0.079130160   -1.172527000
 850   -0.950000000   -0.135513200   -0.140103600
 851   -0.635109100    0.335511500   -0.988623100
 852   -0.950000000    0.478892500    1.458344000
 853   -0.950000000   -1.284094000   -0.864205800
 854    5.058132000    0.789906500   -1.901933000
 855   -0.950000000   -0.516981000   -0.678661400
 856   -0.950000000   -1.084284000   -0.671782100
 857   11.582610000    0.947510400   -0.423904200
 858    5.895548000    0.617952000    0.313680000
 859   -0.950000000   -0.345433700   -0.442952400
 860   -0.950000000   -0.845589100   -0.156554900
 861   -0.950000000   -0.446927700   -0.395126700
 862   -0.950000000   -1.357496000   -0.181301300
 863   -0.950000000   -1.520173000    0.618628700
 864    0.808038700   -0.235892300   -0.440378800
 865   -0.508684300   -0.200539200    0.294207400
 866    3.424083000    0.355076100    0.666706000
 867    8.815003000    0.784567200   -0.483110600
 868   19.669140000    1.843857000    0.024573110
 869   -0.950000000   -0.745311800    0.226859200
 870    8.714672000    0.998779300    0.567982200
 871   -0.950000000   -0.837959000    0.565078500
 872   -0.950000000   -1.447651000    1.506421000
 873   12.416190000    0.983513100   -0.039661880
 874   -0.950000000   -0.607397000    0.763907500
 875    3.595103000    0.706977400    0.617731800
 876    5.335729000    0.582019500    0.640059300
 877   -0.950000000   -0.758886800   -0.583589900
 878    5.504463000    0.378908500    0.579714600
 879   -0.950000000   -1.547016000   -0.869931200
 880    5.695193000    0.726098600    0.927424600
 881   12.156450000    0.949382400    0.118933700
 882   -0.950000000   -0.508154500    1.364029000
 883    9.639876000    0.503591600   -0.648214200
 884   -0.950000000   -1.482394000   -0.266594800
 885    6.476238000    0.339226200   -0.621165300
 886   -0.950000000   -0.493665100    1.572444000
 887   -0.950000000   -0.660504200    0.589266700
 888   -0.950000000   -0.390437100   -0.944319300
 889    2.486283000    0.203634300    1.315915000
 890   -0.824349400    0.068725290    0.424473000
 891   11.261740000    1.150765000   -0.432894800
 892    5.739198000    0.606342700   -0.093546100
 893   -0.950000000   -1.369851000   -0.029956170
 894   -0.950000000    0.679108300    1.655090000
 895    7.560141000    0.638230100    0.082263450
 896    3.611970000    0.104523600   -0.670255100
 897   12.936700000    1.248278000   -0.222011000
 898   -0.950000000   -1.187878000   -1.126384000
 899   -0.950000000   -0.367081300    0.807355700
 900    2.342694000   -0.177482600   -1.088660000
 901    1.839073000    0.311076400   -0.014725560
 902    9.707076000    0.695051800   -0.361325000
 903    6.521384000    0.281195500    1.612875000
 904   -0.950000000   -0.938307100    1.322469000
 905   -0.950000000   -1.089074000    0.306561200
 906    2.431843000    0.659032900    0.415487400
 907   -0.950000000   -0.144874400    0.090388920
 908   -0.950000000   -0.172847700    1.152432000
 909   -0.494236800   -0.305619500   -1.685056000
 910   -0.950000000   -1.723944000   -0.312639300
 911   14.034320000    0.771250100   -1.327539000
 912    8.957318000    1.001490000   -0.028621330
 913   -0.950000000   -1.251502000   -0.970395000
 914    3.498937000    0.410643800    1.423754000
 915   -0.950000000   -0.374284200   -0.132018500
 916   -0.950000000   -0.465689500   -0.581845000
 917    4.277703000    0.682712300    0.967269900
 918    1.844428000    0.305611200    0.119276600
 919   -0.950000000    0.068283060    0.597691700
 920    1.176398000    0.240130400    0.485349000
 921    2.504991000    0.737212000    1.397810000
 922   -0.950000000   -0.847953400   -1.128792000
 923    8.401103000    0.565194200   -1.331071000
 924   10.023620000    1.100559000    0.512478500
 925   -0.950000000   -0.829475000    0.835030400
 926   -0.950000000   -1.127110000   -0.518526700
 927    7.830751000    0.688825000   -0.412060600
 928    7.342065000    0.622948300    0.393877900
 929   -0.950000000   -1.685831000   -0.575994300
 930   -0.950000000   -1.141302000    1.618957000
 931    7.326111000    0.672525000    0.635787700
 932    0.744847100   -0.291285600   -0.589743400
 933   -0.950000000   -1.938417000    0.477513900
 934   -0.950000000   -1.001983000    0.169715600
 935    0.405300100   -0.205453300    0.184005700
 936    7.030112000    0.021998680   -1.170569000
 937   10.228390000    0.742002100    0.435726900
 938   17.249840000    1.369238000   -0.742720900
 939   16.184840000    1.158749000   -1.030099000
 940   15.711150000    1.162318000    0.193602400
 941    4.558223000   -0.088357720    0.045711300
 942    8.387860000    0.821145100    0.446212600
 943   19.308990000    1.407109000    0.291778400
 944   -0.950000000   -0.541924100   -0.616330100
 945    9.262318000    0.521158600    0.007857888
 946   -0.950000000   -0.592493900   -1.459315000
 947    4.849512000    1.010382000    0.109074100
 948   -0.950000000   -0.296064900    0.098300050
 949   -0.950000000   -0.120739700    1.101643000
 950   -0.950000000   -0.612232100   -0.978638800
 951   -0.950000000   -0.197882400   -0.452381400
 952    5.741231000    0.702286700   -1.015907000
 953   -0.950000000   -0.460653300   -0.591290200
 954   -0.950000000   -0.319937200   -1.352428000
 955   -0.950000000   -0.735738100    0.250041800
 956   -0.950000000   -1.554072000    0.160879700
 957   -0.950000000   -0.997628200    0.492298200
 958    5.160778000    0.764334300    1.285151000
 959   -0.950000000   -0.228263200   -0.130284800
 960   -0.950000000    0.099283370    1.290445000
 961   -0.950000000   -0.867909400    0.553264400
 962    3.203899000    0.103456700    0.005955782
 963    5.271863000    0.545537400    0.449707600
 964    3.341982000    0.120173300   -0.116549600
 965    8.948649000    0.826797500    1.949123000
 966    8.483414000    0.296283100   -1.369686000
 967    4.015437000    0.190001900   -0.088056880
 968   -0.950000000   -0.274147700   -0.028342150
 969    0.821323300   -0.626751700   -1.869943000
 970   -0.950000000   -1.794663000    1.388488000
 971    6.906641000    0.514852700   -0.013216960
 972    3.112432000    0.111181500   -0.938944000
 973    7.810321000    0.543878600    0.251492200
 974   26.101500000    1.846448000    0.262141400
 975    3.477931000    0.300277400   -0.689583600
 976   -0.950000000   -0.733710400   -0.349085800
 977    3.010911000    0.673443400    0.710309500
 978   -0.950000000   -1.340562000   -0.485195200
 979    9.892836000    1.067333000   -1.531697000
 980   -0.950000000   -0.129604400    1.098280000
 981   18.079630000    1.821796000   -1.822892000
 982   -0.950000000   -0.672926300   -0.708577000
 983   -0.950000000    0.012034180    0.439509100
 984   -0.950000000   -1.715647000    0.674743800
 985    5.807946000    1.067196000    0.277399900
 986   -0.950000000   -0.985680700    0.510242000
 987    6.526789000    0.853241200   -0.090860390
 988    0.413388700    0.036049520   -0.967766700
 989   -0.950000000   -0.865674800   -1.341812000
 990   -0.950000000   -0.125577200    0.638645900
 991   21.443420000    1.453594000   -1.279298000
 992    2.510492000    0.156938500   -0.239331800
 993   12.215400000    1.305299000    0.109534700
 994   -0.950000000   -1.223907000    1.840105000
 995   -0.950000000   -1.033986000    1.563266000
 996    1.785601000    0.169571500    0.371145000
 997    2.121064000    0.186503700   -0.257960100
 998   -0.950000000   -0.574477800   -0.268267300
 999   -0.002991412   -0.411285900   -0.940254300
1000    4.846897000    0.461527800    0.088594390
1001    2.252406000    0.042423420    0.370168600
1002   12.064340000    0.941840800    0.324447800
1003   -0.950000000   -0.523621400   -0.778131600
1004    9.697239000    0.587028400   -1.577565000
1005    6.363629000    0.275107900   -0.421393800
1006   -0.950000000   -0.772074600   -0.510792500
1007    4.436681000    0.700870100   -0.595769600
1008    7.550849000    1.298608000    0.900586100
1009   -0.950000000   -1.649019000   -0.417835200
1010   12.218720000    1.307982000   -0.347790400
1011   -0.950000000   -0.789136900   -1.591040000
1012    5.364366000    0.436111800   -1.399773000
1013   11.140590000    1.193115000   -1.481781000
1014   -0.950000000   -1.591985000   -0.368547300
1015   -0.950000000   -0.138138400    0.308357700
1016    6.984979000    0.618716200   -1.244812000
1017   -0.950000000   -0.081895570    0.243633000
1018   -0.950000000   -0.332564000    0.165208300
1019    4.558630000    0.849290600    0.561923600
1020   -0.950000000   -1.246193000    1.068536000
1021    6.547658000    0.296153300   -0.223616100
1022   -0.950000000   -1.314652000   -1.337940000
1023   -0.950000000   -0.875757100   -0.383137200
1024    0.950239200   -0.012421060    0.618671800
1025   -0.950000000   -0.947305300   -1.911307000
1026   18.710970000    1.757005000    0.107845300
1027   16.199300000    0.726221900   -1.609139000
1028   -0.516542600    0.089893820    0.947105400
1029    6.583288000    0.513445900    1.052731000
1030   -0.950000000   -0.053246980    0.789052600
1031   19.372910000    1.829953000    1.254354000
1032    1.377276000    0.291663200    1.320137000
1033   -0.950000000   -0.294508400    0.516564000
1034   -0.950000000   -0.623135700    1.373810000
1035   -0.950000000    0.015186190    1.531212000
1036    6.118548000    0.695792900    1.781405000
1037   -0.950000000    0.229714300    1.439177000
1038    2.247003000    0.042416050   -0.410474400
1039   -0.559327200   -0.088840590   -0.002398000
1040   -0.950000000   -1.658454000   -0.266865000
1041   -0.950000000   -1.548190000   -0.795417600
1042   -0.950000000   -0.475594200   -1.222895000
1043   11.974020000    0.878390300   -0.294423600
1044   13.559140000    0.803126900   -1.603867000
1045   -0.734238300   -0.220521300   -0.760440600
1046   -0.950000000   -1.557663000   -0.832385000
1047    5.693737000    0.678348000    0.753448000
1048    9.221411000    0.922026500    0.517161700
1049   15.831760000    1.724224000   -0.923425000
1050   -0.950000000   -0.569699400   -0.325053300
1051    0.599090300   -0.139590400   -0.415390300
1052    0.698904600    0.407535200    0.982102900
1053   -0.950000000   -1.036316000    1.419242000
1054   -0.950000000    0.047147790    0.418628000
1055   -0.950000000   -0.995675800   -0.884562500
1056    0.923495200    0.232184100    0.771776400
1057   -0.950000000   -0.320158600    0.497576100
1058    2.656961000   -0.124957000   -0.606698300
1059   12.788050000    1.297169000   -0.565761600
1060   -0.950000000   -1.467739000    0.107821800
1061   -0.156368200   -0.474873700   -1.716107000
1062   18.067910000    1.712609000   -0.087192130
1063   -0.950000000   -0.471510700    1.692884000
1064   -0.950000000   -1.786242000    1.108713000
1065   20.974080000    1.845026000   -0.288108600
1066   10.263280000    1.202381000   -1.172615000
1067   11.864000000    1.153490000   -1.839463000
1068   -0.950000000    0.000820665   -0.623080700
1069   -0.950000000   -0.983094200   -1.072962000
1070   -0.950000000    0.108452500    0.658593600
1071    5.311832000    0.768885500    0.212593800
1072   -0.950000000   -1.002543000    0.340665000
1073   -0.950000000   -1.032213000   -0.778494500
1074   -0.950000000   -0.780262700   -0.746907600
1075   -0.950000000   -0.897761400    0.354099500
1076   -0.950000000   -0.296563800    0.818527100
1077    5.494715000    0.621985200   -0.672694000
1078   -0.950000000   -1.263505000   -1.135856000
1079   -0.950000000    0.157770000    0.425879200
1080   -0.950000000   -0.494147800    0.491462000
1081    0.310604900    0.120963500    0.157074700
1082    1.519087000   -0.067725900   -1.654387000
1083   13.956560000    1.590948000   -0.667989100
1084   -0.950000000   -0.625880900    0.440729800
1085    6.761444000    0.771069700   -1.137936000
1086    3.386544000    0.344089300   -0.377723100
1087    7.088908000    0.419984400   -1.131331000
1088    9.693554000    0.781573100   -0.813686100
1089   -0.950000000   -1.462846000    0.215372100
1090   -0.950000000   -0.121781400    1.535460000
1091    9.114617000    1.280565000    0.075369770
1092   -0.850225500   -0.133074000   -0.076453080
1093   14.810190000    1.519352000   -0.267271200
1094   -0.950000000   -1.257310000    0.916749000
1095    3.744816000    1.091809000    0.262447900
1096   -0.950000000   -0.772421000   -0.848733800
1097    2.754709000   -0.057886500    1.127623000
1098   -0.950000000   -0.997532000   -0.723124900
1099   10.537550000    0.722410600    1.374335000
1100    1.004466000   -0.028763680   -1.728932000
1101    8.199565000    0.552243000   -1.504178000
1102   -0.950000000   -0.499767400   -0.570066000
1103   21.569650000    1.515642000    0.103571200
1104    3.360682000    0.270288000   -0.383649800
1105    7.840454000    0.614879300   -0.874180800
1106    9.566461000    0.634443100    1.087593000
1107   -0.950000000    0.019562380    0.966908100
1108   19.743140000    1.631886000    1.031574000
1109   -0.950000000   -1.501836000    0.726959400
1110   -0.950000000   -0.591546500   -1.102807000
1111    8.194515000    0.487539400    0.968258100
1112    3.474469000    0.026138980    0.094757400
1113   16.897150000    1.604513000    0.224377500
1114   -0.950000000   -0.118269000    1.274301000
1115   17.293820000    1.128599000   -1.184973000
1116    4.572747000    0.127473800    1.102532000
1117    3.366131000   -0.264169500   -0.658226800
1118    2.451426000   -0.123262000   -0.906270100
1119   -0.950000000   -0.453406800   -0.019656210
1120    1.693967000    0.031077270    0.988806000
1121    3.651456000    0.097547900   -0.545083400
1122   11.403080000    0.828196400    0.668008800
1123    3.970244000   -0.039223360   -0.480816500
1124   19.300210000    1.665576000    0.884244400
1125    5.483740000    0.162637600   -0.746859900
1126   -0.950000000   -0.780445400   -0.642020800
1127   -0.950000000   -0.004171017    0.314147800
1128    4.922268000    0.579060400   -0.697038000
1129   -0.950000000   -0.610730200    0.152419100
1130    4.388018000    0.649313500   -1.524596000
1131   -0.950000000    0.022875820   -0.519961500
1132   -0.638608100    0.095221820   -0.821878700
1133   11.211940000    1.259899000   -0.922551300
1134    7.318967000    1.059590000    1.042326000
1135   -0.950000000   -1.904817000    0.089642190
1136   -0.950000000   -0.386105100    1.095704000
1137   -0.950000000   -1.917204000   -1.058389000
1138   -0.950000000   -1.302242000    0.100736300
1139   -0.950000000   -0.204414300    1.541588000
1140   -0.950000000   -0.778775500    0.757433400
1141    1.489448000    0.668288700    1.104447000
1142    9.817717000    0.578218100   -0.530375700
1143    2.618527000    0.420138200    1.148362000
1144   10.651620000    0.999827800   -1.360904000
1145   -0.950000000   -0.846490000    0.202841700
1146   -0.950000000   -1.370458000    1.500318000
1147    8.976048000    0.628496600    0.336276900
1148   -0.575823200   -0.209176800   -0.031379410
1149    2.535862000    0.196422300    0.035032280
1150   -0.950000000   -0.947821800   -1.394241000
1151    3.714566000    0.416363200    0.030902960
1152   12.903200000    1.160788000   -0.215763500
1153   -0.950000000   -0.358932800    0.561140600
1154    3.042557000    0.266653500   -0.300226500
1155   -0.950000000   -0.576503100   -1.415529000
1156   -0.950000000   -0.502413800    0.182187800
1157   -0.950000000   -0.735182500    1.207431000
1158   -0.889175400   -0.107359000    0.562717700
1159   -0.950000000   -0.639834500   -0.627388200
1160   -0.759808900   -0.299571000   -1.031142000
1161    2.715740000    0.964041200    1.725167000
1162   -0.950000000   -0.142346400    1.223505000
1163   -0.950000000   -0.587975800   -0.173653000
1164    9.709249000    1.296185000    0.124387300
1165   -0.462200700   -0.162658800    0.079482310
1166    8.395168000    0.495235500   -1.925126000
1167   24.287640000    1.939170000   -1.280176000
1168    6.403083000    0.642532100   -0.537887800
1169   -0.950000000   -1.598995000   -0.459584400
1170   -0.950000000   -1.775061000    0.762818000
1171   17.039700000    1.743314000   -1.705948000
1172    9.838208000    0.745514900    0.284322700
1173   17.044680000    1.289271000   -1.366164000
1174   18.145750000    1.460774000    0.736558400
1175   -0.950000000   -0.419989600    0.725968000
1176   17.133920000    1.284707000    0.780627900
1177    7.169894000    0.419305800    0.475731400
1178   -0.950000000   -0.753193500    1.805570000
1179    3.506225000   -0.031120010   -0.590671500
1180    5.704200000    0.596057300    0.272106800
1181    7.260988000    0.329542100   -0.829788200
1182    9.153673000    0.469721700   -1.020404000
1183   15.030340000    1.302720000   -0.149375200
1184    0.623364800   -0.223440200    0.011388680
1185   -0.950000000   -1.443117000    0.398645000
1186   15.766160000    1.340590000    0.481439900
1187   18.271650000    1.950967000    0.024351250
1188   -0.950000000   -1.159999000   -0.296982500
1189    1.367075000   -0.072321160    0.391072600
1190    3.519153000    0.190161700    0.884381200
1191    2.835658000    0.130296300    1.477767000
1192    3.945291000    0.037445950   -0.023245340
1193   -0.950000000   -0.683376800    1.459371000
1194   -0.950000000   -0.684814800   -0.238281000
1195    7.341132000    0.026788860   -1.463841000
1196   19.073930000    1.387924000    1.352120000
1197    4.208755000    0.137785700    1.538195000
1198    4.354970000   -0.119249700   -0.542720500
1199    8.291332000    0.603164300   -0.025492090
1200   -0.950000000   -1.418262000    1.780349000
1201   13.738880000    1.047892000   -0.030888860
1202   17.595020000    0.992283200    0.278507800
1203   -0.950000000   -0.669447000    0.153449700
1204    4.310814000    0.437631700    0.562974900
1205    6.399832000    0.444786000    1.598375000
1206    4.905579000    0.183665500    0.344457800
1207    8.037537000    0.491906100   -1.853302000
1208   -0.950000000   -1.263391000    0.504078000
1209   16.243810000    1.363229000   -0.387914000
1210   -0.950000000   -1.274773000    1.487385000
1211    3.649302000    0.080864140    0.093844040
1212    7.357981000    0.749708200    0.189928200
1213    9.432874000    0.363849800   -1.253140000
1214    7.265621000    0.396474400    0.660253900
1215    3.897974000    0.078655050    0.220095700
1216   20.451860000    1.395297000    0.817541300
1217   15.463440000    1.115868000   -0.274554000
1218   10.240460000    0.396630800    0.714610200
1219    7.731659000    0.508569600   -0.014128830
1220   21.248680000    1.488712000    1.486046000
1221   -0.950000000   -1.427786000    0.031290000
1222    1.599500000    0.195126500    0.793854100
1223   -0.950000000   -0.392826800   -0.596664100
1224   -0.089850580   -0.021018050    0.577283000
1225   -0.950000000   -0.772771000   -1.428600000
1226   -0.950000000   -0.892938600   -0.292035700
1227   -0.950000000   -1.561661000    1.337399000
1228    1.883369000   -0.031243160   -1.155171000
1229    3.821891000   -0.066406890   -0.806100200
1230   13.948790000    1.318896000   -0.083083610
1231   -0.950000000   -0.933142900    0.810508200
1232   15.397620000    1.346260000    0.030261490
1233   -0.516991300   -0.615970100    1.111254000
1234   -0.950000000   -0.425875300   -0.503790100
1235   -0.950000000    0.437883700    1.538587000
1236   -0.950000000   -0.092313980    0.527371700
1237   -0.950000000   -0.709079000   -0.905712200
1238   14.380540000    1.401746000   -0.413258700
1239   -0.950000000   -1.647172000   -0.664218800
1240   -0.950000000   -0.375792700   -0.312075700
1241    8.155192000    0.970253700   -0.197153300
1242   -0.950000000   -0.544447000   -0.152783600
1243   -0.950000000   -0.596122200   -0.623589600
1244   -0.950000000   -1.057269000    0.109021200
1245    5.705031000    0.424299000   -0.360282400
1246   19.570020000    1.881696000   -1.260605000
1247    8.308865000    0.471600900   -0.665136600
1248   -0.950000000   -0.734688300    1.539963000
1249    1.033306000   -0.222704000   -0.101026300
1250   25.272710000    1.721740000   -1.611121000
1251   13.219470000    1.040691000    0.393436300
1252    8.379172000    0.709623500   -0.128709300
1253   11.082790000    0.765750700   -0.573092200
1254   -0.950000000   -0.732971300   -1.670351000
1255   -0.950000000   -1.041339000    0.519999200
1256   10.196160000    0.903593100   -0.006003008
1257    3.569689000   -0.164252000   -1.074381000
1258    3.930128000    0.090066560    0.500445300
1259    9.350621000    0.970234500    1.775999000
1260   11.470750000    0.939239400   -0.003727102
1261   -0.950000000   -0.291179300   -0.716286300
1262   12.535880000    1.412438000   -0.156375600
1263    0.845670400    0.023389860    0.490399700
1264   -0.950000000   -0.850387800   -0.377393700
1265   -0.950000000   -0.632322300    0.225878900
1266   -0.950000000   -0.144308800    0.699824100
1267   -0.950000000   -1.112900000    0.406090900
1268    7.965064000    0.848424000   -0.449685300
1269   13.996500000    1.269292000   -0.020919450
1270   -0.950000000   -0.485984600    0.063745660
1271   12.185560000    1.539596000    0.246853000
1272   -0.950000000   -1.739125000   -0.516902300
1273   -0.950000000   -1.275938000   -0.448107600
1274    0.994505600   -0.001315075   -0.264431800
1275   16.334280000    1.798660000   -0.016095070
1276   10.620120000    0.567565700   -1.260105000
1277   -0.950000000   -1.484845000   -0.771230100
1278    7.882586000    0.520694000   -1.099626000
1279   17.879090000    1.415872000   -0.109859700
1280    9.467507000    0.711898600   -0.044341980
1281    8.792541000    0.752854600    0.061419150
1282   -0.950000000   -1.248156000   -0.715541600
1283    5.633190000    0.244684000   -0.659299500
1284   13.198940000    1.250984000    0.382865700
1285   -0.950000000   -1.010132000    0.476636700
1286    0.417956700    0.172880900    1.513344000
1287   11.262350000    0.990626100    0.830285900
1288   -0.950000000   -0.533949200   -0.349742200
1289    3.417939000    0.231164500    0.401877900
1290   -0.950000000   -1.351166000    0.684748200
1291    9.896308000    1.171571000    0.112079500
1292   -0.950000000   -0.047344690    0.137939800
1293    2.724159000    0.366341900   -0.108561800
1294   -0.950000000   -0.234302700    0.899687700
1295   17.803220000    1.414735000   -1.383991000
1296   -0.950000000   -1.721031000   -0.206094000
1297    0.551410000    0.205939000    0.628380700
1298   -0.950000000   -0.603112700   -0.525154500
1299   -0.950000000   -1.345086000    0.082425590
1300    4.438533000    0.487779900   -0.412192300
1301    2.019108000    0.447018500   -0.456001600
1302    2.927869000   -0.024770190   -1.056265000
1303    7.931446000    0.271031500   -1.534534000
1304   -0.950000000   -0.704251600   -0.347872900
1305   -0.950000000   -0.477894600    0.754291200
1306   23.515980000    1.800663000   -0.220045900
1307   -0.950000000   -1.290787000   -0.631919400
1308   -0.950000000   -1.364160000   -0.378649900
1309    8.018268000    0.688542700    0.951008700
1310   12.977140000    1.046711000   -0.411123400
1311   -0.950000000   -0.078053520    1.344289000
1312   -0.950000000    0.119308400    1.377530000
1313    9.406097000    0.442509300   -0.727583000
1314   -0.950000000   -0.633468300    1.022849000
1315   -0.950000000   -1.247856000    0.482877800
1316   -0.950000000   -0.933057300   -0.468384500
1317    9.358309000    0.864465500    0.353446100
1318   -0.950000000   -0.072948870    1.196136000
1319   19.080280000    1.820190000    0.550979800
1320    1.212009000   -0.301667500    0.121066800
1321   -0.950000000   -1.008022000    1.287194000
1322   -0.950000000   -0.793614200   -0.960348700
1323   -0.950000000   -0.439210700   -1.014560000
1324    0.754106000    0.084000090   -1.123302000
1325   -0.950000000   -1.368518000   -0.041871600
1326   -0.950000000   -0.300903300   -1.210689000
1327   11.105150000    0.768125300   -0.849564200
1328   -0.950000000   -0.517723700   -0.356760200
1329   12.271460000    1.232660000   -1.179881000
1330   -0.950000000    0.167370400    0.835021600
1331    4.474774000    0.681437200   -0.388818100
1332   -0.950000000   -0.709313000   -1.814315000
1333   10.540720000    0.904358100   -0.854059300
1334   11.343960000    1.205668000   -0.144597100
1335   -0.950000000   -0.724880300    0.691606500
1336   17.957700000    1.584416000   -0.974298700
1337    9.115819000    0.733215300    1.376506000
1338   20.928810000    1.310725000   -0.905224400
1339   -0.950000000   -0.532969800   -0.324007600
1340   15.332420000    1.981111000   -0.670618800
1341   -0.950000000   -0.422071200    1.038625000
1342   17.251290000    0.995906800    1.564095000
1343    5.781906000    0.474775200   -0.367135600
1344    3.251538000    0.218744400    0.068370240
1345   -0.950000000   -0.271434400    0.826242800
1346    1.821003000   -0.068303290   -0.249098500
1347   -0.950000000   -1.488302000   -0.905475700
1348   -0.950000000   -1.754059000    0.369794500
1349    4.106103000    0.135640500   -0.400155600
1350   -0.950000000   -0.714996000    1.105844000
1351    4.365652000    0.764442700    1.723561000
1352   10.974610000    0.553239900    1.348203000
1353    8.438730000    0.200257800    0.502030100
1354   10.162350000    0.549743100    0.516598700
1355    7.199651000   -0.186857300   -1.299127000
1356   -0.950000000   -0.862477600    0.964700600
1357   15.356710000    1.253494000   -0.198627400
1358   -0.950000000   -1.046341000    0.048223140
1359    5.122641000   -0.267497400   -0.514210300
1360   -0.950000000   -0.621611800    1.446770000
1361   12.957100000    0.357964700   -0.845185500
1362   17.919210000    1.495176000   -0.424721700
1363   -0.950000000   -0.463452600    1.813559000
1364    9.112996000    0.229736300    0.379229000
1365   13.909360000    1.267945000    1.927467000
1366   28.009190000    1.802490000   -0.142701100
1367   10.053940000    0.846636000   -0.493029200
1368   -0.950000000   -0.466350600    0.417909700
1369    3.246035000    0.203209200   -0.899309000
1370    8.641734000    0.828068100    0.570045200
1371   11.906530000    0.746469000   -0.102619800
1372   -0.950000000   -0.621869800    1.382386000
1373   -0.871040600    0.066504040    1.220931000
1374   -0.950000000   -0.509480700    0.835556300
1375    7.882488000    0.700043300    0.755421500
1376   -0.950000000   -1.488314000   -0.122709400
1377    4.769388000    0.290380000   -0.134890900
1378    2.469296000    0.474758800    0.772731300
1379   -0.950000000   -0.404920300   -0.237550700
1380   -0.950000000   -0.779115200    0.203270500
1381    2.583560000   -0.182423300   -0.027084030
1382   23.928460000    1.777564000    0.510749800
1383    4.652564000    0.089445190   -0.806333400
1384   12.450510000    0.948492400   -0.190903400
1385    0.039910550   -0.412472700    0.276573900
1386   -0.950000000   -1.693301000    1.675618000
1387   10.649260000    0.499263700   -0.714045600
1388    2.981854000   -0.026240770    0.825371400
1389    8.373462000    0.266252400   -0.019572760
1390   -0.950000000   -1.003173000    0.614786500
1391   16.134270000    1.235257000    0.158102400
1392   17.316020000    1.369671000   -0.753120200
1393    2.089488000   -0.431583300   -0.903689100
1394   14.996880000    0.809861600    0.893963200
1395   12.345090000    0.799065400    0.386260200
1396   -0.950000000   -1.564204000   -0.825712900
1397   -0.950000000   -0.361312500   -0.134202600
1398    8.595699000    0.820748300   -0.633464900
1399    6.202543000    0.648977100   -0.747179800
1400   -0.950000000   -0.616260100    0.419861600
1401    1.243753000    0.089377140   -0.222042600
1402    5.658820000    0.522431700   -0.580391600
1403   11.730360000    1.118922000    0.516450400
1404    1.645739000    0.020799850   -0.462448400
1405   10.243270000    0.981195200    0.507034900
1406   -0.950000000   -1.813685000    1.007081000
1407    5.489682000    0.514230900    0.091284020
1408    1.067971000   -0.052403760   -0.932548700
1409    8.036785000    0.784309100   -0.471075800
1410    6.492255000    0.563945700    0.592322100
1411   14.736620000    1.208165000   -0.453228300
1412    2.699704000    0.458502900    0.230379600
1413   -0.950000000   -0.060137380    0.518568200
1414    0.105877200    0.437613400    0.460799500
1415   -0.950000000   -0.275240000   -0.186708400
1416    0.773284900    0.226278800   -0.091792270
1417    3.874210000    0.573368600    0.624075100
1418    4.163235000    0.326461300   -1.050565000
1419   -0.950000000   -0.506133800    0.908254700
1420    4.264884000    0.139860500   -1.656755000
1421   -0.950000000   -0.011019550    0.965249200
1422   -0.950000000   -0.800679900   -0.739124600
1423   -0.950000000   -0.199075400   -0.236270600
1424   -0.950000000   -0.517650300    0.612948900
1425   -0.950000000   -0.890551300    0.484170100
1426   17.075290000    1.272765000    1.034646000
1427   16.963250000    1.545645000   -1.078447000
1428    8.465683000    0.190229400   -0.682400100
1429   11.646080000    1.106859000    0.710793600
1430   12.057530000    0.477028500    0.335557900
1431   -0.950000000   -1.659458000    1.124044000
1432   12.783220000    0.975638100   -1.827730000
1433   -0.950000000   -1.523403000    1.048385000
1434   -0.950000000   -0.990554500    0.893791200
1435   15.454370000    1.417360000    0.222278700
1436   -0.950000000   -0.543707900    1.733631000
1437    2.761816000    0.047810250   -0.029347030
1438   -0.950000000   -1.192341000    0.427294200
1439   10.280120000    0.994882900    0.069982880
1440    0.466221800   -0.330019300    0.933940800
1441    8.585184000    0.764210600    0.754993500
1442   -0.950000000   -0.429008200    0.333736300
1443   -0.950000000   -1.232344000   -0.261964900
1444   21.714930000    1.888366000    0.082809530
1445   -0.950000000   -1.417264000    0.903813000
1446   -0.950000000   -1.050915000   -0.416011000
1447    6.771737000    0.361608100   -0.384815500
1448    9.918254000    1.210178000    1.474153000
1449    3.078062000    0.166384500   -0.416170100
1450   16.679280000    0.768678700   -1.227823000
1451    4.129363000    0.340858100   -0.638130200
1452   15.024690000    1.168698000   -0.831144900
1453   15.353740000    1.471991000   -1.046656000
1454    1.890855000    0.006259833   -1.143253000
1455   11.860610000    1.101019000   -0.553044600
1456   -0.950000000   -0.957192600    1.993702000
1457   13.393210000    1.273657000   -1.792921000
1458    0.117159000   -0.046118780   -0.680155200
1459   -0.950000000   -0.890064000    0.081709800
1460    4.760551000    0.536471300   -0.437746500
1461    0.778359500    1.180775000    1.390809000
1462   -0.950000000   -0.555568800    0.364677200
1463   -0.238242800   -0.012511090    0.375678000
1464   -0.950000000   -0.660024500    0.650374700
1465   -0.950000000   -0.061389350    0.513012400
1466    0.291303200   -0.098347720   -0.035183820
1467    2.416701000    0.519406600   -0.108679400
1468   -0.950000000   -1.439203000   -1.566088000
1469    4.880539000    0.580765200    0.646935200
1470   -0.950000000   -1.240354000   -0.127764100
1471   -0.025591570   -0.438721000    1.522574000
1472   -0.950000000   -1.305418000    0.994439000
1473    7.958596000    0.352102800   -0.354208900
1474   -0.950000000   -0.964967700    0.003944096
1475   -0.950000000   -1.528186000   -1.158863000
1476   -0.950000000   -1.394771000    1.803878000
1477   18.045100000    1.719056000    0.448237700
1478   17.523140000    1.689675000    1.056321000
1479   18.198120000    1.237789000    1.080949000
1480   10.696680000    0.515423800   -0.552853300
1481   15.184290000    0.955041200   -1.016628000
1482   15.219610000    1.116949000   -0.361119600
1483   -0.950000000   -1.386015000   -0.076661210
1484   -0.950000000   -0.824203500   -0.800003500
1485    0.155012600   -0.147258700    0.632838600
1486    2.624740000   -0.217940800   -1.445110000
1487   -0.950000000   -0.624366700   -1.599986000
1488   10.892800000    1.034425000    0.308582400
1489   -0.950000000   -0.281323000    0.328755000
1490    5.574843000    0.220387700   -0.616796300
1491   10.798430000    0.955381900   -0.978872900
1492   -0.950000000    0.056193490    0.507423300
1493   -0.950000000   -1.829224000    0.802837800
1494    5.170440000    0.557310200    1.086751000
1495   19.309000000    1.346152000   -1.585772000
1496    0.310154100    0.081574490    0.585487100
1497   -0.950000000   -1.038466000    1.232246000
1498   -0.950000000   -0.180312100    0.254446100
1499    1.945590000    0.395238000    0.939602300
1500    6.075522000    0.549753100    0.140239600
