*y  x1  x2
   1   -0.950000000   -0.151606100    0.590741300
   2   -0.950000000   -0.879400700   -1.195378000
   3   -0.950000000    0.113302600    1.793672000
   4   -0.950000000   -0.770868500   -0.796463400
   5   -0.950000000   -1.817518000   -0.493852100
   6   -0.950000000   -0.488912200    0.030744640
   7   -0.950000000   -1.092825000    0.946467700
   8    9.597702000    1.131277000   -0.059645400
   9   -0.950000000   -0.950473300    0.035533940
  10   -0.950000000    0.133959300    1.117930000
  11    4.486123000    0.862059100   -0.693649100
  12    7.677225000    0.806609600    0.042757890
  13   -0.950000000   -1.834629000    0.384306400
  14    8.348835000    0.986965400    0.348680800
  15   -0.950000000   -1.081276000   -0.159117800
  16   -0.950000000   -0.510042000   -0.496998600
  17   -0.950000000   -0.128348600    0.546822400
  18   -0.950000000   -0.236575900    0.011560510
  19   -0.849741300   -0.174359000    1.676704000
  20    6.769313000    0.910704900   -0.405667600
  21   12.357390000    1.409062000   -0.347619300
  22   -0.950000000   -1.108137000    1.363344000
  23    2.879411000    0.209156200   -0.507089500
  24    1.158948000   -0.000936515   -0.804802200
  25    3.208258000    0.137074500   -1.780740000
  26    4.188549000    0.254068600   -0.693966500
  27    7.215015000    0.655374300    1.504733000
  28   -0.950000000   -1.995791000   -0.875726300
  29    1.186087000    0.195586800    0.305816700
  30   -0.950000000   -0.652558200    0.880124200
  31   -0.950000000   -0.716052800   -0.272406300
  32    3.457994000    0.830284100    1.522603000
  33    7.400527000    0.293576300   -0.072175520
  34    5.573146000    0.183396900    1.229644000
  35    4.032133000    0.311829900    1.561733000
  36   -0.950000000   -0.822940500    0.087698900
  37   -0.608813300   -0.213691800    0.873679600
  38    5.460226000    0.076369070    1.034432000
  39   -0.950000000   -0.478576300    0.478130600
  40   12.738660000    0.488292700   -0.995242000
  41   18.892640000    1.417393000    0.558766700
  42   -0.950000000   -1.003051000    1.178914000
  43    2.502641000   -0.031644770    0.681931500
  44   -0.950000000   -0.308827000    0.949009800
  45   -0.950000000   -0.724645600    0.262647000
  46   13.543690000    1.135334000   -0.433005800
  47   -0.950000000   -0.926133300   -0.014142490
  48   13.290630000    1.181167000    1.669328000
  49    2.645297000   -0.103622100    0.073052590
  50   -0.950000000    0.623518900    1.891482000
  51   -0.950000000   -1.632279000    0.732424500
  52   13.323060000    0.887693300   -0.256699300
  53    1.526774000   -0.328761100   -0.052441520
  54    1.794982000   -0.024859820    0.454433800
  55    7.106301000    0.647116000    1.841919000
  56    0.196144000   -0.439037600   -0.434129600
  57    4.037820000    0.039196970   -0.053784580
  58   14.280090000    1.223848000   -0.425215600
  59   -0.950000000   -1.406709000    0.766023400
  60   -0.422107700   -0.387294700   -0.317378300
  61    0.432740500    0.366394200   -1.459709000
  62   -0.950000000   -0.118123900    1.223853000
  63   -0.950000000    0.018509510    0.733026900
  64    1.542008000    0.359969800    0.389313000
  65   -0.950000000   -1.943354000   -1.396091000
  66    2.327730000    0.301782100   -1.077219000
  67    4.077008000    0.637897600   -0.163771100
  68   -0.950000000   -0.915637400    0.585295100
  69   -0.855675300    0.315727900   -0.051391660
  70    6.806644000    1.108971000   -1.310211000
  71    3.777458000    0.570750300   -1.261327000
  72   -0.950000000   -0.004219842    0.165527000
  73   -0.950000000   -0.474404300   -1.003195000
  74    4.393179000    0.692321800   -0.169485600
  75    0.090857440    0.129401200   -1.700335000
  76   14.790220000    1.053254000   -0.663637900
  77    9.205884000    0.704882600    1.334541000
  78   -0.950000000   -0.718046400    0.398536200
  79    0.165705900   -0.116116700    0.149090400
  80    1.482146000   -0.183913600   -0.524373600
  81    0.606183800   -0.097393820    1.287051000
  82    5.570362000    0.284642600    0.384209400
  83    5.067427000   -0.106595000   -1.125070000
  84   14.574300000    0.871967900   -0.704065600
  85   -0.950000000   -0.834277600    1.826130000
  86   19.917070000    1.196873000   -1.208408000
  87    9.065206000    0.544071800   -0.676604800
  88    4.924667000   -0.021532690   -0.877879800
  89   -0.950000000   -0.111657900    1.655159000
  90    1.193589000    0.202653600    0.659436700
  91   -0.950000000    0.261038300    1.382765000
  92   -0.950000000   -1.844127000   -0.388120300
  93   -0.950000000   -0.803282900    0.344287600
  94   -0.950000000   -0.141529700   -1.081022000
  95   -0.950000000   -0.788592900   -1.142112000
  96   -0.950000000   -1.574858000    0.145895000
  97   -0.950000000   -1.383912000   -0.384116900
  98   10.503880000    1.480802000   -1.227252000
  99   -0.950000000   -1.508798000    0.444023000
 100   -0.950000000   -0.391733800    1.777269000
 101   -0.950000000   -1.393075000    1.167598000
 102    1.430408000    0.201044000   -1.105000000
 103    2.129993000    0.628840300   -0.935096000
 104    1.074767000    0.520384200    0.262413200
 105   -0.950000000   -0.215991800   -0.122239000
 106   -0.950000000   -0.830180400    0.606117100
 107   -0.950000000   -1.876562000   -0.324606900
 108    2.527455000    0.432217200    0.949147300
 109   -0.950000000   -0.662800900    0.673225500
 110   -0.950000000   -0.273052700    1.964716000
 111   13.308150000    0.891593100    0.389425300
 112   15.930550000    1.036309000   -0.235747500
 113   -0.950000000   -0.288159400   -0.098732300
 114   -0.950000000   -0.602417700   -0.275251500
 115    6.321958000    0.466607900    0.077292800
 116    2.734507000    0.227538000    0.678948100
 117   14.504900000    1.218061000    0.109234300
 118   -0.950000000   -0.548438700    0.377091800
 119   16.007260000    1.266628000    0.273854200
 120   11.085790000    0.954404900   -0.644593300
 121   20.496930000    1.367385000    1.200953000
 122    0.821509800    0.286572600    1.147017000
 123   -0.950000000   -1.550161000    0.185235100
 124   -0.950000000   -0.694018400    0.346943000
 125    7.938716000    0.348367300   -1.250017000
 126   -0.950000000   -0.767920000    0.681762100
 127   -0.950000000   -1.411313000   -0.224199100
 128    0.696693500   -0.230731400   -1.022020000
 129    1.331610000    0.557120000    0.451925200
 130    4.433049000    0.347685200    0.068479640
 131    9.504585000    1.006564000   -0.570763000
 132    6.921125000    0.834965800    0.433072300
 133   -0.950000000   -1.230417000    0.893126400
 134   -0.950000000   -0.374936200    0.427008500
 135    8.241965000    0.692778400   -1.095238000
 136   -0.950000000   -0.979272400   -0.093269030
 137   12.362860000    1.228979000    0.508195700
 138   -0.950000000   -0.655671400   -1.099829000
 139    6.747984000    0.555939000    0.781136500
 140    0.935550100    0.365203500    1.298881000
 141   -0.950000000   -0.522426000   -1.467165000
 142   -0.950000000   -0.143361700    0.844095400
 143   -0.950000000   -1.080257000    0.397186300
 144   -0.950000000   -1.926731000   -0.812119100
 145   -0.950000000   -0.369621800    0.323826400
 146   -0.950000000   -0.400858100   -0.386119700
 147   -0.468623700   -0.034802840   -0.609650000
 148    4.504227000    0.386333700   -0.686146600
 149    3.016804000    0.538550500    0.488592200
 150    3.771598000    0.376849900   -1.122060000
 151    0.391308000    0.385459300    0.418541300
 152    0.388069100    0.077638050   -0.573350200
 153   -0.950000000   -1.183848000    0.232508400
 154    4.422569000    0.478329900   -0.584769300
 155    2.124772000    0.305629400   -0.222545200
 156    9.664441000    1.445280000    1.170772000
 157   -0.950000000   -1.486612000   -0.813478400
 158   10.076440000    0.574377400   -1.103772000
 159    9.705851000    0.743175700   -1.677112000
 160   -0.950000000   -0.682665000    0.544630400
 161   -0.950000000   -0.557856000   -1.750691000
 162    3.306266000    0.700410600    1.315911000
 163    7.119522000    0.979025500    1.005001000
 164   -0.950000000   -0.532939900   -0.009581143
 165   -0.950000000   -0.352171500   -0.062735570
 166   -0.950000000   -1.109476000   -0.115625400
 167   -0.950000000   -0.823998300   -0.019988070
 168    5.971828000    0.332039500   -0.661031100
 169    0.891784700   -0.190756200   -0.363145500
 170    3.404200000    0.148764000   -0.445777100
 171    3.682497000    0.263577300    0.360100500
 172   -0.950000000   -1.296203000    0.388657500
 173    6.963446000    0.618687800    0.640414300
 174   18.600780000    1.656966000   -0.203384300
 175    6.648546000    0.530393700    0.240717900
 176    1.021883000   -0.021605190    0.387544000
 177   -0.950000000   -1.379649000   -0.674732400
 178   14.321560000    1.258836000   -0.542424400
 179    6.373631000    0.117366400    0.061459990
 180    2.629612000    0.460921400    0.750029300
 181    0.696300400    0.220861300    0.978899900
 182   14.199360000    1.280200000    0.067145800
 183   -0.950000000   -0.754212400   -0.294645600
 184   16.418820000    1.740101000    1.205460000
 185    2.259881000    0.268749400    0.084925160
 186   -0.950000000   -0.420367400   -1.320473000
 187   15.393640000    1.212479000   -1.892978000
 188   -0.950000000   -0.879052300   -1.465593000
 189   -0.950000000   -0.528909100    1.613045000
 190   -0.950000000   -0.306085400   -0.589942800
 191   11.791820000    1.872164000    0.648251400
 192   -0.950000000   -1.700170000    0.125556500
 193   -0.318614600    0.532939400    1.842259000
 194   -0.950000000   -1.610693000   -0.845258900
 195    5.246232000    0.346181300   -0.609955400
 196   12.050170000    1.098334000   -0.698713300
 197   17.578310000    1.856268000   -0.129346600
 198   -0.397896800   -0.185252300   -0.230803900
 199    6.629232000   -0.061164010   -1.839220000
 200   -0.950000000   -0.429964100   -0.370717700
 201    8.329046000    1.258648000    1.326223000
 202    6.316496000    0.702853300   -0.101086500
 203   11.895420000    1.327691000    1.013113000
 204    2.741722000    0.707950100    0.646139800
 205   -0.714303700   -0.071872970    1.015474000
 206   13.730420000    0.744668800   -1.478209000
 207    2.570540000   -0.001054841   -0.974127900
 208   17.020950000    1.034141000   -1.131538000
 209   11.747370000    1.806621000    0.321767100
 210   -0.950000000   -0.641789300    0.747703000
 211    2.384456000    0.217701700   -0.563313300
 212   -0.950000000   -0.810324400   -0.257063400
 213   -0.950000000   -0.973287200   -0.654561200
 214   -0.950000000    0.050829030   -0.674469200
 215    0.659621300    0.616304000    0.885309000
 216   -0.950000000   -0.139675500    0.931631600
 217   -0.950000000   -0.021493290   -0.899194400
 218   -0.950000000   -0.775371200    1.236431000
 219   -0.950000000   -1.761933000   -1.144060000
 220   -0.950000000   -0.567245300   -0.475187500
 221   -0.950000000   -0.742552400    0.085521830
 222   -0.950000000   -0.967519600   -0.665964500
 223   -0.950000000   -0.235280400   -1.391741000
 224   18.126250000    1.984306000    0.477426700
 225   -0.950000000   -0.312584100   -1.619096000
 226   21.312810000    1.207636000    0.864002800
 227   10.914130000    0.586847300   -0.066076730
 228    6.905958000    0.118254500    1.321874000
 229    5.554776000    0.288000200    1.664069000
 230    7.264921000   -0.005213351   -0.119297100
 231    9.746341000    0.078743380    1.408870000
 232   -0.950000000   -1.308222000    0.616039500
 233    5.350056000   -0.349373500   -0.524230500
 234    4.467451000   -0.321797900   -0.838819700
 235   21.762640000    0.921514400    1.956385000
 236   16.669270000    0.971571600    0.697502400
 237   10.083780000    0.692326600    0.589355900
 238   10.592180000    0.326189600    0.705874800
 239   -0.950000000   -1.100828000   -0.296342700
 240   19.666150000    1.561281000    1.529061000
 241   -0.950000000   -0.042110180    0.376422400
 242    9.987233000    1.004362000   -0.544822800
 243    6.243195000    1.336603000    1.320097000
 244   -0.071822470   -0.129982200   -0.806424000
 245   -0.950000000   -0.545702100    0.023218590
 246    2.092695000    0.103253600   -0.192319200
 247   -0.950000000   -0.858766200   -0.324607400
 248   -0.950000000   -0.929708900    1.192006000
 249    3.565049000    0.314346900   -0.725933600
 250    8.723932000    1.357756000    0.795831500
 251    0.911050000   -0.009828509   -0.721528800
 252   -0.950000000   -0.818589900   -1.978726000
 253    5.694168000    0.462224600   -0.309310400
 254   -0.361741700   -0.044925630   -0.128239400
 255   -0.950000000   -0.558676800    1.060186000
 256   15.622880000    1.746478000    0.148073700
 257    9.995670000    0.899911900    1.016918000
 258    7.123891000    0.812503500    0.036740490
 259   -0.950000000   -0.209625300    1.170428000
 260   -0.950000000   -0.663107200    0.783056700
 261    2.200462000    0.099738490   -0.107384100
 262   -0.950000000   -0.542851900    0.513226600
 263   -0.950000000   -1.308990000    0.317427600
 264   -0.950000000   -0.394556300    0.220388100
 265   -0.950000000   -1.178429000   -0.593968100
 266    6.234357000    0.597393200    0.153679300
 267   -0.950000000   -1.297169000   -1.657223000
 268    5.078446000    0.600486400   -0.290559600
 269   -0.950000000   -0.746733000    0.191166400
 270    0.491383100    0.059751700    0.188067300
 271   -0.950000000   -0.903644200    1.948441000
 272   23.437850000    1.705401000   -0.509105600
 273   -0.950000000   -0.923226700    0.199128100
 274   -0.950000000   -0.785404100    0.587379100
 275    3.173878000   -0.229072900   -0.267643400
 276    4.429238000    0.328724400    0.229747200
 277   13.852560000    1.125701000   -0.659399200
 278    6.706726000    0.722723200    0.635818900
 279   -0.950000000   -0.705620800    0.431421900
 280    9.919747000    0.592601300    1.289172000
 281   14.161570000    1.430726000   -0.773523800
 282    1.723784000    0.000908208    0.776004000
 283   11.741590000    1.042098000   -0.225902800
 284    7.043331000    1.018603000    0.848484100
 285   -0.950000000   -0.272622700    0.535293300
 286   12.789400000    1.641871000   -1.504872000
 287   -0.950000000   -0.850194800    0.627080100
 288   -0.950000000   -0.694985000   -1.104594000
 289   -0.950000000   -0.866471300    0.476958300
 290   -0.950000000   -0.389454900    1.370245000
 291   23.651150000    1.873389000    1.807618000
 292    8.117312000    0.480182900   -0.094692990
 293    8.138371000    0.661682900    0.114893500
 294   11.717890000    1.084354000    1.878381000
 295    8.288033000    0.378667900    0.217659500
 296   17.624490000    1.188987000   -1.055516000
 297    3.153526000    0.098741160   -0.783781400
 298    1.188048000   -0.162727000    0.218331900
 299    8.619502000    0.511826400   -0.371231700
 300    7.678712000    0.311646500   -1.491630000
 301    2.247869000    0.448399000    0.676977900
 302    9.667300000    1.257638000   -0.586872500
 303    3.300970000    0.160554600   -1.271154000
 304   -0.415888400   -0.370581000   -1.695429000
 305   -0.950000000   -0.243875000    0.132073400
 306   -0.950000000   -0.359607000    1.196560000
 307   -0.950000000   -1.334609000   -0.602823200
 308   -0.950000000   -0.387869100   -0.539410800
 309    5.058660000    1.005995000    1.104975000
 310    3.212983000    0.120660000   -0.947349300
 311   -0.950000000   -0.901093500    0.303838200
 312   -0.950000000   -1.022286000    1.576934000
 313   -0.950000000   -1.207046000    1.724750000
 314   -0.950000000   -0.933254900   -0.450938700
 315    6.747545000    0.804624700    0.499374500
 316   12.955300000    1.047802000   -1.536923000
 317   -0.950000000   -0.993104900   -0.155226900
 318   -0.950000000   -0.266705200    1.947702000
 319   -0.950000000   -1.438546000   -0.724561100
 320   -0.950000000   -1.575383000   -0.749418300
 321   -0.950000000   -0.259126900    0.489314700
 322   -0.950000000   -0.072391370   -0.061860370
 323   -0.950000000   -1.124568000   -0.849576000
 324   -0.950000000   -0.122533800   -0.266710400
 325   -0.950000000   -0.358246200   -0.353313800
 326   22.375500000    1.606984000   -1.378728000
 327   -0.812892300    0.391015300    1.523440000
 328   -0.950000000    0.179622100    0.089761390
 329   -0.950000000   -1.588841000    0.686917100
 330   -0.950000000   -0.116379300   -0.615490000
 331   -0.950000000   -1.915741000    0.576196000
 332   -0.950000000   -0.138237700   -1.433689000
 333   -0.950000000   -0.634256500    0.356093900
 334   -0.950000000   -1.171675000    1.996669000
 335   -0.950000000   -1.161349000    1.098430000
 336    9.465270000    1.513270000    0.070067030
 337   -0.950000000   -0.690111700   -0.651010500
 338    8.548614000    1.315526000    0.966320300
 339    9.077398000    0.886394400   -1.100091000
 340   -0.950000000   -0.962592700   -1.888338000
 341   -0.950000000   -0.523177400    0.643596000
 342   -0.950000000   -0.126679300    0.053691500
 343   -0.950000000    0.335345100    0.941081700
 344   -0.950000000   -0.723548100   -0.669396400
 345   -0.950000000   -0.576573300   -0.759806300
 346   11.531020000    1.093098000   -1.294195000
 347   -0.950000000   -0.587815000   -1.187102000
 348    5.686059000    0.407710400   -1.256744000
 349    1.549516000    0.347775900   -0.763799900
 350    8.985981000    0.845891700   -1.170036000
 351    6.745574000    0.556224000   -0.969495400
 352    6.138913000    0.634338600    0.614954000
 353   -0.950000000   -0.146984800    0.334796000
 354   -0.950000000   -0.748586500    0.387608600
 355    3.229218000    0.412308800   -1.210719000
 356    8.119918000    0.424933900   -1.494545000
 357   -0.950000000   -0.157071300    0.295471400
 358   -0.950000000    0.226271200    1.567422000
 359    6.872367000    0.521922500    1.735119000
 360   -0.950000000   -0.547378400    1.095369000
 361   -0.950000000   -1.284028000    0.667262900
 362   12.691020000    0.851645800   -1.251678000
 363   13.688080000    1.237837000    0.880544700
 364   -0.950000000   -0.667705100    0.641317700
 365    5.740521000    0.449580200    0.596582400
 366   -0.950000000   -0.119247400   -0.191758000
 367   -0.950000000   -0.766717500   -0.366059300
 368   -0.950000000   -0.074668000    1.901014000
 369   -0.003629503   -0.097377240   -0.674131900
 370   -0.950000000   -0.114806700    0.180287200
 371   -0.950000000   -0.881277800    0.344491400
 372    1.887022000    0.196116800    0.362002300
 373   -0.950000000   -1.749230000   -0.537902400
 374    3.123294000    0.546136200    0.529083700
 375   -0.950000000   -0.304396300   -0.567557000
 376    3.956985000    0.323066300    1.387255000
 377    7.800874000    0.425128200   -0.557390900
 378   28.621860000    1.889757000   -1.454971000
 379    1.181620000   -0.346283200    0.322340300
 380   -0.950000000   -0.978858200   -0.418661200
 381    7.025047000    0.380587000    0.546858200
 382    9.046282000    0.519334100   -0.432786600
 383    9.693232000    0.617031200    0.014822290
 384    9.448905000    0.634046500    0.078550650
 385   -0.950000000   -0.710022100    0.259147500
 386   -0.950000000   -0.740963300    0.562955600
 387   12.164740000    0.878091300    0.582163300
 388   17.985440000    1.087126000    1.162855000
 389    4.574593000   -0.544250900   -1.627787000
 390    9.319318000    0.408451300   -0.861143400
 391   -0.455550600   -0.086069510   -0.707737200
 392   13.592940000    1.097091000    0.501384200
 393    7.707472000    0.511012600   -1.047235000
 394   -0.950000000   -0.309536300   -1.584777000
 395   -0.950000000   -0.544653500    1.938197000
 396    1.868019000    0.377274900    0.463667600
 397   -0.950000000   -0.509255400   -0.425097000
 398   -0.950000000   -0.425061400   -0.419986200
 399   -0.950000000   -1.810849000    0.479465500
 400    0.675249300    0.127238700   -0.585976600
 401    2.513208000    0.506063000    0.581256600
 402   -0.950000000   -1.602065000    0.810055500
 403   11.168970000    1.097487000   -0.484450000
 404   15.989580000    1.182069000   -1.671047000
 405    2.689892000    0.259707900   -0.504191800
 406   -0.950000000   -1.533841000   -0.135480100
 407    1.172009000    0.011603650    0.489889400
 408   -0.950000000   -0.407818500    1.200518000
 409   -0.950000000   -0.266653900    0.391917700
 410    6.948053000    0.510366700   -0.672847500
 411   -0.950000000   -1.434924000    0.982046900
 412    3.382445000    0.060575350    0.406897700
 413    2.692601000    0.370791200    0.930938500
 414    3.845465000    0.188581600    1.206242000
 415   -0.950000000   -0.710257800    0.332346100
 416   20.721300000    1.702379000   -0.431945000
 417    0.919946400   -0.149576100   -1.593183000
 418   -0.950000000   -1.546801000    0.160036100
 419    3.128793000   -0.305100700   -1.865777000
 420    9.589200000    0.785891300   -0.604642200
 421   11.591270000    1.495215000   -0.043198420
 422   -0.950000000   -1.585003000   -1.683839000
 423   -0.950000000   -1.147069000    0.256034300
 424   -0.950000000   -0.483553700   -0.246702500
 425   -0.950000000   -1.334970000    1.003473000
 426   -0.331596900    0.245511900    1.190433000
 427   -0.950000000   -0.260538500   -0.281456900
 428   -0.950000000   -0.701720500    1.598187000
 429   -0.950000000    0.100469300    0.070299110
 430    4.547915000    1.111767000    1.005288000
 431   -0.950000000   -1.939931000    0.006881863
 432   -0.950000000   -1.131027000   -0.952642000
 433   -0.950000000    0.049426060    0.524966100
 434    5.093758000    0.452754400    1.080346000
 435    8.716176000    0.938201000   -0.667397400
 436   -0.950000000   -0.969634500   -1.072236000
 437   14.771400000    1.222266000    0.854315000
 438   12.252730000    1.055196000    0.055905290
 439   18.762120000    1.552651000   -0.360186600
 440   -0.950000000   -1.093582000    1.166298000
 441   22.653400000    1.703571000   -1.635695000
 442   18.594290000    1.240304000    0.136759500
 443    9.818374000    0.846340700    0.143564700
 444    1.022117000   -0.288248300    0.004554816
 445    0.303397900   -0.366938200   -0.756264300
 446    0.085883140   -0.340279100    0.548818200
 447    7.281299000    0.476084900   -0.284938100
 448    4.704623000    0.372214800   -0.254927100
 449   -0.950000000   -0.741305300    0.650627400
 450   -0.950000000   -0.761371100    0.479844300
 451   -0.950000000   -0.277261200   -0.381274800
 452   -0.950000000   -0.489430600   -1.619240000
 453   -0.950000000   -0.528640900   -1.254898000
 454   -0.950000000   -1.964519000    1.162908000
 455    1.725141000    0.423612800   -0.064369630
 456   -0.950000000   -0.597820400   -0.985009200
 457   -0.950000000    0.064687420   -1.465382000
 458   -0.950000000   -1.101487000   -0.681813900
 459    6.037226000    1.184773000   -0.431917700
 460   -0.950000000    0.314538200    1.691680000
 461   -0.950000000   -0.458673100    0.921878000
 462   -0.826899400   -0.085578150   -1.766524000
 463   -0.950000000   -0.450532300    0.540022200
 464    2.148996000    0.364780200   -1.153135000
 465   -0.950000000    0.404975300   -0.350329000
 466   -0.950000000   -0.290595800    0.753575400
 467   -0.950000000   -1.919590000   -1.628154000
 468   -0.950000000   -0.184458700   -0.003063404
 469   -0.950000000   -1.331165000   -0.454537200
 470    2.967212000    0.571721100   -0.315676000
 471   -0.950000000   -0.204786200   -0.193899800
 472   -0.950000000   -0.005705507   -0.089072900
 473    5.066939000    0.638116000   -1.029622000
 474   17.134490000    1.824706000    1.104329000
 475   10.940260000    1.557298000   -0.005846748
 476   -0.950000000   -0.723245300   -0.309917300
 477    0.613097800    0.370527300   -1.256508000
 478   -0.950000000   -1.519961000   -0.560417300
 479    7.676197000    0.838215100   -0.087933090
 480   -0.950000000   -0.903306800   -0.483925800
 481    7.680875000    0.959088400   -0.239773000
 482   -0.950000000   -0.490699600   -0.889304800
 483   -0.950000000   -1.433073000    0.801704500
 484    1.985230000    0.082018550   -1.455843000
 485   -0.950000000   -0.561288600    0.561508400
 486   -0.950000000   -0.640703700    0.150786200
 487   -0.950000000   -0.306943300   -0.833625600
 488    3.978563000    0.500560600   -0.139762100
 489    7.184907000    1.053470000    0.119549300
 490    1.330579000   -0.147654700   -1.504323000
 491   -0.950000000   -0.204469900    1.922109000
 492    7.432826000    0.940208300    0.093517680
 493   -0.950000000   -0.300019900    0.535441100
 494    2.570458000    0.569699200    0.613836200
 495   -0.950000000   -0.698293700   -0.557570900
 496   -0.950000000   -1.831459000   -0.162371000
 497    2.173571000    0.405007800   -0.292469300
 498   -0.950000000   -1.569452000   -0.852068300
 499   -0.950000000   -0.843417700    0.307461900
 500   -0.950000000   -1.076406000    0.379716800
 501   -0.950000000   -0.329306000    1.124566000
 502    0.892108400    0.156732900    0.031790100
 503   -0.950000000   -0.349886300   -1.104423000
 504    3.724214000    0.439865600    0.138434900
 505   -0.950000000   -0.963287700    0.878716200
 506   -0.950000000   -0.239935900   -0.336053000
 507   -0.950000000   -1.228002000   -0.038591950
 508    7.082241000    0.856143300   -0.200085500
 509   10.097360000    1.721481000    1.101772000
 510   -0.950000000   -0.812208100    1.000428000
 511   10.618200000    1.072767000    1.489241000
 512    5.565572000    1.060325000    0.593192700
 513   15.958980000    1.307844000   -0.695307500
 514   -0.950000000   -1.444273000   -0.932146600
 515   17.993070000    1.104312000    0.945844700
 516    9.010705000    0.685462800   -1.358538000
 517    6.789266000    0.040999210   -1.501332000
 518    0.946218800    0.039701620    1.259292000
 519   10.239650000    0.804476300   -0.496860700
 520   -0.846838700   -0.249199200    0.174954300
 521    4.030338000    0.090442960   -0.022211260
 522    3.076455000    0.024832890   -0.369799600
 523   -0.950000000   -1.392764000    0.583780600
 524   -0.950000000   -0.341052900    0.924897400
 525   14.699410000    1.190652000    0.023261740
 526   -0.950000000   -1.350973000    0.407610300
 527    2.925526000    0.662459200    0.783479700
 528   -0.950000000   -1.220917000    0.806978500
 529   -0.950000000   -0.958587800   -0.816312700
 530   -0.841220900    0.274091400   -1.961387000
 531   -0.950000000   -0.694237100   -0.311707600
 532   -0.950000000   -0.737498200    0.379464900
 533   -0.950000000   -0.842485500    0.019443660
 534   15.288100000    1.776624000    0.958787300
 535   -0.950000000   -0.204623600   -0.167694500
 536   -0.950000000   -0.928522600    1.134669000
 537   -0.950000000   -1.811471000   -0.540770800
 538    3.809208000    0.213902300   -1.097179000
 539   -0.950000000   -1.588421000   -0.012084720
 540    3.414013000    0.652180500    0.557180900
 541    1.256363000    0.104096100   -0.257604600
 542   21.375000000    1.686388000   -1.381428000
 543    7.107278000    0.592682600   -0.429817000
 544   -0.950000000   -0.166758000    1.033135000
 545    5.321898000    0.324931900   -1.260578000
 546   -0.950000000   -0.624685900    0.293865100
 547   -0.950000000   -0.832075900   -0.079445410
 548   -0.950000000   -1.428748000    1.056306000
 549   -0.950000000   -0.865084900    0.685594600
 550    3.803336000    0.207009400   -1.083310000
 551   -0.950000000   -0.934747700    0.826477600
 552    8.229651000    0.749909100   -0.020077240
 553   -0.950000000   -1.042772000   -0.831574400
 554   21.204590000    1.669029000   -0.207438600
 555   -0.950000000   -1.027511000    0.222628600
 556   -0.158075200    0.050920210   -0.264548100
 557   -0.716122400    0.048253040    0.712949400
 558   -0.950000000   -0.870952500   -0.345411200
 559   -0.950000000   -0.144821500    0.945708300
 560    6.596112000    0.682393300    0.691753700
 561   -0.950000000   -1.328329000   -0.235933800
 562    2.138127000    0.097690660   -0.582211000
 563    7.413952000    1.228398000    0.347876900
 564    7.915610000    0.821079800   -0.294610500
 565   -0.950000000   -1.005866000   -0.588459000
 566   -0.950000000   -1.306977000   -1.635005000
 567   -0.950000000   -0.376226900   -1.141582000
 568   10.505180000    1.054737000   -0.695265900
 569   -0.950000000   -0.855491300    0.104736300
 570    2.804901000    0.506365200    0.420957300
 571    3.998040000    0.505393700    0.174488700
 572    9.355127000    0.542714200   -1.216336000
 573   -0.950000000   -1.483136000    0.107769200
 574    0.849385400    0.227286100    0.082032950
 575    9.937870000    0.816493200   -0.477965800
 576    7.844804000    0.709003700   -0.522823700
 577   20.655780000    1.565976000   -0.704997900
 578   -0.950000000   -0.460699100   -0.192391900
 579   -0.950000000   -0.403619800   -1.422914000
 580    9.345463000    0.952819300   -1.190271000
 581   -0.950000000   -1.157546000   -1.452354000
 582   -0.628527500    0.073392470    0.013222100
 583   -0.189696000    0.069434290    0.215172800
 584    4.896718000    0.523181900    0.253621700
 585   -0.950000000   -0.092654800    0.967616400
 586   -0.672287600   -0.485012600    1.107167000
 587    7.786061000    0.343433500   -0.835101400
 588   -0.306100900    0.062130100    1.161291000
 589    2.353055000   -0.114598600   -0.968633000
 590   22.301370000    1.333436000   -1.004025000
 591    4.918667000    0.461183400    1.228934000
 592   15.271600000    0.970400800   -0.864065500
 593   13.928750000    0.910027400   -0.766199000
 594    6.996393000    0.184054100   -1.128908000
 595   -0.950000000   -0.610013100   -0.081361660
 596   15.722700000    1.049859000   -0.260256100
 597    1.633189000    0.652707800    0.992720000
 598    3.539687000   -0.047043790    1.069835000
 599    4.664129000    0.378220000    1.230623000
 600   -0.950000000   -1.754668000   -1.062428000
 601    1.333395000   -0.215937200    0.611725900
 602   -0.950000000   -0.557143900    1.159188000
 603   11.977460000    0.632726100    0.111359400
 604   16.433550000    1.244149000    0.660025400
 605   12.503210000    1.806367000    1.523772000
 606    5.490417000   -0.242317100   -0.982214800
 607   11.862570000    0.868398400   -0.316996300
 608   -0.950000000   -1.462350000    0.507141900
 609    9.563129000    0.496951400    0.628996000
 610   -0.218126000   -0.447689600    0.114856800
 611   -0.950000000   -0.874601900    0.411847200
 612   10.028000000    0.623066800    1.393555000
 613    2.444602000   -0.488798500   -1.207008000
 614   -0.950000000   -1.184450000    1.506819000
 615    2.314923000    0.050782190    1.067114000
 616   -0.950000000   -0.255733400    0.900621800
 617    9.748201000    1.294385000    0.553289300
 618   -0.950000000   -0.811437800   -0.157852000
 619    4.947829000    0.628131900    0.106046500
 620   -0.950000000   -1.024170000    0.120347000
 621   -0.950000000   -0.777445800   -0.987975000
 622    1.735661000   -0.231865600   -1.177207000
 623   -0.575535500    0.060333530    0.363802800
 624    9.319605000    0.930205200   -0.259111100
 625   11.690380000    1.361247000    0.030493610
 626   -0.950000000   -0.468147100   -0.854418400
 627    9.959194000    0.889202600   -1.104570000
 628   -0.950000000   -1.329663000    1.171797000
 629   -0.950000000   -0.420387700   -0.157963600
 630   -0.950000000   -0.226777400    0.545081500
 631   -0.950000000   -1.363846000   -0.581810700
 632    9.187271000    1.043817000    0.730130500
 633   -0.950000000   -1.923692000    0.120644800
 634   -0.950000000   -0.056234980    0.081567010
 635    4.205826000    0.699766400    0.189815100
 636   -0.950000000   -0.884617100    0.934339000
 637   -0.950000000   -1.596423000    1.600740000
 638   -0.950000000   -0.603322200    0.423722800
 639   -0.753482600    0.007846810   -0.114014900
 640   -0.950000000   -0.730172700    1.862811000
 641   -0.950000000   -0.230406500    0.274871000
 642   -0.950000000   -1.694316000   -1.561290000
 643   -0.950000000   -0.366145200    1.690062000
 644   -0.950000000   -0.377242900   -0.132468400
 645   -0.950000000   -0.484923700    0.796734800
 646    3.654135000    0.365757100    1.123084000
 647   12.430620000    1.127385000    0.695133200
 648    2.817189000   -0.115161700    0.723512800
 649    2.612362000   -0.047054880    0.346324600
 650    6.420171000    0.440602600    0.189168700
 651   13.115850000    1.103262000   -0.135812500
 652   -0.950000000   -0.914710000    1.248625000
 653   -0.885089900   -0.418765100    0.428033400
 654    3.801605000    0.017551680   -0.071115880
 655   19.953930000    1.192774000    1.084634000
 656    2.023165000   -0.201341400   -0.208379000
 657    3.299836000    0.045610840    0.428711200
 658   -0.950000000   -0.752855200   -0.534601900
 659   -0.950000000   -1.237208000    1.228053000
 660   11.002190000    0.530621900    0.999152300
 661    0.093509280    0.060503470   -0.522136500
 662   -0.950000000   -1.733431000   -1.526880000
 663   -0.950000000   -1.623507000    0.332887500
 664   -0.950000000   -0.112121800    0.394043700
 665    8.528813000    0.890198900   -0.447353400
 666    6.315975000    0.635788500   -0.781186900
 667   -0.950000000   -0.568574900    0.132986600
 668   -0.950000000   -1.251726000   -1.102541000
 669   16.602340000    1.047019000    1.833506000
 670   -0.950000000   -0.062249130   -0.231921000
 671   -0.950000000   -1.595454000   -0.045443590
 672    7.860720000    1.449590000    0.925652800
 673    9.483619000    1.025716000   -0.579896600
 674    3.608044000    0.560676100   -0.572731500
 675   -0.950000000   -1.419377000    0.319889100
 676   10.272230000    0.897057400   -0.935473000
 677   -0.950000000   -0.702556000    0.639186500
 678    1.137066000   -0.118649900   -0.592638300
 679   -0.246965400    0.087797730    0.061616900
 680    0.776990800    0.005390406    0.489656200
 681    1.910708000    0.613557600    0.895974900
 682    9.063597000    0.449806700   -1.674389000
 683    9.971937000    0.973725300   -0.028417480
 684    6.704841000    0.303240200   -1.331598000
 685   -0.950000000   -1.658092000    0.008511085
 686    2.366579000    0.488132800    0.568300600
 687   -0.950000000   -0.537762800    0.302988000
 688    8.580531000    0.727036900   -1.315920000
 689    5.546289000    0.522775300   -0.365502400
 690    5.666582000    0.277006100   -0.801508300
 691    5.465263000    1.387167000    0.654699400
 692   -0.950000000   -0.571095200   -0.049601100
 693   -0.950000000   -0.620881100   -1.769551000
 694    1.828153000    0.624607900   -0.250590400
 695   -0.950000000   -0.806098600   -0.231215100
 696   -0.950000000   -1.138835000   -0.346580200
 697   -0.950000000   -0.465222300   -0.341969800
 698   -0.483550400   -0.025147020   -0.911138800
 699   -0.950000000   -0.907215700    0.308469100
 700    8.302379000    1.130118000    0.576876100
 701   11.298470000    1.635485000   -0.305213900
 702    3.890954000    0.343591800   -1.097109000
 703    4.380505000    0.748934200    0.140053900
 704   -0.950000000   -0.984205900    1.704231000
 705   -0.950000000   -0.375497400    0.595121100
 706   -0.950000000   -1.192784000   -0.147893700
 707    8.240750000    1.130762000   -0.595842900
 708   -0.950000000   -0.905401000   -0.983510700
 709    7.281345000    1.275958000   -0.634692500
 710    6.561822000    1.113893000    0.602388900
 711   -0.950000000   -0.629309100   -0.503308200
 712    6.553770000    1.086170000   -0.742992800
 713   -0.950000000   -0.622675700   -0.091957230
 714   -0.950000000   -1.214394000   -1.457519000
 715   -0.950000000   -1.451304000    0.371608000
 716   -0.950000000   -1.461191000   -0.175006100
 717   -0.950000000   -1.183132000    0.313623700
 718   -0.765841900    0.392407300    0.376463300
 719   -0.950000000   -0.704868500   -0.495818900
 720   -0.950000000    0.310584500    0.333757100
 721   -0.481573700    0.259291000   -0.328068700
 722    4.465293000    0.785602200   -1.382928000
 723   -0.950000000   -0.570122800    0.559097900
 724   -0.950000000   -0.231026100   -0.548778900
 725   -0.950000000   -1.730290000   -1.409135000
 726   -0.950000000   -1.214297000   -1.249021000
 727    9.436297000    1.159397000   -0.211177100
 728   -0.950000000   -0.858889400    0.293097900
 729   -0.950000000   -0.249374400   -0.182260000
 730   -0.950000000   -0.047189010   -0.235800900
 731   11.383380000    1.348213000   -1.232380000
 732   -0.950000000   -0.362647900    0.437099200
 733    6.955828000    1.156322000    0.114529400
 734   -0.950000000   -1.061928000    0.723921200
 735    4.058645000    0.403479300   -1.340419000
 736    9.840668000    0.804716000   -1.725677000
 737   -0.950000000   -0.612737000   -1.709741000
 738   -0.950000000   -0.381673200    0.479989100
 739   -0.950000000   -1.324882000   -0.543529300
 740    9.106539000    1.467481000    0.773327400
 741    8.579246000    1.167816000    0.536116200
 742   -0.950000000   -0.795762100   -1.180503000
 743   16.631440000    1.236722000   -1.524815000
 744   -0.690821100    0.256052200    0.551939200
 745   -0.950000000   -0.884459500   -0.535706600
 746    1.505673000    0.453473700   -0.485437400
 747    7.463733000    0.943690900    1.403723000
 748   -0.769023300    0.050374230   -0.304080400
 749   -0.950000000   -0.537988200   -1.948687000
 750    6.291704000    0.852712200    0.554384500
 751   10.299440000    0.324714200   -1.716789000
 752   -0.950000000   -1.666743000    1.366894000
 753   22.806930000    1.887783000   -1.026743000
 754   11.128830000    0.972150800    0.205624500
 755    2.038340000   -0.133191900   -0.747536400
 756   13.329930000    1.135591000    0.457654600
 757    5.246401000    0.043113020    0.544627700
 758   16.864000000    1.577559000    0.616468500
 759   -0.950000000   -0.861661300    0.163250400
 760    9.444508000    0.843800000    0.712840600
 761   18.521830000    1.818154000    1.286299000
 762   -0.950000000   -1.116398000   -0.018381810
 763   -0.950000000   -0.721285700    0.481595900
 764   14.528300000    1.104745000    0.929627600
 765   14.944230000    1.006690000   -0.151012900
 766    2.076974000    0.301315300   -0.596820900
 767   -0.950000000   -1.551510000    0.681771100
 768    9.418663000    1.456628000   -0.517735600
 769   -0.950000000   -1.462887000   -0.296731600
 770   -0.950000000   -0.586377600   -0.337679100
 771   -0.950000000   -1.068473000    0.498465300
 772   -0.950000000    0.157601600    0.945298900
 773   -0.950000000    0.538972300    0.615820000
 774   -0.950000000   -0.237186100   -0.353499400
 775   -0.950000000   -1.534306000    1.071480000
 776    1.629895000    0.394034700   -1.203378000
 777   -0.950000000   -0.410345400   -0.986990800
 778   -0.950000000   -0.505819300   -0.273186600
 779    1.630202000    0.465604300    0.418503600
 780   -0.950000000   -1.050694000   -0.955665800
 781   -0.950000000   -0.489966300   -0.463539800
 782   -0.950000000    0.225681100    0.368899500
 783   -0.950000000   -0.904984800    0.725625800
 784   -0.950000000   -0.114859200    0.103490900
 785    1.851345000    0.869524100    1.377061000
 786   -0.950000000   -0.420809800   -0.153118200
 787   -0.950000000   -0.320888000   -0.158386300
 788    6.159073000    0.670041500   -0.625139900
 789   -0.950000000   -0.479648300   -0.010709990
 790   -0.950000000   -0.214202700    1.006907000
 791   -0.950000000   -0.121126300    0.076973630
 792   -0.950000000   -1.513127000   -0.590370700
 793   -0.950000000   -1.130279000    1.076688000
 794   -0.950000000   -0.816985500   -0.961169200
 795   -0.950000000   -1.503171000   -0.103541800
 796   -0.950000000   -1.570037000    0.172558300
 797    8.640994000    0.760033200    0.278170700
 798    6.003841000    0.534712400   -0.229213100
 799   -0.950000000   -1.918756000    0.543780500
 800    3.756778000    0.391556800    0.374842100
 801    9.709130000    0.687689300   -0.681152700
 802    3.449631000    0.434486100    0.810729300
 803   10.298540000    0.876740500   -0.658878200
 804   11.793230000    0.807733100   -0.620265000
 805    0.013330150   -0.027763490    0.506629500
 806   -0.077839230    0.328007000    1.344444000
 807   -0.950000000   -1.224859000   -0.653577600
 808    1.471164000    0.913053600    1.109743000
 809   -0.950000000   -0.625018500   -0.117685500
 810   -0.950000000   -1.517578000   -0.338000600
 811    5.787912000    0.689494200    1.851291000
 812    6.190604000    0.096875890    0.341704300
 813   -0.950000000   -1.335306000    1.533682000
 814    8.224048000    0.441856000   -0.401112300
 815    4.479786000   -0.121064800   -0.026435740
 816    2.725698000    0.297297100    1.555274000
 817   -0.950000000   -1.299168000   -1.498690000
 818   -0.950000000   -0.906604800    1.313797000
 819   17.257310000    1.565147000    1.342259000
 820    5.470491000    0.350282500    1.006391000
 821   19.396680000    1.337148000   -1.168580000
 822   -0.950000000   -1.059225000    0.394494700
 823    0.872504700   -0.409769700   -0.377735900
 824    8.155579000    0.216293300    0.123218800
 825    9.662007000    1.031721000    0.923659700
 826   12.956820000    1.586251000   -0.327535400
 827   -0.950000000   -0.662317000   -1.340798000
 828   -0.950000000    0.084604750    0.424587500
 829   -0.950000000   -0.400135000    1.337206000
 830    2.384100000    0.499502800   -0.840356900
 831   -0.950000000   -0.505041900   -1.326948000
 832   -0.950000000   -0.158984000   -0.144280800
 833   -0.950000000    0.397183500    0.797813900
 834   -0.950000000   -1.549583000   -0.027235010
 835    1.180350000    0.290709700   -0.028159610
 836    6.965270000    1.475063000    0.750042200
 837   -0.950000000   -0.798139100   -0.562768500
 838   -0.950000000   -1.223010000   -0.417767000
 839   -0.950000000   -0.300248700   -1.164682000
 840   -0.950000000   -1.078554000    1.230235000
 841   11.329530000    1.088475000   -1.953524000
 842   -0.950000000   -0.877446100   -0.432993800
 843   20.053520000    1.732738000    0.734726000
 844   -0.950000000   -1.075556000    1.068245000
 845    8.583490000    0.853025100    0.193339000
 846   -0.950000000   -1.110485000   -0.348874300
 847   -0.950000000   -0.472401300   -0.387339600
 848   -0.950000000   -0.423426600    1.726992000
 849   -0.950000000   -0.489239600    0.043930660
 850   -0.950000000   -1.744176000   -1.161839000
 851   -0.950000000   -0.374776300   -0.054191560
 852    4.238714000    0.404344800    0.969767800
 853   14.221320000    0.915040800   -1.741657000
 854   10.982550000    1.628435000    0.556345900
 855   -0.950000000   -1.488477000   -1.611672000
 856    5.012875000    0.724810700    0.533700600
 857   -0.950000000   -1.155978000    1.532902000
 858   -0.950000000   -0.993873500    0.641567600
 859   -0.950000000   -1.480126000   -0.620660200
 860   10.835060000    1.397233000    0.161741800
 861    0.703130600    0.009864574   -1.846035000
 862   -0.950000000   -0.324738100    1.249846000
 863    7.406894000    0.591614400   -0.061655150
 864   -0.950000000    0.095137430    0.218609600
 865   -0.950000000    0.030375910    0.318897100
 866   -0.950000000   -0.722811200   -1.105395000
 867   -0.950000000   -0.258880700    1.313696000
 868   -0.950000000   -1.062766000    0.127817100
 869   -0.950000000   -0.808594300    0.154923500
 870   -0.950000000   -1.051924000    0.028595370
 871   -0.950000000   -0.968627900   -0.549011400
 872   -0.950000000   -1.391903000    1.140391000
 873   -0.950000000   -0.520105100    0.624601100
 874   -0.950000000   -0.291650400    1.583794000
 875   -0.950000000   -1.176730000    0.033515920
 876   -0.950000000   -0.763439400    0.057182980
 877   -0.950000000   -0.820424100   -1.228816000
 878   -0.950000000   -0.293780800    0.356838000
 879    3.791914000    0.737536800    0.254199400
 880   -0.950000000   -0.304369300   -0.673652100
 881   -0.950000000   -0.819691600   -0.565773400
 882   -0.950000000    0.010365610    1.625504000
 883    1.512329000   -0.027892410   -1.433322000
 884   -0.950000000   -1.642664000   -0.206569700
 885   -0.950000000   -0.802078300   -1.356199000
 886   -0.950000000   -0.492711500    0.863661300
 887    1.091110000    0.057118690   -0.441471600
 888    7.799564000    0.695194700   -0.386112600
 889    7.673660000    0.815935000    0.466852900
 890   -0.950000000   -1.721685000    0.767731200
 891    1.959324000    0.223384900   -0.370625700
 892    7.816095000    1.330835000    0.924916600
 893   -0.950000000   -1.362794000    0.937442900
 894   -0.950000000   -1.755686000   -1.753866000
 895   12.405760000    0.745596200   -0.847724800
 896   -0.950000000   -0.097323290    0.363657400
 897    5.633668000    0.636730200    0.830336300
 898   -0.950000000   -0.193070200    0.057122170
 899   -0.950000000   -0.148908800    0.363446000
 900    3.929879000    0.315988000   -0.995449000
 901    8.246136000    1.152222000   -1.787375000
 902    8.251632000    1.747501000   -0.403972200
 903   13.189010000    0.880856400   -1.006768000
 904    4.452004000    0.559653500   -0.103689500
 905   -0.950000000   -0.833830200    0.331858600
 906   -0.950000000   -0.269222500   -0.098322680
 907    2.947865000    0.129136400    0.560760200
 908    6.726834000    0.973865200    0.162935700
 909   -0.950000000   -1.699130000   -0.536115200
 910   -0.950000000   -1.353695000   -0.374305400
 911   20.862050000    1.727167000   -0.562512700
 912   11.598990000    0.922616600   -0.314060200
 913   14.124310000    1.363996000    0.164703400
 914   -0.776791200   -0.032965880    0.042283530
 915    0.647777000    0.307798700    1.492677000
 916    7.341565000    0.469815600   -0.478184100
 917   10.414690000    1.081482000   -1.241665000
 918   11.031730000    1.807813000   -0.052193080
 919   -0.950000000   -1.246544000    0.024687260
 920   -0.950000000   -1.041968000   -0.946152200
 921   15.939630000    1.806897000   -0.255805700
 922   -0.950000000   -0.193017200   -0.454493200
 923   -0.950000000   -0.975323200    0.481124100
 924    1.393452000    0.155993500    0.102612500
 925    1.582775000    0.332295500   -0.011144020
 926   14.120840000    1.090969000    1.084185000
 927   -0.950000000   -0.765028300   -0.419596200
 928   -0.950000000   -0.418334400    1.047708000
 929   10.416260000    0.985324700   -1.071269000
 930   -0.950000000   -0.268906100   -0.862691800
 931   -0.950000000    0.094599390   -0.900361900
 932   15.886000000    1.719839000    0.727353700
 933   -0.950000000   -1.154903000   -1.635913000
 934    5.736126000    1.229358000   -0.039079400
 935   -0.950000000   -1.463347000   -0.213436900
 936    4.880418000    0.807470200    0.395525700
 937   -0.950000000   -1.122978000    0.195216900
 938    8.982339000    1.140434000    0.531841800
 939   -0.950000000   -1.150393000   -0.458308900
 940   -0.950000000   -0.008375577   -0.623331100
 941   -0.950000000    0.200814200   -1.137525000
 942   -0.950000000   -1.480884000   -1.177469000
 943   -0.950000000   -0.928481000    0.217864300
 944   -0.950000000   -0.904549200    0.955942300
 945   -0.950000000   -0.635279600    1.120000000
 946   -0.950000000   -1.483053000   -0.590644700
 947   -0.181580900    0.073262980    0.026216190
 948   -0.950000000   -0.485114000    0.104096300
 949   -0.950000000   -0.887818700    1.284069000
 950   -0.950000000   -0.349696200    0.688182100
 951   -0.950000000   -1.021842000    0.632386500
 952    7.117938000    0.874773000    1.226725000
 953   11.826560000    1.201208000   -0.204263800
 954   -0.950000000   -1.022903000    0.002749137
 955   -0.950000000   -1.399246000    0.024619860
 956    4.677610000    0.443556700    0.548511100
 957   -0.950000000   -1.701570000    0.183246200
 958    4.902800000    0.134828700   -0.960390800
 959    5.978132000    0.524632000   -0.114917100
 960   16.725580000    1.458790000    0.588181600
 961   -0.950000000   -0.497335500   -0.993159500
 962   11.513230000    0.735089700    0.799198200
 963    9.513217000    0.811779100   -0.402509300
 964    8.584319000    1.402942000    1.715929000
 965    2.223552000    0.008965726   -0.122959300
 966   -0.950000000   -0.689105700   -0.278019300
 967   -0.950000000   -0.721317800    0.838387700
 968   12.477720000    1.223296000    0.261673500
 969   12.126530000    1.205368000    0.670679300
 970    1.621504000   -0.065393310   -1.112052000
 971   -0.950000000   -0.262562300    1.010061000
 972    5.087700000    0.403844100    0.459509500
 973    7.379121000    0.648145500   -0.302849200
 974   -0.863113200   -0.426357800   -0.907288700
 975   11.498780000    0.765540100   -0.791096800
 976   -0.950000000   -0.502508800    0.485542500
 977   -0.950000000   -1.017019000    1.175127000
 978    5.330971000    0.022779830   -1.817318000
 979   -0.950000000   -1.260782000    0.820192400
 980   -0.950000000   -0.245496600    0.017543130
 981   -0.894972100   -0.159519200    0.446130500
 982   -0.950000000   -0.704708100   -0.353163800
 983    3.811759000    0.518296400    0.228390500
 984   15.729860000    1.297835000    0.546958100
 985   -0.510268400   -0.172267500   -0.159272400
 986   -0.950000000   -0.967010300    0.611391700
 987    4.106523000    0.049660350   -0.744409400
 988   10.740070000    0.925179000    0.153465800
 989    5.458048000    0.483415500   -0.124990800
 990    2.377685000    0.517151100    0.948251700
 991   -0.950000000   -1.419441000    0.020344610
 992   -0.950000000    0.013518240    1.184611000
 993    4.851651000    1.124531000    1.066921000
 994   -0.950000000   -0.798907900    0.151767800
 995   -0.950000000   -1.387320000    1.361049000
 996   10.831240000    1.772799000    1.014114000
 997   -0.950000000    0.006628134    0.130374400
 998   -0.950000000   -0.095261860   -0.218751700
 999   -0.950000000   -0.855535300   -0.216600500
1000   -0.950000000   -0.837794600   -1.240844000
1001   -0.950000000   -0.388643100    0.023365190
1002   -0.950000000   -1.260889000    0.424190900
1003   -0.950000000   -0.946307100    1.335634000
1004   -0.950000000    0.135664200    0.949311500
1005   -0.950000000   -0.202047100    0.695629500
1006   -0.950000000   -0.127035200   -0.678635900
1007   -0.950000000   -0.913675000    1.351463000
1008   -0.950000000    0.028431190    0.101361700
1009   -0.950000000   -0.830192800    1.140018000
1010   -0.950000000   -1.941320000    0.402844600
1011    0.854872900    0.190520100   -1.295062000
1012   -0.950000000   -0.461684600   -0.970423100
1013   -0.950000000   -0.596754100   -0.296188800
1014   -0.950000000   -0.869107900   -0.632099300
1015   -0.950000000   -1.361896000    0.096689930
1016   -0.950000000   -0.618642100   -0.784164600
1017   -0.950000000   -0.245837100    0.479082500
1018   -0.950000000    0.402581100   -0.061132530
1019   -0.950000000   -0.337377800   -1.587867000
1020    7.533348000    1.297570000   -0.344958300
1021   -0.950000000   -1.535063000   -0.925655300
1022    6.613850000    0.635982600   -1.670404000
1023    2.824511000    0.847183600   -0.121344600
1024   -0.950000000   -0.201795800   -0.928712900
1025   -0.950000000   -0.342491200    0.862526200
1026   -0.950000000   -0.085825750   -0.338180600
1027   -0.950000000   -0.976021900   -1.133300000
1028   -0.950000000   -1.030504000    0.203251500
1029   -0.950000000   -0.477481700    1.373500000
1030   -0.950000000   -0.986208700   -1.066585000
1031   -0.950000000   -0.568125700   -0.288277900
1032   -0.950000000   -0.949427300    0.108188600
1033   -0.950000000   -1.223535000   -1.618713000
1034   -0.950000000   -0.392200800   -0.856230800
1035   -0.950000000    0.801883000    1.240130000
1036    6.025529000    0.379323500   -1.911077000
1037   -0.950000000   -0.327635900    0.549948500
1038   -0.950000000   -0.640033500   -0.052593820
1039   -0.950000000   -0.876792100    0.867039400
1040   -0.950000000   -0.998467600    0.270488300
1041    7.777651000    1.104690000   -1.459374000
1042   -0.950000000    0.285927600    1.840289000
1043    3.039508000    0.554232300    1.399164000
1044    2.356259000    0.354004200   -0.463008000
1045    2.881803000   -0.037233370   -1.010441000
1046   -0.950000000   -1.621271000   -0.597052600
1047   -0.950000000   -1.322287000    0.986570300
1048   -0.950000000   -0.111659200    0.971892000
1049   11.381000000    1.139869000   -1.378299000
1050   15.148040000    1.232535000   -1.111605000
1051    2.842057000    0.945222400   -0.333881300
1052   -0.950000000   -0.145718900   -0.243572400
1053   -0.950000000   -1.127391000    0.001860753
1054   -0.950000000   -1.231030000   -0.796787000
1055   -0.950000000   -1.274051000    0.134400500
1056   -0.950000000   -1.829207000   -0.149128200
1057   -0.950000000    0.164792600    0.482864200
1058   -0.950000000   -1.127723000   -0.212358700
1059   -0.950000000   -0.423825800   -0.467301800
1060    3.223243000    0.370484400   -1.278875000
1061    6.504691000    1.145460000   -0.236036300
1062   15.097420000    1.472305000   -1.772527000
1063    7.856105000    1.390173000   -1.297036000
1064    4.438084000    1.270990000    0.178907100
1065   12.006890000    1.264409000   -1.312847000
1066   -0.950000000   -1.007258000   -0.545670200
1067    8.901780000    0.930286100    0.868311600
1068   -0.330751300    0.004533766    0.418642000
1069   -0.950000000   -1.395417000    0.376231000
1070   -0.950000000   -0.922029000   -0.599236600
1071    0.631298900    0.360202400    0.617037500
1072    3.722558000    0.675151700    1.605051000
1073   -0.950000000   -1.438287000    0.204074000
1074   -0.950000000   -0.665490100   -1.243310000
1075    5.618339000    0.406284800   -1.167109000
1076   -0.950000000    0.082580200    0.813329500
1077   -0.950000000   -0.204455800   -0.895782500
1078    8.020783000    0.372164200   -1.102472000
1079   15.841980000    1.472114000   -0.213604500
1080   10.433130000    0.758251600   -1.472974000
1081   -0.950000000   -0.464248900   -0.668728800
1082   -0.950000000   -0.784417200   -0.059419960
1083    1.764659000    0.380408600    0.941985400
1084    2.865046000    0.024430970    1.266527000
1085   -0.950000000   -0.469221300   -0.321036900
1086   -0.950000000   -1.005009000   -1.738443000
1087   -0.950000000   -0.507964200   -0.761389200
1088   -0.950000000   -0.343048900    0.402726000
1089    0.199953000   -0.099792190    0.078769010
1090    2.027346000    0.213406100    0.751081000
1091   -0.950000000   -0.369621300    0.857755100
1092   -0.950000000   -0.996171800    0.500524200
1093    7.645094000    0.552807900   -0.639997800
1094   -0.950000000    0.593407900    1.547843000
1095   -0.950000000   -1.325540000    1.589458000
1096   14.657460000    1.413702000   -0.778139200
1097    6.185162000    0.332838600   -1.517585000
1098    9.488484000    0.824487400    0.246767400
1099    8.147775000    1.380439000    1.841833000
1100   18.082970000    1.180812000   -1.739987000
1101   15.706170000    1.457078000   -1.482181000
1102   -0.950000000   -1.705378000    0.145818400
1103   -0.950000000   -0.956948100    0.193590000
1104    5.586047000    0.724018000    0.690098700
1105   -0.950000000   -0.643319300    0.997900600
1106   -0.950000000   -0.287203800   -0.339555100
1107   -0.950000000    0.269011000    0.640327400
1108   -0.950000000   -0.712142100    0.433138900
1109    4.560857000    0.154175300   -1.349352000
1110   11.016550000    0.767804600   -1.104257000
1111   -0.950000000   -0.494850400   -1.572561000
1112    3.369940000    0.444233500    0.158882300
1113   -0.950000000   -1.220110000    0.318674700
1114   -0.950000000   -1.060969000   -0.482572900
1115    1.340680000    0.197664600   -0.747780600
1116   -0.950000000    0.308539700    0.853898800
1117    9.402078000    1.178866000    1.521033000
1118    6.270728000    0.525678300   -1.334614000
1119   -0.950000000   -0.359585700    1.283042000
1120   -0.950000000   -1.341566000    0.478568900
1121    6.176250000    0.911098800    0.238527400
1122   -0.950000000   -1.185553000    0.154575700
1123   -0.558391300    0.167215600    1.121930000
1124    4.627258000    0.838097800    0.434283100
1125   -0.950000000   -0.945997600    0.055764790
1126   -0.950000000   -0.556062200    1.272648000
1127   -0.950000000   -0.896966400    0.330755300
1128    0.364114900   -0.132294200   -1.643565000
1129   -0.950000000    0.903966000    1.857219000
1130    7.872485000    0.856193100   -0.636158100
1131   -0.950000000   -0.672908300    0.190916300
1132    7.029644000    0.855847600   -0.159806200
1133   -0.950000000   -1.424879000   -0.966466900
1134   -0.950000000   -1.107825000   -0.636553400
1135   -0.950000000   -0.455598400    0.464786000
1136    3.525339000    0.698509400   -0.869787300
1137   -0.950000000   -0.249083200    0.371347900
1138   11.905110000    1.093480000   -1.878685000
1139   -0.950000000   -1.760651000    0.152647000
1140   -0.950000000   -1.819277000   -1.247027000
1141    7.271222000    0.476136900    1.073456000
1142    6.270718000    0.702124000    1.469388000
1143   -0.950000000   -1.388797000    1.117367000
1144    9.817042000    0.528678600   -0.099371680
1145   -0.950000000   -0.168233900    1.373558000
1146    0.953593300   -0.056743170    0.689645200
1147   -0.950000000   -0.574045900    0.498609000
1148   -0.950000000   -1.035759000    1.402461000
1149    6.769277000    0.086398270   -0.564825000
1150   -0.950000000   -0.731778100    1.858222000
1151   -0.950000000   -1.885066000    1.168393000
1152    8.626028000    0.303470700   -1.037318000
1153   12.336640000    1.113344000    0.156675600
1154   19.360090000    1.523401000   -0.787670100
1155   -0.950000000   -1.389730000   -0.160332200
1156   -0.950000000   -0.700785700    0.744489700
1157   24.863690000    1.648976000   -0.492694100
1158    5.715100000    0.058854430    1.893270000
1159   10.709430000    0.765250500    0.243600400
1160   -0.950000000   -0.075109880    1.108657000
1161   -0.950000000   -0.915884900    1.959550000
1162   -0.492335200    0.023918890    1.082029000
1163   12.733440000    0.746660200   -1.058803000
1164    2.104825000   -0.133915800   -0.307494600
1165    2.999882000   -0.385387400   -0.882804600
1166    5.345500000    0.034915900   -0.197729000
1167   -0.950000000   -0.926520700    0.943850600
1168   -0.950000000   -1.828888000    0.090100300
1169    8.927265000    0.642981300    0.835081000
1170    8.940553000    0.461621300   -0.249163000
1171   -0.950000000   -1.050939000    0.901676000
1172   -0.950000000   -0.390893400    0.844267400
1173   10.964580000    1.086550000   -0.508572800
1174    2.552207000    0.488074500    1.055467000
1175   -0.950000000   -1.461421000   -0.865689000
1176   -0.950000000    0.085109000    0.835980000
1177   -0.950000000   -0.152210300    0.478036800
1178    7.631719000    0.640973300   -0.629260500
1179    0.350861700   -0.321658500   -0.627618000
1180    1.535682000   -0.128300100   -1.200198000
1181    0.933911700    0.265973900    0.221387300
1182   13.525710000    1.939139000    1.354254000
1183   16.224400000    1.174852000   -0.579880700
1184    5.179454000    0.252711700   -0.800912200
1185   10.571090000    0.869433300   -0.536987000
1186   11.227860000    0.336530000   -1.930883000
1187   11.879800000    1.905522000    1.697603000
1188   -0.950000000   -0.471851400   -0.444143800
1189   -0.950000000   -0.210121200    1.744609000
1190   12.598150000    1.163974000   -0.555303400
1191   -0.950000000   -0.919786700    0.544956100
1192   11.226040000    0.839162800    0.139824300
1193   -0.950000000   -0.138057800    0.044448340
1194   -0.950000000   -1.123018000   -1.187348000
1195    2.408229000    0.216511700   -0.949740700
1196   -0.950000000   -1.128803000    0.470816500
1197    4.373431000    0.588538400   -0.758117200
1198    6.156763000    0.577556200   -0.713344800
1199   -0.950000000   -0.067409000    0.608600000
1200   -0.950000000    0.261432700    1.717510000
1201   -0.950000000   -0.455290300   -0.064854380
1202    5.705231000    0.319765400   -1.309232000
1203   -0.950000000   -0.633343300    1.556923000
1204   -0.950000000    0.048804100    0.166098400
1205   -0.950000000   -0.303347400    0.389913000
1206    6.076510000    0.762864000   -0.477651600
1207   -0.950000000   -0.430169600   -0.316435700
1208   -0.950000000    1.081836000    0.660667800
1209    2.485023000    0.675792200    1.289978000
1210   -0.950000000   -0.276539700    0.192618000
1211    0.886217000    1.110916000   -0.078633710
1212   -0.950000000   -1.339173000   -0.627962200
1213   -0.950000000   -0.689434000   -0.334007600
1214   -0.950000000   -1.899708000   -0.556122800
1215   -0.950000000   -0.667754300   -0.800659700
1216   -0.950000000   -0.826185900    0.330612300
1217   -0.950000000   -0.405801900   -0.126100100
1218   13.348190000    1.788714000    0.394250100
1219    2.872358000    0.199382200   -1.078998000
1220    7.775949000    0.644326200   -0.854206200
1221   10.780480000    1.443315000    1.628997000
1222   13.213960000    0.934542800   -0.724904900
1223   -0.950000000   -0.685501500    0.827254200
1224    3.046713000    0.869261800    0.826075200
1225   -0.950000000   -1.192467000   -0.694767300
1226   -0.950000000   -1.113880000   -1.101778000
1227   -0.950000000   -0.239417400   -0.283488300
1228   -0.950000000   -0.430149300    0.402586700
1229   -0.950000000   -1.114235000    0.297997600
1230    5.819394000    0.541112500   -0.599469200
1231   -0.950000000   -1.045662000   -1.398194000
1232    7.542823000    0.757932600    1.066613000
1233   11.676280000    1.042995000    0.013587310
1234   10.453690000    1.104219000    0.700596100
1235   -0.950000000   -0.890096700    0.541060500
1236    2.152656000    0.032925720   -0.931522700
1237   -0.950000000   -0.385693500   -0.152038100
1238   -0.950000000   -1.906634000    1.636585000
1239   -0.950000000   -0.857551600    0.893013200
1240   -0.398362000   -0.097583150    0.250843000
1241    1.149082000    0.237111200    0.101686600
1242    4.145165000    0.085192040   -1.354261000
1243   -0.950000000    0.239791000    1.677095000
1244   -0.950000000   -0.653472500   -0.826083200
1245    8.499974000    0.930795900   -0.931530500
1246    5.538985000    0.619192200    0.912175400
1247   -0.950000000   -0.489964400   -0.285943400
1248   13.251010000    1.049099000   -0.884808500
1249    9.943573000    1.146376000   -0.182632600
1250   -0.323735000   -0.149552600    0.150073400
1251   -0.950000000   -1.286806000    1.004808000
1252   -0.950000000   -1.799948000    1.922642000
1253   -0.950000000   -0.926525200    0.779061400
1254   -0.950000000   -0.458447200   -0.112387100
1255    6.472647000    0.269254800   -0.352449700
1256   -0.147122700   -0.254262300    0.909640200
1257    2.497091000   -0.101976100    0.754664500
1258   -0.950000000   -0.874693800    0.137543200
1259    8.842306000    0.504761300   -0.254744300
1260   16.523210000    1.830832000    1.178727000
1261   -0.950000000   -0.152230600   -0.678023900
1262    5.280744000    0.865813800   -0.707677600
1263   -0.950000000    0.025874550    0.095933400
1264   -0.950000000   -0.249318000    0.351250800
1265   -0.950000000   -0.044961370   -0.528410400
1266    6.878844000    1.063583000   -0.283385900
1267   -0.950000000   -1.100739000   -0.694458300
1268   -0.950000000   -0.925536000    0.200446900
1269   -0.950000000   -0.838585400   -0.352387900
1270   -0.950000000   -1.882674000    0.600694700
1271   -0.950000000   -0.695430400   -0.995892800
1272    0.919490800    0.309311700   -0.620228000
1273   -0.950000000   -0.814851800    1.709664000
1274   10.677180000    1.063159000   -0.809021400
1275   -0.950000000   -0.335909500    0.969781200
1276   10.571250000    0.860414600   -0.896908300
1277   11.125880000    1.642534000   -1.659504000
1278   -0.950000000   -1.808509000    0.116709000
1279   -0.950000000   -1.151138000   -1.125627000
1280   11.961290000    1.505934000    1.198101000
1281   -0.950000000    0.026669830    1.637626000
1282   -0.950000000   -0.945623400    0.002966084
1283    9.155642000    0.880104900   -0.158774100
1284   -0.950000000   -0.760435000   -0.412385300
1285    0.208530300    0.113515700   -0.232189800
1286    5.021540000    0.976642800    1.153449000
1287    6.327794000    0.713810900    0.435519500
1288   -0.950000000   -0.970618000   -0.576602400
1289   -0.950000000   -0.127048500   -0.149957700
1290    6.485268000    0.826556900   -0.518913100
1291   -0.950000000   -0.957688000    1.301721000
1292   -0.950000000   -0.486163200    1.222258000
1293    7.089471000    0.722733400    0.319911700
1294   -0.950000000   -1.286392000   -1.274064000
1295    7.866685000    0.516808500   -0.370983100
1296    2.760007000    0.217160100    0.348206000
1297   -0.950000000   -0.438975900   -0.867225600
1298   12.386250000    0.903435300   -0.841040800
1299    6.974177000    0.397934400    0.894388400
1300    0.489969300   -0.021468920    0.223174800
1301    6.334730000    0.518659700    0.879016900
1302   13.703010000    1.211932000    0.623970100
1303    6.591037000    0.562054000   -0.268261600
1304    4.351593000    0.256058700    0.153063900
1305   -0.950000000   -1.140069000    0.334554000
1306   -0.950000000   -0.561299400    0.015256430
1307    4.135965000    0.202570400   -0.801404200
1308   -0.950000000   -0.064343080    0.615415500
1309   -0.950000000   -0.653469500   -0.025490470
1310    8.737895000    0.858642400   -0.638110400
1311    7.513643000    1.135617000    0.004825448
1312    0.627417700    0.186970100    0.955814500
1313    2.971430000    0.501153800    0.725985100
1314   17.183440000    1.330725000   -0.210427500
1315   -0.950000000   -0.637435000   -0.862526700
1316   13.994700000    1.725007000    0.964725400
1317   -0.950000000   -0.800226200    0.710304500
1318   -0.950000000   -0.930902800   -0.202786300
1319   -0.950000000   -0.800485100    0.661455100
1320   17.049860000    1.302081000   -1.957450000
1321    5.127096000    0.527249700    1.203513000
1322    2.805910000   -0.434983700   -0.092326300
1323    7.948228000    0.262643400    0.495825500
1324    0.238479500   -0.155158400    0.803073700
1325    9.705188000    0.048991620   -0.693256600
1326   19.040300000    1.424616000    0.922299700
1327   16.707390000    1.213934000    0.705022800
1328    6.563808000   -0.092080690    0.035237350
1329    4.332072000   -0.096330330   -0.065569160
1330   11.557540000    0.338561300    1.476965000
1331   10.608570000    0.565715600    0.785835400
1332    6.013346000    0.062983690   -0.000673238
1333    6.814259000    0.177387500    0.330392600
1334    7.669657000    0.155659900    0.084320410
1335   14.014590000    0.848220300    0.113443800
1336    2.841059000    0.453498000    0.291335600
1337    5.172960000    0.497028800   -0.546397500
1338   -0.950000000   -0.655529400   -1.737354000
1339   -0.950000000   -1.031830000    0.272502400
1340   -0.950000000   -0.101830400    0.401300300
1341   -0.950000000   -0.323692700    0.443687100
1342   -0.950000000   -1.313624000   -0.469247600
1343   -0.950000000   -0.332661500    0.907614600
1344   10.513590000    0.856107600   -1.297486000
1345    6.572125000    0.770555000   -0.233591500
1346    3.006183000    0.282501600    1.415500000
1347   -0.950000000   -0.839946600   -0.877237100
1348   -0.950000000   -0.871850400   -1.218481000
1349    3.905862000    0.429415700    0.239818000
1350    5.006942000    0.677713100   -0.037351950
1351    3.633633000    0.375848400    0.216511200
1352   -0.950000000   -1.616322000   -0.526160600
1353    6.868374000    0.766695500    0.691633300
1354   -0.950000000   -0.680091300   -1.403467000
1355   -0.950000000   -0.527887600    0.348842100
1356    5.513869000    0.590274100   -0.325284700
1357    2.643613000    0.061123000   -0.878364100
1358    5.914822000    0.735988600    0.037189860
1359   20.823720000    1.823402000   -0.916678800
1360   -0.950000000   -0.302529400    0.572203400
1361    7.600971000    0.802930000    0.078861960
1362   -0.950000000   -1.663101000    0.265184100
1363    4.166067000    0.317997400    0.493837300
1364    5.172843000    0.545329300   -1.054118000
1365   -0.950000000   -0.673733400    1.037670000
1366    3.540457000    0.383348800    0.643420800
1367   22.545100000    1.956326000    0.204553200
1368   11.672990000    0.477901500   -1.093627000
1369   13.183980000    1.173482000    0.146209700
1370    2.548206000    0.213992400    0.839184600
1371   -0.950000000   -0.746209300    0.863188400
1372    9.419347000    0.821200300    0.353614900
1373   12.485380000    0.978141000   -1.224713000
1374    4.015795000    0.125470800   -0.209742300
1375   -0.950000000   -0.261564600    0.614910000
1376   -0.950000000   -0.253783400    0.191143100
1377   -0.950000000   -0.853911200   -0.542354400
1378    4.049704000    0.491910600    0.972927300
1379   -0.778521800   -0.226175300   -0.303177000
1380   15.969570000    0.925368100   -1.662074000
1381   -0.950000000   -0.293751300    0.849269100
1382   -0.950000000   -1.396925000   -0.476499300
1383   -0.950000000   -0.526629400   -1.138263000
1384    2.499768000    0.220845400   -0.554870700
1385   -0.950000000   -0.614685000    0.490420100
1386   -0.950000000   -1.240288000    0.592616700
1387   -0.170338600   -0.169087800   -0.966140100
1388   -0.950000000   -0.514241100    1.597172000
1389   -0.950000000   -1.344589000    0.487330800
1390   -0.950000000   -0.148650500    0.616216100
1391    2.854538000    0.426814300   -0.105269800
1392   -0.950000000   -0.889142400    1.290726000
1393   -0.950000000   -0.151174200   -0.925077800
1394    0.229687300    0.073586540    0.641896500
1395    3.544426000    0.706486600    1.548853000
1396   -0.950000000    0.096213030    1.774873000
1397   24.397410000    1.729699000   -0.626406900
1398   -0.950000000   -0.273590400   -0.755957500
1399    5.408254000    0.655641700   -0.273056500
1400   -0.950000000   -1.680155000   -0.023194470
1401   -0.950000000   -0.980899300    0.082596320
1402   -0.676373100    0.136468700    1.111508000
1403   -0.950000000   -1.212729000   -1.379931000
1404   -0.498723300   -0.146784800   -0.827407500
1405    9.401540000    0.761236400    1.324653000
1406   -0.950000000   -0.536644000    0.087503170
1407    6.833777000    0.548441900    0.730695300
1408   -0.950000000   -1.896681000   -1.502404000
1409    9.392582000    0.827822000    0.182838800
1410   -0.950000000   -0.242817500    0.257569000
1411    9.547371000    0.448643800   -1.793357000
1412    5.510960000   -0.030102670   -1.379446000
1413    5.119115000    0.414969700    0.630712900
1414   12.697430000    0.788273900    0.254134300
1415   -0.950000000   -0.666378600    1.882526000
1416   -0.950000000   -1.506423000    0.949291200
1417   14.725040000    1.058225000   -1.118355000
1418   13.525060000    1.153765000    0.629943100
1419    8.366065000    1.130394000    0.475470000
1420   -0.510641600   -0.242899800    0.219735800
1421   -0.950000000   -1.195051000    0.207576700
1422   -0.950000000   -0.506508700    1.385025000
1423   -0.950000000   -1.472350000   -0.510270200
1424    0.054240950   -0.388054800   -0.958900300
1425   -0.950000000   -0.848311700    1.552808000
1426   -0.950000000   -0.308376500    0.034752550
1427   -0.950000000   -0.819909700   -0.608928800
1428   12.650790000    1.012149000   -0.664941000
1429   11.229420000    1.160876000   -0.678042300
1430   12.557300000    1.489058000    0.393369800
1431   -0.950000000   -0.810953000    0.386644000
1432    2.166085000    0.401657500    1.740685000
1433   -0.950000000   -1.188157000   -1.711767000
1434   -0.950000000   -0.222014100   -0.161534500
1435   20.299950000    1.805193000    0.766460200
1436    6.698380000    0.406184800    0.067585290
1437   -0.950000000   -0.132898300    0.277010600
1438   -0.950000000   -0.681969300   -0.360361700
1439    5.001932000    0.294633100   -0.620821700
1440   -0.950000000   -0.252475500    1.396457000
1441   -0.683095900   -0.118216600   -0.015930530
1442   -0.950000000   -1.317104000    1.512999000
1443   13.319710000    1.143995000    0.601116200
1444   -0.950000000   -1.226861000   -1.215898000
1445   -0.950000000   -0.270914400   -0.696138900
1446   -0.950000000   -0.378116300   -0.486512800
1447   12.724240000    1.288456000   -0.198209800
1448   -0.950000000   -0.434835100   -0.121853400
1449   -0.950000000   -0.833072200   -1.270928000
1450   -0.950000000   -0.557346300   -0.154632300
1451    4.799774000    0.269007000   -1.034197000
1452    2.495168000    0.475505500    0.550612500
1453   11.587290000    0.742842700   -0.300199100
1454    0.236100800    0.083754360    0.158918200
1455    6.513960000    0.741841000    0.584964200
1456   -0.950000000   -0.084430520   -1.078002000
1457   11.833140000    1.330488000   -1.648816000
1458   -0.950000000   -1.410426000    1.099206000
1459   -0.950000000   -1.986655000   -0.513315000
1460   -0.950000000   -0.352509900    1.151276000
1461   -0.950000000   -0.708235400    0.580631200
1462   -0.950000000   -0.090486760   -0.706903300
1463    2.864664000    0.636388900   -0.487023600
1464   -0.950000000   -0.250748200    0.615822800
1465   -0.950000000   -0.965662600   -1.620109000
1466   14.378490000    1.442482000   -0.772894400
1467    1.825632000    0.278386400    0.008418169
1468   -0.839002700    0.133113600    0.434562500
1469   -0.950000000   -0.496621900    1.654918000
1470    4.087837000    0.744376900   -0.716110800
1471   -0.950000000   -0.094787640   -0.360763600
1472   -0.950000000   -1.298781000   -0.087158870
1473   -0.950000000   -0.941242300    0.632482700
1474    0.357488400    0.349453300   -0.657007100
1475   -0.950000000   -0.614468800   -0.842326000
1476    9.623384000    1.053234000   -0.173840600
1477   -0.485371100   -0.026634700   -1.544395000
1478   -0.950000000   -0.907162600    1.094660000
1479    9.248738000    1.137661000   -0.594707100
1480   -0.950000000   -1.289681000    0.137601500
1481   -0.950000000   -1.150319000    0.931795600
1482   -0.950000000    0.469060600    0.602131000
1483   -0.950000000   -0.359803400   -1.526945000
1484   -0.950000000   -0.833038200   -1.396722000
1485   -0.950000000   -0.869416800   -0.253612000
1486   -0.950000000   -0.456501800    1.943680000
1487   15.262060000    1.300599000    0.048089860
1488    3.775997000    0.327887100    1.159384000
1489   13.315660000    1.172641000   -0.214566400
1490   -0.950000000   -0.738150500    0.650617900
1491   22.762070000    1.629085000   -0.345018500
1492    4.663132000   -0.119886000   -0.442782000
1493    3.554772000   -0.086328640   -0.105065700
1494    0.235775600   -0.039908220    1.188808000
1495   13.068200000    1.175785000   -0.657254800
1496   -0.950000000   -0.904834300    0.895948300
1497    7.314977000    0.498876500    0.800758100
1498   26.036350000    1.580825000   -1.270045000
1499   12.833370000    0.512152100   -1.932296000
1500    0.899965300   -0.341089200    0.094636520
