*y  x1  x2
   1   -0.950000000   -0.289521400   -1.785638000
   2   -0.950000000   -0.967148700    0.242540000
   3    6.197166000    0.524332300    1.115492000
   4   -0.950000000   -0.604438200    0.859877100
   5   -0.950000000   -0.408244400    0.108468200
   6   -0.950000000   -0.482990500    1.456322000
   7   -0.950000000   -0.608529500    1.322431000
   8   -0.950000000   -0.409094700    0.879915000
   9   -0.950000000   -0.172789100    0.354074200
  10   -0.950000000   -0.335821600   -1.322763000
  11   -0.950000000   -1.513372000   -0.735833800
  12   -0.950000000   -0.271051800   -0.862811600
  13    9.626926000    1.268277000   -0.289242200
  14    7.692026000    0.856733900   -0.379525800
  15    3.248246000    0.681308700   -0.257541900
  16   10.588910000    0.830559500    0.410749300
  17   11.692350000    0.996187700   -1.206982000
  18   -0.950000000   -1.470410000   -1.065661000
  19   -0.950000000   -1.146552000    0.880164500
  20    4.971841000    0.238493800    1.429122000
  21   14.592310000    1.380885000    0.084161750
  22   -0.950000000   -1.687378000    1.298661000
  23   -0.950000000   -0.870651900    0.812045200
  24   -0.950000000   -0.206376000   -0.244227300
  25    8.006093000    0.631903500    1.423474000
  26   -0.950000000   -0.372797300   -0.739491600
  27   -0.950000000   -1.817021000   -0.815178900
  28    3.195577000    1.704211000    1.700495000
  29   -0.950000000   -0.966418700    0.668144300
  30   -0.950000000    0.198068200    0.706217000
  31    1.578040000    0.332610000   -0.074384990
  32   -0.950000000   -1.511077000   -0.513123000
  33   -0.950000000   -0.556117000   -0.006269824
  34    5.241341000   -0.049920130   -1.840871000
  35   -0.950000000    0.828727600    1.226480000
  36    9.324106000    1.085626000   -0.244371900
  37   -0.950000000   -1.677420000   -1.464242000
  38   15.983150000    1.774832000    1.516936000
  39   19.419140000    1.612990000   -1.529365000
  40   -0.950000000   -1.043404000   -0.599780100
  41   -0.950000000   -0.056730630    1.606895000
  42    6.768362000    0.509090300    0.096122160
  43   -0.210977600   -0.193321700   -1.628357000
  44    1.187430000    0.181047100   -1.345370000
  45   -0.950000000   -0.054987560    0.828701600
  46   20.838920000    1.350808000   -0.795254300
  47   -0.950000000   -0.817765600    1.154726000
  48   -0.950000000   -0.864454600    1.262839000
  49   17.046710000    0.806727300   -1.198961000
  50    6.901919000    0.499072600    0.280074200
  51   11.334040000    0.553541900   -1.378827000
  52    8.891340000    0.361630900   -0.439645900
  53   11.922410000    0.933512100    1.416082000
  54   -0.950000000   -0.902998000    1.971632000
  55    8.028095000    0.661792800    1.446737000
  56    5.535873000    0.071050860    0.768751400
  57   13.008360000    1.037764000    0.113029900
  58   17.670880000    1.876094000   -0.786160900
  59    2.255089000   -0.016241670    0.105712400
  60   16.597330000    0.770908400   -1.660816000
  61   28.783800000    1.875029000    1.817470000
  62   -0.950000000   -0.437618600   -0.716177500
  63   -0.654119500    0.356164000    0.173837200
  64   -0.950000000   -1.316739000   -1.470046000
  65   -0.950000000   -0.432438700   -0.555337700
  66   -0.950000000   -0.000135818    0.747410400
  67    4.195006000    0.978916700    0.497748500
  68   -0.950000000    0.021893370    0.223547700
  69   -0.950000000   -0.225927100   -0.916377600
  70   -0.950000000   -1.366095000   -1.122561000
  71   -0.950000000   -1.136784000   -0.622829700
  72   -0.950000000   -0.726853700    0.467085000
  73    7.610095000    0.624436700   -0.984057700
  74   -0.950000000   -0.803873000   -0.344083800
  75   -0.950000000   -0.237518600    0.275703300
  76    9.254692000    0.694747600    0.159781200
  77   -0.231093500   -0.757505400   -1.390969000
  78    2.129120000   -0.155951100    0.409728900
  79   18.162040000    1.383022000   -0.227541800
  80    1.174140000   -0.068174290    0.298863200
  81   11.837260000    0.741811400   -0.654000200
  82    2.469234000   -0.226862700   -0.832312600
  83    6.176610000   -0.278154400   -1.972044000
  84   -0.571039800   -0.479120800   -0.347847300
  85   11.972470000    1.671854000    1.691092000
  86    3.698414000    0.384966000    1.575254000
  87   10.378180000    0.607838400   -0.550190500
  88    4.574035000    0.167743500    0.433091900
  89   10.302370000    0.965019500    1.132186000
  90   12.485770000    0.916269500    0.004882135
  91   -0.950000000   -1.029604000   -0.463719300
  92   -0.950000000   -1.274630000    0.612185200
  93   -0.950000000   -0.692746100   -0.379703700
  94   -0.950000000   -0.795960100    0.249088500
  95   10.447600000    0.903769000    0.347145700
  96    0.413032000   -0.137086600    1.347510000
  97    9.918221000    0.669484000   -0.492436300
  98    9.556609000    0.517444700    0.850261300
  99    3.010442000    0.462483600    0.317973800
 100    1.988118000   -0.005737623    0.630414000
 101   -0.876465200   -0.272481100    0.191995800
 102    9.583342000    0.658188100    1.299721000
 103   -0.950000000   -0.546966900    0.682412900
 104   -0.950000000   -1.183096000    0.479961000
 105   -0.244474100   -0.208536800    0.187389100
 106   -0.950000000   -0.174122800    1.100730000
 107    1.131313000    0.544163500   -0.285356800
 108   -0.950000000   -0.068878830   -0.688260600
 109   -0.950000000   -1.048953000   -1.277850000
 110   -0.950000000   -0.023899670   -0.250845700
 111   -0.950000000   -1.032544000   -1.146797000
 112    1.348606000    0.382749400    0.126628600
 113   13.254340000    1.343554000   -0.723455000
 114   -0.950000000   -0.199593100    0.514041200
 115    5.793470000    0.883262400   -1.113499000
 116   -0.950000000    0.617397700    1.141520000
 117   -0.950000000   -1.098041000    0.137000000
 118   -0.950000000    0.161062100    0.452177400
 119   -0.950000000    0.041667250   -0.507551300
 120   -0.950000000   -0.259862900   -0.669286300
 121   -0.950000000   -0.295870800    1.800582000
 122    4.984459000    0.746488000    0.050144300
 123   -0.950000000   -0.409479200   -0.220430600
 124   -0.950000000   -0.284553800   -0.227948200
 125   -0.950000000   -1.573852000    0.554842100
 126   -0.950000000    0.012227650    0.399865200
 127   -0.950000000   -0.147174200   -1.367988000
 128   -0.523152300    0.274375200    1.008601000
 129   -0.950000000   -1.935473000   -0.170322200
 130   -0.950000000   -0.335079200    1.316788000
 131   -0.950000000   -1.922341000   -1.413508000
 132   -0.950000000   -1.460273000    0.205746600
 133   -0.950000000   -0.413788900    1.513858000
 134   12.330530000    1.114308000   -0.825518700
 135   -0.950000000   -0.014941850    1.560683000
 136    3.459976000    1.079520000   -0.330851800
 137   -0.950000000    0.106121700   -0.211807900
 138    5.928576000    1.040975000    0.366869800
 139   -0.950000000   -0.414313600    1.085215000
 140   -0.950000000   -0.824777300    0.043783580
 141   -0.950000000   -1.514141000   -1.096289000
 142   -0.950000000   -1.366396000   -0.466043200
 143   -0.950000000   -0.365682200   -0.419584200
 144   -0.950000000   -0.242432200   -1.017345000
 145   -0.950000000   -0.854311100   -1.453081000
 146   11.648070000    1.805209000    0.369038600
 147    6.002631000    0.831612400   -1.046083000
 148    0.997680600    0.535864100   -0.599998300
 149   -0.950000000    0.254255600   -0.246306200
 150    4.024910000    0.840219000   -0.040907520
 151   -0.950000000   -1.303385000    0.107427800
 152   14.451260000    0.969508000   -1.676439000
 153    4.993849000    0.397315200   -0.173633500
 154    0.423355500   -0.121116300   -0.404747000
 155   -0.950000000   -0.343371100    0.510187200
 156    5.008045000    0.648285500    0.764939100
 157    9.854025000    1.146405000    0.438126400
 158   15.179130000    1.158803000   -1.057021000
 159   -0.950000000   -0.632478000    0.440027200
 160   -0.950000000   -1.610762000    0.609011600
 161   -0.950000000   -0.478000900    0.846476400
 162    1.382050000    0.830994500    1.306665000
 163   -0.950000000   -0.081336480    0.087512110
 164    3.137905000   -0.155071500   -1.174935000
 165   -0.950000000   -0.684826000   -0.641017800
 166   -0.950000000   -0.749934400   -1.009929000
 167   15.469740000    1.931069000    1.857692000
 168    1.041316000   -0.067613860   -1.822534000
 169    9.038240000    1.687515000    1.242383000
 170   -0.950000000   -0.730485000   -0.907641900
 171   -0.950000000   -0.700276100   -0.448106400
 172    7.751182000    0.810565800   -1.132169000
 173   -0.950000000   -1.281023000   -1.331708000
 174    4.981868000    0.417781700   -0.410888900
 175   -0.950000000   -1.134826000    1.150434000
 176   -0.950000000   -0.436105400   -1.029969000
 177    4.506994000    0.694665800    0.460395500
 178   -0.950000000   -1.608819000    0.577703000
 179   -0.950000000   -0.230722900   -0.453219100
 180   11.210100000    1.296792000   -1.205327000
 181   -0.253884000    0.684710800    1.731044000
 182   -0.610473200    0.067645190   -1.142063000
 183   -0.950000000   -0.032794960    1.138702000
 184   -0.950000000   -0.667552100   -0.296275200
 185    8.767737000    1.302592000    0.756215100
 186   14.312450000    1.449717000   -0.165329700
 187   -0.950000000   -1.193336000   -0.047511710
 188   -0.950000000   -0.382542700   -0.945082700
 189   -0.950000000   -0.516982400    1.506122000
 190   -0.950000000   -0.717496500   -1.138825000
 191    5.699432000    0.736428000   -1.254459000
 192   -0.950000000   -0.936220700   -1.801269000
 193    8.356059000    0.945815400   -0.918365500
 194    1.811204000    0.197435000   -1.508787000
 195   -0.950000000   -0.080308960   -0.020429020
 196    0.140919900   -0.199780800    1.362505000
 197   -0.950000000   -0.487673700    1.086952000
 198    2.192561000   -0.030313370   -0.099627800
 199   -0.950000000   -1.693435000   -0.272060900
 200   15.051220000    1.517798000    0.392841500
 201   -0.950000000   -0.331568800    1.548283000
 202    6.903270000    0.668662400    0.720309600
 203   10.123410000    0.386548000   -0.574624300
 204    0.529570800   -0.375811000   -0.413031300
 205   17.496540000    1.070111000    0.348600100
 206    7.669865000    0.107626900   -1.852857000
 207    4.837275000    0.308661100    0.635569500
 208   17.856970000    1.569192000   -0.460451100
 209    8.669562000    0.397486200   -0.151054700
 210    1.100219000    0.095717510    0.669103400
 211   -0.950000000    0.072113100   -0.158769500
 212   -0.950000000   -0.487881500    0.538240900
 213   -0.950000000   -0.049197660    0.157536400
 214   -0.950000000   -0.570585400    1.603091000
 215   -0.950000000   -1.069812000   -0.498640800
 216   -0.950000000   -0.679341500    0.671588500
 217   -0.950000000   -0.590293900    0.491498400
 218   -0.950000000   -0.524887300   -1.002438000
 219   -0.950000000   -1.377195000   -0.135321400
 220   -0.568167600    0.155323800    0.258794200
 221    2.382489000    0.334452200    0.314023400
 222   -0.950000000   -0.221327200    1.667148000
 223   -0.950000000   -0.152618000   -0.041936170
 224   -0.950000000   -1.236219000    1.026703000
 225   -0.950000000   -1.883636000    1.005775000
 226   -0.950000000   -0.489757300    0.864842700
 227    9.974432000    1.106835000    0.386518400
 228   -0.950000000   -1.038956000   -0.292413300
 229    3.990341000    0.559621300   -0.637957100
 230   -0.950000000   -0.593876100   -1.332527000
 231    7.352566000    0.275461300   -1.729658000
 232    0.997350400    0.332923600   -0.294290700
 233   -0.950000000   -0.176957700   -0.338193900
 234   11.802220000    1.328748000    0.406713100
 235    9.555762000    0.677468200   -1.097894000
 236    7.962357000    0.525019600   -0.872527800
 237    6.333800000    0.773734500    0.131706800
 238    2.223272000    0.340098400   -0.037305670
 239    9.404156000    1.151462000   -0.389015700
 240   -0.950000000    0.039869670   -0.157115400
 241   -0.950000000   -0.400076700   -0.465289400
 242    5.516378000    0.213197800    1.526589000
 243   -0.950000000   -0.851032000    0.991142100
 244   -0.950000000   -0.293379200    0.673932200
 245   17.896710000    1.312396000   -0.376544300
 246   10.347700000    0.602865000    0.460553500
 247   -0.950000000   -0.765085500   -0.902868800
 248    4.476105000    0.265403800    0.959374000
 249    4.768409000    0.066892940   -1.239160000
 250    8.188658000    0.312898400   -0.781296300
 251    9.679191000    0.563949100   -0.285971700
 252   14.640430000    1.986730000    1.118449000
 253    4.870004000    0.141934400   -0.663271300
 254   29.084500000    1.793476000   -1.725178000
 255   22.469190000    1.704145000   -0.494430200
 256   -0.950000000   -0.823154300   -0.583907200
 257   -0.950000000   -1.745712000    0.050593830
 258   -0.950000000   -0.401705000    0.213017500
 259    8.719994000    0.689543500   -0.794831400
 260    8.969629000    0.741592200   -1.251924000
 261   17.539040000    1.176166000   -1.550747000
 262    4.444747000    1.009440000    0.639969200
 263   11.643870000    1.427555000    0.937501600
 264    0.519558500    0.096562080    0.182433700
 265   -0.950000000   -0.269241600   -0.285778200
 266   -0.950000000   -0.871997700    0.352263300
 267    4.345040000    0.589690300    0.730709200
 268   -0.950000000   -0.595230100   -0.140773800
 269   -0.950000000   -0.956105000   -0.575744600
 270    6.284045000    0.546246900    0.218730000
 271   -0.950000000   -0.876195600    0.381296500
 272   15.780490000    1.190136000   -0.996895100
 273   -0.950000000   -0.942107200   -0.715535400
 274   -0.950000000   -0.288116500    0.030128190
 275   -0.950000000   -0.210754800    0.265865900
 276    1.485030000    0.840785300    1.986559000
 277    2.119632000    0.135846800    0.430974200
 278    2.301482000    0.002643078   -1.419557000
 279   -0.950000000   -0.885715800   -0.213502800
 280    6.705018000    0.794199800   -0.090837260
 281   12.717930000    1.386375000   -0.322234500
 282    6.763941000    0.433916900   -0.808865200
 283   11.092140000    1.018912000   -0.257359800
 284    1.367279000   -0.111159500    1.847172000
 285    4.967323000    0.236081100   -0.589322700
 286    7.563270000    0.040864520    1.184315000
 287   11.881780000    1.052133000    1.057398000
 288   10.675420000    1.074725000    1.277033000
 289   11.631510000    0.698290500    0.006076298
 290   14.490840000    1.238767000    0.662886900
 291   -0.950000000   -0.632107200    1.025306000
 292   18.862560000    1.324221000   -1.518837000
 293   -0.950000000   -1.782818000    0.032256230
 294   -0.950000000   -1.886362000    1.334395000
 295    3.859757000    0.004138082   -0.286305500
 296   17.335140000    1.060277000   -0.573758400
 297   12.302700000    0.819460800   -0.155803400
 298    1.816797000    0.050435430    0.161723600
 299    8.075065000    0.595884100   -0.579473500
 300   -0.950000000   -0.505675600   -0.470781600
 301   12.100950000    1.036763000   -0.833074100
 302   -0.950000000   -0.316566100    0.718970300
 303    0.627300900    0.247485500    0.813228700
 304    8.555546000    0.862989800   -1.864842000
 305    5.080862000    0.063892130   -1.739497000
 306   -0.950000000    0.019832770   -0.372477400
 307    0.641464500    0.633744600    1.169961000
 308   -0.950000000   -0.967994500   -0.396891200
 309    0.367763600    0.217676600   -0.299236600
 310   -0.950000000   -0.376778000    0.131973500
 311   -0.950000000   -0.926608300   -1.231738000
 312   -0.950000000   -1.271537000    0.050760270
 313    4.156856000    0.483882500   -0.681559700
 314    0.737806600    0.037023380    1.538204000
 315   -0.942353400   -0.123071400   -1.080342000
 316   -0.950000000   -0.181443500    0.087343580
 317   -0.950000000   -1.520287000   -0.083014400
 318   -0.950000000   -1.528670000   -1.543905000
 319   -0.950000000   -0.653449900    1.281839000
 320    8.947181000    0.661158800   -1.508543000
 321    1.045617000    0.371191400    1.453108000
 322   22.905900000    1.577168000   -0.324346500
 323    8.005164000    0.837915300   -0.328366100
 324   -0.950000000   -0.801522300    0.348812000
 325   -0.950000000    0.275548100    1.313024000
 326    0.226220700    0.207733400    1.144695000
 327   -0.950000000   -0.444679600   -0.195932900
 328   -0.950000000   -1.397055000    0.703809700
 329   -0.950000000   -0.349287300   -0.061050150
 330   -0.950000000   -0.582667100   -0.062592790
 331    0.804022400    0.587339600    1.221185000
 332    8.852526000    1.012244000   -0.557773400
 333   -0.950000000   -1.480232000   -1.048849000
 334   -0.950000000   -1.580012000   -1.186129000
 335   -0.950000000   -0.958992500    1.024313000
 336   -0.950000000   -0.841812200   -0.779713900
 337    8.130484000    0.950971400   -0.156015800
 338    7.463013000    0.971249400    0.693138800
 339   12.806000000    0.932546400   -1.630740000
 340    5.463773000    0.497758100   -0.996992000
 341   -0.950000000   -0.568689400    1.256424000
 342   -0.950000000   -0.296719100   -0.716164000
 343   -0.950000000   -1.041296000   -0.110579200
 344    6.067608000    0.940499800    0.697948900
 345    7.791318000    0.748326600   -0.502733000
 346    6.781725000    0.597072100    0.187319600
 347   14.218290000    1.912103000   -0.381592700
 348   -0.950000000   -0.052415320    0.625830000
 349    0.430326000    0.246948800    0.323167300
 350   -0.950000000   -0.340398500    0.808631600
 351    1.805624000    0.161126300   -0.557546700
 352   -0.950000000   -0.135650700    0.504487900
 353   -0.522321800    0.394955900    0.307680800
 354   -0.950000000   -0.884763100   -0.738073100
 355   -0.950000000    0.262486200    0.139057100
 356   -0.950000000   -1.094649000   -0.137773800
 357   -0.950000000    0.037202680    0.287193700
 358   -0.950000000   -0.419853400   -0.891442500
 359   -0.950000000   -0.510125900    0.429822300
 360   -0.950000000   -1.044413000   -0.950048300
 361   -0.950000000   -0.747111000   -0.374424900
 362   -0.950000000   -1.165013000   -1.573191000
 363   -0.950000000   -0.396220700    0.687370200
 364   -0.950000000   -0.627764100   -0.809656100
 365    2.889240000    0.368893800   -0.443029100
 366   -0.950000000   -1.040781000   -0.400553500
 367    7.597594000    0.815620900   -0.244345800
 368    2.673518000    0.349000500   -0.462644200
 369   -0.950000000   -0.178700400    0.018092130
 370   -0.950000000   -0.128179300   -0.174359000
 371    1.967611000    0.414128700    0.557015500
 372    2.330694000    0.426609300    1.012609000
 373   10.195780000    0.973851600   -0.099232890
 374   -0.950000000   -0.054427280    0.477485200
 375   -0.950000000   -0.172540500    0.266801400
 376   26.881560000    1.773057000   -1.334386000
 377   -0.950000000   -1.283808000   -0.895621300
 378   13.307940000    0.740479800    1.309789000
 379   10.996540000    0.686264800    0.093381730
 380    4.074339000    0.137843500    0.032377080
 381   -0.950000000   -0.645602600    0.801530000
 382    9.286214000    0.289461000   -0.973496200
 383    6.006186000    0.178381800   -0.637203000
 384   10.039250000    0.442187400    0.215682800
 385   -0.950000000   -0.328878100    1.693591000
 386   14.920790000    1.105535000   -0.860297800
 387    8.806801000    0.429824900   -0.311895600
 388   22.099880000    1.486836000   -0.740897100
 389   25.527710000    1.755298000    0.831527000
 390   -0.950000000   -0.434653300   -0.528079500
 391   -0.950000000   -0.496406800   -0.431456300
 392    9.451527000    0.898870100   -0.553397100
 393    0.722476100    0.116641600   -0.289204200
 394    7.161814000    0.627380900   -0.085909600
 395   15.153980000    1.189485000   -0.759210200
 396   -0.950000000   -0.673741300    0.375970500
 397   -0.950000000   -1.366697000   -0.038156440
 398   -0.950000000   -0.565702800    0.414297700
 399    3.122564000    0.006277884   -1.128004000
 400    9.322784000    0.856197500    1.173269000
 401   -0.950000000   -1.173903000   -1.143855000
 402   10.950350000    0.685781100   -1.182883000
 403    6.113564000    0.814044900    0.549320700
 404    6.272301000    0.535618300   -0.435081300
 405    4.720616000    0.489522200   -0.427784900
 406   17.967080000    1.935295000    0.274019500
 407    4.524290000    0.105670100   -0.696599900
 408    5.364134000    0.271914200   -0.048654300
 409   -0.950000000   -0.917844700   -0.247572600
 410    5.637858000    0.260573500   -0.190822000
 411   -0.297822800   -0.059810740    0.251624100
 412   -0.950000000   -0.912641400    0.938326000
 413    3.326149000   -0.097864640   -0.707280400
 414   14.743020000    1.107337000   -0.158699000
 415   -0.860300100   -0.385312600    0.064714600
 416   18.213840000    1.661728000   -0.069964060
 417    2.162875000    0.458047900    1.019323000
 418    9.505694000    0.503544500   -0.281000500
 419    0.325383500   -0.271584700   -1.510150000
 420    3.019836000    0.366475500    0.630753600
 421    2.603206000   -0.047979680   -0.928904200
 422   12.038850000    0.938243400   -0.678265900
 423   -0.950000000   -1.321531000    0.633361400
 424   -0.950000000   -0.313624500    0.482671800
 425   -0.950000000   -0.931377000    0.712855800
 426    0.663916400    0.239091300    0.433407400
 427   -0.950000000   -0.911857500    0.649827000
 428    5.503735000    0.576005000    0.537855400
 429   -0.171133800   -0.075505140    0.054654930
 430   -0.950000000   -1.773481000    0.393530800
 431   -0.950000000   -0.651840400   -1.018538000
 432   -0.950000000   -0.765822500    1.014250000
 433   -0.822632400   -0.313464100   -0.064217990
 434    4.044203000    0.627783000    1.821015000
 435   13.398130000    1.151438000    0.167058400
 436    3.517166000    0.368808200   -0.871353500
 437   -0.950000000   -0.662048000   -0.358869700
 438   -0.950000000   -0.371516100    0.764993300
 439    0.415697900    0.098440800   -1.046089000
 440    9.056963000    1.320712000    0.721735700
 441   -0.950000000   -0.802926800    1.550797000
 442    3.359149000    0.286114800   -0.998420700
 443    0.667457900    0.285656900   -0.506049800
 444   -0.950000000   -0.784736900   -0.771381100
 445   -0.950000000   -0.435054500   -1.777229000
 446   -0.950000000   -0.335583100   -0.205909100
 447   -0.950000000   -1.177972000    0.948860900
 448    7.405198000    1.139728000    0.367881800
 449   -0.950000000   -1.063662000    0.981787800
 450    5.189021000    0.450964900   -0.485806100
 451    1.402034000   -0.042408930   -1.022641000
 452   -0.950000000   -0.661410300    0.405073100
 453   16.970670000    1.886456000    1.162388000
 454   -0.950000000   -1.373270000   -1.097308000
 455    0.298937600   -0.051732200    0.182938900
 456   23.150310000    1.618786000   -0.607528500
 457    5.001658000    0.199033500   -0.641101400
 458   -0.950000000   -0.307595200   -0.573710300
 459    0.730465400   -0.137794100    0.867778100
 460    7.073486000    0.375820500   -0.872097500
 461    0.603275300    0.076547650    0.217104900
 462   11.462490000    1.063021000   -0.650240500
 463   10.563180000    1.366209000    0.942964300
 464   -0.950000000   -0.266378600   -0.681778000
 465    7.582455000    0.572160600   -1.682471000
 466   16.261960000    1.918299000    0.265187300
 467    9.396277000    0.698901000   -0.670811900
 468    3.041330000    0.199442900    0.630451100
 469   -0.950000000   -0.485461300    0.581117700
 470    5.818097000    0.293025900   -1.190298000
 471    2.124802000    0.128728000   -0.032789510
 472    7.491658000    0.377680400   -1.086610000
 473   12.362850000    0.760031500   -0.453407800
 474   -0.950000000   -0.328362300    0.821730300
 475   21.323850000    1.615190000   -1.245332000
 476   -0.950000000   -0.806719200   -0.230473600
 477   -0.950000000   -0.557135000   -0.073324850
 478    2.473996000    0.128673200    1.814866000
 479   -0.950000000   -0.764228400   -0.727447200
 480   -0.950000000   -0.967382900   -0.838247600
 481    2.163843000    0.187525300    0.048432720
 482   15.332250000    1.364962000    0.381385100
 483   -0.950000000   -0.061807470   -0.047583950
 484   -0.950000000   -1.117514000   -0.709747100
 485    1.296985000    0.585085100    0.517601600
 486   -0.950000000   -1.216717000   -1.150817000
 487   -0.950000000   -0.585864700   -0.530425000
 488   -0.950000000   -0.429442700   -0.388871300
 489   -0.950000000   -0.139033500   -0.589548200
 490    9.660055000    0.822741200    0.557890200
 491   -0.950000000   -0.283771500    0.226441500
 492    8.117171000    0.653210700    0.189533300
 493   10.114860000    0.859663100   -0.944508800
 494   -0.950000000   -0.485809400   -1.138105000
 495    1.425591000   -0.021201200   -0.977008400
 496   15.670090000    1.096434000    1.586188000
 497    7.160323000    0.418767100   -0.060247190
 498   14.326580000    0.828418400   -1.193031000
 499   14.448960000    1.107770000    1.163098000
 500   -0.169826300   -0.315372200    0.573476800
 501    7.081546000    0.306548900   -0.834229400
 502    0.807963000   -0.156692300   -0.278339400
 503    4.504618000    0.317533200   -0.351038200
 504   26.825020000    1.759995000   -0.311333900
 505    7.699810000    0.280233300    1.374874000
 506   11.464790000    0.826864900    0.569917800
 507    1.401688000   -0.168623600   -0.016295440
 508   13.001150000    0.734542200   -1.058814000
 509   13.914770000    1.061084000    0.774311400
 510    1.581811000   -0.554131400   -1.101508000
 511   -0.950000000   -1.437704000    0.624802200
 512   24.516990000    1.735401000   -0.177415300
 513   14.837300000    0.840970300    0.330999900
 514    3.292730000   -0.006338251    0.569227200
 515   13.644450000    1.388532000    0.197155100
 516   16.671440000    0.863330000    0.612695700
 517   -0.950000000   -0.782523800   -0.373850100
 518   20.328390000    1.553250000   -0.711973500
 519   -0.950000000   -0.823338200   -0.547217600
 520   22.239350000    1.496014000   -0.310725100
 521   -0.950000000   -1.152367000    0.159131200
 522   14.276940000    1.221876000   -0.350741000
 523    2.368644000   -0.255764600    0.899883800
 524   -0.001092303   -0.540072000    1.517922000
 525    6.463551000    0.260710400   -0.394152000
 526   -0.950000000   -0.257602000    0.764417600
 527   17.156910000    1.401233000   -0.534020300
 528   -0.950000000   -0.257582200   -0.945378300
 529   -0.950000000   -0.963719300    0.394739600
 530   -0.950000000   -0.355363000    0.623622500
 531   -0.950000000   -1.646763000   -0.942888900
 532    4.602171000    0.466599200    0.541878700
 533   -0.950000000    0.308810100    1.581302000
 534   -0.950000000   -1.551390000    0.662466000
 535   -0.950000000   -1.309590000    1.470689000
 536   -0.950000000   -1.195321000   -1.323724000
 537    4.610995000    0.757297700   -0.033935100
 538    9.071564000    1.645589000   -0.698248400
 539    1.261355000    0.510208100    0.958799000
 540    1.586867000   -0.257041100   -1.283403000
 541    4.251546000    0.680741400   -1.253430000
 542    3.482464000    0.790425500   -0.812059800
 543   -0.950000000   -1.000427000   -0.998856900
 544   -0.950000000   -0.294758700   -1.096641000
 545    2.261811000    0.742453300   -0.228966300
 546   -0.950000000   -0.175389600   -0.079795410
 547    8.091494000    1.452856000   -1.900641000
 548   -0.950000000   -1.411500000   -1.017361000
 549   -0.950000000   -1.769399000    0.938694300
 550   11.233460000    1.422565000   -1.956695000
 551   -0.950000000   -0.676668500   -0.125910500
 552   -0.950000000   -1.246405000    0.020192020
 553    9.097058000    1.319691000   -0.306925700
 554   -0.950000000   -1.351205000    0.481629200
 555   -0.950000000   -0.176077800   -0.181582800
 556   -0.950000000   -1.085172000    0.188954700
 557   -0.950000000   -0.849285600    1.379125000
 558    9.743678000    0.799012900   -0.816655100
 559   -0.950000000   -0.799241300    1.557680000
 560   -0.950000000   -1.226213000   -0.382055900
 561    5.008830000    0.298151400   -1.310890000
 562    9.858240000    0.940193300   -0.775977500
 563   -0.262321500    0.095944930   -0.168900700
 564   -0.950000000   -0.324635300   -0.026177630
 565    9.407838000    0.905966200   -0.004411041
 566    3.663761000    0.646853500    0.840451400
 567   -0.950000000   -0.163596800   -1.286373000
 568   -0.950000000   -0.295600600   -0.287493000
 569   -0.950000000   -0.083490750    0.380486100
 570    8.171943000    0.816134600   -0.499042100
 571    9.435582000    0.903884200   -0.275488300
 572    3.627644000    0.588347400   -0.053105970
 573   -0.428360000    0.224011200    0.770649500
 574    0.389964400    0.104586900   -0.266681600
 575   11.007900000    0.736617900    1.025833000
 576   -0.950000000   -1.095185000   -0.724743900
 577   -0.950000000   -0.039326180    0.414672500
 578    1.359872000    0.336558000    0.333659200
 579   -0.950000000   -0.624662700   -0.963007300
 580    5.351032000    0.502372700    0.210406800
 581   -0.950000000   -0.040574200   -0.413571600
 582   -0.950000000   -1.261771000   -0.334044300
 583    3.417118000    0.588994900    0.872448200
 584    4.222699000    0.327073500   -0.219152300
 585    6.592464000    0.488366600   -1.211232000
 586   -0.950000000   -1.028384000   -0.403350100
 587   -0.950000000   -0.735801500   -1.114024000
 588   -0.950000000   -0.995990000   -0.628243200
 589   -0.950000000   -1.236071000   -0.116276500
 590   -0.950000000   -0.134124500    0.395288400
 591    0.508826800    0.283244900   -0.224689400
 592   -0.950000000   -1.096808000    0.722445400
 593   -0.950000000   -0.266366800    0.755028000
 594    6.625225000    1.399197000    0.426966000
 595   -0.950000000   -0.658980700    0.399189200
 596   -0.950000000   -0.958679900    1.632679000
 597   -0.950000000   -0.532336000    0.522931300
 598   -0.950000000   -0.809019500   -0.200692200
 599   -0.950000000   -0.604586200    0.806475500
 600   -0.950000000   -1.216561000   -0.460540500
 601   -0.950000000   -1.094377000    0.993035300
 602   -0.950000000   -1.119114000    1.347495000
 603   -0.950000000   -0.241787100   -0.045680670
 604    3.762122000    0.563806800    0.185558000
 605   17.877190000    1.583163000    0.020924310
 606   -0.950000000   -0.485477200    1.110148000
 607   -0.950000000   -0.518276200   -0.316076600
 608    4.888678000    0.510594800   -0.549853300
 609   -0.950000000   -0.420299200    0.246432700
 610   -0.950000000   -0.752700900   -1.227636000
 611   -0.950000000   -0.720725700   -0.030869210
 612   -0.950000000   -0.280532700    0.095128410
 613   -0.950000000   -1.358530000   -0.912201400
 614    8.810337000    0.796849200   -0.187236900
 615    9.711171000    1.393992000    0.077823500
 616    9.848742000    0.854169000    1.128384000
 617   -0.950000000   -0.725797600   -0.257925900
 618   -0.950000000   -0.312687700    0.191058500
 619   19.485130000    1.215399000   -0.330773600
 620   -0.950000000   -0.527573600    1.046241000
 621    5.443932000    0.099419050   -1.005121000
 622   12.138020000    1.711030000    1.800563000
 623    8.194470000    0.418464200   -0.426677400
 624   -0.950000000   -0.945811500    0.318897600
 625   -0.291295000   -0.143229400    0.407455800
 626   -0.950000000   -0.415402900    1.015985000
 627   -0.950000000   -1.153293000   -0.260475200
 628   -0.950000000   -0.333821500   -0.137303200
 629   -0.950000000   -0.477789300    0.088592350
 630    9.531047000    0.695376700    0.508535000
 631   -0.950000000   -0.944717800   -0.020456860
 632   -0.950000000   -0.251555300   -0.315308200
 633    3.414199000    0.348725200   -0.829659400
 634    7.627731000    1.104755000   -0.391854200
 635   19.978030000    1.679270000   -0.862158900
 636   -0.950000000   -0.194253800    0.128696900
 637    4.076042000    0.434080400   -1.023811000
 638   -0.950000000   -1.210151000    0.862275400
 639   14.157560000    1.111536000   -1.581531000
 640    6.470751000    0.539091900   -1.116968000
 641   -0.950000000   -0.044031010   -0.350313400
 642    7.593569000    1.029749000   -0.822215200
 643   -0.950000000   -0.659029600   -1.466922000
 644    5.144872000    1.134112000    1.794339000
 645   -0.950000000    0.071200450    0.316743600
 646   10.019420000    0.383232100   -0.821049800
 647   12.953270000    0.861671500   -0.050778250
 648    0.291651100   -0.559837700   -0.712694500
 649    8.300381000    0.182568400   -1.950348000
 650   10.740140000    0.631191200    0.164789800
 651    1.062871000    0.829797400    1.232851000
 652   -0.950000000   -0.308258800    1.686104000
 653    5.728337000    0.094389460    0.002241493
 654   26.419170000    1.992575000    0.312105700
 655    6.678558000    0.111323200   -0.991575700
 656   17.662120000    1.219048000    0.124109500
 657   20.919440000    1.896188000    1.289714000
 658    9.521465000    0.457888400   -0.271270700
 659   -0.950000000   -0.648311600   -0.027121780
 660   -0.950000000    0.012579130    1.286420000
 661   -0.950000000    0.187514900    0.235428900
 662   -0.950000000   -0.629710100   -0.944657100
 663   11.276680000    1.154267000   -0.921163900
 664    5.280826000    1.102293000    0.328517400
 665   -0.950000000   -1.889027000   -1.390030000
 666   -0.950000000   -0.068645940   -0.038697670
 667   -0.950000000   -0.429828900    0.471670400
 668    1.631776000    0.349317900   -0.782433600
 669   -0.950000000   -0.792879400   -1.473277000
 670    8.038432000    1.206456000    0.579920500
 671   -0.950000000   -1.174138000   -0.261098200
 672    0.167547900    0.295144700   -0.278460500
 673   -0.950000000    0.087438540    0.283695300
 674   -0.950000000   -0.067582300   -0.468378200
 675   -0.950000000   -1.112591000   -1.627013000
 676   -0.950000000   -0.671569900    1.980698000
 677   -0.950000000   -1.013270000    0.001219686
 678   -0.950000000   -0.766131900    0.480839300
 679   -0.950000000   -0.399426600    0.271234300
 680   -0.950000000   -0.168289100    0.579267000
 681    1.346955000    0.209734600   -0.305520900
 682   -0.950000000   -0.384340200   -1.851445000
 683   -0.950000000   -1.104319000   -1.326895000
 684   -0.950000000   -0.120174700    0.897799000
 685    4.193085000    0.385539900    1.230234000
 686   -0.486154900    0.174889300    0.887727300
 687    6.217357000    0.757204400   -0.454853400
 688   -0.950000000   -0.597453000   -1.049992000
 689    3.447380000    0.897735200    0.370688500
 690   -0.950000000   -0.517253000   -0.651839300
 691   -0.950000000   -1.348462000    1.569953000
 692    5.422205000    0.861637200    0.360829900
 693   -0.950000000   -0.202701900   -0.072070840
 694   -0.950000000   -0.752397600    1.667706000
 695   -0.950000000   -0.247300800   -0.049253930
 696   -0.950000000   -0.539886100    0.857568800
 697    0.121686700    0.021421610   -1.053677000
 698   -0.950000000   -1.803971000   -1.054569000
 699    1.667728000    0.634912800    0.608844300
 700    5.193027000    0.597651800   -0.777748200
 701   -0.950000000   -0.719507400   -0.685476900
 702   10.301970000    1.220906000   -0.508450000
 703   -0.797031700   -0.047985980   -0.648731100
 704    6.272187000    0.656694600   -0.647661100
 705    2.824378000    0.534218600   -0.041562590
 706    1.149655000    0.336231600    0.092200650
 707    1.352504000    0.123292800   -0.470609500
 708   10.109200000    0.531980500   -1.932437000
 709   12.782140000    1.364623000   -1.036074000
 710    0.672541800    0.152191800   -0.478191000
 711   -0.950000000   -0.922336000   -0.660627800
 712   16.250940000    1.864219000    0.912833300
 713    7.961005000    0.576345900   -1.085042000
 714   -0.950000000   -0.319009000   -0.826097300
 715   -0.950000000   -0.584405900   -1.799494000
 716   11.848210000    1.606532000    1.928210000
 717    1.105663000    0.062210550    0.309335100
 718    4.492657000    0.402662300   -0.914067600
 719    4.040175000    0.319418400    0.294101500
 720   -0.950000000   -1.387867000   -1.084127000
 721    6.393771000    0.905211900    0.445306300
 722    3.082941000    0.275982600   -0.426993500
 723    7.975303000    0.951495900    0.176488000
 724   13.533990000    0.990211800   -0.965025300
 725   -0.950000000   -0.305939600   -0.434552100
 726    2.207986000    0.134205800   -0.218790900
 727    6.063341000    0.998880700    0.153945500
 728    7.270757000    1.195421000    0.464820300
 729   -0.950000000   -0.820318800   -1.815054000
 730   -0.089685530   -0.210178200   -0.031382760
 731   -0.950000000   -0.909566100   -1.045254000
 732   -0.950000000   -0.537135200    0.711165300
 733   -0.950000000    0.209084700    1.351876000
 734   -0.950000000   -0.484606200   -0.499966800
 735   -0.950000000   -1.425712000   -0.084321580
 736   10.875740000    0.760467500   -0.510746700
 737   18.475130000    1.426758000   -0.180317500
 738   -0.950000000   -0.895296100    0.592571400
 739   -0.950000000   -1.277638000   -1.128190000
 740   13.128880000    0.704317600    0.001722035
 741   22.006290000    1.431100000   -1.180719000
 742    7.894995000    0.171331100    1.130047000
 743   31.666620000    1.871302000   -1.444549000
 744   -0.950000000   -0.905530500    0.148194000
 745   10.234020000    0.619625900    0.205402300
 746   11.332670000    1.042277000    1.515410000
 747    7.776489000    0.675470100    0.631586500
 748   -0.950000000   -0.440629100    0.784892900
 749    3.643106000    0.462803300    0.839706300
 750    4.015617000   -0.057771280   -1.614518000
 751    0.886846800   -0.001811537   -0.640910300
 752   -0.950000000   -0.802153500    0.543903200
 753   -0.950000000   -0.976292500    0.330077400
 754   -0.950000000   -0.799557800   -0.173772300
 755   -0.950000000   -0.247141200   -0.401133600
 756    1.703932000    0.040036760   -1.253469000
 757   12.980710000    1.274223000    1.032876000
 758    5.112653000    0.892204500    0.437244700
 759   -0.950000000   -0.372771700   -1.067543000
 760    3.103462000    0.461671400   -0.179793600
 761   16.194780000    1.785284000   -1.098646000
 762    9.817067000    1.141994000    0.275402100
 763   -0.950000000   -0.194751000    0.592688900
 764    5.564182000    0.412020500   -1.196352000
 765   -0.950000000   -0.478654400   -1.849349000
 766    8.916642000    0.742232700   -1.689662000
 767    9.269708000    0.549504400   -1.487643000
 768   10.179910000    0.510058500   -0.016994450
 769    4.371235000   -0.210043700   -1.971783000
 770   22.628450000    1.797844000   -0.607347200
 771   -0.950000000   -0.654233300   -0.232310900
 772   10.616110000    1.234180000    0.035884000
 773   -0.950000000   -0.284685800    1.818977000
 774   17.409350000    1.400312000   -0.197315700
 775    8.028431000    0.431177700   -0.612993600
 776   -0.950000000   -0.555956500    1.161405000
 777   -0.950000000   -0.581468500    0.283270000
 778   22.525840000    1.951107000    0.332324900
 779   -0.950000000   -0.279828700    0.259584800
 780    3.154336000    0.192046500    0.920080000
 781   -0.950000000   -0.939744800   -1.004726000
 782    9.915927000    0.944435000    0.025292410
 783   -0.950000000   -0.477445900    1.216143000
 784   -0.950000000   -0.811952000   -0.451256400
 785   18.473660000    1.462340000    0.102664800
 786   -0.950000000   -0.415173900    1.643069000
 787    2.027135000   -0.075281390   -0.041746750
 788    5.166041000    0.363769800   -0.667632500
 789    0.105542700   -0.103408600   -0.268320900
 790   11.278060000    0.841031000    0.095586730
 791    1.831857000    0.258939000   -0.161400900
 792   14.347470000    1.374968000    0.709596700
 793   -0.950000000   -1.248249000    1.341069000
 794   -0.950000000   -1.065700000    0.519186200
 795   14.042380000    1.858396000    1.018536000
 796   14.917420000    1.489131000   -0.207541400
 797   -0.950000000   -1.676471000    1.378903000
 798    7.895399000    0.462771000   -0.167528400
 799   15.637420000    1.092984000   -1.696084000
 800    0.208097600   -0.161888300    0.707170900
 801    6.245319000    0.355812500    0.178356000
 802   -0.494709400   -0.305696300    0.618074900
 803   -0.950000000   -0.070937560    1.095950000
 804    6.663660000    0.635786000    1.219278000
 805   -0.950000000   -0.670281200    1.439575000
 806   -0.950000000   -0.691768900    1.090989000
 807   -0.950000000   -1.050215000   -0.065206560
 808   -0.950000000   -0.227791800    0.811089900
 809   10.177420000    0.664689600   -0.800736000
 810    1.651726000   -0.011132150    0.539721000
 811    9.161859000    0.432977000   -0.198596200
 812    3.991275000    0.801508700    0.865889400
 813   -0.950000000   -0.978312400    0.008395488
 814    2.333291000   -0.063801590    0.643330800
 815    2.200945000    0.096058270    0.017727830
 816    5.890335000    0.183949600   -1.293198000
 817   16.368890000    0.970991200   -1.430066000
 818   18.629630000    1.714962000   -0.656105200
 819   -0.950000000   -0.585016100   -0.158652700
 820   14.423430000    1.110792000   -0.649845000
 821    0.823104000    0.269396800    1.024654000
 822    0.816491700   -0.034875450   -0.141284200
 823   -0.950000000   -0.429258200    1.810104000
 824    4.976339000    0.147023100   -0.574739400
 825    9.333183000    1.199965000    0.296014200
 826   -0.950000000   -1.007947000   -0.384395300
 827    4.674052000    0.621322900    0.618641300
 828   -0.950000000   -0.884808800    0.380468700
 829   10.787480000    1.112375000   -0.174060300
 830   -0.950000000   -0.400246700    1.267604000
 831   -0.950000000   -1.111956000   -0.510808100
 832    4.659600000    0.362245900   -0.723564000
 833   -0.950000000   -0.177688500    1.577195000
 834   14.671340000    1.061052000   -0.579418200
 835   -0.950000000   -0.695957300   -0.658061200
 836   -0.950000000   -0.951512900   -0.247225200
 837   -0.950000000   -1.534955000   -0.539543600
 838   -0.950000000    0.129425600    0.884604500
 839   -0.950000000   -1.546300000    1.505813000
 840   -0.950000000   -0.008285101    1.767805000
 841   -0.950000000   -1.070452000   -0.583620900
 842   -0.950000000   -0.635385700   -1.550857000
 843   -0.950000000   -1.710104000   -0.637556400
 844   -0.691016100    0.837309100   -0.664184400
 845   -0.950000000    0.537494200   -0.602201400
 846   -0.950000000   -0.974289400   -0.238863100
 847    2.855504000    0.778058700   -1.732736000
 848   -0.950000000   -0.524878300   -0.693659100
 849    0.527049300    0.351307600   -1.823810000
 850   -0.950000000   -1.028457000   -0.760278700
 851   -0.950000000    0.280095000   -1.633768000
 852   -0.950000000   -0.808332200    0.579063600
 853   -0.046104560    0.761713500    0.191694600
 854   -0.950000000    0.509876200    0.312253700
 855   -0.950000000   -0.495023700   -1.499660000
 856    1.848932000    0.013483360   -0.073703330
 857    7.168996000    0.557511100    0.270780400
 858   -0.950000000   -0.759715000   -0.482345000
 859   -0.950000000   -0.449339500    1.338852000
 860   10.692230000    0.807886800    0.024683990
 861   -0.950000000   -0.331123800    0.645577600
 862   -0.950000000   -0.794632600   -0.146848800
 863    1.077170000    0.063331910   -0.231899700
 864   -0.950000000   -0.238069800    0.857957500
 865    8.132260000    0.607223000   -1.222910000
 866   -0.950000000   -1.256196000    0.973173000
 867    8.400327000    0.584689400   -0.887417400
 868   -0.950000000   -1.324136000   -0.349630700
 869    7.782991000    0.975515600    0.829509300
 870   -0.950000000   -1.037211000    0.813685100
 871   -0.950000000   -0.372271500    0.889042100
 872   -0.138416500    0.570346400    0.276933900
 873    8.283196000    1.077924000   -0.811574000
 874    3.820063000    0.544589600   -0.365933100
 875    4.119182000    0.517718500   -0.694068500
 876   16.588400000    1.677004000   -0.746970300
 877    9.505962000    1.345622000   -0.295000100
 878   -0.950000000   -0.716022800    0.140858000
 879   -0.950000000   -0.380126800   -1.722086000
 880   -0.950000000   -1.270023000   -0.894563800
 881   -0.950000000   -1.124979000   -1.147101000
 882   -0.950000000   -0.579470400    1.282740000
 883   -0.950000000   -0.827558200   -0.056148610
 884    2.941372000    0.325643000    0.556519100
 885    0.936568400    0.249458000   -0.202981200
 886   -0.950000000   -0.837124900    0.381391100
 887    2.256537000    0.385717500   -0.421683200
 888    4.022717000    0.394237900    0.170574300
 889   -0.148222700    0.208979900   -0.251373700
 890   15.434250000    1.856620000   -0.226703400
 891    3.050930000    0.718413700    1.069001000
 892    7.231178000    0.903329300    0.068291300
 893   -0.950000000   -1.258432000    0.460483900
 894    4.710880000    0.533809800   -0.804727300
 895   -0.950000000   -0.657257800   -0.228640100
 896   -0.950000000   -1.285449000   -1.248792000
 897   -0.950000000   -0.411156400   -0.377382600
 898   17.140930000    1.951454000   -0.146854700
 899   -0.950000000   -0.966668300    1.594358000
 900   -0.950000000   -0.989411800    0.169591700
 901   -0.950000000   -0.498212600   -0.120634100
 902    8.980094000    1.102984000   -0.279563300
 903   -0.950000000    0.054456750    1.448627000
 904   -0.950000000   -1.691453000    0.574529100
 905    3.531096000    0.971069300    0.384058800
 906   -0.950000000    0.063875760    0.794915800
 907   -0.950000000   -0.014423610    0.828269200
 908   -0.950000000   -0.824410200   -0.846814000
 909   -0.950000000   -1.649682000   -1.340088000
 910   -0.950000000    0.262549800    0.627914900
 911   -0.950000000   -0.541070800    1.188828000
 912   -0.950000000   -0.495454600    0.531449300
 913   -0.950000000   -0.811336500   -0.833377600
 914   -0.950000000   -0.845903600    1.744863000
 915   -0.950000000   -1.176399000   -1.555554000
 916   -0.950000000   -0.432578600   -0.012129110
 917   -0.950000000   -1.234889000   -0.018668140
 918   15.696880000    1.300936000    1.304494000
 919    9.208920000    0.477011700   -0.986212300
 920    6.119914000    1.192203000    1.464758000
 921    2.541620000   -0.123106300   -0.100974300
 922   -0.950000000   -0.440916700    0.036636660
 923   12.344360000    1.203809000    0.294717500
 924   -0.950000000   -1.600549000   -1.289351000
 925   14.514650000    1.142375000   -1.480737000
 926    6.590176000    0.302206700   -0.615269100
 927   14.601330000    1.616013000    1.648201000
 928    7.999564000    0.782925300    0.382995500
 929    6.759936000    0.430437800   -0.291150700
 930   -0.950000000   -0.606682400    1.848731000
 931   -0.950000000   -0.066084120    0.434069800
 932    0.113222600    0.068261590    0.287423400
 933   12.532710000    1.194136000    0.362427400
 934   -0.950000000   -1.621913000   -0.638577100
 935   -0.950000000   -1.588604000   -1.456134000
 936    8.721456000    0.811530300    1.239153000
 937   16.261160000    1.851748000   -1.123285000
 938    0.870132600   -0.010994620    0.424257400
 939   13.336520000    1.224837000    0.645633600
 940   -0.950000000   -1.837408000    1.157805000
 941   -0.950000000   -0.631023000    0.560498800
 942   -0.950000000   -0.224710600    1.160885000
 943    8.050781000    0.645787800   -0.747271600
 944    5.337321000   -0.051344980    1.551780000
 945   11.876220000    0.943938800   -1.003951000
 946   -0.950000000   -0.491284900   -1.376206000
 947   -0.084717110   -0.066280910    0.124843100
 948   16.199720000    1.151480000   -0.626308300
 949   -0.950000000    0.173029400    0.638607900
 950   -0.950000000   -0.272143100    1.368416000
 951    7.511337000    0.499254500   -1.305558000
 952   -0.950000000   -0.513183700   -0.456823400
 953   11.101410000    0.990358500   -1.079851000
 954   13.317800000    1.089647000   -0.687395500
 955   17.093020000    1.548614000   -0.895811100
 956   -0.950000000   -1.033095000   -0.044902640
 957    1.431433000    0.555168800    1.309324000
 958   12.229190000    0.916103000   -1.085313000
 959   -0.950000000   -0.385196600    0.641618600
 960    0.228279500   -0.083255650   -0.670823100
 961   -0.950000000   -0.328276300   -0.186067300
 962    0.085097920    0.812742600    1.199693000
 963   -0.950000000   -1.340174000   -1.283998000
 964   -0.950000000   -1.255465000    0.813706200
 965    2.634566000    0.429508800   -0.633481400
 966    2.257520000    0.459910100    0.368884200
 967   -0.950000000   -0.566786500    1.228327000
 968    5.495564000    0.815178000   -0.042375060
 969   -0.950000000   -1.495485000    0.903449700
 970   -0.950000000   -1.692890000   -0.631661400
 971    5.768075000    1.208695000    0.013841680
 972    1.472503000    0.652743100   -0.184816700
 973   -0.950000000   -1.740281000   -0.040803450
 974    7.935658000    0.911678200   -0.857659100
 975    5.642784000    0.905878300    0.157944600
 976   -0.950000000   -1.312532000    1.988719000
 977    4.078655000    1.095522000   -0.822463000
 978    6.621169000    1.173674000   -0.413966700
 979   11.570980000    0.887787300   -1.900599000
 980    5.581603000    0.902371700    0.723608600
 981    5.681146000    1.144067000   -0.333273100
 982    9.166970000    0.792209600   -1.112384000
 983    8.420441000    0.591306300   -0.007791987
 984   -0.950000000   -0.882684700   -1.726013000
 985   -0.950000000   -0.086896260    0.547337400
 986   -0.950000000   -1.465859000   -1.054308000
 987   -0.950000000   -1.110376000   -0.768794200
 988   -0.950000000    0.047607440   -0.858422600
 989   -0.950000000   -0.244421200   -1.055522000
 990   -0.950000000    0.252181000   -0.601706700
 991    0.852692300   -0.010582750   -0.541464400
 992   11.089690000    0.947060300   -0.889259000
 993    7.217990000    0.611098500   -0.126860000
 994    1.670074000    0.123527800   -0.641730500
 995   21.695370000    1.799373000    0.010572390
 996    0.873136500   -0.169677200   -0.449826400
 997    1.200308000    0.471097500    1.876817000
 998   -0.950000000   -1.185027000   -1.215214000
 999    8.125546000    0.854060100    1.448285000
1000    3.702506000    0.542592000   -0.038806470
1001   -0.950000000   -1.905221000    1.374489000
1002    3.575363000    0.405176400    0.131444700
1003   -0.950000000   -0.605792600   -0.985857600
1004   -0.950000000   -0.868603600   -1.021624000
1005   -0.950000000   -0.752130600    1.181881000
1006   -0.950000000   -1.401477000   -1.910519000
1007    2.408534000    0.487121300   -1.511192000
1008   -0.950000000   -1.956168000   -1.291516000
1009   -0.950000000   -0.192706700   -1.024423000
1010   -0.950000000   -1.485893000   -0.602311000
1011    5.215422000    0.908953300   -0.638415600
1012   -0.950000000   -1.129173000    0.006825231
1013   13.293650000    1.289051000   -1.104995000
1014   -0.950000000    0.592430400   -0.058477530
1015    1.955966000    0.832129700    1.181746000
1016   -0.950000000   -1.004562000   -0.683439700
1017    1.905368000    1.110112000    0.909332500
1018    1.261582000    0.447181900   -1.518520000
1019   -0.950000000   -0.958178000   -0.917306100
1020   -0.950000000   -0.562882500   -1.066373000
1021    4.769379000    0.413938300    0.767721700
1022    9.649038000    0.386604000    1.947000000
1023   11.807150000    0.834905000   -0.393873500
1024    1.401274000   -0.245929400   -0.848192200
1025   -0.950000000   -0.556801000    0.275010900
1026   -0.950000000   -0.745222700   -0.503876200
1027   -0.950000000   -0.429169500    0.333506400
1028   -0.950000000    0.088039110    1.481835000
1029   -0.950000000   -0.260681300    0.349724200
1030   -0.950000000   -0.170958600    0.862806300
1031    0.479506300   -0.054722650    0.508525000
1032   11.564600000    1.024256000    0.055071300
1033    4.292664000    0.377069800    0.858543200
1034   10.377990000    0.493492700   -1.433058000
1035    7.283294000    0.304412400   -1.448163000
1036   -0.950000000   -0.760210000    0.462752800
1037   -0.950000000   -0.627069600   -1.661741000
1038   -0.950000000   -1.922803000    0.740768000
1039   -0.950000000    0.393959400   -0.026184570
1040   -0.950000000   -0.475495900    0.679034200
1041   -0.950000000   -0.628220900   -0.700377600
1042   21.725280000    1.889201000   -1.594076000
1043    1.848471000    0.109044700   -1.797019000
1044   -0.950000000   -1.881669000    0.579740100
1045   -0.950000000   -0.048322310    1.164357000
1046    3.752405000    0.786517000    0.858251700
1047   -0.950000000    0.056732290   -0.013499410
1048   -0.950000000   -0.973354400    0.816903200
1049    6.703588000    0.948769000   -0.453456000
1050   -0.950000000   -0.953247500   -0.626625300
1051   -0.950000000    0.044392120    0.894620400
1052   11.728210000    1.029547000   -1.372032000
1053   -0.950000000   -0.705034600   -1.559006000
1054   19.063470000    1.725058000    0.060472870
1055   -0.950000000    0.086486530    1.597315000
1056   -0.950000000   -0.668473400   -0.022885820
1057    2.481955000    0.068194520   -0.816529500
1058    6.838599000    0.913738100    0.665064800
1059   12.553620000    1.163452000   -1.551480000
1060   -0.950000000   -1.873299000    0.823500000
1061   -0.950000000   -1.149932000    1.429057000
1062   -0.950000000   -0.481298300   -0.454624800
1063   -0.950000000   -0.973727000   -1.550004000
1064   -0.950000000   -0.119199800    1.425788000
1065    1.552935000    0.678228700    1.472624000
1066   -0.950000000   -1.142245000   -0.521670800
1067   22.529570000    1.920825000   -0.420207500
1068   12.250690000    1.145435000   -0.221163500
1069   12.412870000    1.007626000   -0.829191400
1070    9.063466000    0.948413900    0.833569200
1071   -0.803486100   -0.203505000    1.197952000
1072   13.100940000    0.674458100   -1.805596000
1073    9.701064000    0.666133500   -0.373198300
1074    6.223835000    0.414127700   -0.354495200
1075   -0.950000000   -1.121854000    0.261446700
1076    5.365515000    0.298333700    0.013183330
1077   -0.950000000   -0.309702500    0.481300400
1078   -0.950000000   -0.772076000    0.730153100
1079   19.611120000    1.504851000   -0.191445600
1080    1.214636000   -0.116732600    0.909737500
1081   -0.950000000   -0.689734600    0.460250700
1082   -0.950000000   -0.778999200   -0.089369800
1083    5.097263000    0.616208000   -0.745257800
1084    6.521813000    0.861380400    0.089239280
1085   -0.950000000    0.100436800    0.207084600
1086   -0.950000000   -0.165482700    0.711114300
1087   -0.950000000   -0.178795800   -1.307670000
1088   -0.950000000    0.036187890   -0.652300700
1089   11.004470000    1.255693000   -1.032955000
1090   -0.950000000   -0.735919200   -1.221383000
1091   -0.883900100   -0.092198720   -1.082646000
1092   -0.950000000   -0.213089100    1.233678000
1093   -0.950000000   -1.017011000   -0.053852760
1094   -0.950000000   -0.673290700   -0.447739700
1095    9.299028000    1.201072000    0.426501100
1096   -0.950000000   -0.791976700    0.562496700
1097   -0.950000000   -1.648515000   -0.636981200
1098   10.288980000    0.863996000   -0.274669800
1099   -0.950000000   -1.306731000   -0.908470100
1100   -0.950000000   -0.344497000    0.556863300
1101   -0.950000000   -0.592751900   -0.379805600
1102   -0.950000000    0.019415480    0.558028400
1103   17.101070000    1.837561000    0.750654900
1104    1.833616000    0.212655000    0.460766900
1105   -0.950000000   -0.178714300   -0.624638700
1106   -0.950000000   -0.897419200   -0.922897500
1107   -0.950000000   -0.007012618    0.479935900
1108    4.050714000    0.480924300   -0.226242100
1109    0.076001820   -0.037490760   -1.078491000
1110   -0.950000000   -0.050376480    1.506397000
1111   -0.950000000   -0.080159110    1.233787000
1112   15.674690000    1.445800000   -0.255694900
1113    8.030845000    0.531129800    0.239061700
1114   -0.950000000   -0.781010200    0.035250820
1115   -0.950000000   -0.897711600    0.381437500
1116   20.758880000    1.925265000   -0.192121400
1117   -0.950000000   -0.314290400    0.965547000
1118   -0.950000000   -0.273865300    0.707125200
1119   -0.950000000   -0.627832900    0.233111600
1120   -0.950000000   -0.579344300   -0.413334900
1121   -0.610531200   -0.442011600   -1.362074000
1122    2.265262000    0.279691000   -0.301275700
1123   -0.950000000   -0.588335400    1.036724000
1124   -0.950000000   -0.793399500    1.329941000
1125   14.780860000    1.785494000   -0.113851200
1126   16.058380000    1.482579000   -0.361701200
1127   -0.950000000   -0.675175300   -1.401387000
1128   -0.950000000   -1.127588000   -0.870074000
1129   -0.950000000   -1.123774000    1.044048000
1130    6.336502000    0.591327200    0.425508500
1131    9.194249000    0.973922000   -0.451036500
1132    2.620010000    0.074189200    0.158994900
1133    8.003775000    0.448446900   -0.869580800
1134   15.741790000    1.151810000   -0.488815100
1135   15.018540000    1.103495000   -0.539673600
1136    9.140835000    0.883793800   -0.247737800
1137    1.567860000    0.292025200    0.821177700
1138   -0.950000000   -1.098930000    0.308441300
1139    7.742808000    0.618463000    1.696571000
1140   20.399270000    1.606862000   -1.200213000
1141   -0.950000000   -0.258311100    0.507669300
1142   -0.950000000   -0.503119100   -1.547117000
1143   -0.950000000   -0.145795900    0.875368400
1144   -0.950000000   -0.654437200   -1.356417000
1145    2.794453000    0.464986900   -1.327260000
1146    8.886137000    1.279406000   -0.099028790
1147    5.730439000    0.546774600    0.052014680
1148    2.089485000    0.191815000   -0.819825500
1149   -0.950000000   -0.284042000   -0.672674100
1150   -0.950000000   -0.670535300   -0.070245460
1151    9.395520000    0.852093400   -0.655951800
1152   -0.950000000   -0.774565600    1.161530000
1153   -0.950000000   -0.705117800    1.254601000
1154   -0.950000000   -1.174275000   -0.468666700
1155   -0.950000000   -1.649350000    1.379768000
1156   -0.950000000   -0.935472900    0.094815860
1157   -0.504125300    0.547797300    1.811318000
1158   -0.950000000   -0.758333600    1.155405000
1159    4.237713000    0.319104700   -0.652131700
1160    8.154081000    1.491773000    0.594093700
1161   11.398590000    0.941097900   -0.323077300
1162   -0.950000000    0.014802430    1.271860000
1163   -0.950000000   -0.592377400   -0.997278200
1164   -0.950000000   -1.591611000   -0.256148200
1165    3.871189000    0.158235500   -0.286319700
1166    8.378015000    0.793700400   -0.146013000
1167   -0.390399200   -0.389120400   -1.391988000
1168   -0.950000000   -0.479449800   -1.302863000
1169   -0.950000000   -0.490087600    0.295994500
1170   -0.950000000   -0.600543900    0.876668400
1171    3.077921000    0.291029000   -0.658682800
1172    7.485338000    0.740681200    0.629237200
1173   15.495710000    1.505904000    0.877057100
1174   -0.950000000   -0.795023900    1.932667000
1175   -0.950000000   -0.654952000    1.000196000
1176   -0.950000000   -0.156019900   -0.655510600
1177    5.410098000    0.174735100   -1.615627000
1178   -0.950000000   -0.600361200   -0.507549700
1179    0.246055500   -0.370608000   -1.826196000
1180   21.501490000    1.676585000    0.911560800
1181   -0.950000000   -0.384371100   -0.776937000
1182    0.236056800   -0.011319080    0.132711000
1183   -0.950000000   -0.367639300   -0.883768900
1184   -0.950000000   -0.093977730   -0.329464400
1185    0.683456800    0.008572946   -0.680775300
1186   -0.950000000   -0.985164300   -0.371292200
1187    8.768123000    0.817180400    0.719646200
1188   -0.950000000   -0.315325800   -1.276554000
1189    4.023002000    0.215862000    0.859207800
1190    4.824584000    0.759268300    1.058797000
1191    9.014632000    0.836461500   -0.042843530
1192    3.598608000    0.278608800   -0.589905500
1193   -0.950000000   -1.257964000    0.740964500
1194   -0.950000000   -1.554053000   -0.250328400
1195   -0.009012705   -0.413639900   -1.645912000
1196   -0.950000000   -0.854759800   -0.896004300
1197   11.826490000    1.063398000    0.751498300
1198   10.100440000    1.395823000   -0.100096600
1199    5.033761000    0.484309800    0.035029280
1200    0.786419600    0.096213200   -0.493982600
1201   -0.950000000   -0.939543300    0.418180800
1202   18.070370000    1.742685000    1.478354000
1203   -0.950000000   -0.227770300    0.063442890
1204    7.006173000    0.739335400    0.155627300
1205   -0.950000000   -1.076810000   -0.261908800
1206   -0.950000000   -0.346069900   -0.535134500
1207    9.499827000    0.861769800   -0.766657400
1208   -0.950000000   -0.531970300   -0.435581200
1209    3.299251000    0.270789200   -0.514305100
1210   -0.950000000   -0.961983300    0.160194100
1211   -0.950000000   -0.758709100   -0.355710100
1212   -0.950000000   -0.442271100   -1.275646000
1213    4.569120000    0.673004900    0.482022500
1214    5.113492000    0.956561700    1.174934000
1215   -0.950000000   -0.827618300   -0.557178100
1216   -0.950000000   -0.346151900    1.096507000
1217   -0.950000000    0.041889910    0.752474300
1218   -0.950000000   -0.086324400   -0.165330600
1219   -0.950000000   -1.411937000    0.438185800
1220   -0.950000000   -0.245199400   -0.422945600
1221    2.138592000    0.563714500    0.146700400
1222   -0.950000000   -1.018096000   -0.434654000
1223   -0.950000000   -0.845370600   -1.097510000
1224   -0.950000000   -0.982987400    1.293337000
1225    6.131781000    0.455589100   -1.369569000
1226   -0.950000000   -0.183612100   -0.462244700
1227   -0.950000000   -1.473896000    1.241397000
1228    1.201804000    0.221461800    0.389723000
1229    3.718084000    0.520641700   -0.230752900
1230   -0.950000000   -1.691201000   -1.282763000
1231    7.290826000    0.137806400    0.554429600
1232    4.221531000   -0.380444700   -0.185278600
1233   26.339870000    1.727932000    0.641967500
1234    5.702771000    0.125212900    0.654975800
1235   16.621400000    0.766836100    1.000433000
1236   -0.950000000   -1.375992000    1.561221000
1237   12.203800000    0.506484000    0.269990800
1238   30.122320000    1.526665000   -0.154385200
1239    9.885196000    0.232799800    0.279662700
1240   10.484350000    0.512104400    0.838104900
1241    1.961442000   -0.122262400    1.525472000
1242   10.346870000    0.647439700    0.227526700
1243    4.057214000   -0.202849700    0.147642600
1244    7.154837000    0.263157100    0.089015530
1245   12.946650000    1.301677000    0.905915700
1246    5.041745000    1.104780000   -0.049571940
1247   -0.950000000   -0.634359500   -0.822599400
1248   -0.950000000   -0.604487100   -0.383304400
1249   -0.950000000    0.143880300   -1.034051000
1250   -0.950000000   -0.911157600   -0.826637800
1251   -0.950000000    0.600172100   -0.306342200
1252   -0.950000000   -0.667516000    0.291646400
1253   -0.950000000   -0.359975600   -0.576446200
1254   -0.950000000   -0.972510400   -1.140728000
1255   -0.950000000   -0.311629800    0.104683800
1256   -0.950000000   -0.233775100    0.472679800
1257   -0.950000000   -0.114731000    0.021037420
1258   -0.950000000   -1.955143000   -0.049912540
1259    6.949434000    1.336568000    0.585204600
1260   -0.950000000   -1.585633000   -0.714222400
1261   -0.950000000   -0.535155400    0.759925700
1262   13.656550000    1.599947000    0.098716740
1263   -0.715670300   -0.388533900    1.164693000
1264    9.380988000    0.843139900    0.439737000
1265   -0.616764900   -0.038606860    1.596714000
1266   -0.950000000   -0.952500300   -0.667757400
1267    6.376825000    0.751011500    0.563807200
1268   20.644220000    1.782930000    1.247685000
1269    7.370889000    0.204132400   -0.784978100
1270   10.149250000    0.491520200   -1.071781000
1271   -0.950000000   -0.780763900   -1.296741000
1272   -0.950000000   -1.035234000   -0.745084400
1273   18.651660000    1.337234000    0.097763500
1274   -0.950000000   -0.595279400    0.006466792
1275   -0.950000000   -1.512905000   -0.861979200
1276   -0.950000000   -0.354177500    0.003700946
1277    0.474854900    0.319734300    0.290241300
1278    3.757707000    0.348958600    0.130234700
1279    1.008579000    0.313434000   -0.305062300
1280   15.112540000    1.949067000    0.072369930
1281   -0.950000000   -1.298847000   -1.455181000
1282    5.751004000    0.686632300   -0.631249200
1283   -0.950000000   -1.076135000    1.479921000
1284    4.109819000    0.740418700    0.893643700
1285   -0.950000000   -0.693019700    1.068964000
1286    2.452273000    0.003983404   -0.774239700
1287   -0.950000000   -1.269048000    0.086397950
1288    1.123525000    0.471169900   -0.185685700
1289   -0.950000000   -0.106177800    0.684147000
1290   -0.950000000   -1.159399000    0.673164900
1291    2.192422000    0.247892000    0.362147900
1292    7.437038000    0.657299000    0.602537100
1293   12.391570000    1.124786000   -0.011437750
1294   -0.950000000   -0.713251100    0.504847500
1295   -0.950000000   -0.519303700   -0.827535100
1296   -0.950000000   -0.602330300    0.343591400
1297   12.230860000    1.038635000   -0.866839800
1298    4.435063000    0.449315800   -0.000380758
1299   -0.950000000   -0.564400100   -0.660546700
1300   -0.031713250   -0.133133300   -1.811903000
1301   -0.950000000   -1.638348000    0.369705200
1302   18.515930000    1.836644000   -0.881252800
1303    5.874354000    0.710309900    0.907451500
1304   -0.950000000   -0.125810300    0.469495400
1305   -0.950000000   -1.445223000   -0.022687750
1306    3.187470000    0.943037700    1.423362000
1307   15.631210000    0.839536200   -0.783758300
1308   10.926850000    0.799634300   -0.014140710
1309   -0.950000000   -0.853576700    0.684282400
1310    3.135191000   -0.072299470   -0.391749100
1311   -0.950000000   -0.312340600    0.746094900
1312   16.564260000    0.894862000   -0.326401800
1313    8.278816000    0.710961400    0.507280400
1314   -0.950000000   -0.643770500    1.068022000
1315   -0.950000000   -0.579730300    0.802603900
1316   -0.950000000   -0.837368700    0.843509900
1317   21.621120000    1.260119000   -0.610974900
1318   15.820600000    1.724489000    0.595089500
1319   -0.696659500   -0.382463600   -0.508876800
1320   -0.950000000   -1.390838000    0.571031900
1321   13.399470000    0.709188400   -0.864172400
1322   -0.950000000   -0.521014000    0.726885200
1323   16.109500000    0.850116400    1.372420000
1324   15.827620000    1.058405000   -0.281860800
1325   10.955800000    0.949491000   -0.044804130
1326   25.184850000    1.394534000    1.590547000
1327   -0.150931100   -0.128858100    1.710333000
1328    2.112362000   -0.362063200   -0.420096600
1329   13.702260000    0.873908700   -0.652547300
1330   18.007810000    1.441112000   -0.364610100
1331    5.620979000   -0.015203970   -0.968896100
1332    0.036825660   -0.422328400    0.320606300
1333   11.142000000    0.492129700   -0.080239110
1334    7.183378000    0.201886300   -0.164504300
1335    5.255902000   -0.025037660   -1.493845000
1336   14.759350000    1.134942000    0.231458700
1337   17.062430000    1.414269000   -0.944797300
1338   -0.950000000   -0.778465200    1.095014000
1339    8.739433000    0.495988600    1.691201000
1340   -0.950000000   -0.479670900   -0.728419600
1341   -0.950000000   -1.322594000    0.079661420
1342    0.740784200    0.012637800    0.347730200
1343   -0.346830200   -0.211830000   -1.679447000
1344   10.083240000    0.733583700   -1.095319000
1345   -0.950000000   -0.367020500   -0.050607240
1346    0.662946200   -0.319847100   -1.004160000
1347   -0.950000000   -0.554541000    0.741202700
1348   -0.950000000   -0.976687500    0.619512700
1349    8.855928000    1.327944000    0.347547300
1350   13.819510000    1.425529000    0.876198600
1351   -0.950000000   -0.754489700    0.974829900
1352    2.802139000    0.169551700   -1.135847000
1353   -0.950000000   -0.123030100    1.619934000
1354    5.078200000    0.755246300    0.097025890
1355   -0.950000000   -0.420193900   -0.145886800
1356    1.838214000    0.053874520    0.830372500
1357    2.685272000    0.024651440   -0.469898000
1358   -0.950000000   -1.272698000    0.589326800
1359   -0.950000000   -1.634939000    1.003516000
1360   -0.950000000   -0.699552200    0.048089480
1361   -0.950000000   -0.923600800    1.858249000
1362    0.697010600   -0.045072320    0.010756580
1363   -0.950000000   -0.937147700   -1.643306000
1364    3.406673000    0.090795640   -0.062529510
1365   -0.831996900    0.360922200    1.318068000
1366   -0.950000000   -0.130486500    0.767239100
1367   -0.950000000   -0.278981100    1.298920000
1368   -0.950000000   -0.681703000   -0.972691800
1369   -0.950000000   -1.145774000    1.260713000
1370   13.190110000    1.501002000   -0.574742600
1371   -0.950000000   -0.630973700   -0.386631900
1372    3.276988000    0.302571400   -0.987576000
1373    1.146035000    0.362473000    0.295200600
1374    5.442187000    0.765712900   -0.015160800
1375   -0.950000000   -0.734498500   -1.623782000
1376   -0.950000000   -1.884129000   -1.239120000
1377   -0.950000000   -0.202462200   -0.316348600
1378   -0.723329100    0.233145900    0.336773700
1379    7.411378000    0.752945400   -0.243822100
1380   -0.950000000   -0.121744100   -0.240917100
1381   -0.950000000   -1.478106000    1.139644000
1382    4.751914000    0.452458500   -0.944544400
1383    7.303531000    0.568812000   -1.544314000
1384    1.228837000    0.629111900    0.815153000
1385    9.773167000    1.152975000    0.091869390
1386    3.855459000    1.357334000    1.706660000
1387   -0.950000000   -0.467887500   -0.443182800
1388   -0.950000000   -1.281672000    1.190416000
1389   -0.950000000   -0.588265700    0.107938500
1390   -0.950000000   -0.586448000   -0.502843800
1391    2.120050000    0.460199400   -0.413499900
1392   -0.950000000   -0.693447300    0.558554100
1393   -0.950000000   -1.638404000   -0.397198800
1394    0.512985100    0.353839200   -0.403358400
1395   -0.950000000   -0.715052900   -0.575874900
1396    1.323785000    0.072352900   -0.106302200
1397    5.851502000    0.785252000    1.268419000
1398    3.535565000    0.205869400   -0.573752200
1399    0.231550000   -0.208771300   -0.717630300
1400    4.378801000    0.272371400   -0.456025100
1401   10.757000000    1.340520000    1.008426000
1402   15.223510000    1.205487000   -1.057282000
1403    2.436752000    0.273021400    0.358824500
1404   -0.950000000   -0.012550440    0.205015500
1405    9.908125000    1.232184000   -0.247968200
1406   17.805230000    1.252063000   -0.786602600
1407   -0.950000000   -0.925541300   -0.577694500
1408   12.457680000    1.149824000    1.066502000
1409   -0.950000000   -0.551919400    0.658881400
1410   -0.950000000   -1.790065000   -0.905155700
1411   -0.950000000   -1.274656000   -1.204591000
1412   -0.950000000    0.112797400    0.940620900
1413   -0.950000000   -0.485289600   -0.312937300
1414   -0.950000000   -1.114751000    0.679931700
1415   -0.950000000   -0.172333700    0.273373600
1416   -0.950000000   -0.125528100   -1.801623000
1417   -0.950000000   -1.349891000    0.765848600
1418    2.066442000    0.766346600   -0.815489500
1419   -0.950000000   -1.823042000    1.395016000
1420   -0.950000000   -1.823290000   -0.891455100
1421   -0.950000000   -1.181308000    0.369040000
1422   -0.950000000   -0.571726300   -0.033985000
1423   -0.950000000   -1.356916000    0.027336680
1424   -0.950000000   -0.294837600   -0.771568900
1425   -0.950000000   -1.272419000   -1.103733000
1426    0.670562800   -0.297456300   -1.466537000
1427    4.983254000    0.177537700   -0.158895500
1428    4.904568000    0.481749900    0.959303400
1429    6.127857000    0.273254200   -0.861871500
1430   -0.950000000   -0.858929400    0.730561100
1431    9.290721000    0.555855700    0.141626200
1432    8.677931000    0.614562200   -0.710180100
1433    3.850800000    0.340583000    1.186077000
1434    2.242518000    0.068760880    0.050865800
1435   10.815240000    1.563563000    0.377402300
1436   -0.950000000   -0.557278600    1.095405000
1437   -0.950000000   -0.546453500    0.743212000
1438   -0.950000000   -0.982798700   -0.570768100
1439    9.197408000    0.570438300   -1.150152000
1440   15.447940000    1.273905000    1.391290000
1441   -0.259296900   -0.162330200    1.291096000
1442   -0.950000000   -1.601004000    0.572283600
1443    0.869048200   -0.131587400    0.198098800
1444   13.009180000    1.485677000    0.991373200
1445    3.037883000    0.281586900    1.503820000
1446   -0.950000000   -1.679788000   -0.169236000
1447   -0.950000000   -0.663687900    1.634399000
1448   -0.950000000   -0.664483800    0.401758200
1449   -0.950000000   -0.744566400   -0.281003200
1450   -0.950000000   -0.953559100    0.461858500
1451    0.997353500   -0.067814190   -0.467345100
1452   -0.781221200   -0.317146900   -0.551144300
1453   -0.922983000   -0.109865000    0.448028800
1454    0.515208000    0.323009600    1.485757000
1455   -0.950000000   -0.234213500    0.337697900
1456    6.138803000    0.281611400   -1.657098000
1457   -0.950000000    0.144273200    0.185389700
1458   -0.950000000   -0.023534210    0.019487290
1459   -0.950000000   -0.383267100    0.825536600
1460   -0.950000000    0.059785420   -0.072845570
1461   -0.950000000   -0.451444000   -1.409804000
1462   -0.950000000   -1.017655000    0.029166250
1463   -0.950000000   -1.832363000   -0.045420370
1464    3.145253000    0.482949100   -0.223028200
1465   -0.950000000   -0.226691600    0.345931800
1466    7.516485000    0.723575100    0.526333700
1467   15.873350000    1.521669000   -0.450371300
1468   -0.950000000   -1.313245000    1.876804000
1469   -0.950000000   -0.587548500    0.038127330
1470   -0.950000000   -1.977453000   -1.601449000
1471   -0.950000000   -0.890555100   -0.003374177
1472    3.300396000   -0.088835410   -0.359619300
1473    8.107156000    0.449821500    0.810356200
1474    3.286277000    0.061071320    1.179097000
1475   11.793620000    0.560074300   -0.699129400
1476    4.052019000    0.019564730    0.010529980
1477    8.026736000    0.270207200    0.108124700
1478   11.768110000    0.592948400    0.751662900
1479    1.624255000    0.195544300    1.595559000
1480   12.403190000    0.575533100   -0.631126500
1481   -0.820037700   -0.721661800    1.304808000
1482   -0.950000000   -0.505764100    0.609900700
1483   13.270640000    1.353608000    1.414939000
1484   12.788860000    1.049380000    0.252861200
1485   -0.950000000   -1.616595000   -0.597458700
1486   -0.950000000   -0.563970100    0.660391400
1487   -0.950000000   -0.245323700    0.107058900
1488   -0.950000000   -1.029071000   -0.099544850
1489   12.312340000    1.244734000   -0.149260100
1490   -0.950000000   -1.423526000    1.149529000
1491   11.058160000    1.024883000   -1.240084000
1492    8.753932000    0.772873400   -0.721795600
1493   -0.950000000   -1.628410000   -1.420813000
1494   13.878030000    1.530768000   -0.600660600
1495   -0.950000000   -0.940641600   -0.825130300
1496   -0.950000000   -0.287000000   -0.242418600
1497   -0.950000000    0.065331690    1.707750000
1498   10.098000000    0.953674500   -1.256820000
1499   -0.950000000   -0.394720300    0.139658300
1500   -0.950000000   -1.018468000    1.735421000
