*y  x1  x2
   1    8.453618000    0.783334600    1.808145000
   2   -0.950000000   -0.673342700    0.001596263
   3    3.552932000    0.075402870   -0.388908800
   4   14.740400000    1.367267000   -0.377182600
   5    7.368535000    0.457977900   -0.447300000
   6    0.666345700   -0.232673000   -0.457167000
   7    3.082008000    0.329125600    0.803827000
   8    9.698460000    0.615377100   -1.165434000
   9    6.559074000    0.320471700   -1.082037000
  10   -0.950000000   -0.796208100   -1.301927000
  11   11.286310000    0.867277200    1.179159000
  12   -0.950000000   -0.474195700    0.720999900
  13   -0.950000000   -0.485354700    0.250708400
  14    4.674504000    0.293991300    0.218485800
  15   -0.950000000    0.208304500    1.371689000
  16   -0.950000000   -0.647065500    0.687214200
  17    8.478347000    0.353953100   -0.962610400
  18   -0.950000000   -0.519758900    1.721367000
  19    1.230531000   -0.088353020   -0.160333600
  20    8.324600000    0.689995700    0.814239300
  21   -0.950000000   -1.019509000    1.130683000
  22   15.286200000    1.453516000   -0.322113100
  23   -0.950000000   -0.558114400   -0.422008000
  24   -0.950000000   -0.366386000    0.150367900
  25   -0.950000000   -0.321582300   -0.175998000
  26    3.694081000    0.248537100    0.389799600
  27   18.721680000    1.600995000    0.984136300
  28   -0.950000000   -0.244683300   -0.109654100
  29    2.234268000   -0.035264550   -0.283198600
  30    3.893401000    0.893251200    1.269985000
  31    9.257935000    0.976488300    0.310781900
  32   -0.950000000   -1.145122000    0.325184800
  33   -0.950000000   -1.056685000   -1.305453000
  34    7.177864000    0.826504800    1.652007000
  35    3.394825000    0.338030800    1.272351000
  36    4.953834000    0.387218700    0.572129000
  37    9.468200000    0.374502000   -1.119889000
  38   13.173220000    1.021660000   -0.378162100
  39    4.829334000    0.369314500    1.014495000
  40    4.666721000    0.290657500   -0.044594560
  41    7.843622000    0.300251100   -1.131563000
  42   19.443080000    1.844555000    0.000242361
  43    5.033727000   -0.063215960   -1.066490000
  44   -0.950000000   -1.048747000   -0.611158300
  45    5.574493000    0.085736690   -1.350990000
  46    1.913546000    0.866019700   -0.567706800
  47   -0.950000000    0.360267000    0.993216900
  48   -0.950000000   -0.769488400    0.357021400
  49   -0.950000000   -0.324313600    0.470566000
  50   -0.950000000   -1.299009000   -0.476084400
  51   -0.950000000   -0.060640040   -0.729746300
  52   -0.950000000   -0.531651000   -1.511728000
  53   -0.950000000   -0.186220200    0.493207000
  54   10.118150000    1.300668000   -0.443881900
  55   15.234740000    1.584829000   -0.283448100
  56    1.648765000    0.476751200   -1.126764000
  57   -0.950000000   -0.338557300   -0.162638700
  58   -0.950000000   -0.689148600   -1.597475000
  59   -0.950000000   -1.929231000   -0.452396400
  60   -0.950000000   -0.109883000   -0.753491800
  61   -0.950000000   -1.958299000    0.968179700
  62   -0.950000000    0.177016700   -0.332140700
  63    7.412505000    1.211583000    0.314455000
  64    3.349219000    0.550187300   -1.352023000
  65   -0.950000000   -0.668834900   -0.145360100
  66    5.010394000    0.756866200   -1.237463000
  67   -0.950000000   -0.189675600    0.576849400
  68   -0.950000000   -0.197003600   -0.170837100
  69   -0.950000000   -0.359044300   -1.465366000
  70   -0.950000000   -0.754600600    0.433685200
  71   -0.950000000   -1.012257000   -1.604127000
  72   17.310230000    1.457541000   -1.215211000
  73   -0.950000000   -0.863597800    0.509050900
  74   -0.243311600    0.116475200   -0.840899300
  75   -0.950000000   -0.321308300   -0.460759000
  76   -0.950000000   -0.777420900   -0.335501300
  77   -0.508015900   -0.451962700    0.343803000
  78   -0.950000000   -0.604267600    1.303417000
  79   -0.950000000   -0.727430800    0.192256300
  80    5.201645000    0.062950760   -0.877797500
  81   -0.950000000   -1.722827000    0.366242300
  82   -0.709501200   -0.433258600   -0.288388800
  83    9.075873000    0.488035200   -0.021926400
  84   19.851480000    1.187824000    0.556776800
  85   -0.950000000   -1.560228000    0.793444700
  86   20.588070000    1.989785000    1.246570000
  87   -0.064788550   -0.261690600    0.446454800
  88   17.490330000    1.341155000    0.897434800
  89   26.011680000    1.872802000   -0.106702200
  90    2.439940000    0.054216220    0.311813300
  91   -0.891905600   -0.178365500   -1.680144000
  92   -0.950000000   -0.847348900    1.223428000
  93   11.092590000    1.874652000    1.249035000
  94   18.218170000    1.493208000    0.000083693
  95   -0.950000000   -1.734341000   -0.201267300
  96   -0.950000000   -0.294567900   -0.534140200
  97   -0.950000000   -0.625108100   -1.094257000
  98   -0.950000000   -0.366427100   -0.052813670
  99   -0.950000000   -0.672157800   -0.988893200
 100   -0.950000000   -1.495325000    1.756731000
 101    1.689418000    0.338806000    0.884464100
 102   -0.950000000   -0.798994400    0.248400300
 103   -0.950000000   -0.409199800   -0.965209800
 104    3.787037000    0.455016500   -0.640488400
 105   -0.950000000   -0.253907200    1.512190000
 106   -0.950000000   -1.210806000   -0.006465129
 107   -0.950000000   -1.143201000   -0.724951600
 108   -0.950000000   -1.115491000    1.255151000
 109    8.818525000    0.832672500    0.387757900
 110    7.358274000    0.602433900    0.131102200
 111   -0.950000000   -0.637119500   -0.034114800
 112    5.046285000    0.492759500    1.380046000
 113   18.199300000    1.122523000    0.197030600
 114    9.809236000    0.678860800   -1.567985000
 115   11.280230000    0.425008500   -0.635390000
 116    3.347130000   -0.089024350   -0.362102900
 117    2.961596000    0.174323300    0.970417900
 118   18.759300000    1.411854000   -0.787490500
 119   11.513910000    0.794464300   -1.126939000
 120   10.278510000    1.107978000    0.338404700
 121   -0.950000000   -1.530757000    1.159160000
 122    5.759280000    0.595836300   -0.202969600
 123   -0.950000000   -0.729367400   -1.873022000
 124    6.779799000    0.809661600    0.029962210
 125   -0.950000000   -0.451274400    0.213478300
 126    3.698827000    0.062989100   -1.382792000
 127   -0.019066650    0.279639400    0.739567800
 128   13.424250000    1.802916000    0.083482850
 129   13.269340000    1.299739000    0.228206600
 130   -0.950000000   -0.279766100   -0.393725200
 131   -0.950000000   -0.366306200   -0.087126990
 132   16.328290000    0.995810200   -1.532573000
 133    9.430938000    1.251395000   -1.213899000
 134    6.458608000    0.500904000   -0.777152900
 135    5.473258000    0.482724600   -0.792001200
 136   -0.950000000   -0.398409500   -0.499935400
 137    2.766677000    0.056337660    0.028295770
 138   -0.950000000   -1.713073000   -0.656567400
 139   16.327350000    1.099645000    1.347386000
 140   10.400870000    0.765191700    0.233838900
 141   -0.950000000   -0.637186100   -0.198197100
 142    7.762045000    0.301841900   -1.250832000
 143    7.364284000    0.410028300    1.371653000
 144    9.305543000    0.426293300    0.071452690
 145   -0.950000000   -0.643032800   -0.050762990
 146    9.055836000    0.568325500    0.427577500
 147   -0.950000000    0.155037500    1.580747000
 148    8.308193000    1.634455000    1.626097000
 149    8.924710000    0.558577100   -0.101914400
 150   -0.950000000   -1.097139000    1.153769000
 151   -0.950000000   -1.610110000   -0.164705700
 152   -0.950000000   -1.641950000   -0.916737500
 153   -0.020338180    0.767613600   -1.614748000
 154   -0.950000000   -0.346022300   -1.144907000
 155   -0.950000000    0.005431979   -0.347952900
 156   -0.950000000    0.106943500   -0.925100800
 157   -0.950000000   -0.858810000   -0.265500500
 158   -0.950000000    0.307582600   -0.454897100
 159   -0.950000000    0.203926100   -0.595578900
 160   -0.950000000    0.614057500   -1.528484000
 161   -0.950000000   -1.335423000    0.237227800
 162   -0.950000000   -0.665987700   -0.918091500
 163   -0.950000000   -0.935771400   -0.427190800
 164   -0.950000000   -0.924968600    0.381786400
 165   -0.950000000    0.169784900   -0.074920980
 166   -0.950000000   -0.060641820   -0.215021100
 167   -0.950000000   -1.503196000   -0.125264900
 168   -0.950000000    0.068624280   -0.685823900
 169   -0.950000000   -1.473891000   -1.398234000
 170   -0.950000000   -0.126693500    0.018906550
 171    1.889486000    0.508500600   -1.444143000
 172   11.039100000    1.325629000   -0.007858683
 173    4.084991000    0.276836500   -1.301058000
 174    2.448967000    0.446456200   -1.040231000
 175    3.196605000    0.801257600   -0.765068200
 176   -0.950000000    0.194894400    0.076018060
 177   -0.950000000    0.063801240   -0.412526900
 178   -0.950000000    0.010530680   -0.673773900
 179   -0.950000000   -1.169537000    0.568266600
 180   -0.950000000   -0.543898800    1.380324000
 181   -0.950000000   -0.166142500    0.210419800
 182   -0.382926000   -0.043066910   -0.832510400
 183    6.130526000    1.069826000    0.880495500
 184   -0.950000000   -0.946612500    0.366899500
 185   16.706690000    1.468444000   -0.146379200
 186   -0.950000000   -0.166036400    0.983301100
 187   -0.950000000   -1.420263000    0.620266200
 188   -0.476798900    0.345168200    0.446014600
 189    1.961922000    0.217800100   -1.240630000
 190    0.818874500    0.213056000   -0.843888100
 191   -0.950000000   -1.804200000    0.458351900
 192   -0.950000000    0.009635026    0.917914400
 193   -0.950000000   -1.088420000    0.008529613
 194   -0.950000000   -0.576930400   -0.842207200
 195    4.210501000    0.469969900    0.280233600
 196    2.002194000    0.785248100    1.446367000
 197   -0.950000000   -0.830088500    0.365446300
 198   10.461700000    0.903478200   -0.143398000
 199    2.255166000    0.194360900    0.461949000
 200   -0.950000000   -0.859217700   -0.625761300
 201   -0.201528300   -0.251991200   -1.037707000
 202   -0.950000000   -0.975821200   -0.806264600
 203   11.066180000    1.448184000    0.823396300
 204   -0.950000000   -0.388019500   -0.882357400
 205    9.621919000    0.552210900   -0.418192600
 206    6.759075000    0.239435100   -1.237570000
 207   -0.950000000   -0.661948700    1.051557000
 208    9.595456000    0.771208000   -0.714514800
 209   -0.950000000    0.190715200    1.869094000
 210    5.471161000    0.415477500   -0.877575700
 211   16.527260000    1.795644000    1.555010000
 212   -0.950000000   -1.565500000   -1.238250000
 213    4.609107000    0.121985600   -0.696899500
 214   -0.950000000   -0.573019200    0.386106200
 215   -0.950000000   -0.871479700   -1.742611000
 216   -0.950000000   -0.228846400    1.348905000
 217    2.232289000   -0.181682200   -1.083116000
 218   -0.950000000   -0.674789000    0.041129960
 219   20.378460000    1.938287000    0.243239300
 220   -0.950000000   -0.300644200    1.789566000
 221    8.414381000    0.657654500    0.011473140
 222   -0.950000000   -1.196617000    0.834611300
 223    9.309597000    0.830804100   -0.094464730
 224   -0.950000000   -0.324558000    0.722491300
 225    4.837943000    0.342020600   -0.121517200
 226    3.265112000    0.426809100   -0.054014470
 227   10.157380000    0.507581200   -1.949475000
 228    7.352196000    0.903882700   -0.919864200
 229   -0.950000000   -0.341307300    1.947944000
 230   -0.950000000   -0.577965700    0.250960300
 231    0.673407900    0.146600900   -1.152241000
 232    5.104456000    0.483400300   -0.316751600
 233   -0.950000000    0.066232100    0.625545000
 234   -0.950000000   -0.697118900   -0.692109200
 235   -0.950000000   -0.426080900   -0.524220400
 236   -0.950000000   -0.166113100   -1.031199000
 237    0.623189300   -0.010307910   -0.609464800
 238   -0.950000000   -0.747935100   -0.146372300
 239    1.434774000    0.757768900    1.014209000
 240   -0.950000000   -0.113894300   -0.051860460
 241    6.769991000    1.140789000    0.542125000
 242   -0.950000000   -0.415876000    0.972792500
 243   -0.950000000   -0.696319500    1.272615000
 244   -0.950000000   -1.972961000    0.659120800
 245   -0.950000000   -0.164763300    0.676022200
 246    3.338302000    0.516509100   -0.131742300
 247   11.416790000    0.865779200    0.331212000
 248   -0.950000000   -0.815392500    1.147463000
 249    3.184224000   -0.062246600   -1.752197000
 250   -0.950000000   -0.182812100    0.387021200
 251   -0.950000000   -1.887346000   -0.037929690
 252   -0.950000000    0.009035654    0.269515400
 253    8.484488000    1.236022000    0.210370400
 254   -0.950000000   -1.649625000    0.922016500
 255   -0.950000000   -1.685939000   -1.340655000
 256    6.926070000    0.322884900   -0.035807350
 257   -0.950000000   -1.848330000   -1.709292000
 258    3.134158000   -0.098131350    0.159949700
 259   19.802220000    1.437594000   -0.806299300
 260   -0.950000000   -0.379704900    1.342342000
 261   10.547230000    1.015373000    1.382697000
 262    6.459023000    0.608752400    0.858784700
 263    6.753830000   -0.016148670   -0.832383700
 264   15.914190000    1.237088000    0.494003100
 265   22.299610000    1.483912000   -0.993131700
 266   -0.950000000   -0.207670300    1.815856000
 267   13.400240000    0.841665700   -0.015939700
 268   13.010380000    0.772384200   -0.024376180
 269   -0.950000000   -1.076137000    0.892758800
 270   -0.950000000   -1.013828000    0.727729600
 271    9.049881000    0.534445600   -1.653028000
 272    8.856294000    0.620939900   -0.109086100
 273   -0.950000000   -1.146140000    0.196524100
 274   -0.950000000   -0.800731500   -0.547503700
 275    5.014582000    0.847983500    1.040327000
 276    6.466550000    0.302234000   -1.723476000
 277   -0.950000000   -0.260080400    1.322802000
 278   -0.950000000   -1.769877000    0.738915000
 279    7.135760000    0.363269300   -0.589410200
 280   10.344760000    0.596790200   -1.832001000
 281   -0.950000000   -1.732632000   -0.621524200
 282   12.802000000    1.592063000    0.740604300
 283   15.175490000    1.654695000   -0.299348800
 284   -0.950000000   -0.665071200    0.819521200
 285   -0.491180100   -0.041021100    0.322948300
 286   -0.950000000   -0.869261000    0.593278100
 287   12.801410000    1.070678000   -1.801386000
 288   -0.950000000   -1.289258000    0.871824800
 289   -0.950000000   -0.163133400    1.399506000
 290    1.148326000    0.301110700    0.245869600
 291   -0.950000000   -1.405767000    0.061704520
 292   -0.950000000   -0.468173800   -0.882273400
 293   -0.950000000   -0.957830900   -0.364233900
 294   -0.424957300    0.318916800    0.038580540
 295   -0.950000000   -0.503406400   -1.285318000
 296    4.402346000    0.189832100   -0.817624800
 297    7.730595000    0.731051100   -0.105113700
 298    8.509940000    1.185760000    0.545680600
 299   -0.950000000   -0.334712700    0.589196300
 300   10.319720000    1.500508000    1.254532000
 301   -0.950000000   -0.756386400    1.020274000
 302   -0.950000000   -0.517467900   -1.137425000
 303   -0.950000000   -1.697920000    1.175625000
 304   -0.950000000    0.041453290    0.223437200
 305   -0.950000000    0.998719300    1.919609000
 306    9.642990000    0.721613100   -1.077179000
 307    2.554807000    0.160640700   -0.038412980
 308   -0.950000000   -0.528937100    0.291571500
 309   -0.950000000   -0.698050100    0.234434000
 310   14.371980000    0.840191400   -1.580394000
 311    6.354154000    0.600344000   -0.481654000
 312    2.620329000    0.331261700   -0.215200400
 313    0.781977800   -0.121747200   -1.137483000
 314   12.706010000    0.907323700   -1.196364000
 315   -0.950000000   -1.711859000    0.597967200
 316    1.285961000    0.433680900    0.980960400
 317   -0.950000000    0.251403600    1.691244000
 318   -0.950000000   -1.146712000   -1.404038000
 319    2.998466000    0.271767400   -0.053578830
 320   -0.950000000   -0.509793500   -0.478171500
 321   -0.950000000   -0.225093900    0.674486000
 322    1.902612000    0.105137000   -0.308164200
 323    3.368478000    0.079249620   -0.506469000
 324    8.871522000    0.716362400   -1.018815000
 325    9.218860000    0.527260400   -0.151134600
 326    8.205483000    0.578588900   -0.637855500
 327   -0.950000000   -1.827786000    0.890442500
 328    6.298182000    0.406557200   -0.427994400
 329    8.241168000    0.849909100    0.516853500
 330   -0.950000000   -1.062808000    0.455453000
 331    6.277356000    0.525076000   -0.469205600
 332    2.976660000    0.059651130   -0.140953300
 333    9.204523000    0.710501800    0.078880850
 334    3.479081000    0.694167400    1.130404000
 335   21.768270000    1.726153000   -0.513398300
 336    6.005112000    0.620162300    0.481036400
 337    1.486140000    0.025981950   -0.926814700
 338   -0.950000000   -0.954441900    0.977149700
 339   -0.950000000   -0.737199200   -0.666569200
 340   -0.950000000   -1.387344000    0.467016400
 341   10.161210000    0.440839200   -1.445494000
 342   -0.950000000   -1.778904000   -0.980269600
 343   12.507830000    1.209722000    0.451703800
 344    7.659277000    1.036587000    1.560138000
 345    5.289189000    0.500009400    0.652535300
 346    4.801294000    0.404770600   -0.278073100
 347    3.393085000    0.405344800    1.398133000
 348    7.064090000    0.604168000    0.071489130
 349    8.968778000    0.864117300   -1.320621000
 350    1.735554000   -0.243311800   -1.968518000
 351   -0.950000000    0.061302260    0.457342000
 352   -0.950000000    0.253635300    0.992499700
 353   -0.950000000   -0.960154100   -1.476838000
 354   -0.950000000   -0.209799000    0.763705500
 355   -0.950000000   -0.883234800   -0.563627100
 356   -0.950000000   -1.996613000   -0.096548330
 357    1.103774000    0.077665040   -0.637601000
 358   12.410730000    1.200629000   -0.045805740
 359   -0.950000000   -0.831954900    1.582584000
 360   14.987660000    1.448515000   -1.121138000
 361    4.092398000    0.724910500    0.206724200
 362   -0.950000000   -1.001116000    0.374999100
 363   -0.950000000   -0.041082860    0.885658900
 364    1.331693000   -0.026350820   -0.858885100
 365   12.371620000    1.134686000    0.015300580
 366   -0.950000000   -0.316392200    0.753192700
 367   -0.950000000   -0.543981700    0.707472200
 368   -0.950000000   -0.450849600   -0.429907200
 369   -0.057848940   -0.151832600   -1.701672000
 370    0.188634800    0.150152900    0.173023900
 371   11.839980000    1.120878000   -0.326389800
 372   -0.950000000   -0.142000200    1.012751000
 373    3.639689000    0.839425200    0.064909050
 374   -0.950000000   -0.320042900    0.250897000
 375   -0.950000000   -1.140682000   -1.021373000
 376    1.740488000   -0.413228700   -0.605312100
 377   21.139030000    1.442779000    0.036207770
 378   16.164560000    1.153460000    0.096391420
 379   -0.553426800   -0.572554400   -0.815674500
 380   -0.950000000   -0.339121800    1.679188000
 381   -0.950000000   -0.767436700    0.440690600
 382    5.636866000    0.559236600    1.720457000
 383    8.626340000    0.293714700    0.307441900
 384   10.798230000    0.826522500    0.870507700
 385   -0.950000000   -1.677761000    0.087103480
 386   -0.950000000   -0.913709600    1.538830000
 387   20.842290000    1.324751000    0.002940099
 388   -0.950000000   -1.131049000    0.278524700
 389   -0.950000000   -0.222786000    0.543502900
 390    6.215052000    0.083526500    0.117592400
 391   -0.950000000    0.702096700    1.504244000
 392   -0.950000000   -0.578934200    0.101059600
 393   -0.950000000    0.607092100    0.024323970
 394   -0.950000000   -1.187649000   -0.745589100
 395   -0.950000000   -1.849351000   -0.461670600
 396   -0.950000000   -0.907777200   -1.213264000
 397   -0.950000000   -0.499124000   -0.137903800
 398   -0.950000000    0.353033800   -1.417473000
 399    1.583704000    0.788361500   -1.504352000
 400   -0.950000000   -1.379059000    1.386548000
 401   -0.950000000   -1.930535000   -1.988233000
 402   -0.625948200    0.207070100   -1.698765000
 403   -0.950000000   -1.012767000   -0.872065900
 404   -0.950000000   -0.395379700    0.112910900
 405    0.363636700    0.702895700   -0.551404500
 406    7.528136000    0.413273100    0.166048700
 407   -0.950000000   -0.265222100   -0.142505800
 408   -0.950000000   -0.152269300    1.525367000
 409    7.235109000    0.517909000   -1.460081000
 410   -0.210264200   -0.177474100   -1.216212000
 411   -0.950000000   -0.976280700   -0.716537200
 412    1.330584000    0.268560600    0.000106427
 413   -0.950000000   -0.275981200   -0.946037000
 414   -0.950000000   -0.417712800    0.799160600
 415   10.917370000    1.332247000    0.147934000
 416   17.047580000    1.228479000    0.755261700
 417   18.034760000    1.302239000    0.927961700
 418    2.177643000   -0.191631400   -1.305609000
 419   -0.728553800   -0.259453100   -0.219043700
 420   10.616630000    0.992695500    0.602448900
 421   10.411200000    1.047395000    0.395422200
 422    8.870498000    0.824954800    0.434489800
 423   15.292030000    1.856385000   -0.630162300
 424   -0.069622160   -0.445701100   -0.615953800
 425   -0.950000000   -0.357517700    0.514298100
 426    3.361209000    0.073720860   -0.742550500
 427    5.942392000    0.175458800   -0.539318600
 428    9.015389000    0.274605300   -1.213510000
 429    9.184818000    1.111758000    1.115176000
 430   -0.950000000   -0.238416100    0.692845300
 431   -0.950000000   -0.693754600    0.349844200
 432   16.492190000    1.222959000   -0.440989800
 433   -0.950000000   -1.010079000    0.330909700
 434    6.436639000    0.599792100   -0.063614080
 435   -0.950000000   -0.268840600    1.094700000
 436   -0.950000000   -0.981394300    0.303681300
 437    6.362985000    0.960339100    0.217970200
 438   13.213250000    0.791235700   -1.566377000
 439   -0.950000000   -1.593630000   -1.577219000
 440   22.363800000    1.812508000    1.324492000
 441    9.683409000    1.205409000    0.482525900
 442   -0.950000000   -1.346624000    0.239361600
 443   -0.950000000   -0.956152200   -0.021078810
 444   -0.950000000   -0.553112000    0.569353200
 445    4.108019000    0.273539900   -0.686945800
 446   13.833900000    1.099526000    0.413766600
 447   12.790150000    0.755067200   -1.045374000
 448   -0.950000000   -0.561582400    0.155677200
 449    1.052847000    0.213568800    0.013332190
 450   -0.950000000   -0.404103000   -0.792365200
 451    7.265728000    0.518775500   -1.251320000
 452   -0.950000000   -0.453329000   -0.451761100
 453    2.968898000    0.475847700    1.179369000
 454   -0.950000000   -1.135738000    1.599910000
 455    8.446274000    1.413987000    0.137779700
 456   -0.950000000   -1.313871000   -0.091880360
 457   -0.950000000   -0.739421100   -0.773646700
 458    1.543203000    0.432223500    0.492054700
 459   10.615580000    1.352231000   -0.079985670
 460    0.280856600    0.064797710   -0.447350400
 461   -0.950000000   -1.504047000   -0.735880000
 462    0.542025200    0.196155300    0.360952200
 463   -0.950000000   -0.997407200   -1.248098000
 464    6.430371000    0.793759200    0.593984500
 465    8.310844000    1.362144000    0.718538300
 466   -0.950000000   -1.703141000   -1.887366000
 467    6.748801000    0.425536700   -1.420785000
 468    2.872016000    0.093846780   -1.100387000
 469   -0.950000000   -1.030946000   -0.957620200
 470   -0.950000000   -0.041240940    0.388675600
 471   -0.950000000   -1.596343000    1.443227000
 472    8.316367000    0.634127700    1.354236000
 473    7.556316000    0.594362200    1.651449000
 474   -0.950000000   -0.184506800    1.232213000
 475   15.450760000    1.552735000    0.640319800
 476   10.681060000    0.903062100   -0.243141800
 477   -0.950000000   -0.718030100    0.106986200
 478   14.292420000    1.353697000   -0.162723500
 479   -0.950000000   -1.252854000   -0.420516700
 480   13.882910000    1.977839000    1.526334000
 481   23.836930000    1.829690000    0.727680500
 482    2.842937000    0.213099100   -0.593309300
 483   -0.950000000    0.426147300    1.405667000
 484    2.351209000    0.205863000   -0.089485290
 485   -0.950000000   -0.765283500   -0.961651500
 486   -0.950000000   -1.254966000   -0.453971800
 487   14.131050000    0.842219600   -1.297401000
 488   13.001290000    1.133483000   -0.923853200
 489   -0.950000000    0.033519730    0.657171300
 490    4.863281000    0.744875700    0.408008700
 491   -0.950000000   -1.815985000   -1.551250000
 492    1.558072000   -0.058252990   -1.034954000
 493   10.468730000    0.709795300   -0.161609500
 494   -0.950000000   -0.279758700    1.026221000
 495   -0.950000000   -1.596987000    0.847192800
 496   -0.950000000   -1.240872000    0.666314100
 497   21.149270000    1.494202000   -1.239069000
 498    1.641238000   -0.214174300   -1.563541000
 499   -0.950000000   -0.752914900   -0.285599400
 500    7.149307000    0.526699200    0.996792500
 501   -0.950000000    0.270111300    1.601431000
 502    4.034274000    0.233937600   -1.008289000
 503    9.993132000    1.016179000    0.780981800
 504   -0.950000000   -0.717383800    0.334689500
 505   20.880330000    1.552927000   -0.472844400
 506   -0.950000000   -0.375725000    1.912910000
 507   -0.950000000   -0.692889800    0.093112800
 508   -0.950000000   -0.696902900    0.927089800
 509   -0.950000000   -1.213200000    0.148073400
 510    1.421262000    0.000844247   -0.354212000
 511   -0.950000000   -1.483206000   -1.292938000
 512   -0.950000000   -0.416340600    0.000294764
 513   -0.950000000   -0.190222600   -0.180909500
 514    9.400446000    0.886192200   -0.814999400
 515   -0.950000000   -0.251759400   -1.121492000
 516    0.571379300   -0.008192214   -0.208016400
 517    4.108555000    0.501277200   -1.105645000
 518    4.684893000    0.313214200   -0.508822900
 519    2.160682000    0.189212000    1.798658000
 520   -0.192191900    0.358571600    0.724005300
 521   -0.282312900    0.251885700    0.318635700
 522   -0.950000000   -1.262066000    0.076226890
 523   -0.950000000   -0.556576400   -0.354150000
 524    1.962416000    0.360616000    0.922350600
 525   10.920950000    1.074284000   -1.000763000
 526   -0.950000000   -0.957045300   -0.367511200
 527   -0.950000000   -0.310749900    0.034251590
 528    9.477604000    1.564535000    0.954411800
 529    0.577887700    0.018995200   -1.294697000
 530    3.484559000    0.529979800   -0.014722920
 531   -0.950000000   -0.572212200    1.399373000
 532   -0.950000000   -1.469217000   -1.950576000
 533   -0.950000000   -0.772995300   -0.801949200
 534   -0.950000000   -0.957502200   -1.137048000
 535   -0.950000000   -0.103600700   -0.693750400
 536   -0.950000000    0.275914800    1.521899000
 537   -0.950000000   -0.806237400    0.987692500
 538    4.538729000    0.904084800   -0.348453000
 539   -0.950000000   -0.926045900    0.868622200
 540   -0.950000000   -1.434895000   -0.617369400
 541   -0.950000000   -0.919293300    0.499214500
 542   -0.950000000   -0.233917000    0.480151700
 543   -0.950000000   -0.487532000   -0.211823900
 544    3.153383000    0.461753300    1.968886000
 545   10.497130000    0.687522800   -1.438066000
 546    5.033449000    0.634100900   -1.264153000
 547   -0.950000000   -0.890257800    1.137086000
 548    0.338254900    0.692598200    1.467575000
 549    2.158208000    0.230452100   -0.478082000
 550    8.693440000    0.950882200   -0.409037500
 551    0.049828840    0.181637800    0.395503800
 552   -0.950000000   -0.232050000   -0.075059660
 553   -0.950000000   -0.291333200   -1.843050000
 554   -0.950000000   -1.625476000   -1.479096000
 555    3.140126000    0.366100000   -0.283286400
 556   -0.950000000   -0.274391300    0.413211300
 557   -0.950000000   -0.993947400   -0.932755500
 558    3.219643000    1.067486000    0.665106300
 559   -0.849695100    0.214126500   -0.278155100
 560   -0.950000000   -0.422236800   -1.344945000
 561    6.984565000    0.930550500   -0.379578700
 562   -0.950000000   -1.741943000   -0.478424400
 563   -0.950000000   -1.042501000   -0.752113200
 564   -0.583263300    0.470442100   -0.513723300
 565   -0.950000000   -0.404740400   -0.985170200
 566   -0.950000000   -0.406548100   -0.051777980
 567   -0.950000000   -0.415438900    0.614239400
 568    8.050599000    0.810550600   -1.082423000
 569   -0.950000000   -0.017979980   -0.057422320
 570   -0.950000000   -1.027303000   -0.501833600
 571    9.844540000    0.427881000    0.039509830
 572   14.100060000    0.627805100   -1.731353000
 573    3.854375000   -0.253941600    0.559566900
 574   10.063790000    0.521932500    0.571254800
 575    7.982277000    0.604917600    1.601584000
 576   17.818330000    0.899742400   -0.672911900
 577    7.149790000    0.384287700    0.721170300
 578    9.028173000    0.159106900    0.281664500
 579   20.685880000    0.984311300   -1.103381000
 580    4.660964000   -0.012732480    0.071406220
 581   -0.950000000   -0.969564900    1.104884000
 582    7.494965000    0.055099920    1.038685000
 583    4.625603000    0.073427570    0.852505500
 584    8.407418000    0.600954000    1.149864000
 585    5.740947000    0.423874600    1.292731000
 586   16.766120000    1.371461000   -0.150986000
 587    5.084303000    0.350489400   -1.431183000
 588   -0.950000000   -0.703988500    0.881355000
 589   -0.950000000   -1.392907000    0.851605800
 590   15.634720000    1.337880000   -1.352876000
 591   16.472530000    1.626045000    1.063830000
 592   -0.950000000   -0.976701900   -0.174502400
 593   -0.950000000   -0.422752000    1.220943000
 594   -0.950000000   -0.681610400   -0.007078096
 595   -0.555952900   -0.044511170    0.160076600
 596   -0.950000000   -1.185731000   -0.862341400
 597   -0.294063900   -0.012639980    0.365721100
 598   -0.950000000   -0.170343700    0.603073400
 599   -0.950000000   -0.963671200   -0.211830500
 600   -0.950000000   -1.052016000    0.182384600
 601    4.818066000    1.503671000    1.744429000
 602   -0.950000000   -0.717002900    0.606137700
 603    3.013064000   -0.200758100   -0.765562700
 604    2.537914000    0.008565106    0.153294800
 605   -0.950000000   -0.538093600   -0.782114500
 606   12.118220000    0.714188300    0.761455200
 607   -0.950000000   -0.849964800   -1.306164000
 608    8.815506000    0.439652500   -0.182256600
 609   15.285680000    1.125831000    0.585609900
 610   -0.950000000   -0.582945300    0.802869000
 611    1.868382000   -0.485687800   -1.386198000
 612    9.618970000    0.746111800    0.854192200
 613   16.202090000    1.201734000   -0.871141100
 614    7.391398000    0.908969200    0.455156600
 615   18.956100000    1.538579000    1.855268000
 616    7.539805000    0.426219900   -0.755997700
 617   14.594660000    1.407126000   -0.059467940
 618   -0.950000000   -1.078268000    0.842153100
 619   -0.950000000   -0.910258800    1.101029000
 620   -0.950000000   -1.522443000   -0.678448700
 621    8.533083000    0.672968800    1.185101000
 622   -0.950000000   -0.279529100    0.904990800
 623   -0.004229793   -0.109610500   -0.186778700
 624   -0.950000000   -1.056241000   -1.293912000
 625    5.783486000    0.361655800   -0.149676300
 626    2.270388000   -0.154111800   -0.171540800
 627   -0.950000000   -1.009248000    1.345332000
 628    0.857793000    0.005827321    1.010462000
 629    1.897297000   -0.089199240   -0.246419000
 630   -0.950000000   -1.111391000    1.344730000
 631   17.345320000    1.162945000    0.564950000
 632   -0.950000000   -0.782674000    1.677179000
 633    6.602172000    1.307939000    0.942496400
 634   -0.950000000   -0.561894700    0.312768800
 635   -0.950000000   -0.539966200   -0.562897100
 636   -0.950000000   -0.577865200    0.811179500
 637   -0.950000000   -0.182741700   -0.518420900
 638    4.519542000    0.339703200   -0.050561830
 639    8.272986000    0.569452200    1.054202000
 640    8.123498000    0.896448900   -0.090271480
 641    1.481591000    0.192805200   -0.067268090
 642   -0.950000000   -0.954996200    0.102774700
 643    0.901680900    0.139491200    0.953011500
 644   -0.950000000   -0.614772100    0.228383100
 645   -0.950000000   -0.716301200    0.237318800
 646   -0.950000000   -1.557743000   -0.236570000
 647   10.656490000    1.389066000   -1.154927000
 648   -0.950000000   -0.824167600   -1.675392000
 649   -0.950000000    0.613343200    1.306269000
 650   -0.950000000   -0.814389400    0.694619500
 651    7.647688000    1.324818000    0.617869200
 652   -0.950000000   -1.521759000   -0.392001500
 653   13.859850000    1.718143000    0.019040560
 654   -0.950000000   -0.288209200   -0.075787630
 655   -0.950000000    0.000671616   -0.513912600
 656    1.938934000    0.182940700   -1.141009000
 657   -0.950000000    0.122074400    0.271700600
 658   -0.950000000   -1.857835000   -0.279236500
 659   -0.950000000   -0.101439600   -0.479987500
 660   -0.950000000   -1.501538000   -0.096391930
 661    4.298729000    0.633616900    1.004041000
 662    3.485128000   -0.193940400   -0.487927000
 663   10.487030000    0.398553200    0.846953900
 664   15.421570000    0.876530200    0.902505600
 665   -0.950000000   -0.376042200    1.177623000
 666   18.215150000    1.331474000   -0.327004600
 667    8.876719000   -0.037109880   -1.086949000
 668    5.033356000    0.146397200   -0.026701660
 669   20.940120000    1.654683000    0.211769000
 670   12.486860000    0.998783400    1.605557000
 671    6.088048000    0.058779920    0.281739200
 672    6.278411000    0.020332950   -0.892629400
 673   15.395300000    1.087091000   -0.087715990
 674    4.790296000   -0.034440040    0.456494100
 675   -0.950000000   -1.868222000   -0.458803700
 676   -0.950000000   -0.906301000    0.818041600
 677    2.672448000    0.495972300    0.262011500
 678   -0.950000000   -0.678342200   -0.502665400
 679   15.253000000    1.706819000    1.354972000
 680   -0.950000000   -0.611154000   -0.281761100
 681   -0.950000000   -1.629604000   -0.020798520
 682   -0.950000000   -1.717034000    0.737510800
 683   -0.950000000   -0.489980400    0.102156200
 684   -0.950000000   -1.028081000    0.500507800
 685   -0.175199600    0.081537040    1.422447000
 686   -0.950000000   -0.832629600    1.732093000
 687   -0.950000000   -0.384110700    0.485083700
 688    6.704605000    0.689576100    0.190242000
 689    3.210832000    0.492491900    0.669854900
 690   -0.950000000   -0.835233800   -1.151086000
 691   -0.950000000   -0.606136400    1.335001000
 692   -0.950000000   -0.512602600    1.243078000
 693   10.435580000    0.797800800   -1.202949000
 694    4.142565000    0.162212000    1.480009000
 695   -0.950000000   -0.918833100    0.725879800
 696   22.412710000    1.639616000   -1.059968000
 697    8.430045000    0.554082700    0.570044000
 698   -0.950000000   -0.537890500    1.027460000
 699    2.612340000   -0.186459300   -0.677016700
 700    8.732558000    0.437175400    0.277846100
 701   -0.529155100   -0.237851600    1.196174000
 702   -0.950000000   -0.459726200    0.399533900
 703   -0.950000000   -1.409099000    0.136755100
 704    9.290772000    0.653225800   -0.014839180
 705   -0.950000000   -0.987991000    1.296955000
 706   -0.950000000   -0.409788400   -0.888325000
 707   -0.950000000   -0.881096200    0.668786800
 708    9.950847000    1.274370000   -1.027972000
 709   -0.950000000   -1.291213000    1.159676000
 710   11.411660000    1.244875000   -1.526005000
 711    8.602313000    1.066911000   -0.384950900
 712   -0.950000000    0.174282300    1.385068000
 713   -0.950000000   -0.775024500    0.613636000
 714   11.583690000    1.241292000   -0.060152010
 715   -0.950000000   -1.980674000   -0.768397600
 716   -0.950000000   -0.723537700   -1.378425000
 717   -0.950000000    0.111318800    1.690346000
 718   -0.950000000   -1.307524000    0.096707250
 719    3.842116000    0.394254600   -0.159450700
 720   -0.950000000   -0.511545100    0.095649040
 721   12.693060000    1.366431000   -0.455328100
 722   -0.950000000   -0.139949100    0.832505100
 723    0.904091200    0.657004700    0.406356600
 724    4.541522000    0.469950300    0.717479300
 725   -0.950000000   -1.433472000   -0.023120270
 726    1.406897000    0.201363300   -1.277855000
 727    6.322637000    0.994869900    0.274991700
 728   -0.950000000   -0.836715800    0.733798500
 729   -0.950000000   -1.744018000    0.146018900
 730   -0.950000000   -0.999762700    0.474081300
 731   -0.950000000   -1.537033000    0.174068800
 732   10.241700000    1.155140000   -0.076075870
 733    5.003877000    0.685215100    0.387379700
 734    1.480214000    0.116854500   -1.529169000
 735   -0.950000000   -0.942749900    1.126914000
 736   -0.950000000   -1.220835000    1.028079000
 737   -0.950000000   -1.263058000    0.154120300
 738    3.082802000   -0.002993937   -0.665333700
 739   21.248190000    1.292443000   -0.714880800
 740   -0.950000000   -0.555685500   -0.001759768
 741    4.223001000    0.696831200    0.150596800
 742    8.433274000    0.609892000    0.398812100
 743    6.010982000    0.340597700   -0.285373700
 744   -0.950000000   -1.370836000    0.768239700
 745    5.885981000    0.392834200    0.458089400
 746    7.428890000    0.652212100   -0.087815330
 747    1.722298000    0.463776500    0.727202800
 748   21.651570000    1.842988000    0.392510300
 749    7.120593000    0.746004600    1.336577000
 750    8.070667000    0.705635200    0.632089800
 751    7.592777000    0.446946100    0.249716700
 752   11.041690000    0.519577200    0.308161700
 753   -0.950000000   -1.994047000   -0.207690600
 754    6.495139000    0.466232500    0.325904600
 755    0.061837090   -0.826064900   -0.973244100
 756   -0.950000000   -0.588585800    0.233352800
 757   31.005000000    1.935776000    1.252887000
 758   14.144360000    0.945093300   -0.341460600
 759    1.350321000    0.015520390    0.592091300
 760   26.735270000    1.460362000   -1.202403000
 761   19.740220000    1.283365000    0.409902600
 762    6.720961000    0.188391900    0.197707100
 763   10.657250000    0.558276400    0.071475970
 764    3.540217000   -0.194564900   -0.010924120
 765   -0.950000000   -0.713029400    1.946926000
 766   -0.950000000   -1.281128000    0.326014800
 767    1.580035000   -0.012747730   -1.443942000
 768   -0.886159500    0.118242400   -0.211296100
 769   11.187650000    1.279011000    1.475009000
 770   12.279360000    0.853742100   -0.750067200
 771   26.119190000    1.755700000   -0.958827500
 772   -0.290012200   -0.199591500   -0.285970400
 773   14.720920000    1.342790000    0.565011500
 774   -0.447531200    0.332107900    1.189182000
 775   -0.950000000   -1.639161000   -0.827976200
 776   -0.950000000   -0.977878000    0.291363600
 777    1.264993000    0.082698860   -0.862349000
 778   -0.950000000   -0.234773700   -0.457419900
 779   -0.950000000   -1.415652000   -0.945026300
 780   12.558840000    1.840157000    1.041128000
 781   19.658050000    1.659115000    0.487516300
 782   -0.950000000   -1.046566000   -1.178844000
 783   -0.950000000   -0.476170100   -0.529009700
 784   -0.950000000   -1.448089000   -0.460488200
 785    0.923632100    0.418821500    0.958386900
 786    6.631683000    0.892963500   -1.287159000
 787   -0.950000000   -0.090735420    0.712097100
 788   -0.950000000   -0.616082900   -0.343052600
 789   -0.950000000   -0.295809300   -0.122391400
 790   -0.950000000   -0.618037500   -1.368868000
 791    3.580272000    0.660067800   -0.298048700
 792    5.962043000    0.900779200    0.997149300
 793   -0.950000000   -1.636334000   -0.852732900
 794   -0.950000000   -0.720416200    1.015728000
 795   -0.950000000   -1.344965000    0.105644200
 796   -0.950000000   -0.530390700   -0.259927200
 797   -0.950000000   -1.209904000   -1.145939000
 798   -0.950000000   -0.945410600   -1.002619000
 799    7.086376000    0.899915600   -1.833189000
 800    8.742346000    1.048246000   -1.470536000
 801   14.092980000    1.323560000   -0.663303900
 802   -0.950000000   -0.568145800    0.607661000
 803   -0.950000000   -0.432392400   -0.673985200
 804   -0.950000000   -0.110381300    1.079387000
 805   -0.950000000    0.068877090    0.435681600
 806   -0.950000000   -0.538405700    1.569472000
 807   -0.950000000    0.279392500    0.928484800
 808   -0.950000000   -1.995826000    0.595953500
 809   -0.950000000   -0.553302000   -1.650402000
 810   -0.950000000   -0.629346500    0.534926400
 811   -0.950000000   -1.564755000    1.796420000
 812   -0.313302200    0.636218100    1.282764000
 813    2.741953000   -0.105847800   -1.523528000
 814   11.348770000    1.453998000    1.335719000
 815    8.119761000    0.847686200    0.820283500
 816   -0.950000000   -1.651906000   -1.066583000
 817   -0.950000000   -0.768686300    0.365722700
 818   -0.950000000   -0.409313400   -0.005585500
 819    1.857353000   -0.137494400   -0.455146800
 820   -0.950000000   -0.782331800    0.970421700
 821   -0.950000000   -0.628512100   -0.184101300
 822   19.447640000    1.316104000   -0.494494100
 823   -0.950000000   -0.524041400   -0.042826860
 824   -0.950000000   -0.039316440    1.931427000
 825    9.886148000    0.748011200   -0.172251000
 826    7.802792000    0.663596700   -0.204013500
 827    3.997648000    0.040751000   -0.025334560
 828   14.000790000    1.076298000   -0.759611500
 829    5.685369000    0.356403400    0.230527000
 830   -0.950000000   -0.649484800   -0.383339100
 831   20.348380000    1.457883000   -0.245274200
 832   -0.950000000    0.136307500    0.942949200
 833   -0.950000000   -1.075502000    0.205708300
 834    8.003362000    0.811306000    1.043027000
 835    4.182381000    0.534744700    0.938169000
 836   15.745270000    1.305414000    1.110939000
 837    7.404954000    0.480593200    0.000997021
 838   -0.950000000   -0.535076100   -0.196357000
 839    1.849026000   -0.394661400   -1.239934000
 840   -0.950000000   -0.615987400   -0.497564900
 841    8.948223000    0.820078200    0.062324200
 842   17.989390000    1.463880000    0.503210000
 843   -0.950000000   -1.525020000   -1.743704000
 844    4.842464000    0.384834500   -0.329691100
 845   13.728790000    0.985705500   -1.066927000
 846   -0.950000000   -0.785557900   -0.242212600
 847    1.361199000   -0.163557000   -1.458264000
 848   -0.950000000   -0.441266200    0.131975300
 849   10.154150000    0.774688600   -0.433470100
 850    9.472015000    1.122259000    0.186649300
 851   -0.950000000   -0.683612300    0.564447100
 852   -0.950000000   -1.733561000    1.320961000
 853   -0.950000000   -0.104354900    0.965312700
 854   -0.950000000   -0.201577500    0.213455700
 855    7.771141000    1.061111000    0.266609600
 856   -0.950000000   -1.127440000    0.065971640
 857    7.843165000   -0.077053780    1.659794000
 858   -0.950000000   -1.489800000   -1.477810000
 859   20.546040000    1.200811000    0.347729400
 860   10.851590000    0.737521600    0.693068500
 861    3.990991000    0.062909920    0.449706000
 862   14.876700000    0.522971700   -1.007154000
 863    8.224832000    0.405069200    1.278553000
 864   12.247370000    1.336379000    0.170053300
 865   19.219350000    1.412501000    0.384175900
 866    2.453710000   -0.357982700    1.385764000
 867    6.607287000    0.099049460    0.230956400
 868   14.720090000    0.826176000    0.484342000
 869   12.223500000    0.823974300    0.283767800
 870   18.408970000    0.976531700   -0.984126600
 871    0.208229000    0.601850500   -0.071781770
 872   -0.950000000   -0.400894300   -0.558174300
 873   11.646630000    1.822937000    0.181656400
 874   -0.950000000   -1.602941000   -1.217904000
 875   -0.950000000    0.196298000    0.372019300
 876   -0.950000000   -0.080056430   -0.737746800
 877   -0.950000000    0.383362700   -0.718841200
 878   -0.950000000   -0.838645100   -0.473092200
 879    7.147040000    1.024061000    0.098053600
 880   -0.950000000   -0.798523300   -0.392047100
 881   -0.950000000   -0.371629500   -1.409769000
 882   -0.950000000    0.014238210   -0.857698200
 883   -0.950000000   -0.470222200    0.100333200
 884   -0.950000000   -0.498487400   -1.119328000
 885   13.558300000    1.816189000   -0.761020300
 886   -0.950000000   -1.209623000    0.982431100
 887   -0.950000000   -1.483496000   -0.616323500
 888   -0.950000000   -1.126261000    0.823701500
 889   -0.664478200    0.126819500   -0.759477000
 890    2.700741000    0.193897700   -1.602278000
 891    8.571659000    1.221007000   -0.890100100
 892   -0.950000000   -1.158420000    0.743603100
 893   -0.950000000    0.387739100    1.366080000
 894   -0.950000000   -0.073469420    0.935831400
 895    3.279906000    0.762331800    0.528655600
 896   -0.950000000   -1.480185000   -1.033479000
 897   -0.950000000   -1.179954000   -1.132360000
 898   -0.950000000   -0.457295800   -0.115492900
 899   -0.950000000   -0.442524500   -1.252396000
 900   -0.950000000   -0.385784600   -1.764748000
 901    7.152575000    0.925696300   -0.789569600
 902   -0.182055300   -0.319717300   -1.151846000
 903   -0.950000000    0.411614300    1.348113000
 904   -0.950000000    0.076410750    0.183626700
 905   -0.950000000   -0.717204700   -0.031966770
 906    0.675248300    0.358715300    0.378248100
 907   -0.950000000   -1.778840000   -0.452285800
 908    6.238669000    0.454346300   -1.143711000
 909    0.114749600    0.552390700    0.906875300
 910   -0.950000000   -0.407936600    1.030590000
 911   -0.950000000   -0.490246400   -0.552413900
 912   12.941380000    0.987118400   -0.661624300
 913    1.224755000    0.579398300    0.092368270
 914    2.098349000    0.040733630   -1.419834000
 915    8.070160000    0.928506700   -1.234968000
 916   -0.950000000   -0.894995500   -0.060511840
 917   -0.950000000   -1.699441000   -0.160631400
 918   -0.950000000   -0.673059800    1.327820000
 919   10.490570000    0.792406400   -0.599102300
 920    6.180845000    0.253248600    0.239985300
 921    7.071737000    0.257964500   -0.738741600
 922    4.552898000    0.177045300   -0.469558800
 923   11.218770000    0.772316900   -0.303588600
 924   12.019660000    1.155348000    1.063634000
 925    2.896863000    0.692013800    1.020066000
 926   12.116670000    1.467470000    1.096538000
 927    3.493122000   -0.052963640    0.024931250
 928   12.748300000    1.018308000   -0.858746700
 929   -0.950000000   -1.304006000    0.394257600
 930    6.908602000    0.168762800   -0.547015400
 931   -0.950000000   -1.206332000   -1.367045000
 932   12.831750000    0.908384700   -1.993248000
 933    9.029019000    1.433630000    1.630456000
 934   -0.950000000   -1.317995000    0.793545200
 935   -0.950000000   -0.623327900   -0.492993400
 936   -0.950000000   -1.637289000    0.206874100
 937    1.699653000    0.657424900    0.509538400
 938    2.161695000    0.372938400    0.933367100
 939   -0.950000000   -1.647329000   -0.120986600
 940   -0.950000000   -0.922150300   -0.278106400
 941   -0.950000000   -0.004099182   -0.334706300
 942   -0.950000000   -0.179223900    0.842479500
 943   -0.950000000   -0.273139500   -0.460791700
 944   13.150670000    1.838138000    0.851136900
 945   -0.950000000   -0.777900300    0.479540300
 946    0.273327600    0.000912402    0.479854900
 947   -0.950000000   -0.328583600   -0.186086900
 948   -0.950000000    0.025291580    1.143696000
 949   -0.950000000   -0.329168200   -1.410390000
 950   -0.950000000   -0.675175800    1.252514000
 951   -0.950000000   -1.188597000    0.703655600
 952    1.067039000    0.125791100    0.344433400
 953   -0.950000000   -1.328408000    0.020835010
 954   -0.950000000   -0.534362200   -0.056347080
 955    0.492356200    0.077074600   -0.457259800
 956   -0.950000000   -0.167592300    0.055161060
 957    5.740140000    0.946395400    1.516019000
 958    9.096330000    0.906820100   -0.208979100
 959   -0.950000000   -1.305129000    0.072675470
 960   -0.950000000   -0.210338000   -1.215440000
 961    0.596743300   -0.351809900   -0.486673300
 962    3.190102000   -0.191988800   -1.404599000
 963   -0.950000000    0.062820120    1.460041000
 964   18.773770000    1.392152000    0.375342700
 965   -0.950000000   -0.398047600    0.117444000
 966   -0.950000000   -0.423077500   -0.049083320
 967   -0.950000000   -0.318969300    0.955750200
 968   17.833340000    1.551596000   -1.121802000
 969   13.641000000    1.364710000    0.519831000
 970    0.835400800   -0.191152400    0.582177900
 971   19.123980000    1.281547000   -0.696527200
 972   12.864680000    0.973969300   -1.931900000
 973    2.491399000    0.266746200    1.452951000
 974    0.669555000    0.105792200    0.190866200
 975    4.060313000   -0.063156600   -0.500252100
 976   -0.950000000   -0.502428900   -0.301665800
 977   16.686270000    1.064256000   -0.127584400
 978   -0.950000000   -1.111491000    0.849580000
 979    7.937168000    0.145612800   -1.007300000
 980   14.674680000    0.926026800    0.959019100
 981   -0.950000000   -1.557126000    0.720027100
 982    3.402801000   -0.083120740    0.868536300
 983    1.527552000   -0.134352600    0.944982000
 984   -0.950000000   -0.718630200   -1.108062000
 985   -0.950000000   -0.726065300    1.391270000
 986    7.800351000    0.234120200    1.131813000
 987   13.165940000    1.029500000    0.291848800
 988   10.674720000    1.300431000    0.454358300
 989   -0.950000000   -1.368686000    0.687283400
 990   20.973780000    1.674229000    0.246962900
 991   18.714580000    1.515313000   -0.389082700
 992   -0.950000000   -1.576541000    1.085706000
 993   -0.950000000   -0.723272200    0.786753600
 994    8.558555000    0.542226400   -1.530951000
 995    8.520566000    0.463915800   -0.833294300
 996    0.981317700    0.100055400   -0.449405500
 997   -0.950000000   -0.560139700    0.005887301
 998    6.261468000    0.934738000    1.147151000
 999   14.371550000    1.310228000    0.303544800
1000   -0.950000000   -0.444819500    0.114559400
1001   -0.950000000   -0.569104500   -0.375735600
1002   -0.950000000   -0.884257300    0.822699800
1003    4.747712000    0.253665000   -0.499542000
1004    9.896252000    0.762774600   -0.330545200
1005   -0.950000000   -0.882668200   -0.267446400
1006   10.009370000    0.847942400   -0.611990000
1007   -0.950000000   -1.225845000   -1.100781000
1008   -0.950000000   -0.680447700   -0.394821300
1009   -0.950000000    0.257017700    1.013289000
1010    3.152614000    0.437421100   -0.287652300
1011    2.486533000    0.565438700   -0.119954200
1012    2.068155000    0.382645000    0.142125100
1013   -0.950000000   -1.076670000   -1.010947000
1014    5.788724000    0.687819500   -0.529923200
1015   -0.950000000   -1.339704000   -0.767938900
1016   14.949180000    1.300621000   -0.792580900
1017   -0.950000000   -1.572188000   -0.949891800
1018   17.985990000    1.502909000   -0.341733200
1019   11.521390000    1.788586000    0.121009800
1020   -0.950000000   -0.934369300    1.009226000
1021    4.418993000    0.236803000   -0.326737500
1022    7.186434000    0.210213800   -1.152958000
1023   -0.950000000   -0.282347200   -0.855493900
1024   10.991880000    0.734001800   -0.928950800
1025   -0.820821300   -0.428980500   -0.737616400
1026    0.649016300   -0.255996300   -1.286221000
1027   17.877300000    1.679223000   -0.101532400
1028    5.912017000    1.963124000    1.893172000
1029   -0.950000000   -0.972375800   -1.583030000
1030   19.846830000    1.775141000    0.538217500
1031   17.263830000    1.721363000   -0.518111800
1032    2.034389000    0.798357900    1.803562000
1033   14.748270000    1.367425000    0.110821500
1034   -0.950000000   -0.158712300    1.698906000
1035   -0.950000000   -1.023038000    0.308032700
1036    0.633771900    0.125740200   -1.690962000
1037   -0.950000000   -0.128396300   -1.105905000
1038   -0.612466500    0.466887700    0.962724400
1039   -0.950000000   -1.508306000    1.531233000
1040   -0.841165400    0.263357200   -0.577058200
1041   -0.950000000   -1.694125000    0.423688300
1042    6.030487000    0.416870200   -1.609721000
1043    4.458759000    0.416250800   -1.454517000
1044   -0.950000000   -1.477554000    1.164862000
1045   -0.950000000   -1.591167000   -1.233011000
1046    5.940325000    0.691360900    0.271293200
1047    2.103660000    0.525828700    0.272321600
1048   -0.950000000   -0.039557510    1.024718000
1049   -0.950000000   -0.916644100   -0.466105800
1050    1.599642000    0.548442800   -0.000311913
1051   -0.950000000   -0.838903100   -0.792125400
1052    9.182322000    1.230545000    0.158281700
1053   -0.950000000   -0.415893800    0.060840220
1054   -0.950000000   -0.427893500   -0.497973100
1055   -0.950000000    0.099474140   -0.097990880
1056   -0.950000000   -0.250410400   -0.370502500
1057    7.292680000    1.379846000    0.119297800
1058    0.588475900    0.313281500    0.564113700
1059   -0.950000000   -1.371290000    0.187284600
1060    3.118956000    0.567935800   -0.934574500
1061   -0.713984900   -0.100813900   -1.250737000
1062   -0.950000000   -0.413171500    0.709074200
1063   -0.950000000   -0.800184200   -1.422506000
1064   21.585240000    1.739713000   -1.732055000
1065   -0.950000000   -0.621943200    0.349314300
1066   -0.137700500   -0.380291500   -0.690370200
1067    2.327281000    0.086420480    1.973467000
1068   -0.950000000   -0.745557800    0.458978600
1069    4.149944000    0.178676900    0.483286500
1070   21.957420000    1.060122000   -1.796716000
1071   17.095990000    1.315183000   -0.955409100
1072   -0.950000000   -1.657571000    0.149826500
1073   10.841710000    0.865246900    0.570115700
1074   20.067420000    1.550621000   -0.591061900
1075   -0.950000000   -0.629281100    0.043817410
1076    9.702955000    0.238686500   -1.944148000
1077   -0.711712400   -0.495430100   -0.503552300
1078    6.072817000    0.523715300    0.085508240
1079   -0.950000000    0.110691200    0.975044700
1080   -0.950000000   -0.740864000    1.450569000
1081    5.196571000    1.075872000    0.118814700
1082   -0.950000000   -1.042895000    0.792292200
1083   -0.950000000   -1.500429000   -1.078835000
1084    3.663765000    0.441483700    0.018141270
1085    9.905216000    0.850330400   -0.610511900
1086   -0.950000000   -0.086940400   -0.172202000
1087    6.666143000    1.070755000   -0.339809200
1088   -0.950000000   -1.392514000   -0.493702600
1089    5.844346000    0.740592000    0.070521170
1090    5.127154000    0.930171700    0.380492700
1091   -0.950000000   -0.928603800   -0.195307100
1092   -0.950000000   -1.039109000   -0.451048700
1093    4.677217000    0.491169900    0.055567860
1094   -0.529810100    0.245831700    0.518070900
1095   -0.950000000   -1.629609000   -0.422553100
1096    7.061196000    0.907974600    0.361748800
1097   -0.950000000   -1.315525000    0.118397600
1098    6.304956000    0.570592000   -0.166861000
1099    9.435283000    0.712563000   -0.715585800
1100   -0.950000000   -0.695761300    0.169398400
1101   18.855530000    1.651508000   -0.427627700
1102   -0.950000000   -0.820098200    1.812021000
1103   -0.950000000   -1.216574000   -0.370534200
1104    3.038170000    0.484126800   -0.384034000
1105   -0.950000000   -0.503025400    0.867869300
1106   -0.950000000   -0.388506300    0.353061600
1107   -0.950000000   -0.670991300    0.643402300
1108   -0.950000000   -0.762888500    0.914988900
1109   13.395060000    1.482212000    0.176909800
1110    2.581714000   -0.026041040   -1.398007000
1111    0.092165250   -0.071653510   -0.029612050
1112   11.939200000    0.897757200   -0.976473700
1113   -0.950000000    0.079656540    1.545333000
1114    6.111357000    0.271388600   -0.566487000
1115    0.819199100   -0.145226700   -0.415711300
1116   14.894300000    1.669974000    1.221479000
1117    8.304191000    0.257610000   -1.818293000
1118   14.787570000    1.073025000    0.252531500
1119    6.887288000    0.832045500    0.754616400
1120    0.603460300   -0.221670700   -1.199720000
1121   -0.950000000   -0.959400100    1.256731000
1122    3.156101000    0.119430400   -0.292606900
1123   -0.950000000   -0.885241500   -0.774176900
1124    0.416162400   -0.261453100   -0.110792000
1125   -0.950000000   -0.626396900    0.185072700
1126    3.766854000   -0.123758900   -1.275932000
1127   16.867920000    1.211468000    0.266450000
1128   -0.950000000   -1.363575000    0.511444000
1129    2.411439000   -0.163115000   -0.066342340
1130   13.225220000    0.551774500   -0.725018900
1131   23.503670000    1.487015000   -0.771222000
1132   12.942800000    1.160085000    0.951036100
1133   -0.939368900   -0.395164900    0.659271900
1134   -0.950000000   -1.055018000   -0.386242400
1135    1.058324000    0.106429000    1.630732000
1136    2.468009000   -0.079684990    0.230371300
1137    3.889610000    0.405028800    0.284237900
1138   15.381620000    0.701318800   -1.486299000
1139   11.591710000    0.892652400   -0.419305700
1140   10.062070000    0.747447500   -0.247101000
1141   -0.688014600    0.500993400    1.332299000
1142   16.123520000    1.383813000    0.194759400
1143   -0.950000000   -0.258483300   -0.496142900
1144   -0.950000000   -0.459867100    1.476171000
1145    7.179472000    0.046016480   -1.723771000
1146   -0.950000000   -1.903716000   -0.721529100
1147   -0.950000000   -0.341877300   -0.581465100
1148   -0.950000000   -1.192994000   -0.823359200
1149   -0.950000000   -0.430252700    0.978063400
1150   -0.950000000   -0.589333500    0.436623600
1151   10.609700000    1.219714000   -0.183056200
1152   -0.950000000   -0.536742700   -1.223336000
1153   -0.950000000   -0.553487900    1.132505000
1154    2.439112000    0.109664700    0.319740900
1155   13.570830000    1.276745000   -0.853709900
1156   -0.950000000   -0.803272900   -1.079612000
1157   11.957940000    1.335989000   -0.648334800
1158    8.878327000    0.857602700    0.963132500
1159    8.171048000    0.883135300    0.838343800
1160   -0.835545900   -0.220516400   -1.569403000
1161   -0.950000000   -0.545219400    1.112627000
1162   -0.950000000   -0.266406600   -1.035259000
1163   -0.950000000   -1.203747000    0.783044300
1164   -0.117086000    0.089934660    0.183947900
1165    5.681046000    0.470707300   -0.821884400
1166   -0.950000000   -1.414196000   -1.064041000
1167    8.039895000    0.620991400   -0.565684900
1168   -0.950000000   -0.164755400   -0.302427800
1169   -0.950000000   -1.334806000    0.628918000
1170    6.856110000    1.300487000    0.968781000
1171   -0.950000000   -1.852011000    0.228955200
1172   -0.950000000   -0.600559000   -0.100985000
1173   -0.950000000   -0.704560100   -0.791221700
1174   -0.950000000   -1.071085000    0.087507640
1175    2.637954000    0.705713500    0.321513700
1176   -0.950000000   -0.472738500   -0.631751700
1177   -0.950000000   -0.677208000   -0.821100700
1178    8.837563000    1.210748000    0.174068000
1179    3.723565000    0.646783100   -0.891843900
1180   -0.950000000   -1.445561000    1.657589000
1181    7.906950000    0.938425300    0.351568700
1182   -0.950000000   -1.190664000   -0.418159100
1183    6.444351000    0.992853400    0.667151200
1184   -0.950000000   -0.565166600    0.269669800
1185    2.501478000    0.444406400    0.063269810
1186   14.499460000    1.733176000   -0.440375600
1187   -0.950000000   -0.703996400   -0.897985100
1188   -0.042719480   -0.151871400   -1.097955000
1189   -0.950000000   -0.760226100    0.192107600
1190   -0.950000000   -0.698989500   -1.571478000
1191    0.680128100   -0.055164020   -0.509725400
1192   -0.950000000   -1.018021000   -0.987066000
1193   -0.950000000   -1.835067000    1.091842000
1194   -0.950000000   -1.111564000   -0.146415700
1195   -0.879301300   -0.124353900    0.671687000
1196   13.368170000    0.996183300   -1.473915000
1197   15.590520000    1.164684000    1.203956000
1198   12.035780000    1.641397000    0.635342800
1199   -0.950000000   -1.637441000    0.672143700
1200    5.587806000    0.548053600    0.618543400
1201   -0.950000000   -0.499338900   -1.105478000
1202    0.748416100    0.048217610   -0.254043600
1203    7.020851000    0.820504800    0.806248600
1204    0.034980040    0.416805100    1.728088000
1205   -0.874336900    0.033765680    0.410319000
1206   -0.950000000   -0.993317900    1.370470000
1207    8.856113000    0.844449200    0.281740000
1208   -0.165943900    0.042497850    0.632022200
1209   -0.950000000   -0.449357700   -1.306068000
1210   -0.950000000    0.336641000    1.047601000
1211   -0.768580700    0.016700430    0.098177280
1212   -0.950000000   -1.618972000   -1.267567000
1213   -0.950000000   -0.978386700    1.891972000
1214   -0.950000000   -1.284900000    1.546913000
1215   -0.950000000   -1.488763000   -0.287544700
1216    5.565525000    0.530663700   -0.756195300
1217   -0.950000000   -0.388217100   -0.806841000
1218   -0.950000000   -0.905476600   -0.548032300
1219   -0.950000000   -0.095282860   -0.243947300
1220   -0.829215800   -0.086955320   -1.655872000
1221   -0.950000000   -0.238685900    0.880269500
1222   -0.950000000   -1.816058000    1.689035000
1223   11.736900000    1.269190000   -1.179439000
1224   -0.950000000   -0.514312300   -1.413149000
1225   -0.950000000   -0.047411810    0.178529900
1226   -0.950000000   -0.285235800   -0.069635430
1227   -0.950000000   -1.118103000    0.615216500
1228    4.957075000    0.741838900    0.049187560
1229   -0.950000000   -0.308891000    0.990503000
1230   -0.950000000   -0.409046100    1.396259000
1231    3.469162000    0.120127500    0.791739100
1232    2.072888000   -0.053956670    1.096844000
1233   14.414600000    1.050083000    0.449129900
1234    8.382860000    0.527409200   -0.135807000
1235    9.302583000    0.561432500    0.094951790
1236   -0.950000000   -0.339618300    0.952741400
1237   -0.950000000   -0.813603800    0.355736600
1238    0.801700100   -0.096312910    0.090023300
1239   20.250250000    1.407629000   -1.333160000
1240   23.541220000    1.866309000   -0.092160370
1241   14.185670000    0.519843900   -1.557589000
1242   11.534690000    0.814843400    0.521535000
1243   -0.088536060   -0.360378500   -0.731931800
1244    0.490782000   -0.319005100    0.656014200
1245   13.011680000    0.860284800   -0.313058000
1246   -0.950000000   -0.437276500   -0.055694510
1247   -0.950000000   -1.158510000   -0.125908800
1248   -0.950000000   -1.552533000    0.202821300
1249    0.724364300    0.123029500    0.407725800
1250   -0.067736390   -0.091469550   -0.505238100
1251   14.121610000    1.311970000    0.453025400
1252   13.511210000    1.201480000   -0.436778200
1253   -0.950000000   -0.127035400   -0.781536700
1254   13.729110000    1.839582000    0.379715400
1255   -0.950000000   -0.179949800    0.351894000
1256   10.718380000    1.202945000    0.696708100
1257    0.348619900    0.074092330    0.283350800
1258   10.746050000    0.655673700   -1.063813000
1259   12.587550000    1.083634000   -0.031695690
1260   -0.950000000   -1.434229000   -0.911590800
1261   14.064760000    1.414822000    0.788354600
1262   -0.950000000   -0.843971200    0.503745700
1263    7.608398000    0.416582800   -0.191703200
1264   16.432790000    1.227415000   -1.256361000
1265   16.753560000    1.959040000    0.014136710
1266   -0.950000000   -0.925982200   -0.021333750
1267   -0.950000000   -1.095807000    1.749704000
1268    2.213341000    0.195875000   -0.348120600
1269   18.862420000    1.825899000   -0.903447700
1270    9.964517000    0.711277300    0.007857411
1271   -0.950000000   -0.616855700   -0.048294860
1272   -0.950000000   -1.261191000    1.068851000
1273   -0.950000000   -1.061595000    0.888312900
1274   -0.950000000   -1.784091000   -0.944566400
1275   -0.950000000   -0.559569400    1.944478000
1276   -0.950000000   -0.891373500    0.753982700
1277    0.760862400   -0.098787110   -0.804690200
1278   -0.950000000   -0.867025300   -0.810492600
1279   -0.950000000    0.002456570    0.973060900
1280   -0.950000000   -0.102530500    1.194976000
1281   -0.950000000   -1.205872000   -0.627417400
1282   -0.950000000   -0.321885300    0.456524200
1283   -0.950000000   -1.267822000   -1.097678000
1284   -0.950000000   -1.269178000   -0.247732300
1285   -0.950000000   -0.239037100    0.816866700
1286    3.224195000    0.344211500   -0.330260800
1287    5.066823000    0.560849400   -0.793876600
1288   -0.950000000   -0.216827400    1.091483000
1289   -0.950000000    0.895834800    1.900333000
1290    7.322039000    0.678367600   -0.131931200
1291    2.430257000    0.222356500   -0.012384850
1292    0.722198700   -0.135639800   -0.380090900
1293    4.110547000    0.208229600   -0.529638900
1294    0.301687700    0.058007230    1.186799000
1295   -0.950000000   -1.198096000   -0.418322500
1296   10.252000000    0.864778700   -1.120008000
1297    0.986426700    0.146547700    0.021953890
1298   -0.950000000   -0.943692100    0.391356300
1299   11.981060000    1.350609000    0.318453200
1300   -0.950000000   -0.954991300   -1.048465000
1301   -0.154553200   -0.125369500   -0.168147900
1302   10.570210000    1.209386000   -0.586809000
1303    7.611262000    0.780566200   -0.026497900
1304   -0.950000000   -0.468149300   -0.937802100
1305    2.579823000    0.484172400    1.205069000
1306   -0.950000000   -0.667996800    0.913009700
1307   12.331370000    0.776478200    0.049018740
1308   13.179450000    0.989640600    1.603042000
1309    5.303702000    0.345613000    0.059096860
1310   -0.950000000   -1.080947000    0.030846720
1311    5.256177000    0.323814600    0.319339600
1312   -0.950000000   -1.212256000   -1.355646000
1313    8.955270000    0.520116900    0.033763000
1314   -0.950000000   -0.805339000    0.095816030
1315   12.444340000    0.891717400   -0.101632000
1316    4.974318000    0.339391200    0.414874100
1317   23.123730000    1.975305000    0.722328900
1318   13.952870000    1.247808000   -0.368958200
1319   -0.950000000   -0.814589300   -0.326262700
1320   20.409140000    1.322419000   -0.527629500
1321   11.616410000    1.497829000    0.507136800
1322   -0.950000000   -0.421701600    1.223860000
1323   -0.950000000   -0.840560700   -0.596979600
1324   -0.950000000   -0.059610020    0.256119800
1325   -0.950000000   -0.998655900   -0.497116300
1326   -0.950000000   -0.540360600   -0.804722600
1327   10.712710000    1.053490000   -1.015771000
1328    9.936044000    0.972648500   -1.209462000
1329   -0.950000000   -0.774948200   -0.993157900
1330   -0.950000000   -0.857404700    1.669165000
1331    2.773240000    0.741227300    0.344658500
1332   10.006990000    0.901936700   -0.316136300
1333   -0.950000000   -0.366047000   -0.304415400
1334    1.741855000    0.340755600   -0.231800800
1335   -0.950000000   -0.466375900   -0.253808700
1336    5.887823000    0.564643800    0.875208500
1337    9.770486000    1.008640000   -1.075874000
1338   -0.950000000   -0.346359900   -0.017311050
1339   -0.950000000   -0.498314700    1.082542000
1340   -0.950000000   -0.397203700    0.777760100
1341    4.268585000    1.162212000    1.255991000
1342   -0.471162100   -0.191857400   -0.427631300
1343   -0.950000000   -1.148316000   -0.976406500
1344   -0.950000000   -0.905932600   -0.199778700
1345    3.341511000    0.769419800    1.141338000
1346   -0.950000000   -0.148659800    0.341731300
1347   -0.950000000   -1.683918000    0.118057600
1348   -0.950000000   -0.253317900   -0.052254430
1349    0.995520100    0.328902800    1.319311000
1350   -0.535262600   -0.300840100   -0.635982100
1351   -0.950000000   -0.107388100    0.293306500
1352   -0.950000000   -0.264831500   -0.022095450
1353   -0.950000000   -0.328629500   -0.509461800
1354   -0.950000000   -0.891182100    0.270795000
1355    7.726959000    1.019719000    1.568542000
1356   16.757630000    1.219964000   -0.531452700
1357    4.395342000    0.477997000    0.387200700
1358    7.279478000    0.615242000    0.211422900
1359   -0.950000000   -0.849844300    0.726183600
1360   -0.406216100   -0.113835800   -0.293488600
1361   -0.072058780   -0.316683600   -1.257006000
1362   -0.950000000   -1.180270000    0.211223900
1363    2.979236000    0.352629700    0.043009890
1364   -0.950000000   -0.844856600    1.211152000
1365    2.656766000    0.130416500    0.535330800
1366   -0.950000000    0.202322300    0.034195460
1367   10.188590000    1.492907000    0.640140400
1368   -0.950000000   -0.517115700   -0.205235500
1369   -0.950000000   -0.168003200    1.148806000
1370   -0.950000000   -0.084215470    1.455762000
1371   -0.950000000   -1.087006000   -0.563907400
1372    1.986404000    0.212124100   -0.906881600
1373    8.575733000    0.963181700    0.248429400
1374   -0.950000000   -0.470705900   -0.781664000
1375   -0.950000000   -1.844850000   -0.889252700
1376   -0.950000000   -0.414066700    1.727113000
1377   -0.950000000   -0.754684400   -1.239275000
1378   -0.950000000   -0.333254500   -1.308261000
1379   -0.950000000   -0.349034500   -1.175164000
1380   -0.950000000   -0.487864700    0.122365600
1381   -0.950000000   -0.668128700   -0.524744900
1382   23.014350000    1.773915000    1.707712000
1383    0.401940700    0.226024200    0.680620600
1384   -0.950000000   -0.425788900   -0.847272300
1385   -0.950000000   -0.501664000   -0.851357500
1386   -0.950000000   -1.053183000   -1.129048000
1387   -0.950000000   -0.431247200    0.111720000
1388   -0.773485400    0.174550000    0.187153900
1389    6.884007000    0.620155800    0.047719120
1390   -0.950000000   -1.787662000    0.401605400
1391   -0.950000000   -0.476091400    0.170011600
1392    4.074906000    0.476696500   -0.205079100
1393   -0.950000000   -0.411009000    0.343943500
1394   -0.105982100   -0.069210270   -0.922514500
1395    2.642573000    0.573876600    1.012828000
1396    3.452125000    0.250556000   -0.815253300
1397   11.291650000    0.759170900    0.577174800
1398    0.492667600    0.130062600    0.691861900
1399   -0.950000000   -0.238066300    1.513021000
1400   -0.759128100   -0.180252300   -0.613466300
1401   -0.950000000   -0.451677200    0.585288600
1402   -0.950000000   -1.975991000    0.035858330
1403    0.700785300    0.105300500   -0.114077700
1404   -0.232977700    0.085958540    0.597031300
1405   16.012810000    1.579504000    0.740578400
1406   11.344450000    1.076951000   -0.050301260
1407   16.882670000    1.763177000   -0.796949500
1408   -0.950000000   -0.250108200   -0.421413500
1409   -0.950000000   -0.635074900   -0.479758900
1410   -0.950000000   -0.571498100   -1.670420000
1411   -0.950000000   -0.932627900   -0.412569100
1412    3.648754000    0.985736400   -0.715176800
1413   -0.950000000   -0.185076700   -0.689480900
1414   -0.950000000   -0.446523200    0.298153400
1415   -0.950000000    0.005583359   -0.956359000
1416    0.382556300    0.593094700   -0.581153500
1417   -0.950000000   -0.870008000    0.706609700
1418   -0.950000000   -0.054587480   -0.971150500
1419   -0.950000000   -0.620895700   -0.438182700
1420   -0.950000000   -0.038754760    0.257653200
1421    1.047192000    0.461003700   -1.373194000
1422   -0.950000000   -0.078294790   -0.635519000
1423   -0.950000000   -0.631313000   -0.468209200
1424   -0.950000000   -1.957268000    1.783637000
1425   -0.950000000   -0.349972200   -0.056153500
1426   -0.950000000    0.392931900    0.879673100
1427    4.948940000    0.996409200    0.002725720
1428   -0.950000000   -0.654767000   -0.095376630
1429   -0.950000000   -0.731733200   -0.914669900
1430   -0.950000000   -0.431958500    0.065326060
1431   -0.950000000   -1.461007000   -1.091829000
1432   -0.950000000   -0.063436740    1.937660000
1433   -0.950000000   -0.574717500    1.349756000
1434   -0.950000000   -0.630552300   -0.069167230
1435   -0.950000000   -0.020257690   -0.872915600
1436   -0.950000000   -0.031200210   -0.068065440
1437   -0.950000000   -0.770952000   -0.631046300
1438   -0.950000000   -1.993968000   -1.037996000
1439   -0.950000000   -1.076638000    0.291330300
1440   -0.401671600    0.082381770   -1.329648000
1441   -0.950000000   -0.675653100    0.097628640
1442   -0.950000000   -0.302446900    0.736218800
1443   -0.950000000   -0.019012880    1.146482000
1444    2.790044000    0.858713100    1.000808000
1445   -0.950000000   -0.385386600   -0.561165100
1446   19.370800000    1.721702000   -0.007358095
1447   -0.950000000   -0.167767200   -0.829521700
1448   -0.950000000   -1.303243000   -0.349082900
1449    6.028724000    0.447155800   -1.499209000
1450   -0.950000000   -1.313376000    0.684864800
1451   -0.830849300   -0.128852600   -1.126162000
1452   -0.950000000   -0.912391700   -0.824907700
1453   11.158160000    1.294134000   -0.060648610
1454    9.718803000    1.517229000    0.955914300
1455    5.627800000    0.444937300   -1.161807000
1456    1.725595000    0.150017400   -0.921389200
1457    3.813772000    0.533047400   -0.600287500
1458   -0.950000000   -0.481855700   -0.002383303
1459   -0.335259100    0.935831000    0.773239800
1460   -0.950000000   -1.475093000    1.056926000
1461   -0.950000000   -0.993038600    0.305210200
1462   -0.950000000   -0.272140200   -0.662026100
1463   13.666350000    1.493120000    0.653716000
1464   -0.950000000   -1.650271000   -1.732657000
1465   -0.950000000   -0.469954700    1.023475000
1466   13.452160000    1.279062000    0.210310100
1467   -0.950000000   -0.710558500   -0.986297200
1468   -0.950000000   -0.285545800    0.091605640
1469   11.087130000    0.871362900   -0.811859800
1470    9.035207000    0.780609100   -0.000445533
1471   -0.950000000   -0.844885300    0.047291170
1472   -0.950000000   -0.689542100   -1.233533000
1473   -0.868980200    0.184360900    1.569194000
1474    0.133768000    0.466303200    1.612447000
1475   11.720270000    1.368634000    0.931260000
1476   -0.950000000   -0.448064400    0.300066700
1477    4.043035000   -0.033904720   -1.425729000
1478   12.786860000    1.072398000   -0.364660800
1479   -0.950000000   -0.594406500    0.504334000
1480   -0.950000000   -0.055279490    1.035407000
1481    0.086805760   -0.121809500    0.406227800
1482   -0.950000000   -1.229541000   -0.770854100
1483    8.256416000    1.005411000   -0.310313800
1484    8.116403000    0.457676200   -1.249983000
1485    0.020016950    0.756239300    1.867802000
1486   -0.950000000   -0.839068100    0.756258900
1487   -0.950000000   -0.629235200    0.451004700
1488    0.793569200    0.117497400   -0.443184000
1489   -0.950000000   -0.297575200    0.869460200
1490   -0.950000000   -1.403945000    0.823555300
1491    5.931813000    0.758247900    0.365790200
1492    1.000858000   -0.230933300   -1.325375000
1493    0.758105300    0.001067812   -0.684480700
1494   18.421520000    1.866969000   -1.113198000
1495    2.113595000    0.064666530    0.299584800
1496   -0.950000000   -0.390360500   -0.200169700
1497   -0.950000000   -0.843669300    1.943963000
1498    9.546131000    0.883553300   -0.115886000
1499   -0.950000000   -0.505351800    0.063177370
1500   -0.950000000   -0.563993600   -0.511951400
