*y  x1  x2
   1   10.112800000    0.861223700    0.103316500
   2    8.782256000    0.587767300   -1.631347000
   3   -0.950000000   -0.310982100    1.189396000
   4   -0.537663300   -0.150143600   -1.352945000
   5   -0.950000000   -1.323375000   -0.201602900
   6    6.947130000    0.710223500   -0.297071200
   7    7.115590000    1.566507000    1.405392000
   8    2.458856000    0.487444300    0.370021200
   9    6.327456000    0.976393300    0.683280900
  10   -0.950000000   -0.690423700   -0.480865800
  11   -0.950000000   -1.170998000   -0.634347000
  12   -0.950000000   -0.143944600   -0.889465000
  13   -0.950000000   -0.062393540   -0.107142300
  14    4.345910000    0.479106800    0.593221700
  15   -0.950000000   -0.601262900    0.403940100
  16    1.442300000    0.375341500    1.487561000
  17    3.432312000    0.341337900    1.049870000
  18   -0.950000000   -1.558392000   -0.991257300
  19   -0.950000000   -0.913010500   -1.523901000
  20   -0.950000000   -0.797466100   -1.021059000
  21    3.707673000    0.197698700   -1.340909000
  22    6.975261000    0.564448500   -0.719031800
  23   12.866350000    1.084617000    0.349432900
  24   -0.950000000   -1.184754000    0.865809600
  25   -0.950000000   -1.619927000    1.443748000
  26   -0.950000000   -0.499025500   -0.268105600
  27    6.059629000    0.559821100    0.944342100
  28   15.594030000    1.695134000    1.663240000
  29    2.324878000    0.249303500   -0.219011800
  30    5.548667000    0.705295100    0.712063700
  31   11.980250000    0.965551600   -0.099100820
  32   -0.950000000   -0.634054800    1.464570000
  33   -0.950000000   -1.490619000    0.420580100
  34   -0.950000000   -1.809097000    0.903115600
  35    8.736175000    0.420631800    0.362786800
  36    0.697240900    0.142397300    1.089109000
  37   -0.836225700   -0.170556500    1.396546000
  38   -0.950000000   -0.045341200    1.978267000
  39    4.686884000   -0.022170890    0.849401800
  40   -0.950000000   -0.774034200    1.331469000
  41    6.116522000    0.072600700   -0.429438700
  42    7.379344000    1.205942000    0.875880600
  43   14.726600000    1.166997000    0.286205500
  44    2.193564000   -0.249287400   -0.800332100
  45    5.911697000   -0.185612500   -1.208617000
  46   -0.950000000   -0.873644400   -1.905373000
  47    9.812588000    0.654846100   -1.410235000
  48   22.444320000    1.650814000    0.433611600
  49   -0.950000000   -0.033768270    1.708445000
  50   11.752960000    1.492920000   -1.893823000
  51   -0.950000000   -0.961580300   -1.917800000
  52   -0.950000000   -0.989301900   -1.372283000
  53    9.259561000    1.159103000    0.908433500
  54   -0.950000000   -1.300339000    1.514699000
  55   -0.558908000   -0.150141200   -1.254239000
  56    2.162565000    0.185149100   -0.006572547
  57   -0.950000000   -1.330010000    0.616303100
  58    8.358444000    0.815303000    1.159179000
  59    0.671053200    0.309265600    0.659423100
  60   11.617290000    1.093376000    1.109228000
  61   15.713920000    0.907833300   -1.827012000
  62   12.643640000    1.276089000   -1.308438000
  63   -0.950000000   -1.544040000   -0.202727000
  64   -0.950000000   -0.751099000    0.385883600
  65   10.452770000    0.798507000   -0.276305900
  66   16.719990000    1.330873000    0.390149000
  67   -0.950000000   -1.448940000    0.875225500
  68   12.791890000    1.892057000    0.644429400
  69   13.879780000    1.089063000    0.152734500
  70    8.121851000    0.773637200    0.419583300
  71    5.498213000    0.597667200    1.181626000
  72   -0.950000000   -0.986694600    0.701289800
  73    6.945243000    0.640438300   -0.339705800
  74    3.709066000    0.145761600   -0.345670800
  75    1.370283000   -0.085605750   -0.777576400
  76    6.323573000    0.472126800    0.821838600
  77   10.629650000    0.891080100    0.831378600
  78   13.882840000    1.033935000   -1.847073000
  79   -0.950000000   -1.616499000    0.029728040
  80    0.468156700   -0.339441300   -1.006387000
  81   -0.950000000   -0.538992900    1.225248000
  82    5.621342000    0.233416400   -0.375133100
  83   17.788620000    1.393272000    0.796547900
  84   -0.950000000   -1.937782000    0.694696700
  85   13.172390000    1.329493000    0.702525700
  86    5.692428000    0.278838100   -0.800498800
  87    7.038738000    0.313995600   -0.820910000
  88   13.053900000    0.697664600   -1.084272000
  89   14.572640000    1.094889000   -0.111010800
  90   -0.950000000   -0.356347000    0.239564200
  91   -0.950000000   -0.540337300   -0.388295800
  92   17.869800000    1.433153000   -0.947165900
  93   11.311460000    0.835086400    0.361449500
  94   -0.950000000   -0.469002100    0.318917300
  95   -0.950000000   -1.029100000    1.378365000
  96   -0.950000000   -0.807397300   -1.650130000
  97    8.245645000    0.707228300    0.169594500
  98   -0.950000000   -0.527639000   -0.309518200
  99    7.158330000    0.498381600   -0.090046350
 100    7.995501000    0.715556800    1.716572000
 101   -0.950000000   -0.440486900    1.792571000
 102    1.697253000   -0.126385100   -0.285274900
 103    0.270819400   -0.242371800   -0.051580830
 104    4.801700000    0.220141600   -0.931823800
 105   13.708320000    0.924074400    1.403427000
 106   -0.873002700   -0.141599500    1.127083000
 107    0.129917100   -0.566343500   -1.171874000
 108   19.855010000    1.736070000    0.335171800
 109   -0.950000000   -1.110972000   -0.901571900
 110   12.659160000    0.862473400   -0.471052800
 111   13.241030000    1.060974000   -0.345999600
 112   11.180320000    0.657930200   -0.034353240
 113   17.504170000    1.141915000   -0.463727400
 114   10.603380000    1.536430000    1.871788000
 115   -0.170030700   -0.180343300    0.558965900
 116   19.861040000    1.301186000    0.082939060
 117    0.217624800   -0.276837000    0.472090500
 118   -0.950000000   -0.937120500    0.888367100
 119   -0.950000000   -0.652449500    0.938244000
 120   -0.950000000   -1.154437000    1.014993000
 121    1.579414000    0.406002200   -0.232183700
 122   -0.950000000   -0.752822000   -0.683961000
 123    8.223249000    1.079501000   -0.248852800
 124   -0.950000000   -1.157307000   -1.081999000
 125   -0.950000000   -0.371391300   -0.731923600
 126    3.864772000    0.817343500    0.532213600
 127   -0.950000000   -0.703251800   -0.616357300
 128    7.049658000    0.921127500   -0.941522400
 129   10.983920000    1.023693000   -1.527642000
 130   11.951300000    1.006954000   -0.756692600
 131   -0.950000000   -0.241675300    1.580993000
 132   -0.950000000   -0.189213700    0.414426900
 133   -0.950000000   -0.744702200    0.769195500
 134   -0.950000000   -0.349188400   -1.037987000
 135    6.502333000    0.898551000   -0.282094700
 136   -0.950000000   -0.719083300   -0.297457300
 137   -0.950000000   -0.416637800   -0.274987200
 138    6.084259000    1.071922000   -1.661693000
 139   -0.950000000   -0.648514000    0.639012800
 140   -0.950000000   -0.072237280   -0.018143320
 141   -0.950000000   -0.494814200   -1.162258000
 142   -0.950000000    0.029270750    0.967181800
 143   18.273020000    1.901602000   -0.895641400
 144    1.376522000    0.582427800    0.234335100
 145   -0.950000000   -0.776836700    0.502875800
 146    0.492739900    0.317242800    0.305219800
 147   13.624020000    1.042150000   -0.524906000
 148   -0.950000000   -1.758764000   -0.351404800
 149   -0.950000000   -0.341562700   -0.102682300
 150   -0.950000000   -0.989482800   -0.750979300
 151    6.888686000    0.502316900   -0.261484500
 152   10.402030000    1.089969000    0.326255800
 153   -0.950000000   -0.610936600   -0.253943700
 154   -0.389853100   -0.092945540    0.259082000
 155   -0.950000000   -1.086251000    1.587316000
 156    5.064727000    0.303293100   -0.146592100
 157   -0.183029900   -0.482628900    1.591377000
 158    6.760986000    0.274801400   -1.211758000
 159    4.481191000    0.445043100    0.745615700
 160   13.931040000    0.736804700   -1.871871000
 161    3.912176000    0.534217700    0.020763800
 162    3.397056000    0.316643800    0.245785500
 163   10.107690000    1.361936000    0.144528500
 164   -0.950000000   -1.596234000    0.009249640
 165    1.391107000   -0.036007760   -0.565930800
 166    9.018349000    0.745251400    0.185810000
 167    7.069837000   -0.095790120   -1.792526000
 168    0.274729200   -0.118771900    0.568687100
 169   18.226620000    1.743259000    0.245259300
 170   -0.950000000   -0.773228600    0.866639200
 171   15.274160000    1.489560000    0.662022400
 172   17.816980000    1.554604000    0.557807600
 173   11.260890000    0.659637200   -1.142493000
 174   -0.950000000   -0.820877000    1.508679000
 175   -0.950000000   -0.219060000    1.579079000
 176   -0.950000000   -0.699423900    0.348617600
 177   17.107660000    1.725488000    0.120196600
 178   10.452950000    0.359043700   -1.471870000
 179    2.717268000    0.071328460   -0.634908500
 180   13.805790000    1.015482000   -1.409949000
 181   -0.950000000   -0.970766700   -0.613305800
 182   -0.950000000   -1.248565000   -0.571129200
 183    2.560421000    0.507195300    0.687672300
 184   -0.950000000   -0.349360000    1.228552000
 185   -0.950000000   -1.503156000    1.247622000
 186   14.084630000    1.271487000   -0.829518900
 187    5.441311000    0.605625000   -0.135453900
 188    5.670460000    0.957902200    0.161981200
 189   -0.950000000   -0.273059600    0.349760200
 190   -0.950000000   -0.658204100    0.983255400
 191   11.345160000    0.846788600   -1.708805000
 192   -0.950000000   -0.246980100    0.173689600
 193   -0.950000000   -0.223719400    0.124809200
 194   -0.950000000   -0.522790100   -0.798520400
 195    9.649843000    1.293491000   -0.665075100
 196    5.946092000    0.335654000   -1.151818000
 197   16.475830000    1.005142000   -1.643228000
 198   -0.950000000   -1.332161000    0.772288800
 199    8.911773000    0.597968300    1.533694000
 200    7.754245000    0.662862500   -0.728985700
 201    4.449875000    0.323961200   -0.235307600
 202   14.484010000    1.805163000   -0.060936050
 203   -0.950000000   -1.488785000   -1.302088000
 204   10.920080000    0.904280300   -0.116310800
 205    6.483094000    0.603712700   -0.475248300
 206   -0.851530900   -0.171511500   -0.427135500
 207   -0.950000000   -0.056369950    0.534123900
 208    7.584517000    0.307201500   -1.149774000
 209   18.132170000    0.973273000   -1.651107000
 210    0.543818500   -0.011332480   -0.002689968
 211   -0.950000000   -0.793874000    0.853080000
 212   15.801250000    1.821804000    0.439481100
 213   -0.757985000   -0.052853920    1.646725000
 214    6.399584000   -0.063874940   -1.632275000
 215    5.803127000    0.418697000    0.620177400
 216   11.627400000    1.134518000    1.671007000
 217    7.425849000    0.221734100   -0.974794000
 218   -0.950000000   -0.241342000    1.483254000
 219   14.890900000    1.036228000   -0.043265000
 220    8.407277000    0.360414200   -0.553397900
 221   25.361940000    1.441594000   -1.385153000
 222   -0.950000000   -1.465387000    1.017701000
 223   -0.950000000   -0.447613800    1.157409000
 224    0.079329640   -0.402092300   -0.412466200
 225    9.390472000    0.401377200   -0.521513200
 226    7.011295000    0.639516100    0.640018300
 227    3.218991000   -0.010382680    0.829551200
 228    8.904680000    0.714471900    0.503751200
 229    6.513252000    0.697043900    1.376241000
 230   -0.950000000   -0.913426400    0.303889300
 231    7.704686000    0.476849000   -0.049799540
 232   -0.950000000   -1.344101000   -0.551593200
 233   -0.950000000   -0.691578000    0.624993400
 234    0.789744200    0.075921030    0.487924600
 235   -0.950000000   -1.965135000    0.040914110
 236    3.244781000    0.175517400   -0.158231500
 237   10.479550000    0.527037000   -1.126695000
 238   -0.950000000   -0.451069400   -0.153059600
 239   17.996600000    1.164535000    1.261997000
 240   18.696590000    1.456440000    0.344987600
 241    3.345834000    0.471132400    0.357638400
 242   -0.950000000   -0.268638500    1.552416000
 243   -0.950000000   -1.268094000    1.724269000
 244    3.031383000   -0.077801350   -1.516556000
 245   -0.950000000   -0.170478900   -0.375492600
 246    3.468918000    0.058945040   -0.560465100
 247   -0.950000000   -1.293361000   -0.613909000
 248   -0.950000000   -0.127020500    1.005920000
 249    0.833281900   -0.087198170   -0.836322500
 250   11.848150000    1.240995000    0.271288400
 251    5.808978000    0.276884600    0.988145800
 252    1.901997000    0.512699600    1.102039000
 253   13.874770000    1.547564000    1.058508000
 254    3.863988000    0.246772900   -1.961457000
 255    4.746939000    0.124185300   -0.478451100
 256    1.503827000   -0.059951100   -1.264661000
 257   -0.075403480    0.070144160    0.193370700
 258   -0.950000000   -1.104857000   -0.062041590
 259    4.843423000    0.390189700    0.047861040
 260   -0.950000000   -0.138532000    1.071675000
 261    6.345625000    0.291611900   -1.027913000
 262   -0.950000000   -1.064829000   -1.999302000
 263   -0.416992000   -0.102533400   -0.236261300
 264    3.389844000   -0.060208960   -1.253164000
 265   -0.950000000   -0.334967600    0.492077900
 266   14.426410000    1.219819000   -0.408951800
 267   10.554180000    1.139181000    0.340814700
 268   10.959480000    0.862671600    0.833495200
 269    2.622610000    0.414734800    0.724123800
 270   -0.950000000   -0.768524200   -0.314165500
 271   -0.950000000   -1.591571000   -1.101600000
 272   -0.950000000   -0.648814300   -0.939196000
 273   -0.950000000    0.117958200    0.883588200
 274   -0.950000000   -0.782018400    0.426522100
 275    6.117517000    0.864974900    0.367635800
 276   -0.950000000   -0.093131390    0.490906100
 277   -0.950000000   -0.922424600   -0.366835000
 278    6.250061000    0.806016500    0.220078900
 279    6.963163000    0.562536000   -1.314806000
 280   -0.950000000   -0.955437800   -1.154436000
 281   -0.950000000   -0.507005000    1.250642000
 282    4.787654000    0.530810900    0.349464600
 283    8.294976000    0.985242000    1.053942000
 284   -0.950000000   -1.896402000    0.078044360
 285    3.857845000    0.593546500    0.638116100
 286   -0.950000000    0.143335900    0.494547500
 287   -0.950000000   -0.559262600   -0.602398400
 288   -0.950000000   -0.846885500   -0.547681300
 289   14.938860000    1.706838000    0.872854200
 290   -0.950000000   -1.677963000    0.383968700
 291   -0.950000000   -0.536504900   -0.552525600
 292   -0.950000000   -0.900166800   -1.628782000
 293   -0.950000000    0.252788000    1.802412000
 294   -0.950000000   -0.103496700    0.515104500
 295   -0.950000000   -1.282909000   -0.680475000
 296   15.829790000    1.435378000   -1.342714000
 297    3.266114000   -0.123461300   -1.918637000
 298   20.518210000    1.762007000   -1.411491000
 299   13.774850000    1.000327000   -1.230372000
 300    4.872072000    0.599408800   -0.081815650
 301   10.286240000    0.420186900    0.218762400
 302    5.317087000    0.501172300    1.021776000
 303    4.773791000    0.082788270    0.630940600
 304   -0.950000000   -1.098365000    0.701105000
 305    2.214046000   -0.293227000    0.170114500
 306    9.849888000    0.376836200    0.506413200
 307   22.174650000    1.208877000   -0.651736100
 308   24.598870000    1.675178000    0.530279800
 309   10.837600000    0.397812700   -0.285149100
 310   10.124120000    0.602529900   -0.003690537
 311    8.262930000    0.560722000    0.003458094
 312   14.196190000    1.106989000    0.531503300
 313   -0.950000000   -1.097964000    0.224201900
 314   -0.950000000   -0.515902500    0.926856200
 315   20.079590000    1.461728000    1.257866000
 316   -0.848977100   -0.372120500    1.207037000
 317   12.285590000    1.046306000    0.333362100
 318   -0.950000000   -1.363723000   -1.783656000
 319   14.514250000    1.239288000   -0.008077229
 320    7.322545000    0.690184400    0.251165900
 321   -0.950000000   -1.394965000   -0.276058000
 322    8.811776000    1.034381000    1.105682000
 323    5.647508000    0.582822300    0.070434090
 324   -0.950000000   -0.534633400   -1.111303000
 325    8.136330000    0.314622900   -0.442735700
 326    2.113349000   -0.056797070   -0.583739700
 327    2.626942000    0.279541600   -0.062014740
 328   22.209220000    1.652471000   -1.903701000
 329    2.866753000    0.647270200    1.177041000
 330   -0.950000000   -0.677998400   -0.522067800
 331    1.423697000   -0.030603180    1.494515000
 332    2.478615000    0.349742100    0.412577500
 333    4.694001000    0.136823400   -1.253527000
 334    3.464515000    0.417985500   -0.009150414
 335   15.804990000    1.299875000   -0.727054900
 336   13.995480000    1.662160000   -0.171157200
 337   -0.950000000   -1.155415000    1.202103000
 338   -0.950000000   -0.599803000   -0.520346200
 339   10.411210000    0.724053100   -1.374259000
 340    4.661675000    0.271287600   -0.130348400
 341   -0.950000000   -0.447490900    0.100734400
 342    3.447942000    0.036259330   -0.320661300
 343   -0.950000000    0.130599800    1.444931000
 344   -0.850265500   -0.312441600   -0.497887900
 345   13.238080000    1.671945000    0.782890000
 346   -0.950000000   -0.906929300    0.264623000
 347   -0.950000000   -0.380493700   -1.185254000
 348    4.475393000    0.665354300   -1.010298000
 349   -0.950000000    0.189650400    1.828645000
 350   -0.950000000   -0.610760200    0.905576900
 351   -0.950000000    0.274448400    1.155955000
 352    3.986178000    0.662226600    0.316637300
 353   -0.950000000   -0.097459600   -0.510209100
 354    1.541525000    0.260935100   -0.752560300
 355    6.466032000    0.975754600   -0.299728500
 356   -0.950000000    0.063001360   -0.689632600
 357   -0.950000000   -1.009488000   -0.456170000
 358    0.507271400    0.096499980   -0.646033200
 359   -0.950000000   -1.204377000   -0.327483600
 360   -0.950000000   -0.359668400   -1.406917000
 361   12.859730000    1.027935000   -1.842358000
 362   13.698210000    0.848544300   -0.947748700
 363   -0.950000000   -0.708996700    1.002767000
 364   -0.950000000   -1.236568000   -0.476135900
 365    3.313740000    0.521944500   -1.821058000
 366   -0.950000000   -1.720184000   -1.146461000
 367    3.528855000    0.925200600    0.968710900
 368   12.171510000    1.360207000   -0.756815600
 369    7.629052000    0.744884900   -0.830027400
 370   -0.950000000   -1.209051000    0.866538100
 371   -0.950000000    0.024925780    0.148774600
 372   -0.950000000   -0.635526400    1.010789000
 373    8.460774000    0.718898800   -0.060084900
 374    4.174614000    0.368569500   -1.211890000
 375   -0.950000000    0.088811420    1.033086000
 376    0.190319600    0.519113700    0.769237700
 377   12.110780000    1.427543000   -0.589086000
 378   -0.950000000   -0.148590400   -0.904356100
 379   -0.950000000   -0.230098500   -0.347254500
 380    2.030274000    0.126322500   -1.688307000
 381   -0.232986200    0.274479000   -0.298512600
 382   -0.038183300    0.054140380   -1.349077000
 383   -0.950000000   -1.582123000   -0.042474220
 384   -0.950000000    0.429334600    1.766515000
 385   -0.950000000   -0.890200600   -0.936172000
 386   -0.950000000   -0.835119500    1.046829000
 387    4.532328000    0.764968700   -1.469308000
 388   17.235820000    1.664243000   -1.548872000
 389   -0.950000000   -0.567316100   -1.370131000
 390   -0.950000000   -0.131379400    0.575347200
 391    3.623613000    0.046396750    0.125941100
 392    3.170464000    0.254340900   -0.008581549
 393   -0.950000000   -0.963871400    0.347079800
 394    0.598421900    0.118210800    0.792869500
 395   -0.950000000   -0.709075300   -0.568729400
 396    1.500597000    0.067582410    0.128123100
 397    5.138456000    0.635329600    0.016484950
 398    7.221596000    0.866230900    1.231699000
 399    2.161746000    0.121747000   -0.164657400
 400   -0.950000000   -0.445530500    0.140432300
 401    0.863349600    0.089851690    1.640766000
 402   16.742210000    1.389197000   -0.188297000
 403   -0.147782400   -0.486107500   -1.131803000
 404   -0.950000000   -1.835934000    0.615749900
 405   -0.950000000   -0.729461000   -0.130832300
 406    1.242188000    0.962361900    1.769005000
 407    6.638080000    0.352766800   -0.755112100
 408   -0.950000000   -0.563665200   -0.302005900
 409    7.964625000    0.650317100   -0.018094990
 410    9.201053000    0.402749900   -0.993740200
 411   10.311610000    1.048458000   -0.306227000
 412   13.556930000    0.491595400   -1.691931000
 413   10.264880000    0.842062800   -1.090068000
 414   17.723040000    1.434836000    0.383744500
 415    8.317550000    0.466334200    0.098962690
 416    0.846126400   -0.031992910    1.496207000
 417   -0.950000000   -0.707845000   -0.694151700
 418    7.919198000    0.311227300   -0.353054400
 419    2.300930000   -0.139245700   -0.365217400
 420    3.289717000    1.208799000    1.786323000
 421   11.326960000    0.924771500    0.182935900
 422   12.860290000    1.504649000    1.652840000
 423   -0.950000000   -0.366464600   -0.527393700
 424   -0.950000000   -1.370791000   -1.654998000
 425    8.331748000    0.466438500   -0.851773100
 426    9.904121000    0.637037700   -0.513365200
 427   14.286830000    1.111847000   -0.648908400
 428   -0.604968600    0.106871900    1.222313000
 429    3.422176000   -0.014037910    1.151367000
 430    7.407689000    0.699288200   -0.744958000
 431   10.707700000    0.733851300   -0.402782600
 432   -0.950000000    0.498847800    1.189640000
 433   -0.950000000   -0.556042400   -0.559724100
 434    6.431541000    0.122525100   -1.150146000
 435   -0.950000000   -0.978815100   -0.462780800
 436   -0.950000000   -0.307874000    0.111981600
 437   -0.950000000   -0.328895300   -1.245924000
 438   -0.950000000   -0.676744100   -0.964176800
 439   -0.950000000    0.414566300    0.836035800
 440    2.461864000    0.620245600   -0.367696400
 441   -0.950000000    0.108477300   -0.780834900
 442   -0.950000000    0.342200200    1.306358000
 443   -0.950000000   -1.744418000    0.947832700
 444   -0.950000000   -1.246071000    0.404250300
 445    5.115927000    0.301979700   -1.202483000
 446   -0.950000000   -1.121382000    0.787443000
 447   -0.950000000   -1.878165000    0.282328500
 448   -0.378551700   -0.058206930   -1.466374000
 449   -0.950000000   -1.137476000    1.318333000
 450   -0.950000000    0.018251230   -0.067496450
 451   -0.950000000   -0.078283350    1.364317000
 452    8.880652000    1.019938000   -0.058745980
 453   -0.950000000   -0.556464700   -1.004893000
 454    7.800758000    0.823154900    0.252202600
 455   -0.950000000   -1.215273000   -0.110854000
 456    6.048167000    0.650592300   -0.114627600
 457    3.281490000    0.208009500   -1.710765000
 458   -0.950000000   -0.483451800   -0.374976000
 459    5.819898000    0.416367300   -0.602466000
 460    0.508285300   -0.092241110   -0.622167500
 461   -0.950000000   -0.424064400    0.905963200
 462    2.380796000    0.049932610   -1.981131000
 463   10.388160000    1.333036000    1.800201000
 464    5.119158000    0.482272300   -1.211770000
 465   -0.950000000   -0.088555580    0.396665700
 466   -0.950000000   -1.509931000   -1.033138000
 467    2.030245000   -0.332983900   -1.190653000
 468    8.709085000    1.424709000    0.960842500
 469    4.372607000    0.266199600    1.092595000
 470    8.558529000    0.889278300    0.042830540
 471   -0.950000000   -1.998084000    0.294261100
 472   20.769210000    1.468759000   -0.991685600
 473    1.059022000    0.041806770   -0.115968600
 474    1.226032000   -0.198038900   -0.619764800
 475   13.705190000    0.638430600    0.964569700
 476    0.976596500   -0.006640069    1.578505000
 477   -0.950000000   -0.527307700    1.521965000
 478   10.506890000    0.768512800    1.420864000
 479   -0.950000000   -1.383897000   -0.902391000
 480   -0.950000000   -0.810090400    0.108080100
 481    6.961306000    0.168118200    0.031972740
 482    2.857453000   -0.185043700   -0.322897800
 483    5.346056000    0.063109900    0.490234300
 484    8.820425000    0.845243200    1.184376000
 485   15.991580000    1.716509000    0.608719700
 486   -0.950000000   -0.700659300    0.446320700
 487    2.943176000   -0.392064900   -1.065471000
 488    5.509400000   -0.106444800   -1.017161000
 489    8.216396000    0.252132500   -1.160466000
 490   14.706760000    1.544637000    0.352231000
 491    9.697366000    1.096770000    0.762243300
 492   17.956400000    1.032247000   -1.123868000
 493    1.205309000   -0.059075490    0.546658200
 494   12.320920000    0.682452400    0.572346800
 495   18.823890000    1.570700000    0.363879100
 496   19.248870000    1.404494000    0.038095330
 497   -0.950000000   -0.124634900    1.118699000
 498   15.434710000    1.161981000    0.227262600
 499    9.375383000    1.140127000   -0.475050600
 500   -0.950000000   -0.797554300    0.380786800
 501    6.414420000    1.294503000    1.251518000
 502   12.538640000    0.959618900   -0.446365900
 503   -0.950000000   -0.288066900    0.593948400
 504   -0.950000000   -0.747638300    0.791403500
 505   10.690500000    0.837755300   -0.747086900
 506   -0.950000000   -1.363800000   -0.560115200
 507   -0.950000000   -0.733338000   -1.357321000
 508   -0.016131030   -0.442409900   -1.377167000
 509   -0.950000000   -0.488906100   -0.476006500
 510   20.941510000    1.600790000   -1.472545000
 511   -0.950000000   -1.910526000    1.049504000
 512   -0.950000000   -1.435336000    0.997993300
 513    4.071467000    0.004214344    1.178581000
 514    0.298889600   -0.507488600   -1.711814000
 515   -0.950000000   -0.828674500    0.464084600
 516   -0.950000000   -0.924817700    0.989226300
 517    0.117083000   -0.417669700   -1.952451000
 518   17.633350000    1.392206000    1.140959000
 519   16.222330000    1.540143000    1.467250000
 520   -0.466685100   -0.026866660    1.390878000
 521   14.678270000    1.067365000    0.269351700
 522   -0.950000000   -0.719877500    0.558769500
 523   10.467030000    1.483616000    0.481158500
 524   -0.950000000   -1.775844000    0.489357100
 525    3.230765000    0.037476980   -1.356779000
 526   -0.744320400   -0.019757290    0.309187200
 527    0.339784300   -0.285329600   -0.570738700
 528    3.535756000   -0.070469670   -1.199786000
 529    2.005155000    0.066595690    0.722296300
 530   -0.873702600   -0.066117830    1.288712000
 531    8.374309000    0.803253900    0.463616900
 532   -0.950000000   -0.245348700   -0.078431320
 533    6.335268000    0.552685300    0.789911500
 534    3.171608000    0.113678700    1.006789000
 535   -0.950000000   -0.846104200   -1.433596000
 536   17.993780000    1.395929000    0.025813040
 537    4.704858000    0.178914100    1.858528000
 538    3.776805000   -0.037133930   -0.284410900
 539   -0.950000000   -1.307591000    0.209562000
 540   -0.950000000   -0.621942600    1.450545000
 541   -0.950000000    0.177490200   -1.079312000
 542   -0.950000000   -0.633186500    0.912176000
 543    2.171228000    0.482407300   -0.775546700
 544   -0.950000000   -1.497423000    1.511043000
 545    0.128111400    0.379876200   -0.601922400
 546   -0.950000000    0.271982600    1.087826000
 547   -0.950000000   -0.133572300   -1.052400000
 548   -0.950000000   -0.600152300   -0.889992800
 549   16.254140000    1.896331000   -1.776150000
 550   -0.950000000   -1.354707000   -0.952949900
 551   -0.950000000   -1.325043000   -0.551947700
 552   -0.950000000   -1.084705000    1.294031000
 553   -0.950000000   -0.809199800   -1.249825000
 554   -0.950000000   -0.187672000   -0.070778540
 555   -0.950000000    0.150808200   -0.739772200
 556   -0.950000000    0.113605600    1.259961000
 557    7.755489000    0.881548000   -1.164234000
 558   21.255860000    1.816153000   -0.491015200
 559    5.773858000    0.024082210   -1.742984000
 560   -0.884775900    0.103894200    0.478539400
 561   10.719490000    0.913778800    1.095331000
 562    1.344193000    0.109908000   -0.259111200
 563   -0.950000000   -1.171511000   -1.141124000
 564   10.069030000    1.007449000   -0.408645600
 565   -0.950000000   -0.856915000   -0.631627300
 566   -0.950000000   -0.590167100    0.421236500
 567   -0.950000000   -0.306097400   -0.714063000
 568   -0.950000000   -0.784620000   -0.298970500
 569   -0.950000000   -0.315232200    0.565638900
 570   -0.950000000    0.103812400    0.173437700
 571   14.764300000    1.032980000   -1.146040000
 572   -0.950000000    0.008011794    0.894964900
 573   13.107170000    1.536175000    0.531051600
 574   -0.950000000   -0.473257800   -1.193089000
 575    5.735683000    1.405409000    0.918259100
 576   -0.950000000   -1.171203000    0.988122600
 577    5.572987000    0.243228200   -0.444757400
 578   -0.950000000   -0.950335600    0.946153500
 579   -0.950000000   -1.331066000   -0.551601300
 580   -0.950000000   -0.363245700    1.115333000
 581   -0.950000000   -0.984771100    1.103011000
 582   -0.950000000   -0.598183900   -0.868140600
 583   -0.950000000   -0.063646920    0.572726200
 584    3.803270000    0.118888700   -0.412106900
 585   14.091810000    1.278229000    0.430047500
 586   -0.950000000   -1.002036000   -1.473922000
 587    7.564615000    0.324961800    0.533610400
 588    2.528725000    0.288295600    0.825468400
 589    1.193930000   -0.205398700    1.347252000
 590   -0.950000000   -0.844257100    1.889488000
 591    8.635326000    0.632184500    1.134634000
 592    1.638991000    0.298307900    1.476031000
 593   -0.950000000   -0.732374600   -0.529911300
 594    7.705006000    0.313410400    0.064622910
 595    0.304624700   -0.384319500    0.417816000
 596    8.349602000    1.182489000    1.370073000
 597    5.994622000    0.100816700   -0.190781300
 598    5.192715000    0.040299390   -0.355129300
 599   -0.950000000   -0.448498900    0.733152100
 600   11.975180000    0.603487300    1.597730000
 601   -0.950000000   -1.567611000   -1.067836000
 602    0.967671000   -0.055370600    0.125430600
 603   -0.950000000   -0.605689200   -0.802724900
 604    8.649348000    0.742919800    1.327772000
 605   -0.943791600   -0.360721700   -1.246812000
 606    6.670342000    0.240560300   -1.012438000
 607   -0.950000000   -1.758065000    0.659218300
 608    0.706727800   -0.133660200   -0.085140460
 609   19.952640000    1.217509000    1.487807000
 610   16.828280000    1.445823000    1.728795000
 611    7.043650000    0.491861700   -0.239893700
 612   -0.950000000   -0.462040400    0.410774500
 613   -0.950000000   -0.926330300    0.316277300
 614   13.542450000    0.930992600   -1.128818000
 615    9.305132000    1.003778000   -0.358286600
 616    8.756018000    1.225741000    0.535576800
 617   -0.950000000   -0.998744500   -0.977986400
 618   -0.950000000   -1.544455000   -0.455850300
 619   -0.950000000   -1.720201000   -0.940325500
 620   -0.950000000   -0.798265300    0.283314600
 621    6.501542000    1.000239000    1.052893000
 622   -0.950000000   -0.561648500   -0.295168200
 623   -0.950000000   -1.894670000    0.602360200
 624    6.516982000    0.678826400    0.006755595
 625    1.654050000    0.218933000    0.445537300
 626   -0.950000000   -0.794819200    1.319529000
 627   -0.950000000   -0.418404900    0.045435270
 628   -0.950000000   -0.409134700    1.166275000
 629   -0.950000000   -0.510116400    0.715669500
 630   14.256460000    1.326241000   -0.515715700
 631    4.700575000    0.206677600    0.740553200
 632   11.091540000    1.036768000   -0.535115200
 633    7.236448000    0.366443500   -1.196107000
 634   -0.950000000   -1.225445000   -1.903157000
 635   10.983630000    0.929658600   -1.866373000
 636   11.084660000    0.781758800   -0.748811200
 637   -0.950000000   -0.768450300    1.481979000
 638   -0.950000000   -1.101510000   -0.745865100
 639   -0.950000000   -0.334543100    1.517575000
 640   -0.950000000   -1.988611000    0.826346300
 641    3.230668000    0.004575033   -0.913898300
 642    8.490861000    1.081303000   -0.311813400
 643   18.020930000    1.720706000    0.524713200
 644   12.636250000    1.302938000    1.474286000
 645   -0.950000000   -0.253110600   -0.363182600
 646   11.781690000    1.213708000   -0.238926100
 647   -0.950000000   -0.045145310    0.561751300
 648    5.030908000    0.979420000    0.674247400
 649   -0.950000000   -0.305446500    0.187063800
 650   14.388220000    1.401808000   -0.766347500
 651   -0.950000000    0.183268600    1.670378000
 652    9.360160000    0.860660000    0.475443100
 653    2.327604000   -0.118589500   -1.388672000
 654    3.537370000    0.396517900   -0.173507200
 655   -0.950000000   -0.798186100   -1.938199000
 656   -0.950000000   -1.233454000   -0.811456900
 657   -0.950000000   -1.596638000   -0.850509600
 658    5.182369000    0.552347500   -0.162689600
 659   -0.950000000   -0.163267500    1.050937000
 660    2.349302000    0.306392700    0.739660300
 661   18.128300000    0.989327100   -0.324536600
 662   -0.950000000   -0.408168800    0.065184160
 663   10.900140000    0.836327200   -0.013480620
 664    7.018229000    0.462775700   -0.340960900
 665   -0.034921920   -0.289675500    0.023183950
 666    3.832195000   -0.048964540   -0.640306700
 667   -0.950000000   -1.050870000    0.747096500
 668    5.165093000   -0.591911000   -1.812985000
 669   -0.950000000   -0.346140100   -0.007917523
 670   -0.317647900   -0.174821400   -0.008089446
 671    8.741451000    0.554488600    0.224365300
 672   -0.950000000   -0.363818600    0.082441640
 673   -0.950000000   -1.789841000   -0.126661200
 674   11.454360000    0.702822400    0.713553300
 675    8.734137000    0.625290800   -0.051676940
 676   -0.950000000   -0.219399200   -1.696337000
 677   -0.950000000   -1.017781000    0.248470900
 678    1.818465000    0.336758300    0.664945100
 679   -0.950000000   -1.613129000    0.968698300
 680   -0.950000000   -0.466590900    0.990461100
 681    8.082903000    1.094400000   -0.307068900
 682   -0.920451400    0.701151100    0.933808300
 683   -0.950000000   -0.644779800    0.434048400
 684   -0.950000000   -1.319315000   -1.300113000
 685    2.723274000    0.427553000   -1.117383000
 686   -0.950000000   -0.409577300   -1.079030000
 687   -0.950000000    0.283572500    0.661734700
 688   -0.950000000   -0.901510700   -0.718099500
 689   -0.950000000    0.032794280   -0.447495900
 690   10.154840000    1.019227000   -1.110230000
 691   -0.950000000   -0.686567300   -0.592306700
 692    3.129461000    0.027156600   -0.771361700
 693    6.111527000    0.462664500   -0.545585900
 694    3.203226000    0.151672900   -1.192611000
 695   -0.950000000   -0.298974200    0.215441500
 696    4.828768000    0.776491900    1.230548000
 697   19.736320000    1.967549000   -0.237880300
 698   12.293960000    1.559424000   -0.279644800
 699    5.665950000    0.481783800    0.821396600
 700    2.121807000    0.463771100    0.191239100
 701    0.162987100    0.148977000   -0.146212800
 702   -0.950000000   -1.392609000   -0.692493800
 703    3.607190000    0.589610000   -0.516681200
 704   -0.950000000   -1.249638000   -1.191430000
 705   -0.950000000   -0.558673000   -0.032522900
 706   -0.950000000   -1.057209000    1.577302000
 707   -0.950000000   -1.065605000   -0.909099500
 708   -0.950000000    0.218461100   -0.809645900
 709   -0.631486500    0.357736800    0.571132200
 710   -0.950000000   -1.283420000   -0.094867660
 711    4.711488000    0.667635700    0.108135900
 712   -0.950000000   -0.422819000   -0.031894860
 713   -0.950000000   -0.350578100    0.254817100
 714    6.951628000    0.679041100   -1.902810000
 715   -0.950000000   -1.058765000   -0.879451400
 716   -0.921565200    1.059434000    1.134931000
 717    4.451246000    0.802285100   -0.933168400
 718   -0.950000000    0.168679300   -0.209257200
 719   -0.950000000   -0.430118100    0.453562800
 720    5.408049000    0.638651900   -0.272871400
 721   -0.056751850   -0.347674900   -1.153469000
 722   13.382710000    0.634618100   -1.976925000
 723   11.755240000    1.972197000    1.215255000
 724   -0.950000000    0.251450100    1.745521000
 725   10.670070000    1.370857000    0.944477500
 726    8.343946000    0.444952000   -1.223943000
 727   12.574570000    1.001668000   -0.308249500
 728    2.860316000    0.158405700   -0.578515700
 729   -0.950000000   -1.289705000    0.328135700
 730   -0.950000000    0.054712550    1.289855000
 731    0.385316100   -0.630015700   -1.444169000
 732   -0.950000000   -0.280780700   -0.703104600
 733    8.621635000    1.315962000    1.287622000
 734   -0.950000000   -0.956412200    0.315958900
 735   -0.950000000   -1.674537000   -0.772628600
 736   -0.412381300    0.414311800    0.638472700
 737    3.580581000    0.534759100   -0.936173300
 738   -0.950000000   -0.210707300   -0.859149300
 739   -0.950000000   -0.361019400   -0.271039900
 740   -0.950000000   -0.198324600    0.431285600
 741    3.640699000    0.483912900   -1.029161000
 742   -0.950000000   -0.804731200   -0.749121800
 743    6.229464000    0.728716700    0.305128900
 744   -0.950000000   -1.251007000    0.380920700
 745   -0.950000000   -0.324190800    0.839522700
 746   -0.950000000   -1.265016000    0.248275100
 747   -0.950000000   -0.422530300   -0.549062200
 748   -0.950000000   -0.651205500   -1.532875000
 749    8.693553000    1.126011000   -0.052057660
 750    1.290046000    0.761171900    1.201112000
 751    8.429076000    0.510033500    0.740692600
 752   13.008570000    1.135472000    0.152648600
 753    5.577074000    0.518649200    1.782482000
 754   23.514850000    1.521223000    0.250323200
 755   -0.950000000   -0.725989200    0.531976900
 756   -0.950000000   -0.723910400    1.031404000
 757    8.531474000    0.062189410   -0.688309200
 758   11.081810000    0.507759400   -0.568461400
 759   17.900810000    1.424486000    1.188118000
 760    7.750519000    0.402748600    1.950067000
 761   -0.950000000   -0.650678500    0.228218200
 762   -0.950000000   -1.074594000    1.003529000
 763   23.570800000    1.745549000   -0.242889700
 764   11.976090000    0.871539200    0.954303300
 765   -0.950000000   -1.940287000    0.923020800
 766   -0.950000000   -1.613464000   -1.442733000
 767   -0.950000000   -0.142022200    1.602515000
 768    6.335109000    0.916991000   -0.740207500
 769    1.155351000    0.367764200   -0.435969100
 770   -0.950000000   -0.200214200   -0.689041000
 771   -0.950000000   -0.291499300   -0.205616100
 772   -0.950000000   -0.259167300   -0.551865900
 773   -0.950000000   -0.548427300   -1.302101000
 774    1.550674000    0.564002200   -1.875344000
 775    5.754045000    1.099549000    0.500623800
 776   10.735270000    0.998602000   -0.880316200
 777    6.609212000    0.815457100   -0.218304800
 778   -0.950000000   -1.233972000    0.162345100
 779    0.878690400    0.230425600    0.629244800
 780   -0.950000000   -0.467798300   -0.812634500
 781   10.003530000    0.970976300   -1.028103000
 782   24.808060000    1.758710000   -1.508234000
 783   17.103220000    1.482295000   -0.238390500
 784   -0.950000000   -0.213566800    0.101579000
 785    2.895463000    0.418903300   -0.039782220
 786   25.853260000    1.930811000   -1.082600000
 787   -0.950000000   -1.686694000   -0.566932100
 788   -0.950000000   -0.814796200   -1.257040000
 789   -0.950000000    0.544693500    0.809493800
 790   -0.950000000    0.094118930    0.152271800
 791    8.277409000    1.367309000    0.954301100
 792   -0.950000000   -0.323974100    1.661421000
 793   -0.950000000   -0.827719400    0.485844800
 794   -0.950000000   -1.495813000   -1.757400000
 795   -0.950000000   -1.311593000    0.121962700
 796   -0.468878500   -0.047492620   -0.700956900
 797   -0.950000000   -0.267954600    1.888908000
 798   -0.950000000   -0.243630300   -0.257497300
 799   -0.950000000   -1.451242000    0.463964900
 800   -0.950000000   -0.545855200   -0.555691300
 801   -0.950000000   -0.226225500   -0.806582700
 802   -0.950000000   -0.222498800   -0.392357900
 803   17.795450000    1.421672000   -0.960247000
 804   -0.950000000   -1.196597000   -0.704806300
 805    2.890961000    0.151947000    0.063822920
 806    1.065566000    0.182857900    0.744099800
 807   -0.950000000   -0.157296400    1.324415000
 808   11.280750000    0.848374300   -0.864053800
 809   -0.950000000   -0.125457200   -0.251932800
 810   -0.950000000   -0.263753900    0.496572900
 811   -0.950000000   -0.206149200    1.005733000
 812    2.259460000    0.540969100   -0.287091000
 813   -0.950000000    0.227909800    0.579429900
 814   -0.950000000   -1.249402000    0.006964124
 815    0.130956800    0.132137900   -0.125890000
 816   -0.950000000   -0.534773600   -0.583285500
 817    6.457004000    1.262276000   -0.233263600
 818   -0.950000000   -0.423457100   -1.571269000
 819    7.720652000    0.753755600   -1.376400000
 820   -0.950000000   -0.357419600   -0.915583000
 821   -0.950000000   -0.449505000   -1.032631000
 822   -0.950000000   -0.905841300    0.060006500
 823    0.389797800    0.468037300   -0.063858430
 824   -0.950000000   -0.533323300   -0.427790600
 825   11.081490000    1.296408000   -0.696597000
 826   -0.950000000   -1.658954000   -0.091858220
 827   -0.950000000   -0.326993700    0.207454800
 828    6.423179000    0.746689300    0.400687200
 829    4.637122000    0.446845400    0.279985300
 830   -0.950000000   -0.671501400   -0.153133200
 831    9.444049000    0.781485000   -0.304178700
 832   13.708540000    1.291834000   -0.777445400
 833   -0.950000000   -1.713851000    0.777563600
 834   -0.950000000   -0.437200300   -0.628902800
 835    8.193662000    0.923206100    0.409509600
 836    2.978217000    0.140991700   -0.665861100
 837   24.745270000    1.689265000    0.226206700
 838   -0.950000000   -1.472512000   -0.910646700
 839   16.098760000    1.450001000   -1.280825000
 840   -0.950000000   -0.558829400    1.184415000
 841    3.738166000    0.447977400   -0.632520600
 842    3.751293000    0.560490700   -0.282071300
 843   -0.950000000   -1.150290000   -0.075689060
 844   -0.950000000   -1.397405000   -0.774126400
 845   13.216200000    1.333208000   -0.660771800
 846    5.423287000    0.715543700    0.365941200
 847   -0.950000000   -0.672635500   -1.143127000
 848    0.780990100    0.270603900   -0.535121000
 849   -0.950000000   -0.911883200    0.391121300
 850   -0.950000000   -1.140252000   -0.730558200
 851   -0.950000000   -0.448035800    1.006812000
 852   -0.950000000   -0.174103100    0.527032100
 853   -0.950000000   -1.094717000    0.893182100
 854   10.225180000    0.958003600   -1.133891000
 855   20.097870000    1.682316000   -0.040262990
 856   -0.950000000   -1.295515000   -1.587016000
 857   13.607060000    1.395327000    0.445815500
 858   18.977630000    1.872122000   -0.509973800
 859    0.348737000    0.312363600    1.993449000
 860   -0.950000000   -0.970007000    0.499230100
 861   14.062780000    1.690700000    0.084651390
 862    2.972751000    0.075432780   -0.132681100
 863   11.139140000    0.998549100    0.601624600
 864   -0.950000000   -0.717986800   -0.352278300
 865   12.959370000    1.131676000    0.194833400
 866   13.279670000    1.152333000   -0.243080300
 867   -0.709683200   -0.483637800   -1.112948000
 868   -0.327518000   -0.514550500   -1.273093000
 869    3.141297000   -0.072593150   -1.573341000
 870    8.789010000    1.205319000   -0.048527400
 871    7.089597000    0.762407900   -0.155229900
 872   12.649840000    1.436272000   -0.556874100
 873   12.427610000    1.206462000   -0.411614300
 874    4.357901000    0.319046900    1.516757000
 875    7.206315000    0.706409200   -0.257347700
 876   11.618390000    1.084079000   -0.208524300
 877   -0.950000000   -1.526228000    0.440850500
 878   -0.950000000   -0.755468000   -1.958381000
 879   -0.950000000   -0.344511700    0.607992600
 880    9.115420000    0.911776500   -0.104595400
 881   -0.950000000   -0.975549300   -0.312096600
 882   17.285300000    1.130452000   -1.170872000
 883   -0.950000000   -0.360718500   -0.703104300
 884   13.862490000    1.465335000   -0.488146100
 885   -0.950000000   -0.923042200   -0.350282300
 886    1.522043000    0.259006000    0.940319500
 887   17.237620000    1.550666000   -0.581474700
 888    1.839798000   -0.056541630    0.561246100
 889   11.720490000    0.864103200    1.126097000
 890   10.002660000    0.245399600   -1.657415000
 891   -0.950000000   -0.786034500   -0.244043300
 892   -0.950000000   -0.366764700    0.935842500
 893    1.800755000    0.026517660    1.116886000
 894    4.695577000    0.027597240   -0.369139500
 895    5.330331000    0.066156510    0.173788600
 896    0.437331100   -0.338552800   -0.498039400
 897   23.791420000    1.938420000   -1.170590000
 898    7.975802000    0.323400700   -0.894469300
 899    2.762380000   -0.059184950    0.409241000
 900    0.683095200   -0.290494300   -0.179321100
 901   -0.950000000   -1.317378000    1.896496000
 902    6.604820000    0.745055500    0.459311400
 903   -0.950000000   -0.142577100    0.082804470
 904   -0.950000000   -0.438178800   -0.438076400
 905   -0.950000000   -1.147895000    0.786848800
 906    4.841169000    1.142840000    1.266920000
 907   -0.950000000   -1.089467000   -0.787221500
 908    5.000292000    0.358999200   -0.765596700
 909    0.952971900    0.141576100    0.082148390
 910   -0.950000000   -0.957644600   -0.435074300
 911   -0.950000000   -0.876486600    0.622186800
 912   -0.950000000    0.018522660    0.520842900
 913    0.409625600    0.167606800    1.164348000
 914   -0.950000000   -1.153904000   -0.067623720
 915    7.937208000    0.744840000    0.092150080
 916    2.310432000    0.007972019    0.928015500
 917    9.341989000    0.771770700    0.103744400
 918   -0.950000000   -0.717525900    0.209814300
 919   -0.950000000   -0.265539300    0.290372400
 920   12.036080000    1.163696000   -0.896731300
 921    7.980953000    0.765128900    0.693768600
 922    3.274688000    0.067860440   -0.923003200
 923   -0.950000000   -1.082798000    0.018401740
 924   10.434920000    1.192306000    0.183685000
 925   14.685990000    1.335414000   -0.459742600
 926   -0.950000000   -0.938300500   -0.154501600
 927   -0.950000000   -0.701218600    0.797356800
 928   -0.950000000   -0.660642400   -0.351703100
 929   13.016880000    0.982386000   -0.671246700
 930   14.612290000    1.482225000   -0.208559000
 931   -0.950000000   -0.620481500   -0.983767300
 932   14.758120000    1.280605000   -1.480109000
 933   -0.950000000   -0.686532600    0.439160900
 934   -0.950000000    0.019065650    0.457005300
 935    2.607696000    0.321163800   -0.567336000
 936   -0.950000000   -1.329449000   -0.994986300
 937   -0.950000000   -0.427615700   -0.921476800
 938    1.976828000    0.236992500   -0.053428830
 939   -0.950000000   -0.433918100    0.124269600
 940   -0.950000000   -0.989777900    0.864719100
 941    7.594422000    0.779828000    0.591134700
 942   -0.950000000    0.012877860    1.456292000
 943   16.100860000    1.540931000   -0.892696700
 944    1.471838000    0.100408600    0.085687030
 945    4.820341000    0.787933500   -0.038856160
 946   -0.950000000    0.754570100    1.397071000
 947    1.931915000    0.233016900    0.835672400
 948    7.463230000    0.143717600   -1.486544000
 949   -0.950000000   -0.565151400    1.451448000
 950   -0.950000000   -0.614598000    0.121585400
 951    9.936236000    0.056731460   -1.822346000
 952   -0.950000000   -0.970610200    0.170278400
 953    5.679274000    0.310453400    0.047892200
 954    3.009019000   -0.148656500   -0.929895700
 955   -0.950000000   -0.960863600    0.330984300
 956   -0.714816800   -0.417345800    0.385452200
 957    6.077891000    0.223284600   -0.511807700
 958    3.916488000    0.257035000    0.188733300
 959    8.559862000    0.686405200    0.039140860
 960   20.387090000    1.859892000    0.849039300
 961    5.435808000    0.446832700   -0.465615500
 962   -0.927870300   -0.085672530   -0.673988800
 963   11.787120000    0.980251500   -0.125918400
 964   -0.950000000   -0.454139700   -0.157150900
 965   10.422820000    1.056751000    0.480589900
 966    9.529023000    0.729255700    1.151823000
 967   -0.950000000   -0.126917100    0.479828400
 968    0.416982600   -0.234706300   -1.122610000
 969   -0.950000000   -0.421928800   -0.220069000
 970    0.281887600    0.222267200    0.444236400
 971   13.874340000    0.911104500   -0.726507100
 972    8.048966000    0.895631200    0.743811300
 973   10.847920000    1.029757000   -0.967147200
 974   -0.950000000   -1.507557000    0.093834720
 975   -0.950000000   -0.589614200   -0.972238300
 976   -0.950000000   -1.206204000   -0.742286400
 977    9.556187000    1.180099000    0.133973400
 978   -0.950000000   -0.379599600    0.331144000
 979   -0.950000000   -0.833139000    0.052688030
 980   -0.950000000   -0.967751100   -1.936570000
 981   -0.950000000   -1.028121000   -0.482306600
 982   -0.950000000   -1.497376000    0.380707100
 983   -0.950000000    0.231732400    1.341992000
 984   -0.950000000   -0.205717600    0.535558700
 985   -0.950000000   -0.728234100    1.393619000
 986   -0.950000000   -0.148303700   -0.806712800
 987   -0.950000000   -0.196772100    0.454735300
 988    0.131223200    1.237597000    1.206997000
 989   -0.950000000   -0.103733400   -0.966200500
 990    6.236140000    1.087859000   -0.541949300
 991    0.847871800   -0.452369400    1.776376000
 992   -0.950000000   -0.686018800    1.474025000
 993    8.237295000    0.597392100    0.141729400
 994    5.542201000    0.202735800   -0.366246300
 995   22.177050000    1.506175000   -0.154903500
 996    2.157594000   -0.492253600   -1.345300000
 997   -0.950000000   -1.066640000    0.010454920
 998   16.500720000    1.226319000    0.951230500
 999   -0.950000000   -1.613090000    0.810263500
1000    5.169514000    0.192949400    0.999767900
1001   17.102990000    1.267197000   -0.502641200
1002    8.257560000    0.254272900   -1.234887000
1003   -0.950000000   -0.447659000    0.538460500
1004    1.880555000    0.876070000    1.726953000
1005   -0.950000000   -1.127392000    0.848913400
1006   -0.950000000    0.302619000    1.474108000
1007   -0.950000000   -0.394049300    0.696975400
1008   -0.950000000   -0.450631800    0.187594100
1009    8.045579000    0.375077800   -1.953964000
1010    3.256250000    0.292891800   -0.037627930
1011   -0.950000000   -0.556623100   -0.172178900
1012    6.525875000    0.567954800   -0.782466500
1013   -0.950000000   -0.377315900    0.570759100
1014   -0.950000000   -0.849609200    0.711096600
1015   -0.950000000   -0.165631300    0.412207800
1016   -0.950000000   -1.202786000    0.785962400
1017   -0.950000000   -1.311417000    0.061661140
1018   -0.433695000   -0.067214410    0.558384700
1019   -0.950000000   -0.297404000    0.347345100
1020   12.394230000    0.906483700   -1.392498000
1021   -0.950000000   -1.211165000    0.767205700
1022    7.216386000    0.399132800   -1.081595000
1023   -0.950000000   -0.406550600    0.725796900
1024   -0.950000000   -0.541740000   -0.442290100
1025    4.716681000   -0.069462830   -1.309894000
1026    6.714461000    0.689872800    0.087091640
1027   -0.950000000   -1.750096000    0.804905100
1028   -0.950000000   -0.032680810    1.569101000
1029   -0.950000000   -1.011151000    0.725881400
1030   -0.950000000   -0.358366500   -0.621595000
1031    0.226027400   -0.283771100   -0.680962000
1032   13.298050000    1.286993000    1.062781000
1033   -0.950000000   -0.110304500    1.438563000
1034   -0.950000000   -0.851936200    1.074476000
1035   21.520090000    1.447312000   -1.052435000
1036    8.470179000    1.182084000    0.904141300
1037    2.253767000    0.554724900    1.275552000
1038   -0.950000000   -0.077744250    1.010747000
1039   -0.950000000   -0.696451900   -0.497305300
1040   -0.950000000   -0.769317600    0.489642000
1041   14.364640000    1.399800000   -0.858952200
1042   -0.950000000   -1.854034000   -1.004340000
1043   -0.950000000   -0.111722500    1.290145000
1044   -0.950000000   -1.538288000   -0.873477900
1045   -0.950000000   -0.743516100   -0.418927300
1046    2.138374000    0.294335200   -1.676502000
1047   -0.210342900    0.071891910   -1.505559000
1048   11.818040000    1.331373000    0.087750470
1049    7.787039000    0.698011700   -0.959920200
1050    0.977522100    0.226332500   -1.575093000
1051    3.077351000    0.613901100    1.642065000
1052    0.919589900   -0.243989600   -1.355557000
1053   -0.950000000   -0.426889500    0.566604600
1054   -0.950000000   -0.923911100    1.415546000
1055   -0.950000000   -1.597920000    0.100865600
1056   -0.950000000   -0.271841300    0.354731700
1057   -0.950000000   -1.359187000   -0.848444600
1058    8.082829000    1.046219000   -0.492347800
1059   -0.601541600   -0.119332600   -0.677648200
1060   -0.950000000   -0.361939100    1.583036000
1061    7.089904000    0.847295800   -1.324996000
1062   -0.950000000   -0.906862300    0.691244500
1063   -0.314245400   -0.159696400   -0.626056100
1064   14.316760000    1.405269000   -0.749226400
1065   -0.950000000   -0.240870400    0.115586200
1066   16.652740000    1.521936000    0.810040500
1067   12.657960000    1.157741000    0.034743950
1068    2.456073000    0.146626000    0.693962800
1069    2.624177000   -0.170305700   -0.225544100
1070    5.643123000    0.022456120   -0.920424200
1071   -0.950000000   -1.629633000    0.323587300
1072    8.147670000    0.482734300   -1.062255000
1073    3.198680000    0.250764900    0.622494900
1074    7.726052000    0.709142100    0.850233400
1075   -0.950000000   -0.361365500    0.309743100
1076   -0.950000000   -0.508662600    1.302092000
1077    3.298462000    0.325458600    1.351065000
1078   -0.117121600   -0.243166300   -0.309549200
1079    4.748303000    0.003040494   -0.558018600
1080   18.728260000    1.083816000    0.189442900
1081    2.186509000   -0.442121300   -1.604596000
1082   11.355380000    0.546498700   -1.520873000
1083    9.248385000    1.121959000   -0.093272490
1084    2.351290000    0.306560700    0.207418400
1085    0.721727900    0.130963500   -0.152767200
1086    0.536347900   -0.254450400   -1.857770000
1087   -0.227982200   -0.020269170    0.467567100
1088    8.464022000    1.054200000    0.278452700
1089    0.572458000    0.064790320   -0.074862270
1090    2.328142000   -0.128012200    0.319265900
1091   -0.051366090    0.006181562    0.490088900
1092   -0.950000000   -0.458567000   -0.638961100
1093   -0.950000000   -0.939701800   -1.554790000
1094   -0.950000000   -1.942715000    1.470858000
1095   17.742750000    1.585349000    1.161053000
1096    6.506926000    0.517336200    0.401111800
1097    4.536430000    0.207534400   -0.767137800
1098    4.946331000    0.098884240   -0.639579000
1099   25.209520000    1.657251000   -0.281881000
1100    8.680801000    0.671427300    0.255573000
1101    7.576523000    0.308425700    0.304493500
1102   -0.950000000   -0.900952800    0.842548100
1103    2.547222000    0.070705480    0.598996600
1104   -0.950000000   -1.361891000    1.627225000
1105   10.563210000    0.477901400   -0.210282900
1106    1.789099000    0.150363700    0.104007100
1107   19.003050000    1.465457000   -1.887543000
1108   -0.950000000    0.141910000    1.696055000
1109   -0.950000000   -0.310570400    0.812519900
1110   -0.215730000   -0.084644390    0.339038200
1111   -0.950000000   -0.438233700   -1.703371000
1112    2.377535000   -0.204732600   -1.094256000
1113    8.850489000    0.620581800   -0.917615300
1114   -0.950000000   -0.313285000    0.342777400
1115    6.990122000    0.944636300    0.734376500
1116   17.189700000    1.758814000   -0.329294800
1117   -0.950000000   -0.784771900   -0.213016900
1118    3.217850000    0.233506500    0.463680300
1119   14.834490000    1.422339000   -1.176121000
1120   -0.950000000   -0.480837600    0.364035100
1121    1.291261000    0.057832470   -0.535973200
1122    0.198387300   -0.234829700   -0.869601400
1123    0.566465100    0.997704900    1.680144000
1124    8.349224000    0.595272000   -0.506844900
1125   20.068840000    1.307218000   -0.579922800
1126   -0.950000000   -0.274897200   -0.245413100
1127   -0.950000000   -0.150330400   -1.354342000
1128   -0.950000000   -1.768406000   -1.041627000
1129   -0.950000000   -0.737786800   -0.103793200
1130   14.430530000    1.939630000   -1.023721000
1131   -0.950000000   -0.934728300    0.839581100
1132   -0.950000000   -0.717523800    0.736925900
1133    3.386974000    0.388120800   -0.733456100
1134   -0.950000000   -0.773692900    1.154286000
1135    0.737747800    0.404131300   -1.547259000
1136   -0.950000000   -0.321435900   -0.975087800
1137   -0.950000000   -0.469800500   -1.840421000
1138   11.982550000    1.447735000   -1.049290000
1139   -0.950000000   -1.028097000   -0.917628500
1140    2.910037000    0.774452100    0.725404700
1141   18.579150000    1.829045000    1.550787000
1142   14.729720000    1.052202000   -0.035863080
1143   24.308650000    1.638235000    0.692169700
1144    3.444732000    0.307757200   -0.143450600
1145    3.426125000   -0.058522940    0.203585200
1146   -0.950000000   -0.619503400   -0.020075450
1147   -0.950000000   -0.724824900    0.815787400
1148   13.298800000    1.368099000   -0.699903200
1149    3.490979000    0.055722100    0.101556300
1150    6.331339000    0.171927000   -0.099172400
1151   -0.950000000   -0.481656000    0.337316400
1152    8.056963000    0.277957500   -1.941072000
1153    3.225804000    0.024367580   -0.152964200
1154   10.293080000    0.744748500   -0.200021500
1155    5.467465000    0.408163600    0.778760600
1156   -0.950000000   -0.327707700    1.489862000
1157    8.354707000    0.590463200    0.842563500
1158   -0.950000000   -0.941169000    0.454458000
1159    4.275295000   -0.255729200   -0.842258500
1160   -0.950000000   -0.912897900   -0.166003200
1161    8.265028000    1.192339000    0.367041100
1162    9.300150000    0.475728600    1.523150000
1163   -0.950000000   -0.634943000    0.249241300
1164    6.864924000    0.322217000    0.202147900
1165    5.433217000   -0.002691230   -0.019003660
1166    2.128622000    0.111621800    1.303552000
1167   10.477110000    0.724638200   -0.431443400
1168   24.302230000    1.621028000   -0.675026400
1169   18.485110000    1.097942000   -1.172332000
1170   14.226110000    0.951010000    1.678981000
1171   -0.950000000   -0.544841300    0.659747200
1172    5.629308000    0.330087900    0.166012900
1173    2.808853000    0.091846660   -0.314726900
1174    3.117081000    0.147844000    0.015462530
1175   -0.950000000   -0.554585300    1.475340000
1176   -0.950000000   -0.062602100    0.459446900
1177   -0.950000000    0.254896100    1.677865000
1178   -0.950000000   -1.304020000    0.245105800
1179    0.067239170   -0.308728300   -0.561213700
1180   -0.950000000   -1.415736000    1.088969000
1181    2.388773000    0.435347500    0.797491400
1182    8.928469000    0.521268300   -1.270439000
1183    1.134718000   -0.048835270    1.028997000
1184   -0.950000000   -1.270803000    0.258191300
1185   -0.950000000   -0.729682000    0.777824500
1186   -0.950000000   -0.474583300    0.217090500
1187    4.432777000    0.612806300   -0.071661310
1188   13.558570000    1.141587000   -1.501465000
1189   -0.950000000   -0.960742800    0.398234900
1190   13.659110000    1.073049000    0.030574170
1191   -0.950000000   -1.213370000    0.838730900
1192    3.775994000    0.521756600    0.327002200
1193   -0.950000000   -0.644961100   -0.931869800
1194   -0.950000000   -0.403852100   -0.341238300
1195   -0.950000000   -0.165783300   -0.347288300
1196    6.306333000    0.534173200   -0.268338000
1197   -0.950000000   -0.935849000   -0.434597900
1198    3.862457000    0.432325000   -0.814121900
1199    4.129992000    0.597866800    0.705533700
1200   -0.950000000   -1.009655000    0.726979900
1201    7.359285000    0.459833100    0.859789400
1202    8.362753000    0.433343200   -0.267697500
1203   15.310980000    1.473849000   -0.986025300
1204   -0.950000000   -0.814909900    0.515595900
1205    5.234462000    0.119702100   -0.591542200
1206   -0.950000000   -1.952800000   -0.688703900
1207   -0.950000000   -0.329009200    0.329010100
1208   14.636620000    1.214822000   -0.009852793
1209   13.284550000    0.685760800   -0.713524800
1210    8.200019000    0.537379700    0.103960000
1211   -0.950000000   -1.474748000    0.215364700
1212    6.734387000    1.102348000    0.427336400
1213    7.880236000    0.706891900    1.328989000
1214   -0.950000000   -0.634527700    0.318879900
1215    2.404877000    0.022037080    0.004186595
1216    3.662101000    0.390184200    0.514812900
1217   -0.950000000    0.122662700    1.004357000
1218    2.852356000    0.474337600   -0.194888500
1219   -0.950000000   -1.414293000    1.464363000
1220    0.027094870    0.128191300   -1.311908000
1221    3.177048000    0.347016500   -0.785406400
1222    7.814462000    1.078263000   -0.540229600
1223   -0.950000000   -1.377270000    0.674321200
1224   -0.950000000   -0.704010400   -0.547333000
1225    1.140268000    0.341088400   -0.122384600
1226   -0.026049960   -0.121451900   -1.335977000
1227    5.279906000    0.590275400   -1.134356000
1228    9.993945000    1.408973000   -0.077149940
1229   -0.950000000   -0.060632600    0.097818290
1230    0.349444400    0.140180300   -0.707346200
1231   -0.950000000    0.011344600   -0.059620650
1232   -0.950000000   -0.979208500   -0.985434600
1233   -0.950000000   -1.518541000   -0.213064000
1234   -0.950000000   -1.313772000    0.313245400
1235   -0.950000000   -0.798951500    0.129299000
1236   -0.950000000   -0.887764000    1.453779000
1237   -0.950000000   -0.177409900    1.225001000
1238   -0.321909600    0.857780700    1.131384000
1239   -0.950000000   -0.794796200   -1.138951000
1240   -0.950000000   -1.346701000    0.173906900
1241   -0.950000000   -1.290845000   -1.692704000
1242   -0.950000000   -1.646638000    0.991669400
1243   -0.950000000   -0.991819300   -0.276989800
1244   -0.950000000    0.195402500    0.817577100
1245    3.199067000    0.334620000   -0.979219100
1246   -0.950000000   -0.183032900    0.050997020
1247   -0.950000000   -1.271843000    0.953441800
1248   -0.950000000   -1.041233000    0.142843400
1249   -0.950000000   -0.026426380    1.191040000
1250   11.507990000    0.141972100   -1.885809000
1251    1.634786000    0.255265700    0.708194700
1252   -0.950000000   -0.422258700    0.869037700
1253   -0.950000000   -0.547601400   -0.212249200
1254   -0.950000000   -0.355892100   -0.242559200
1255   -0.950000000   -0.334290500   -0.815722000
1256    2.701759000    0.413064700   -0.099142650
1257   -0.439922300   -0.086543290   -0.159376200
1258    7.188234000    0.448651800   -0.868264700
1259   13.287380000    1.077568000   -0.563847100
1260    5.249839000    0.758116900    0.406308600
1261    5.407255000    0.387209500    0.895106300
1262   13.622390000    0.899365900   -0.128851600
1263   -0.386497400   -0.381288900   -0.071964490
1264   -0.950000000   -1.765716000   -0.355088500
1265   -0.950000000   -0.916007100    1.768886000
1266    8.328467000    0.597987300    0.021929180
1267    7.121122000    0.261718300   -1.216692000
1268   29.029570000    1.979203000   -0.556910600
1269    3.897526000   -0.195624200   -1.710582000
1270   11.503100000    0.701966900   -0.986926700
1271   15.668310000    0.877506000   -1.080861000
1272   19.183400000    1.571993000   -0.449497300
1273    3.851582000    0.113013200   -0.094825990
1274   13.008320000    1.730778000   -0.538259700
1275   17.610450000    1.594683000   -0.926830200
1276    7.127917000    0.910587100   -0.549561900
1277   -0.950000000   -0.449946000   -1.093286000
1278    7.696269000    1.185599000    0.712959000
1279    7.250145000    0.492849400   -1.833296000
1280   -0.950000000   -1.526932000   -1.165595000
1281    0.426593100    0.030741460    0.018424890
1282   -0.950000000   -0.676198300   -1.988728000
1283   -0.950000000   -0.224491600    1.625115000
1284   -0.950000000   -0.696567300   -0.545019900
1285   -0.950000000   -0.235233200    0.855285100
1286    9.966130000    0.905067100   -0.351265500
1287    7.800687000    1.027672000    0.432691300
1288    7.585873000    1.432131000    1.086433000
1289   -0.950000000   -0.886402000    0.478814100
1290    8.200110000    0.779275200   -0.259760500
1291   -0.950000000   -1.449399000   -1.240428000
1292    9.171238000    0.882562100   -1.136444000
1293    0.945983700    0.515093000    1.198418000
1294   -0.950000000   -0.653040800   -0.912226600
1295    0.547145500    0.424244100   -0.265587900
1296   -0.950000000   -1.987547000    0.544652500
1297   -0.950000000   -1.383935000    1.048083000
1298   -0.950000000   -1.895150000    0.582326400
1299    5.703495000    0.964197800   -0.533995900
1300    1.326677000    0.406146400   -0.203807300
1301   -0.950000000    0.347877000    0.120060900
1302    5.082833000    0.749383500   -0.758483100
1303    0.161131300    0.243021200   -0.823134400
1304   -0.950000000   -0.509012000    0.150848800
1305   -0.950000000   -0.213499200   -1.509532000
1306    2.599950000    0.457034100    0.971368600
1307   -0.950000000   -0.725398400   -1.204867000
1308   -0.950000000   -0.804230900   -0.228458200
1309   13.061820000    1.297994000    0.110920200
1310   12.445110000    1.195632000   -0.650725800
1311   -0.950000000   -0.734772300    1.403534000
1312    8.389057000    0.559452200   -0.014325170
1313   11.866340000    1.113500000   -0.317160000
1314    3.773993000    0.371843500    0.947628500
1315   12.082710000    1.415657000    0.469475500
1316   23.561590000    1.636186000    0.060893600
1317   -0.950000000   -1.114510000   -0.537320200
1318   -0.950000000   -1.249607000   -0.642797100
1319   -0.950000000   -0.591434000    0.390933500
1320   -0.950000000   -1.250641000   -0.839993200
1321   -0.950000000   -0.617761400    1.259470000
1322   20.059070000    1.482462000    0.351574300
1323   -0.950000000   -0.137440600    0.954809200
1324    3.155936000    0.704165100   -0.324669800
1325    4.480411000    0.849249000    0.172887700
1326   -0.950000000   -0.064382300   -1.248789000
1327   -0.950000000   -1.521432000   -1.055993000
1328   -0.950000000   -1.099392000   -0.349741200
1329   -0.950000000   -0.852120200   -0.553593900
1330   13.321400000    1.678609000   -0.365688700
1331   -0.950000000   -1.714981000    1.052310000
1332   -0.950000000   -0.577419100   -1.382955000
1333   -0.950000000   -1.602992000   -0.862539600
1334   -0.950000000   -0.311907100    1.337578000
1335   -0.950000000   -0.642618800   -0.449179200
1336   -0.950000000   -0.115995800    1.486936000
1337   -0.950000000   -0.637018500   -0.156098200
1338    4.872149000    0.092513640    0.263980000
1339   11.825910000    0.727739700    0.856605700
1340   -0.950000000   -0.441073900    1.524239000
1341   -0.950000000   -1.422131000   -1.598735000
1342   11.298090000    0.881018700   -0.681216100
1343   -0.950000000   -1.165248000    0.043390440
1344   -0.950000000   -1.583713000   -0.490336900
1345   17.163030000    1.175780000    0.785076100
1346   15.772870000    1.805428000   -0.075036610
1347    4.486627000    0.094520690    0.103071700
1348   20.683420000    1.711431000   -0.332452700
1349   19.704470000    1.452540000    1.134741000
1350   14.371170000    1.144794000   -1.152777000
1351   -0.950000000   -1.522885000   -0.924661000
1352   -0.950000000   -0.649950900   -0.439501100
1353   -0.950000000   -0.381804300   -0.008125827
1354   -0.950000000   -0.454601200   -1.495634000
1355    1.431851000    1.110184000    0.997109900
1356   -0.950000000   -0.928497800   -0.279437800
1357   -0.950000000   -0.413468900   -0.380631100
1358   -0.950000000    0.150348900    0.070628660
1359    2.094447000    0.446241600   -1.683134000
1360    5.763647000    0.554227800   -1.674636000
1361   -0.950000000   -0.606649100    0.735769200
1362    2.921635000    1.000068000   -0.057359940
1363   -0.950000000   -0.447108100    0.701114600
1364   -0.950000000   -0.619575800    0.203222400
1365   -0.950000000   -0.768218900   -0.383610700
1366    5.073219000    0.422014300    0.616761900
1367    9.074142000    0.766414000    0.603892200
1368    7.068918000    0.454393400    0.362973900
1369   -0.950000000   -0.256508200    0.341154800
1370    2.769340000   -0.244456300   -0.941619400
1371   -0.950000000   -0.945993800   -0.317514000
1372    6.291497000    0.177730300   -0.290856200
1373   -0.714690900    0.020709510    0.465207000
1374   18.615800000    1.231612000   -0.994416400
1375    8.702034000    1.093016000    0.794750100
1376   14.327070000    0.726415700   -1.783583000
1377   -0.950000000   -0.983081200    1.080419000
1378   -0.950000000   -0.898404700    0.662012700
1379   -0.950000000   -1.644295000    0.222528800
1380    5.610275000    0.514182200    1.818428000
1381   -0.950000000   -1.151154000   -0.414005200
1382   -0.950000000   -1.106648000   -0.278073600
1383   18.203520000    1.479658000   -1.660785000
1384   -0.950000000   -0.345908000   -0.181535400
1385   -0.950000000   -0.155732400   -0.321386100
1386   -0.950000000   -0.466680500    0.354708000
1387   11.943270000    0.944552200   -1.822391000
1388    5.411455000    0.769145600   -0.282544100
1389    1.020855000    0.399188800   -0.013639070
1390   -0.950000000   -0.214681600    1.017184000
1391   -0.950000000   -1.461032000    0.073492200
1392   -0.950000000   -0.080344310   -0.343235300
1393   -0.950000000   -0.535776200    1.162521000
1394    7.294975000    1.029813000    0.489296600
1395    5.211188000    0.371392600   -1.243289000
1396   -0.950000000   -0.444693700    0.143291000
1397   -0.950000000   -0.431296600   -1.000778000
1398    7.723377000    0.675101900   -1.174950000
1399   -0.950000000   -0.446352500   -0.879675400
1400    1.156503000    0.256741200    0.487594500
1401   12.262070000    1.203472000   -0.323287300
1402   -0.950000000   -1.327558000   -0.671212900
1403   12.301000000    1.382843000   -0.227571700
1404   -0.950000000   -0.404582400   -0.172110800
1405   16.530380000    1.324429000   -0.280038000
1406    7.467963000    0.619772000    1.440480000
1407   13.308020000    1.373331000   -0.102962400
1408   -0.950000000   -0.399549700   -0.376038500
1409    0.748681400    0.290241100    1.348925000
1410   -0.950000000   -1.503004000   -0.751672800
1411   24.064580000    1.362890000    0.164046700
1412   -0.950000000   -0.648481700    0.848925500
1413   -0.950000000   -0.608356200    0.982851100
1414   13.162240000    0.958724100   -0.278428500
1415   -0.950000000   -1.004205000    0.112851600
1416   -0.950000000   -1.034912000   -0.981091300
1417   17.958170000    1.627265000    0.403387600
1418    6.631714000    0.438029800    0.866689700
1419    4.834424000    0.253601800   -0.090649420
1420    4.404543000   -0.006767524   -0.597661300
1421   10.065340000    0.818506100    0.012810310
1422   11.377660000    0.428370600   -1.131501000
1423   10.177070000    0.762814100    0.404334900
1424   14.997090000    0.846220100    0.972636100
1425   -0.950000000   -0.939802000   -0.598610100
1426    0.028287950    0.139449800    0.067147300
1427   -0.172115100    0.122317600    0.382085900
1428    8.959915000    1.181494000    0.514915300
1429    7.038129000    0.498611800    0.435628300
1430   -0.539279800   -0.090366260   -0.000297595
1431   -0.950000000   -0.749519600    0.540684500
1432   -0.950000000   -0.723241100   -1.793776000
1433   -0.950000000   -0.327966000    0.360872000
1434    5.297995000    0.706168200    0.101274600
1435   -0.950000000   -1.361504000   -0.013389790
1436    4.681154000    0.431253200   -1.127178000
1437   -0.950000000   -1.812482000    0.977158300
1438   -0.950000000   -0.915022500   -0.402962900
1439    7.993277000    0.839951800    0.245822800
1440   11.084800000    0.586310300   -0.963108400
1441   -0.950000000   -0.410359000    0.645214000
1442    7.696714000    0.776421500    0.009970687
1443   -0.950000000   -0.828094000   -0.439674300
1444   -0.950000000   -0.951683500    0.832107000
1445   -0.950000000   -0.671933500    1.648430000
1446   11.465290000    1.310240000   -0.059490660
1447   10.023030000    0.828445000   -1.330951000
1448   -0.950000000   -0.038613070   -0.633638800
1449   -0.950000000   -0.464452600    0.463968900
1450   -0.950000000   -0.945404400   -0.204547600
1451   -0.950000000   -0.520904700    0.462913600
1452    7.776446000    0.693992500   -0.863192600
1453   -0.950000000   -0.592919700   -0.430906500
1454   -0.950000000   -1.249798000   -0.146431600
1455    9.148401000    0.942069000   -0.389513900
1456   -0.950000000   -1.796284000    0.523082100
1457   14.504620000    1.488486000    0.103616000
1458   -0.950000000   -1.736024000    0.329570600
1459    5.022815000    0.466116700   -0.028388230
1460   -0.950000000   -1.077393000    0.342649100
1461   -0.950000000   -0.444694200   -0.130956400
1462   -0.950000000   -0.384620400    0.738042800
1463    8.493038000    0.342935700   -0.656529000
1464   12.621980000    0.855766300   -0.427533500
1465   -0.950000000   -0.527172000    1.625810000
1466   -0.950000000   -0.091469420    1.305636000
1467   23.734770000    1.553639000    0.034922150
1468   24.292580000    1.718900000   -0.724384600
1469   -0.950000000   -1.239561000   -0.582200000
1470   11.362010000    0.877943000    0.690009200
1471   15.921350000    1.256376000    0.701770000
1472   -0.414164900    0.018888010   -1.877874000
1473    8.939122000    0.632892700   -0.932709400
1474   -0.950000000   -0.199077000   -0.115017900
1475    3.356343000    0.225322600   -0.986359100
1476   -0.950000000   -0.439561200    1.185056000
1477    8.185985000    0.982967600   -0.904135700
1478   -0.950000000   -0.929189000    0.235252400
1479    5.608528000    0.537517100    0.949943200
1480    8.281842000    0.522333200   -0.997705900
1481    0.961901400    0.005397434    0.166896900
1482   -0.950000000   -0.162635800   -0.595779700
1483   10.200580000    0.696929800   -1.131168000
1484    6.065174000    0.705906900    0.342764600
1485    4.286404000    0.115181100   -0.867484000
1486    6.690223000    0.896630200    1.454915000
1487   -0.950000000   -0.669554700   -1.690186000
1488   -0.950000000   -1.237112000    0.626510200
1489    2.932401000    0.214248500   -1.937404000
1490    0.881811100    0.149113700   -0.633874100
1491   14.873500000    1.558199000    1.123105000
1492   -0.950000000   -1.186280000    1.872844000
1493    1.067943000    0.257139800   -0.605762900
1494   -0.950000000   -0.592274200    1.409417000
1495   -0.950000000   -0.365044800    0.503918600
1496   -0.950000000    0.259075700    0.780018300
1497   -0.950000000   -0.843340500    0.945457200
1498   -0.950000000   -0.962229500   -1.342343000
1499   -0.950000000   -0.112450200   -1.566596000
1500   -0.950000000   -0.691459400    0.667530900
