*y  x1  x2
   1   -0.950000000   -0.578954500   -0.811416400
   2   -0.950000000   -0.621039700    0.339160700
   3   -0.950000000   -0.332376600    0.690726000
   4   -0.950000000   -1.539804000    1.228194000
   5    2.790304000    0.894356000    1.027611000
   6   -0.950000000   -0.006407416    0.592514600
   7   -0.950000000   -0.698187700    0.029136730
   8   -0.950000000   -0.463090900   -0.163901300
   9   -0.950000000   -1.467498000    0.206805000
  10    0.940149000    0.251162000    0.491919800
  11    6.178647000    0.296721500   -0.486825700
  12    2.396616000    0.274033100    0.849127200
  13   11.002120000    1.227700000   -1.156243000
  14   -0.950000000   -0.237052100   -0.773033800
  15   -0.950000000    0.018452120    1.808894000
  16   16.219120000    1.563958000    0.550973400
  17   -0.950000000   -1.446266000   -0.769387000
  18   -0.950000000   -0.447676500   -1.151325000
  19   -0.950000000    0.152032200    0.022350360
  20   -0.950000000    0.502628000    0.657026000
  21   -0.950000000   -1.449129000    1.453945000
  22   -0.950000000   -1.016903000   -1.123166000
  23   -0.950000000   -0.644130700    0.095343230
  24   -0.950000000    0.103710100    1.717698000
  25   -0.950000000   -0.925758200    1.388888000
  26   -0.028433660   -0.209186200   -1.968401000
  27   -0.950000000   -1.552573000   -0.574179000
  28   -0.950000000   -0.903604900   -0.072405000
  29    0.906670100    0.317444600   -0.340047900
  30   -0.950000000    0.184926100    0.020998990
  31    1.827895000   -0.332526700   -1.177830000
  32   21.310120000    1.374386000   -1.628579000
  33    3.085408000    0.113465900    0.440394300
  34    9.269100000    1.002778000    1.213847000
  35   -0.950000000   -0.805561000    1.588530000
  36   -0.950000000   -1.119989000   -1.206689000
  37    2.782408000    0.382785800    1.083960000
  38   23.734270000    1.871989000   -1.266271000
  39    7.107800000    1.346781000    1.367387000
  40   -0.950000000   -0.957100200    1.202910000
  41   15.612640000    1.418646000    1.494237000
  42   -0.950000000   -1.160980000   -0.357014400
  43   -0.778120400   -0.140938000    1.607948000
  44    1.532323000   -0.212390500   -0.455776600
  45   18.237770000    0.759713600   -1.618646000
  46   -0.950000000   -0.864551700    0.384012700
  47   10.919850000    1.323370000   -0.873156700
  48    7.209928000    1.138230000   -0.138360700
  49   -0.950000000   -1.958224000    0.285104000
  50   -0.950000000   -0.936191900   -1.530619000
  51   -0.950000000   -0.929226700    0.739488500
  52    3.282158000    0.578190100    0.064087020
  53   -0.950000000   -0.452151300    0.503979600
  54   -0.950000000   -0.409678100   -1.068056000
  55   -0.950000000   -0.660760700    1.446371000
  56   -0.950000000   -1.682541000    0.751584200
  57   -0.950000000   -0.917024300    0.108089500
  58   11.869050000    1.513484000    1.483189000
  59    1.425369000    0.307761600   -0.842626400
  60   -0.950000000   -0.082084710    0.797445300
  61    2.194193000    0.504455100    0.165496500
  62    8.481258000    0.837395700    0.522925700
  63   -0.950000000   -1.212233000    0.635199300
  64    6.862646000    0.807690700    0.896370200
  65   -0.950000000   -0.526280500   -0.268717600
  66   -0.950000000   -1.081218000    0.809054200
  67    4.366520000    0.432041500    0.079358300
  68   -0.950000000   -0.290515700    0.676745300
  69   -0.950000000   -0.838953400    0.016996380
  70   -0.950000000   -1.492219000   -0.235653400
  71   12.425900000    1.179637000    1.304683000
  72   -0.950000000   -1.632341000   -0.081727990
  73   10.216990000    0.384535300   -1.714234000
  74   -0.529933000   -0.014294380    0.300692500
  75   -0.950000000   -0.340505100    0.256397100
  76   -0.950000000   -0.929040500   -1.933931000
  77   -0.950000000   -0.246018900    0.275567200
  78   -0.950000000   -1.511862000   -0.585947800
  79   -0.950000000   -0.450259600   -0.279114400
  80   -0.950000000   -0.692096900    0.569369700
  81   -0.950000000   -0.186919200   -0.687318000
  82   -0.950000000   -0.118365500   -0.214531300
  83   -0.807021700    0.147081600   -0.526096200
  84    8.580780000    0.930141000    0.812195700
  85    7.148850000    0.590402700   -0.426495200
  86   -0.950000000   -0.046521570    0.960106800
  87   -0.950000000   -1.496742000    1.818344000
  88    6.275949000    0.763717800   -0.296348600
  89   -0.950000000   -1.248009000    1.847003000
  90   11.645410000    1.263939000   -1.108700000
  91   -0.950000000   -0.706955700   -1.420142000
  92    6.881351000    0.480820100   -1.260829000
  93   -0.950000000   -0.204108000    0.135178000
  94    4.530109000    1.296441000    0.991555300
  95    7.337516000    0.781546700   -0.476386700
  96   -0.950000000   -0.520709000   -0.057827930
  97   -0.950000000   -0.758391400   -0.478823500
  98   -0.950000000    0.249809100    0.916426500
  99   -0.099347050    0.136448300   -0.517666900
 100   -0.950000000   -0.600862800   -0.261212600
 101   -0.950000000   -0.074871080    0.521895000
 102   -0.950000000    0.501662600    0.811898100
 103   -0.950000000   -0.686521900   -1.708944000
 104   -0.950000000   -0.872679800    0.033041880
 105    0.546922400   -0.056983450   -0.838063500
 106   -0.950000000   -0.097770290   -0.620048500
 107    3.377146000    0.475996500   -0.877581000
 108   -0.950000000   -0.283187600   -1.290205000
 109   -0.950000000   -1.345894000   -1.943259000
 110   -0.950000000   -1.442408000    0.438503800
 111   -0.950000000   -1.282329000    0.729458900
 112   -0.950000000   -0.296079800    0.403700300
 113   -0.950000000   -0.137505800   -0.671087800
 114   -0.950000000   -0.323709600   -0.576661900
 115   15.959640000    1.497974000    0.192932400
 116   -0.950000000   -0.468149400    0.366106500
 117   -0.950000000    0.008019043    0.439138700
 118    3.799668000    0.856483700    1.166537000
 119    1.980745000    0.636568500    0.947454500
 120   -0.950000000    0.467756000    0.593767600
 121   12.930580000    0.938301800   -1.147612000
 122   -0.950000000   -0.315696500    0.785183500
 123   13.341900000    1.108084000    0.302884900
 124    2.721344000    0.471198400    1.137105000
 125    1.024472000    0.183431400   -0.077956360
 126   -0.950000000   -0.810781300    1.716968000
 127   -0.950000000   -1.361410000   -0.967984000
 128   -0.950000000   -0.816843600    0.302859200
 129   -0.950000000   -0.073017940   -0.224479400
 130    1.248096000    0.205410600   -0.090031620
 131   -0.950000000   -1.540184000    0.115980600
 132   13.004540000    1.136482000   -0.803001700
 133    4.840949000    0.120266100   -1.877832000
 134   -0.950000000   -0.940723900   -1.251761000
 135   -0.950000000   -1.085199000    0.403103000
 136   -0.950000000   -0.289184400    1.339885000
 137    2.656481000    0.362332400    0.221173200
 138    0.538345600    0.076058980    0.121625200
 139   -0.950000000   -1.101586000    0.020714420
 140   -0.950000000   -0.901692700   -1.045075000
 141    4.600448000    0.352966100   -0.308473100
 142    5.035126000    0.677461300    0.263598100
 143   -0.950000000   -1.849771000    1.156892000
 144   -0.950000000   -0.853358000    0.640885100
 145   -0.950000000    0.027046500    0.895852300
 146   12.683910000    1.148792000   -0.787630600
 147   -0.950000000   -0.406088900   -0.463406300
 148    4.882529000    0.406889500   -0.448569400
 149   -0.950000000   -1.165898000    1.486049000
 150   -0.950000000   -1.254961000    1.090972000
 151   -0.950000000    0.192446700    1.253210000
 152   -0.950000000   -0.496688400    0.398461400
 153   -0.950000000   -0.506647500    0.782585100
 154   -0.950000000   -0.273922500   -0.353028900
 155    1.856583000    0.192621400   -1.360351000
 156   -0.950000000   -0.551147800   -1.212464000
 157   -0.632262200    0.071485110   -0.353285400
 158    3.011719000    0.450560600   -0.306280800
 159   -0.950000000    0.128324800   -0.214736700
 160   -0.950000000   -1.446912000   -1.954057000
 161   -0.950000000    0.780904200    1.216160000
 162   -0.107565500   -0.242158700   -1.341319000
 163   -0.950000000   -0.561504400   -0.286190400
 164    7.699690000    1.195087000   -0.266765500
 165   -0.950000000   -0.377801600   -0.502339600
 166   10.617570000    0.999015000   -0.274695100
 167    2.901314000    0.445223300    0.128585300
 168   13.787030000    1.501369000    0.113510000
 169   17.307550000    1.272373000   -0.064113210
 170   -0.950000000   -0.937382100    1.795357000
 171   -0.276378800   -0.293332300   -1.271377000
 172   -0.950000000   -1.256114000    1.029574000
 173    0.835825200   -0.176689000   -1.413112000
 174   -0.950000000   -0.205020200    0.546092800
 175    3.893775000    0.284975900   -1.293096000
 176   -0.950000000   -0.384723000    0.791623300
 177   -0.950000000   -0.568079400    0.478997600
 178    9.489516000    0.834068700    0.117872800
 179    3.975052000    0.471059900    0.891467000
 180   -0.306207200    0.177197200   -0.388020200
 181   -0.950000000   -0.211441300   -1.094488000
 182    9.359721000    0.977222400    0.160511300
 183   11.687990000    1.088697000   -1.967782000
 184   -0.950000000   -1.602523000    0.720138500
 185   -0.950000000   -0.052439700    0.611169300
 186    1.664478000    1.048902000    0.906737200
 187   -0.950000000   -0.942620500   -1.079724000
 188   -0.950000000   -1.012442000    0.587840000
 189   -0.950000000   -0.463506200    0.336337600
 190   -0.950000000   -0.474926200    0.638890200
 191    6.575906000    0.596801200   -1.363417000
 192   -0.950000000    0.087118110    1.317186000
 193   -0.950000000   -1.631449000    0.294926400
 194    3.581760000    0.559861100   -0.077416150
 195   -0.950000000   -1.510565000    0.600043500
 196    4.702278000    0.802230800    0.329405200
 197    0.670791200    0.409108600   -0.439096600
 198   18.547290000    1.876870000   -0.440004400
 199    0.221390400    0.159946800   -1.730894000
 200    3.545478000    0.454633300   -0.099828810
 201   -0.950000000   -1.652608000    0.408977200
 202   11.214630000    0.980172000   -0.832784100
 203    9.058550000    1.667970000    0.717266600
 204    1.368850000   -0.086510440   -1.582708000
 205   -0.950000000   -0.381474900   -0.087621300
 206   10.822220000    1.321244000   -0.309153900
 207   -0.950000000   -0.994431300    0.220291700
 208   -0.950000000   -0.461496300   -0.735464700
 209   -0.950000000   -0.594033400   -0.141477100
 210   -0.950000000   -0.306997600   -0.777936100
 211   -0.950000000   -0.733633300    1.248439000
 212   -0.950000000   -0.746397100   -1.194017000
 213   -0.950000000   -1.946767000   -1.113670000
 214   12.956760000    1.482363000    0.516100400
 215    2.427345000    0.529206200    1.903183000
 216   10.115070000    1.157510000    0.068019570
 217   -0.950000000   -1.019982000   -1.613037000
 218    2.124838000    0.047091830   -0.788004200
 219    5.049370000    0.400954300   -1.311109000
 220   -0.950000000   -0.636821200   -0.625182700
 221   12.615000000    0.716044400   -1.316456000
 222   -0.950000000   -0.307238800    0.358394000
 223    2.683113000    0.268631000   -0.010275600
 224    4.494493000    0.483378700   -0.150408400
 225   16.179960000    1.228704000    0.327961800
 226    3.646255000    0.605168900    0.087931530
 227   -0.950000000   -0.600924700    0.216164800
 228   -0.950000000   -1.035108000   -1.310464000
 229    9.311971000    1.213886000    0.498073400
 230    6.058808000    0.163778700    1.874927000
 231   -0.950000000   -0.661629100    1.559339000
 232    4.720246000    0.825748300    1.043809000
 233   -0.950000000   -0.633570300    0.157239700
 234   -0.950000000   -0.454586500    0.379612200
 235   -0.950000000   -1.055002000   -0.131324300
 236   -0.950000000   -0.691804700   -1.089964000
 237    4.570788000    0.329416400   -1.331062000
 238   -0.950000000   -1.556849000    0.795204200
 239   -0.950000000   -0.785824000    0.087003140
 240   -0.252013900    0.046847330   -1.030284000
 241   -0.950000000    0.042657030    1.105591000
 242   -0.950000000   -0.255520300   -0.600856400
 243   -0.764180700    0.054642650   -1.109147000
 244   -0.950000000    0.043472570    1.083326000
 245   -0.950000000   -0.179563400    0.338761000
 246   -0.950000000   -0.832462600   -0.049947960
 247   -0.950000000   -1.036037000   -0.097816680
 248    8.409604000    0.985939900    0.277561000
 249   20.895370000    1.977209000   -1.069774000
 250    0.721169000   -0.032674770   -1.087109000
 251    0.282747700    0.286697600    0.646781900
 252   -0.950000000   -0.250106100   -0.007456223
 253   -0.950000000   -0.990900800    0.591309200
 254    2.397092000    0.520796000    0.520396100
 255    3.915942000    0.346001500   -1.603818000
 256   -0.950000000   -1.068383000    1.104407000
 257   -0.950000000    0.010439140    0.541135800
 258    8.089243000    0.971784200   -1.352319000
 259   -0.950000000   -0.891106500   -1.203284000
 260   -0.950000000   -0.349046400    1.023935000
 261    2.411626000    0.302818300   -0.716294600
 262   -0.950000000   -0.855996100    0.568249200
 263   -0.950000000   -0.309923900   -1.208795000
 264   -0.950000000   -1.255514000   -0.106269000
 265   -0.950000000   -1.395650000    1.086473000
 266   -0.950000000   -1.158066000   -0.959916400
 267   14.154890000    1.048405000   -0.878143300
 268   19.353620000    1.609662000   -1.451227000
 269   -0.950000000    0.045521410    1.078361000
 270    1.211541000    0.351564000    0.850129500
 271   -0.950000000   -0.975882300   -1.034808000
 272   13.467260000    1.521683000   -1.203380000
 273    2.736458000    0.898478100    1.554784000
 274   -0.538125700    0.314986000    0.491081600
 275   -0.950000000   -0.530420000   -0.002512398
 276   11.719080000    1.531636000    0.364387100
 277   -0.950000000   -1.559091000   -0.015541210
 278   -0.950000000   -1.206368000   -1.375946000
 279    8.218668000    0.980656900    0.708786000
 280   -0.950000000   -0.649197200   -1.114895000
 281    4.206950000    0.913919600   -1.889151000
 282   -0.950000000   -0.501220800    0.720739400
 283   -0.950000000   -0.249809300    0.555353100
 284   -0.950000000    0.209425800   -0.004852011
 285   -0.950000000   -1.274578000   -0.721083800
 286   -0.950000000   -1.099279000    1.832641000
 287   -0.950000000   -1.103778000   -0.422583800
 288   -0.760565100    0.102986000   -0.276268400
 289   -0.950000000   -0.185871800    0.579750800
 290    2.623198000    0.257952500    0.725988300
 291    1.201223000    0.143499500   -1.892097000
 292   -0.536230900    0.135231900    0.393275400
 293   16.117030000    1.739332000   -1.258796000
 294   -0.950000000   -1.848778000   -1.568350000
 295   -0.950000000   -0.525191100   -0.715405600
 296   -0.947945800    0.104757100   -0.267459700
 297    1.637319000    0.096913620    1.702255000
 298    3.420740000    0.207488400   -1.324447000
 299   -0.950000000   -0.458404400    1.239539000
 300   -0.950000000   -1.836587000   -0.005385655
 301   15.320770000    1.547865000   -1.555934000
 302    9.864298000    1.160040000   -0.385680300
 303   -0.950000000   -0.320506500   -1.393541000
 304   -0.950000000   -0.869530600   -1.337285000
 305   -0.950000000   -0.129098900    0.769984200
 306   -0.950000000   -0.210423600    0.382205000
 307   -0.950000000   -0.972069000    0.142649100
 308    4.520462000    0.389951100    0.569004800
 309   -0.950000000   -0.382879000    1.241328000
 310   -0.950000000   -0.727370700   -1.006723000
 311   -0.950000000   -0.287418400    0.468300300
 312   -0.950000000   -1.114284000   -0.917296800
 313    0.140583900    0.077563770    0.676842100
 314    7.942328000    1.023538000    1.407824000
 315   -0.950000000   -0.454817100   -0.085857320
 316   -0.498801800   -0.716754700    1.373218000
 317   -0.950000000   -1.040646000    0.653623700
 318    9.104443000    0.723786400   -0.528842100
 319   -0.950000000   -1.123221000   -0.361070900
 320    6.958730000    0.738199500    1.543144000
 321    1.148180000    0.206676500    1.010955000
 322   -0.950000000   -0.782558100    0.378224600
 323    0.307408300    0.051480020    0.242563200
 324   -0.950000000   -0.532782300    1.610713000
 325   18.133730000    1.631938000   -0.516676600
 326   14.725860000    1.939844000   -0.156978000
 327    2.850173000   -0.293977100   -1.741940000
 328    5.174270000    0.233603300   -0.327896900
 329   -0.950000000   -0.722336500   -0.795220800
 330   -0.402509900   -0.261409600   -0.318427200
 331    0.919415800   -0.023043050    1.209242000
 332    5.601696000    0.266968000   -0.106124000
 333   -0.950000000   -0.798953700   -0.296649500
 334   13.360200000    1.150339000    0.480793200
 335   10.230280000    0.463948700   -0.544780200
 336    2.846235000    0.419763200    0.979776000
 337   -0.950000000   -0.716657200    1.024759000
 338   13.092440000    1.054545000   -0.372566100
 339    8.208589000    0.511837800    0.178166300
 340    8.700585000    0.519376000   -0.680345500
 341   11.133740000    0.817496000   -0.418969500
 342   -0.950000000    0.056764580    1.987293000
 343   -0.950000000   -1.193484000   -0.602643700
 344   -0.950000000   -0.707748300    1.004859000
 345    4.063875000   -0.066914690   -0.877089300
 346   -0.950000000   -1.366822000    0.507257200
 347   -0.950000000   -0.417691600   -0.313818800
 348   -0.950000000   -0.370943100    0.970892900
 349   -0.950000000   -1.113125000   -1.008950000
 350   -0.950000000   -0.751324300   -0.333121100
 351   13.702120000    1.599405000    0.605598000
 352   -0.950000000    0.086836630    0.468005400
 353   -0.950000000   -1.097618000    1.589429000
 354   -0.950000000   -0.852605800    0.183759300
 355   -0.950000000   -0.480170100    1.210295000
 356   -0.950000000    0.651965400    1.380662000
 357   -0.950000000   -0.155600900   -0.019979390
 358   -0.762597400   -0.048147950   -1.090771000
 359    5.208378000    0.399500100   -1.194132000
 360   -0.950000000   -1.923900000    1.063015000
 361    6.224379000    0.499781500   -0.263781800
 362    9.804435000    0.975345800    0.174197400
 363   15.620580000    1.403227000    0.199486300
 364   13.123830000    0.851387200    1.599361000
 365   -0.950000000   -1.413909000    0.483829900
 366   -0.950000000   -0.780675900    0.503662500
 367    0.623029500   -0.171177400   -0.659540500
 368   -0.950000000   -0.900683600   -0.444669100
 369   -0.950000000   -0.565237900   -0.039523090
 370   -0.950000000   -1.284881000   -0.089536690
 371   -0.950000000   -0.307790300    0.896227600
 372   12.313110000    1.035674000   -0.218585600
 373    2.119584000   -0.363537700   -1.343784000
 374   -0.950000000   -0.338267700    0.807658200
 375   -0.950000000   -1.092378000    0.505907900
 376    3.185689000    0.075120530   -1.276872000
 377    0.660328800    0.319944600    0.125192300
 378   -0.950000000   -0.866593300    0.665976900
 379    3.837128000    0.447769400   -0.581768700
 380    6.873436000    0.895734200   -1.135373000
 381    9.545928000    0.814237000   -1.337748000
 382    7.727212000    1.160046000    0.222673400
 383    5.767690000    0.769669100   -0.056958960
 384   -0.950000000   -0.264654100    1.009670000
 385   -0.950000000   -1.189704000    0.055876510
 386    6.827159000    0.915588200    0.467832100
 387   -0.950000000   -1.719006000    0.581181100
 388   -0.502183900   -0.058618500   -1.729564000
 389    3.896867000    0.398743300   -0.743477900
 390   13.221350000    0.994134600   -0.092805870
 391    0.501320300    0.146298200   -0.041354130
 392    7.835406000    0.573370800   -1.142249000
 393   -0.950000000   -0.879596000    0.042650110
 394   12.568460000    1.201159000    1.028633000
 395    1.924585000    0.281130600   -0.418574200
 396   -0.950000000   -0.373779900   -0.677163800
 397    6.963450000    0.805819400   -1.218812000
 398   -0.950000000   -0.025348900    1.506532000
 399   -0.769546500   -0.029536610    0.015062170
 400    1.256801000    0.656440100    0.141529800
 401   -0.950000000   -1.812498000   -0.844284900
 402   14.162450000    1.358332000   -0.030708970
 403   -0.950000000   -0.580547200    0.681896800
 404   -0.950000000   -0.129694500    1.293156000
 405   -0.950000000   -0.766052300   -1.504281000
 406   10.085600000    0.635563700    0.219027100
 407   19.349260000    1.584770000    0.320302000
 408    5.545799000    0.243555600   -0.938645600
 409    7.271255000    0.823392600    0.107747600
 410   -0.950000000   -0.470371100   -0.341570100
 411   13.444430000    1.110790000    0.543494200
 412   -0.950000000   -0.522795300   -1.357502000
 413   -0.950000000   -0.387213000    1.381006000
 414   12.973390000    1.049421000   -0.187175700
 415    5.004249000    0.330730000    0.059119780
 416   -0.950000000   -1.852908000   -0.110884800
 417   -0.950000000   -0.856989300   -0.082252270
 418   -0.108116300    0.045283430    0.732563200
 419   10.405780000    0.759900600   -0.173706200
 420    8.167180000    0.950496100    0.912441500
 421   17.263040000    1.843732000   -0.712417800
 422   -0.950000000   -0.441882000    0.455970400
 423   10.191860000    0.821273900   -1.231572000
 424   -0.950000000   -0.574631800   -1.277324000
 425   -0.950000000   -0.191723900    0.016036470
 426    3.246694000    0.233034000   -0.488529600
 427   20.443520000    1.972456000    0.128785900
 428   -0.064327250   -0.024860170    0.495793000
 429    2.583347000    0.556573300    0.740701400
 430    0.713421700   -0.083105380   -0.015686030
 431   -0.950000000   -1.954734000    0.085561160
 432   -0.950000000   -0.889407300    1.437740000
 433    0.201791800   -0.087647320   -0.972227300
 434   -0.950000000   -0.623954300    1.593959000
 435    1.390824000   -0.085073920   -0.607941300
 436    7.398160000    0.583995300   -0.283170200
 437   -0.950000000   -0.431581500    0.064269080
 438   -0.950000000   -0.554840600    0.067321380
 439   15.229070000    1.819895000   -1.859931000
 440   -0.950000000   -1.616482000    0.292476400
 441    9.840367000    0.555855200   -1.004989000
 442    4.935352000    0.374382700   -0.899157700
 443    4.557256000    0.434718300    0.372762000
 444   -0.950000000   -0.785282000   -0.006031220
 445   -0.927180400   -0.063107710    0.146141600
 446    1.322110000    0.255098400    0.860655400
 447   -0.950000000   -0.210061800    0.895594800
 448   -0.950000000   -1.816686000    1.426420000
 449    6.712659000    0.775052200    0.994897900
 450    0.053789230    0.045416210    0.734861100
 451    5.054008000    0.558116300   -0.207673700
 452   -0.950000000    0.324018500    1.590214000
 453   -0.950000000   -0.394105800    1.597324000
 454   11.125970000    1.711343000    0.523775000
 455   -0.950000000   -0.121977300    0.436437000
 456   -0.950000000   -1.808742000    0.077114490
 457   -0.950000000   -1.085813000   -0.358897700
 458   16.323560000    1.222894000    0.770118600
 459    1.314966000    0.198845400   -0.041014450
 460   13.702100000    1.644819000    0.742664000
 461   -0.950000000   -1.356993000   -1.742964000
 462    1.282740000    0.130579300   -0.220766200
 463   -0.950000000   -1.057555000   -0.825958700
 464   -0.950000000   -1.067393000   -0.351403800
 465   16.759110000    1.840415000    0.333109800
 466   -0.950000000   -0.822459800   -0.174539500
 467   -0.950000000   -0.768094400   -1.751406000
 468   -0.950000000   -0.681230600   -1.639356000
 469    6.498200000    1.117133000    0.793567400
 470   -0.950000000   -0.459118300   -0.184952400
 471   -0.950000000    0.385973400    0.062174330
 472   -0.950000000   -1.106196000   -0.232514200
 473   -0.950000000   -1.965272000   -1.922462000
 474   15.714660000    1.722263000    0.344486700
 475    0.014996080    0.835971700    0.441153500
 476    7.062294000    1.378600000   -1.938246000
 477    4.019917000    0.385994300   -1.960815000
 478   -0.950000000   -0.509574800   -0.039698640
 479   20.532700000    1.807489000   -1.887529000
 480    9.520132000    1.660175000   -1.645511000
 481   -0.950000000   -0.579063000   -0.773968400
 482    4.700104000    0.655685200    0.790226800
 483   11.545690000    0.979516000    0.395579700
 484    6.802606000    0.602193700    1.332438000
 485   -0.950000000   -1.703045000    1.135535000
 486   -0.950000000   -1.409014000   -0.128067900
 487   -0.950000000   -0.619338800    0.579869500
 488    2.449827000   -0.055123100    1.897786000
 489    2.531813000   -0.007444157    1.022668000
 490   14.791610000    1.492441000    1.528981000
 491   -0.950000000   -1.001644000    0.674261200
 492   16.419840000    1.312066000   -0.320164700
 493   -0.950000000   -1.320098000    0.376925900
 494   -0.950000000   -0.234778200    0.757769700
 495   15.647160000    0.850578200   -1.633624000
 496    5.790059000    0.227602200    0.425148500
 497   -0.950000000   -0.484079100    0.970174000
 498    8.023317000    1.249223000    0.847966200
 499    9.044141000    0.647557100    0.140097500
 500    2.868385000   -0.112377600    0.299733400
 501   -0.950000000   -1.006362000   -0.175150200
 502   -0.262143100   -0.411127200    0.447070300
 503   15.510750000    1.049165000   -0.692504900
 504   20.137780000    1.604368000   -0.169806400
 505   20.913260000    1.575864000   -0.105994400
 506   -0.950000000   -1.070142000   -0.674154200
 507    4.896188000    0.019183510   -1.345383000
 508   -0.950000000   -0.217413500    0.920014900
 509    9.095577000    0.293936300   -0.938732000
 510   12.805650000    0.748437000    1.758482000
 511   -0.950000000   -1.507185000    1.034081000
 512   -0.950000000   -0.571529200   -0.057518060
 513   -0.950000000   -0.333942000    0.387573300
 514   -0.950000000   -0.685036100   -0.536982500
 515   -0.083684940    0.354589600    0.575140400
 516    1.974665000    0.193971300   -1.167758000
 517   -0.950000000   -0.417041800   -1.513109000
 518    1.083669000    0.256156400   -0.161461100
 519   -0.950000000   -0.634466200   -0.614761700
 520   -0.885067900    0.379466900    0.928087700
 521    0.142222700    0.120951700   -0.209375400
 522   -0.950000000   -0.613192500   -0.920365300
 523    3.669392000    0.528069300    0.104243600
 524   -0.950000000   -0.380935700    0.464033400
 525   -0.950000000   -0.637838300    1.721704000
 526   18.723000000    1.269220000    0.789887500
 527   14.905560000    1.008185000   -1.145642000
 528   -0.950000000   -0.404544600    0.372890200
 529   -0.950000000   -0.705402100   -0.290722700
 530   -0.950000000   -0.528508800    0.318419000
 531   22.704710000    1.655659000    1.506807000
 532   -0.950000000   -0.710645200    1.816214000
 533    9.863344000    0.540434700   -0.089641150
 534    4.960644000   -0.197974400   -1.094483000
 535   -0.950000000   -0.531667300    0.892931100
 536   24.485850000    1.937161000   -0.881777500
 537    2.717300000   -0.360008300   -1.298396000
 538   17.994090000    1.446261000    1.031254000
 539   11.795600000    0.793075800   -0.270418400
 540   -0.576809400   -0.408327500   -1.081574000
 541   -0.165351500   -0.245147200    0.287479700
 542   14.562410000    1.399747000   -0.219621700
 543    1.136367000   -0.046814010   -0.682350800
 544   -0.950000000   -0.839935200   -0.673197300
 545    7.699987000    0.736131300   -0.118932400
 546    7.276676000    0.442656200   -1.868709000
 547    4.109851000    0.230114300   -0.706184600
 548   -0.950000000   -0.952167200    0.185171500
 549    8.452511000    0.708744700    0.536589500
 550   -0.651211400   -0.218357300   -0.502078700
 551    9.183105000    0.879269600    0.851711600
 552    6.989169000    0.542742200   -0.384288200
 553   17.337940000    1.350018000    0.525363200
 554   -0.950000000   -0.204169400    0.691853700
 555    9.586066000    0.665049100   -0.422191200
 556   -0.950000000   -0.749606500    0.078132790
 557   13.790970000    1.178919000   -0.646294000
 558    3.357942000    0.268465600    0.285934200
 559    0.311036100    0.010457260    0.131223100
 560    7.353334000    0.917511800    0.265736900
 561   -0.950000000   -1.594769000    0.616069500
 562   -0.950000000   -0.611993700   -0.335997600
 563    1.108780000    0.759841500    1.656877000
 564   -0.950000000   -1.655895000   -1.407164000
 565    4.391701000    0.235663100   -0.765026800
 566   -0.950000000   -0.515255900   -0.772120100
 567   -0.950000000   -0.207862000    0.245800400
 568   -0.950000000   -1.958522000    0.176961000
 569   -0.950000000   -0.922456900    0.446553900
 570    1.976786000    0.552617200    0.759014600
 571   10.935460000    1.125293000    1.334411000
 572   -0.950000000   -0.542791800    0.305077600
 573    3.734662000    0.227602700    0.730527200
 574   -0.950000000   -1.104361000   -1.665822000
 575    3.713717000    0.358122400    1.068186000
 576   10.187970000    0.543791100   -1.125583000
 577   -0.162357700   -0.008130698    0.941911700
 578    5.212513000    0.441419200    0.777303300
 579   15.710120000    1.006149000   -1.316587000
 580   24.697890000    1.546506000   -1.417613000
 581   10.320850000    0.624714900    0.522397700
 582   -0.950000000   -0.933195700   -1.463584000
 583   15.113490000    1.394495000   -0.783772100
 584    0.585504900    0.177776500    1.467446000
 585    8.492677000    0.672151400   -0.203548700
 586   -0.950000000   -1.002894000   -0.466734500
 587   -0.950000000   -0.456231700    0.311341800
 588   -0.950000000   -1.352112000    1.015230000
 589   -0.950000000   -0.883389400    0.618072400
 590   -0.950000000    0.101928100    1.531576000
 591   17.414150000    1.440254000   -1.670686000
 592    7.475980000    0.878703400    0.634266600
 593   12.209240000    0.746960300   -1.488751000
 594    1.621006000   -0.046472140   -0.749554200
 595   -0.950000000   -0.815014800   -1.009554000
 596   13.252700000    1.204569000   -1.609339000
 597   -0.950000000    0.115451600    1.340621000
 598   -0.950000000   -0.201139600    0.420092300
 599    7.989321000    0.887222700    1.501334000
 600    3.311040000    0.162555000    0.195577200
 601   -0.950000000   -0.541099100   -0.192959000
 602    3.217430000    0.506412800   -0.971059500
 603   -0.950000000   -1.728160000   -0.565577000
 604   15.596990000    1.443512000   -0.869784200
 605    3.717562000    0.574896200   -0.133440600
 606   -0.950000000   -1.377570000    0.846405700
 607   -0.950000000   -0.282218800   -0.283140800
 608   -0.950000000   -0.014290470    0.958651100
 609   10.630830000    1.159997000   -1.701669000
 610    6.824215000    1.132353000   -1.320916000
 611   17.179050000    1.655283000   -0.921612000
 612    0.714961500    0.308698700   -0.513039300
 613   -0.950000000   -0.768960200    1.336154000
 614   -0.950000000   -1.489575000    0.349617100
 615   -0.950000000    0.172206200    0.014512860
 616    0.263367500   -0.302067800    1.898497000
 617   -0.412747600   -0.526097800   -0.660531000
 618   -0.329616500   -0.106455100    0.957988200
 619    4.550274000   -0.149385500   -0.078667680
 620    7.583764000    0.560349300    1.620724000
 621    7.580958000    0.054376170   -0.450836600
 622    4.510365000   -0.113159200    0.438810700
 623    6.294766000    0.160148300    0.244156500
 624   -0.950000000   -0.642693100    1.025303000
 625   19.494610000    1.560467000    0.494687400
 626   -0.950000000   -0.774934000   -0.688137700
 627   14.490980000    0.796707700    0.130149500
 628    7.592557000    0.373767100    0.655541200
 629    9.013033000    0.528927400    0.160183300
 630   10.990300000    1.163888000    0.753688000
 631   -0.950000000   -0.247824700   -0.281705300
 632   -0.950000000   -0.226605900    0.115759100
 633    1.744681000    0.238227300   -0.188927900
 634   13.606390000    1.373620000   -0.642849100
 635   -0.950000000   -0.515001500    0.741951300
 636   -0.950000000    0.219955700    1.494159000
 637    1.298939000   -0.157219400   -0.933311600
 638   -0.950000000   -0.897151800   -0.074741310
 639    3.404009000    0.040464640   -0.847798800
 640   -0.950000000   -0.864558600   -0.216925300
 641   10.829400000    1.311043000    0.287027200
 642    2.377147000    0.275601100    0.652912900
 643    3.987145000    0.370906600    0.650769400
 644   -0.950000000   -1.553396000   -1.830460000
 645   -0.950000000   -0.937677100    1.361878000
 646   -0.595744500   -0.154361800   -0.682694100
 647   -0.950000000   -0.898508600    0.131536400
 648   -0.950000000   -0.354310300   -0.259359700
 649   15.219280000    1.116143000    1.167317000
 650    7.851097000    0.525460300   -1.488951000
 651   -0.950000000   -0.131960900    0.254020400
 652    0.066177090    0.051020110    0.043749690
 653    9.311398000    0.929956000    0.269339700
 654   -0.950000000   -0.231557400    1.294141000
 655   -0.950000000   -1.196677000    1.036490000
 656   -0.950000000   -1.397019000   -1.175159000
 657   11.795370000    1.713936000   -0.887012900
 658   14.000550000    1.549249000    0.048609610
 659   17.838390000    1.469132000   -0.967926000
 660   -0.950000000   -0.078929460   -0.222594100
 661   -0.950000000   -0.788803800    1.151372000
 662    3.139300000   -0.104870000   -0.233431700
 663    4.689188000    0.089017280    0.262413700
 664   14.094200000    0.736325500   -0.296483900
 665    5.091254000    0.054501330    1.787842000
 666   12.644340000    1.064787000    1.022390000
 667    3.209402000   -0.302507800   -1.432971000
 668   19.097690000    1.855597000    1.250548000
 669    3.958919000   -0.020581390    0.530941400
 670   -0.950000000   -0.957382600    1.100388000
 671   10.530270000    0.677484600   -0.138208500
 672   -0.950000000   -1.436482000    1.652419000
 673    4.989025000   -0.137167400   -1.106898000
 674   -0.950000000   -1.522129000   -0.050788950
 675   15.127990000    0.938842600   -0.205194100
 676   10.299290000    1.372880000    0.030513920
 677   -0.950000000   -1.618629000   -0.292978800
 678   10.088210000    0.726795400   -0.730568800
 679   -0.950000000   -1.123617000   -1.033038000
 680   13.903770000    1.624963000   -0.031113640
 681   -0.950000000   -0.712125800   -1.672212000
 682   -0.950000000   -1.583847000   -0.619078300
 683   -0.950000000   -0.750136200    0.075616250
 684    4.326932000    0.592204700    1.075839000
 685   -0.950000000   -1.363626000    0.129793700
 686   12.788670000    1.040621000   -0.794204700
 687   -0.950000000    0.180423400    1.462749000
 688    4.264764000    0.143361600   -0.240585400
 689    6.949766000    0.612052500    1.181109000
 690   12.124610000    1.144103000   -0.019204070
 691   16.596900000    1.413511000    1.523737000
 692    8.564966000    1.167022000   -0.732385200
 693    4.567313000    0.352389700   -0.084281210
 694   -0.950000000   -0.673685500   -0.520387300
 695   -0.950000000   -0.263725500    0.321441400
 696   -0.873635200   -0.295939600   -0.991044000
 697    0.764503200   -0.388534400   -1.526697000
 698    9.978105000    0.818083800   -0.065556800
 699   12.683340000    1.224661000    0.793217700
 700   -0.950000000   -0.343802000   -1.087440000
 701   18.210190000    1.762138000   -0.586303700
 702    5.152156000    0.373189800   -1.626760000
 703   -0.950000000   -0.375172500   -1.377488000
 704   -0.950000000   -0.509572600    0.182273800
 705   10.840980000    1.420207000    0.395099000
 706    6.919683000    0.423689200   -0.947174800
 707    1.012986000   -0.294610700   -1.235282000
 708    3.545455000    0.667814500    0.918937100
 709   -0.950000000   -0.487583500   -1.208969000
 710    3.027113000    0.115390400   -0.772311400
 711   -0.950000000   -1.032087000   -0.716364400
 712   -0.950000000   -1.294937000    0.847049000
 713   -0.950000000   -1.178839000    1.211860000
 714    1.873740000    0.314691700    0.832134600
 715   -0.950000000   -0.808872500   -0.807943900
 716   16.246630000    1.779857000    0.518337200
 717    9.225962000    0.494072300   -1.353816000
 718    6.752080000    0.408656300   -0.733338900
 719   -0.532773400    0.163439700    0.509652100
 720   -0.950000000   -0.167891300    0.342208900
 721    9.129683000    0.665593800   -0.728064600
 722   16.782000000    1.311193000   -1.484696000
 723   -0.950000000   -0.596042500    1.484735000
 724   -0.950000000   -0.566811800    0.737301000
 725    1.921506000   -0.229353300   -1.015723000
 726   14.974660000    1.480314000   -0.181622400
 727    6.663416000    0.420609900    0.241054400
 728    0.117383700   -0.034973690    0.171103100
 729   -0.950000000   -1.440486000    1.079996000
 730   -0.950000000   -0.797081700    1.037726000
 731   -0.950000000   -0.514354500   -0.547308100
 732   -0.950000000   -1.069186000    0.272062400
 733   -0.950000000   -0.576930700    0.397647400
 734    2.884215000    0.036583020    1.052558000
 735   19.388010000    1.287022000   -0.757203700
 736    2.330546000    0.388574600   -0.332845800
 737   -0.950000000   -0.072172560   -0.100913100
 738   -0.950000000   -0.800098700   -1.476246000
 739   -0.950000000   -0.117430800    0.988583900
 740    2.577006000    0.160236500   -0.473864500
 741   -0.950000000   -0.610522200    0.797102500
 742   -0.950000000   -1.741601000    0.864855600
 743    1.741199000    0.547999200    0.856846500
 744   -0.950000000   -0.641091800   -0.483571800
 745    7.161051000    0.650526000   -0.798928600
 746   10.197790000    0.859809900   -0.472926200
 747    0.661811500    0.506922600    1.348521000
 748   -0.950000000   -1.901603000   -1.041547000
 749   -0.950000000   -0.234026400   -0.423143600
 750    6.778725000    0.715515500   -0.066463210
 751   -0.950000000    0.030474590    0.999771800
 752    7.580342000    1.123091000    0.513371200
 753   -0.950000000   -0.782017200   -0.376355900
 754   -0.950000000   -0.123750200    1.611147000
 755   -0.950000000   -1.136031000   -0.228129600
 756    0.810298000   -0.002011939   -1.396676000
 757    5.705491000    0.522187700    1.562179000
 758    5.934838000    0.590172900   -0.381815600
 759   -0.950000000   -0.814660100    0.153613900
 760    1.222750000    0.289668000    0.631766100
 761   -0.950000000   -1.330892000    1.764028000
 762    7.159276000    0.446763500   -0.992007200
 763   -0.950000000   -0.825613000   -1.339698000
 764   18.370000000    1.781331000    0.341990800
 765   -0.950000000   -0.498175800   -1.375371000
 766    2.337306000    0.444762300   -0.040770880
 767   -0.950000000    0.159597400   -0.691107300
 768   -0.950000000   -0.206284100    0.870378800
 769   -0.950000000   -0.737984300    0.406891100
 770    3.757986000    0.870472900    0.614411300
 771    2.354856000    0.217506200   -1.182081000
 772   -0.950000000   -0.710730400   -0.086967670
 773   -0.950000000   -1.029341000    1.682764000
 774   -0.950000000   -1.232409000   -0.257288600
 775    9.657741000    0.935993800   -0.665445000
 776   17.066560000    1.451678000   -1.539576000
 777   -0.950000000   -0.497369800    0.086208520
 778   -0.950000000   -0.988963400    0.018442590
 779   -0.950000000   -0.440917900    0.272198700
 780    4.330938000    0.486542300   -0.289384700
 781   -0.950000000   -0.302922000    1.486276000
 782    2.555463000   -0.131033200   -1.747807000
 783   11.402110000    1.363293000    0.347394600
 784    5.986502000    0.634771100   -0.037597810
 785    2.264481000    0.633264700    0.517133700
 786   -0.950000000   -0.488968500   -0.254064900
 787   -0.950000000   -1.095064000   -0.298027300
 788   -0.950000000   -1.631092000   -0.229614900
 789   -0.950000000   -0.065920450   -0.540649500
 790    2.263430000    0.200485100   -0.342329300
 791   15.886850000    1.988561000    0.294382900
 792    4.530382000    0.629199400    0.470385600
 793   -0.950000000   -1.603666000    0.061865570
 794   -0.950000000   -0.620817100   -0.651601500
 795   -0.950000000   -0.318724500    0.077909960
 796   12.591330000    1.012666000   -1.029125000
 797    8.405367000    0.439589800   -0.756262900
 798    3.116937000    0.046566350    0.613414300
 799   -0.950000000   -1.492844000   -0.724804600
 800   -0.950000000   -0.787044100    0.945738400
 801    6.219264000    0.393912600    0.062485950
 802   10.843140000    1.191557000    0.906212100
 803    6.828848000    0.483160200   -0.585897400
 804   13.580990000    1.374778000    0.553015100
 805   -0.950000000   -0.798832200    0.986598600
 806   11.790390000    0.839563000   -0.971445300
 807   -0.709676200   -0.179892400    0.015442650
 808   12.587090000    0.766554300   -0.595579400
 809    7.752699000    0.563159300    0.509986100
 810   -0.950000000   -1.210836000    1.375003000
 811    1.587836000   -0.019295220   -0.564335600
 812   10.379520000    0.823902600   -1.019299000
 813   -0.950000000   -1.121586000    1.485785000
 814   -0.950000000   -1.909728000    0.305801600
 815   -0.950000000   -0.540993000    0.696646200
 816   -0.950000000   -1.378339000    0.276063100
 817   -0.950000000   -1.045783000   -0.140458000
 818    2.648911000    0.219203600    0.951395000
 819    4.497636000    0.472007200    1.912290000
 820    2.133206000    0.080318640    0.042274530
 821   11.152630000    0.790372400   -0.190879000
 822   -0.950000000   -0.288326500   -0.357770100
 823    3.442754000    0.025256660   -0.892910200
 824    4.459733000    0.797689700    0.703461300
 825   14.675190000    1.098963000   -0.548388400
 826   -0.950000000   -0.208061300   -0.146789100
 827    3.016349000   -0.006624906   -0.581965200
 828   -0.950000000   -0.708745600    0.290429900
 829   -0.950000000   -1.498573000   -1.655357000
 830   -0.950000000   -0.617432000    1.224039000
 831   -0.950000000   -0.360571000    0.301151600
 832    3.407274000    0.700620000    0.875857600
 833   -0.950000000   -0.400759000   -0.580100400
 834   10.877530000    1.208913000    0.789806900
 835   -0.950000000   -1.039196000    0.502681400
 836   -0.950000000   -0.458467500    0.265053800
 837   -0.950000000   -0.147938300    0.995569600
 838    7.870002000    1.016472000    0.924448100
 839   -0.950000000   -0.615681000   -0.768167300
 840   -0.950000000   -1.567544000    1.395749000
 841   -0.950000000   -0.642481600   -0.827300200
 842   -0.950000000   -0.008839734   -1.842603000
 843    1.049094000    0.738721600   -0.286744400
 844    5.396520000    1.045050000    0.113955700
 845   -0.950000000    1.019436000    0.728385100
 846   -0.950000000   -0.555638400   -0.309266000
 847   -0.950000000   -0.276510700   -0.561967500
 848    2.915937000    1.075168000   -0.522162000
 849   -0.950000000   -0.265406700   -0.929968800
 850   -0.950000000   -0.473876900   -0.461874000
 851    2.769729000    0.597302900   -0.888468000
 852   -0.950000000   -1.426347000   -0.673381600
 853   -0.950000000   -1.336955000    0.572856200
 854   -0.950000000   -0.915560600   -0.489360000
 855   -0.950000000    0.177342100   -1.447233000
 856   -0.950000000   -1.525309000    1.414516000
 857    0.836018300   -0.026908850    1.219298000
 858   -0.950000000   -0.923869000    1.492061000
 859    0.668142100    0.207528000    0.749708800
 860    3.935307000   -0.015301400   -1.681850000
 861    3.681504000    0.099818100   -0.772511100
 862   -0.950000000   -0.709667500   -0.060198230
 863   19.040430000    1.428161000   -0.727794100
 864    1.387441000   -0.026640890    0.785719300
 865   10.543500000    1.176229000    0.434096500
 866   -0.950000000   -0.881971800   -0.582544900
 867   16.111300000    1.966100000    0.578638700
 868   -0.950000000   -1.047864000    0.490219700
 869    3.184994000    0.553749800    1.044823000
 870   -0.950000000   -1.773830000    0.494665800
 871    0.845883800    0.413204800   -0.113402300
 872   -0.146920400   -0.108191200   -1.106998000
 873    0.505165500    0.026637470   -1.235157000
 874   -0.950000000   -0.742686500    0.883843100
 875   -0.950000000   -0.533279000   -0.264626600
 876   -0.950000000   -0.520426800    0.221244000
 877   -0.597393400    0.231447600    0.791362100
 878   -0.950000000   -0.561738700   -1.761714000
 879   -0.950000000   -0.569839400    0.245079200
 880   -0.950000000   -0.078459310    0.021300500
 881   -0.950000000   -0.894269800   -0.132144700
 882   -0.818599000   -0.074624310   -0.684302600
 883   -0.950000000    0.524700700    1.085561000
 884    5.284912000    0.597306200   -1.641894000
 885   -0.950000000   -0.371319200    1.526650000
 886   16.885540000    1.410329000   -0.331277600
 887    6.135538000    0.346613500   -0.042722050
 888   -0.950000000   -1.621922000   -0.857566100
 889   -0.950000000   -1.295618000   -0.532080000
 890   -0.950000000   -0.361253800   -0.268918700
 891   -0.490562800   -0.355092300   -0.269836600
 892   -0.950000000   -0.787888700   -1.463235000
 893   20.644680000    1.332473000   -0.261319800
 894    8.889240000    0.639053800    0.718613200
 895    2.170741000   -0.179089100   -0.270327200
 896    3.149906000   -0.066220320    0.526469600
 897    7.784451000    0.652100800    1.376551000
 898   16.086630000    1.321223000    0.861638000
 899   15.388330000    1.565919000    0.217875700
 900   -0.950000000   -0.729621800    0.713186900
 901    7.160845000    0.650961600    0.064651600
 902   19.086380000    1.558520000    0.151278900
 903   -0.090897990   -0.325865700   -0.574247000
 904    5.866526000    0.575859900    0.895722500
 905   -0.950000000   -0.274162400    0.061892370
 906   10.706480000    0.897497900   -0.395409500
 907    0.687957500    0.185978600    0.573973200
 908    7.031336000    1.085541000    1.884570000
 909   -0.950000000   -0.261140200   -0.660237500
 910    8.431353000    0.605714300    0.246689500
 911   -0.950000000   -0.428920400   -0.443167200
 912    2.321609000    0.122870400    0.194859500
 913   -0.950000000   -0.589190200   -0.000845464
 914    0.601517700   -0.135874200    0.144814500
 915    5.675056000    0.064025130   -1.798091000
 916    6.612395000    1.092602000   -0.707733600
 917    4.662839000    0.603562900   -0.969859500
 918   -0.950000000    0.037441920   -0.174555300
 919   -0.950000000   -0.823335900    0.157972000
 920   -0.950000000   -0.418407000    0.477100800
 921    4.108081000    0.676047900    0.264864600
 922   -0.950000000   -0.274132800    0.123495400
 923    0.651590300    0.162742800    0.980261600
 924   -0.950000000   -0.692758500    1.328536000
 925   -0.950000000   -1.354277000    1.016020000
 926   -0.950000000   -1.854612000   -0.989792400
 927    2.821201000    0.285543200   -0.594132300
 928   -0.950000000   -0.240323100    1.226356000
 929   -0.950000000   -0.692942400   -1.282267000
 930    2.813145000    0.250054000   -0.482885300
 931    1.416679000    0.562686300    1.117991000
 932    1.269155000    0.076142310   -0.042095690
 933   -0.950000000   -1.275505000   -0.331509300
 934   -0.950000000   -0.717890600   -0.199554500
 935    6.395818000    1.068600000    0.555028000
 936    5.595430000    0.641908300    0.288087300
 937   -0.950000000   -0.399854300    0.673484100
 938    7.642685000    0.515027100   -0.693463900
 939   -0.950000000   -0.007351536    0.947119800
 940    1.923305000    0.060138110   -0.074263730
 941   -0.950000000   -1.033389000    1.379692000
 942    2.186570000   -0.183982500   -1.239515000
 943   -0.950000000   -1.781295000   -0.933121300
 944    6.765685000    0.671690200    0.315231500
 945   14.727790000    1.806021000    1.401468000
 946    1.141751000    0.128055300    0.952207100
 947    2.360667000    0.199777900    1.446403000
 948    0.725827700    0.003407865    0.456837100
 949    1.569993000   -0.186456600    0.092653480
 950    0.733009600   -0.057930860    0.174307700
 951   -0.950000000    0.179249600    1.998047000
 952   14.994050000    1.222664000   -0.019069560
 953    5.215138000    0.214120400   -1.011497000
 954    0.909292700   -0.140028000   -0.482415700
 955    5.718978000    0.159608600   -0.558316200
 956   -0.950000000   -1.166474000    0.340739300
 957   -0.950000000   -0.282782600    1.382007000
 958   -0.950000000   -0.972057700    1.842850000
 959   -0.410882600   -0.407162300   -0.902860600
 960   -0.950000000   -1.038092000    0.096523660
 961    7.154043000    0.795507200   -0.110321400
 962   -0.950000000   -1.059211000   -0.591595000
 963   16.558420000    1.101536000   -0.817558000
 964   -0.950000000   -0.445806600   -0.985084100
 965   -0.950000000   -0.447479700   -0.767771900
 966   -0.950000000   -0.298451100    0.884411000
 967   -0.950000000   -0.366410800    0.080881650
 968    1.638154000   -0.113666800   -1.284146000
 969   -0.950000000   -1.043737000   -0.258298600
 970    5.685208000    0.939308700   -0.195202000
 971   -0.950000000   -1.295501000    1.204472000
 972    9.901517000    1.756722000   -1.990046000
 973    6.110359000    0.541253500   -0.335542200
 974   -0.950000000    0.066601420    0.248561200
 975    8.060701000    1.748475000    1.404488000
 976   -0.637015900    0.103211400    0.667269600
 977   -0.186173800    0.195705900    0.263726300
 978   -0.950000000   -0.029435900    0.360368700
 979    8.375852000    0.975574300    0.253789300
 980   -0.950000000   -0.094103270    0.302111900
 981   10.616930000    0.661796500   -1.172173000
 982   -0.950000000   -0.242759400   -0.810378500
 983   -0.950000000   -0.246232500    1.246263000
 984   20.318500000    1.988642000    0.087242190
 985   -0.950000000   -0.793456900    0.269995700
 986   -0.950000000   -0.060405520    1.229773000
 987    4.448323000    0.113090500   -1.850551000
 988   -0.950000000   -1.662501000    0.689416600
 989   -0.950000000   -0.644437400    0.840466600
 990   22.833510000    1.467501000   -1.346422000
 991    1.810495000   -0.113083300    0.290260400
 992    4.478319000    0.119128400    0.562628400
 993    2.692869000    0.069682580    0.602152600
 994   -0.950000000   -1.312353000   -0.899764100
 995    1.282622000   -0.421427600   -0.998676800
 996   12.966300000    1.205587000   -0.130318200
 997   -0.950000000   -0.988634500    0.039412630
 998    5.167211000    0.010943920   -0.213543900
 999   21.545410000    1.464706000   -0.038903500
1000    9.172436000    0.558486600   -0.037752110
1001   -0.950000000   -0.221536800    0.250627700
1002   20.191920000    1.581797000    0.263954200
1003    7.935513000    0.644288000    1.644831000
1004    2.999063000   -0.239905100   -0.410958500
1005   -0.950000000    0.367018300    1.556539000
1006   -0.950000000   -1.144488000    0.189131100
1007   -0.950000000   -0.590906600    0.796999200
1008   -0.950000000   -1.052771000   -0.836197100
1009   -0.950000000   -1.057349000   -0.654423000
1010   -0.950000000   -0.356403800   -0.136858600
1011    6.936031000    0.479791800   -0.605021100
1012   -0.950000000   -0.162991100    0.277596600
1013   -0.950000000   -0.524450900    0.614953000
1014   15.744410000    1.860716000    0.795261400
1015   -0.950000000   -0.545768200    0.656210200
1016   15.650620000    1.126342000    0.108011000
1017   15.494750000    1.677919000   -0.166531100
1018   -0.950000000   -1.368908000   -0.027315500
1019   13.865150000    1.021797000    1.402019000
1020   -0.499415600    0.034406250    0.293731500
1021   10.660480000    1.089875000    0.784472200
1022   -0.950000000   -0.045261200    0.237676200
1023   -0.950000000    0.053004650   -1.047219000
1024   -0.950000000   -1.218471000   -0.190304300
1025   -0.950000000   -1.615064000   -0.256701700
1026    5.506533000    0.706966000   -0.318874600
1027   -0.950000000   -1.244236000    1.227152000
1028   -0.950000000   -0.110548600   -0.129610600
1029   -0.950000000    0.067716440    0.007197085
1030   -0.950000000   -1.171554000   -1.255570000
1031   -0.950000000   -0.189851100   -0.474610000
1032   10.021360000    1.272997000   -0.082646730
1033   -0.950000000   -0.894515900    0.755719400
1034    0.771154800    0.536469900    1.887027000
1035   -0.950000000   -0.763322000    0.185602000
1036   14.012450000    0.911226500   -0.396274000
1037   11.760800000    0.908335400    1.880113000
1038   14.389930000    0.802543400   -1.659299000
1039    1.315223000   -0.315754600   -0.844324600
1040    6.878418000    0.818144700    0.402521900
1041   -0.950000000   -0.738154300   -0.087263560
1042   21.964260000    1.767206000   -0.005651530
1043   -0.950000000   -0.731038300   -0.566767900
1044   -0.950000000   -0.442710300    1.082580000
1045   16.196240000    0.929830500   -1.705958000
1046    2.424075000   -0.207204700   -0.442154700
1047    2.717988000    0.174125500    0.325797400
1048    4.717016000    0.021589190   -0.410213500
1049   -0.731150400   -0.258376000    0.297771600
1050    3.669398000    0.401641500    0.805040300
1051   -0.950000000   -0.309361900    0.073828620
1052   -0.950000000   -1.008984000    1.188136000
1053   -0.950000000   -0.172305500   -0.073360030
1054   -0.950000000   -0.459995800    0.453402500
1055   12.277020000    1.053774000   -0.574453700
1056    2.327116000    0.227627800   -0.545988300
1057    9.319087000    1.597698000    0.841739700
1058   -0.950000000   -1.205956000    0.639496700
1059   -0.950000000   -0.806556900   -0.094621200
1060   -0.950000000   -0.615191800   -0.107996000
1061   -0.950000000   -1.109589000    0.186245500
1062    9.531159000    0.384949300   -1.593751000
1063    4.814909000    0.777318700    0.611240800
1064    4.676967000    0.372624900   -0.705839500
1065   -0.950000000   -0.828523300    0.092114450
1066   -0.950000000   -0.782644100   -0.314867000
1067    5.784900000    1.106388000    1.837046000
1068    2.019768000    0.335279500    0.934732400
1069    0.169740000   -0.012831590    1.169936000
1070   -0.950000000   -0.594762900   -0.345603300
1071   -0.950000000   -1.053918000   -0.441318100
1072   -0.950000000   -0.696425600   -0.554538900
1073   -0.950000000   -1.474282000   -0.535107000
1074   17.098370000    1.020374000   -1.936885000
1075   -0.950000000   -0.238729700    0.601228000
1076   16.589510000    1.453177000   -1.632716000
1077   -0.950000000   -1.443632000    0.982639000
1078    9.912117000    0.951410600    1.390800000
1079   -0.835884200   -0.069768660   -0.218900200
1080   10.885520000    1.135712000   -0.294918000
1081    2.354228000   -0.213878300   -1.294465000
1082    0.702214300    0.015504310    0.063068250
1083    5.483271000    0.623058900    0.091359560
1084    9.129268000    0.684102600   -0.959804000
1085   -0.950000000   -0.481627400    1.169042000
1086    8.487239000    0.640453400   -0.685651400
1087    9.890476000    0.403948700   -1.263759000
1088   -0.950000000   -0.542153400   -1.653740000
1089    3.575772000    0.719014700    1.207093000
1090   -0.950000000   -0.327837500    0.401626400
1091    5.327463000    0.629628200    0.157305800
1092   -0.950000000   -0.555902000    0.416038800
1093   -0.950000000   -0.056085670    1.037431000
1094   16.056100000    1.261431000   -0.549138100
1095    4.390236000    0.232402700   -0.681811300
1096    6.155346000    0.288685400   -0.217663500
1097    3.709518000    0.299659800    0.359463700
1098   -0.950000000   -0.585470900    0.492677200
1099   13.783820000    1.341175000    0.482150700
1100    3.495650000    1.076399000    1.367820000
1101    0.353276800   -0.348091500    0.045837430
1102   -0.950000000   -1.082233000    1.524673000
1103    1.056853000   -0.159365900    0.232701100
1104   14.750810000    1.422480000   -1.172492000
1105   11.493660000    0.716188800   -0.630913800
1106   14.814750000    0.792229800   -1.105850000
1107   -0.950000000   -0.325624600    0.312702100
1108    3.587195000   -0.108759700   -0.298617100
1109   -0.950000000   -0.821101800   -0.217923200
1110   15.693610000    1.233412000   -0.330020500
1111    4.919801000    0.527487900   -0.573869000
1112    5.777961000    0.312052500   -0.691371900
1113   -0.950000000   -0.607891300    0.757073700
1114   19.204120000    1.788123000    0.827248300
1115   -0.950000000   -1.896020000    0.158931100
1116    7.695331000    0.915638000    0.575503200
1117   -0.950000000   -1.797018000    1.022214000
1118    0.682884500   -0.136788000   -0.775367300
1119   13.500300000    1.202285000    0.821465900
1120   -0.950000000   -0.003086494    0.483014300
1121    9.876469000    0.739472000   -0.989462400
1122    3.441760000    0.557982400   -0.413941400
1123    0.482607800   -0.051809510   -1.562871000
1124   -0.950000000   -1.656443000   -0.674276700
1125   -0.950000000   -0.293060300   -1.512912000
1126    3.683689000    0.571241700   -1.784068000
1127   -0.950000000   -0.579869000   -0.645658600
1128    4.777142000    0.963266200   -0.588760500
1129   -0.950000000    0.111265400    0.107810800
1130   -0.950000000   -1.480308000   -0.981324400
1131    1.693897000    0.109700100   -1.091977000
1132   -0.950000000   -0.223499400   -1.196132000
1133   -0.950000000    0.297830300    0.198818600
1134   -0.950000000   -0.952397700   -1.700994000
1135   -0.950000000   -1.059852000   -0.047588260
1136   -0.950000000   -1.845552000    0.635713200
1137    4.539089000    0.990356600    0.062864830
1138   -0.950000000    0.544852100    1.080106000
1139   -0.950000000   -0.289977100    0.631239700
1140   -0.950000000   -0.075820740    0.271984700
1141   -0.950000000   -0.736015900    0.763813700
1142   -0.950000000   -1.625455000    1.150681000
1143   13.817620000    0.539819600   -1.752557000
1144   -0.950000000   -0.509633100    0.132296500
1145    0.760476800   -0.069069310    0.422005000
1146    1.007166000    0.322975700    1.437973000
1147    9.619633000    0.853846700    0.141160700
1148    3.592882000    0.441818800    1.563819000
1149    8.005324000    0.457533000    0.213851700
1150   -0.950000000   -0.601966800    0.157240000
1151   -0.950000000   -0.671969500    0.030844140
1152   -0.950000000   -0.836803600   -1.561100000
1153   -0.950000000   -0.124818500    0.526473400
1154    3.589785000    0.381166900    1.058092000
1155    6.919571000    0.141005700   -0.550945600
1156   -0.950000000   -1.299138000   -0.871020500
1157    9.413172000    1.174403000   -0.374169300
1158   10.281170000    1.318149000    0.491155300
1159    6.424964000    0.786147300   -0.764416600
1160    9.596757000    0.978437900   -0.491160700
1161   -0.950000000   -0.493517600   -0.446935300
1162   -0.950000000   -0.626334200    0.609696900
1163   -0.950000000   -0.226176100   -0.841053600
1164   -0.950000000   -0.679312300    0.850124800
1165    1.077366000    0.960600900    1.606767000
1166    7.480158000    0.651598200   -0.880584300
1167   -0.950000000   -1.994432000    0.305528300
1168    5.705004000    0.703869800   -1.618244000
1169    0.285287500    0.005446873   -1.540998000
1170   -0.950000000   -1.047300000    0.675631900
1171   10.917690000    0.804688700   -1.513431000
1172   10.750330000    0.658413700    0.005069942
1173   17.237080000    1.312874000   -1.141034000
1174    9.925653000    0.930423200    0.361126700
1175   -0.950000000   -0.323020000    1.057465000
1176    3.131481000    0.350920900    1.033449000
1177    1.048265000   -0.110220900    0.130929500
1178   -0.950000000   -0.854205400   -1.094216000
1179    7.529901000    0.552081300   -0.151282500
1180   -0.950000000   -0.353240000   -0.693900700
1181    9.875002000    0.347841100   -1.786427000
1182   10.540760000    0.893850700    0.585560100
1183    4.158801000    0.109781600   -0.977638000
1184   -0.223745700    0.074118640    1.046924000
1185   10.515520000    0.860161600    0.070887060
1186   -0.950000000   -0.090341950    0.136607900
1187    6.904618000    1.197051000    0.165245500
1188   -0.950000000   -0.202656900   -0.135409000
1189   11.910560000    1.153142000   -0.888712000
1190   -0.950000000   -1.804215000   -1.267560000
1191   -0.950000000    0.432927900    0.796664900
1192   -0.950000000   -0.764543900    0.538029900
1193   -0.950000000   -1.915036000   -1.246135000
1194    5.751441000    1.080116000    0.487737700
1195   -0.950000000   -0.363155900   -0.783363000
1196   -0.950000000    0.462360900   -0.324204900
1197   -0.950000000   -1.225148000    1.508716000
1198   -0.950000000   -0.588452900    0.070163460
1199   -0.950000000    0.046403760   -0.587764000
1200   -0.950000000   -0.829279400   -1.380815000
1201    0.474268700    0.300086100   -0.340104400
1202   -0.950000000   -0.234561500   -0.856265100
1203   -0.950000000   -0.593907200   -0.115427100
1204   -0.950000000   -1.599992000    1.344450000
1205   -0.950000000   -0.556690800   -0.570243000
1206    0.253436300    0.698039300    0.920391800
1207   -0.950000000    0.242441400    0.526857400
1208    1.513355000    0.146810100   -1.137797000
1209   -0.950000000   -1.541928000    0.437007600
1210   -0.950000000   -0.347687100   -0.384343400
1211   -0.313713000    0.317135600   -0.297452300
1212   -0.773741800    0.560719600   -0.066114010
1213   13.828800000    1.048840000   -1.583540000
1214    1.073970000    0.157889800    1.074372000
1215   -0.950000000   -0.785025700   -0.256489700
1216   -0.405323200    0.406476600    0.770150400
1217   -0.950000000   -1.445394000   -1.235457000
1218   -0.950000000    0.076301640   -0.413964000
1219   -0.950000000   -0.050880140   -0.699106500
1220   -0.950000000   -0.035316680    0.225053100
1221    9.418099000    1.810445000    1.043621000
1222    2.556995000    0.384399300   -0.873387500
1223   -0.950000000   -0.818717600    0.801458000
1224   -0.950000000   -1.818444000   -0.296361800
1225   -0.950000000   -1.341402000    0.921690500
1226    2.694532000    0.850036900   -0.601122800
1227   -0.950000000   -1.189698000   -0.870352500
1228   20.022360000    1.526795000   -1.036767000
1229   -0.950000000   -1.227913000   -0.697108400
1230   -0.950000000   -0.496145100   -1.226350000
1231    5.831184000    0.407369000    0.024967520
1232   17.654860000    1.520227000    1.662627000
1233   15.611440000    1.828007000    1.355157000
1234    8.442133000    0.680983300    0.436545500
1235   16.710040000    1.044015000   -1.282738000
1236   -0.950000000   -0.745660800   -0.934194700
1237   14.325400000    0.781968500   -1.252284000
1238    2.224054000   -0.165603500    0.712168600
1239   -0.950000000   -0.561448700    1.142231000
1240   -0.950000000   -0.818443300   -0.267598700
1241   -0.950000000   -0.568632800    1.655245000
1242    0.680395500    0.116235800    1.959537000
1243    4.580151000    0.171373600    0.205047800
1244    0.081782840   -0.049407290    0.138164300
1245   -0.950000000   -1.605182000   -0.876927300
1246   -0.950000000   -0.028302710   -0.042427780
1247    0.558568800    0.127013900    0.317061700
1248    6.835209000    0.899105100    0.007209343
1249   -0.950000000   -0.465350000   -0.442793700
1250   -0.950000000   -0.847458000   -1.830132000
1251    5.332565000    0.813242400    0.958188000
1252   -0.950000000   -0.312829600   -0.637748800
1253   -0.950000000   -1.194018000   -1.377278000
1254   -0.950000000   -1.292845000   -1.004864000
1255   -0.950000000    0.131792400    0.124364900
1256   -0.950000000   -0.746950300    0.973376800
1257   -0.950000000   -1.251118000    0.235294300
1258    8.683333000    0.912376900    0.228058900
1259   -0.950000000   -0.574919300    1.164188000
1260    0.160930000    0.290161600   -0.143596600
1261   -0.950000000   -0.413083600   -0.554485000
1262   -0.950000000    0.066283620    0.069472000
1263   -0.950000000   -1.762236000    0.255641300
1264    7.770397000    1.034127000    0.856389600
1265    5.986731000    0.563793100   -0.036150840
1266   -0.950000000   -1.446801000    0.072062020
1267    4.030987000    0.455612800    1.760077000
1268    9.030649000    1.086537000    0.806589200
1269   -0.950000000   -1.690677000   -0.484839500
1270   -0.950000000   -0.970646300   -0.710604800
1271   -0.950000000   -0.170984500   -0.677971500
1272    4.672148000    0.555950200   -0.301789500
1273   -0.950000000   -1.134307000    0.313331900
1274    1.649855000    0.059116270    1.332621000
1275   -0.950000000   -1.222298000   -0.560205900
1276   -0.950000000   -0.550077000    0.186120700
1277   -0.950000000   -0.974196300    1.261979000
1278   -0.950000000   -0.167670600    0.304079400
1279    5.718024000    0.671628800    0.455063600
1280   -0.950000000   -1.284419000   -0.047061210
1281    5.700898000    1.051337000    0.153885400
1282    9.537619000    1.264886000    0.013528390
1283   -0.620984400    0.028807150    0.078889590
1284    1.626155000    0.029375080   -1.274652000
1285   -0.950000000   -0.580072200    0.900310900
1286   -0.950000000   -0.438619300   -0.410095400
1287   -0.950000000   -0.643814900   -0.093004570
1288   -0.950000000   -0.605364600    0.398083300
1289   -0.950000000   -0.830942700    0.146623300
1290   -0.950000000   -0.492406300   -1.629696000
1291   -0.950000000   -1.892222000    1.128637000
1292   -0.950000000   -0.585576400   -0.778821900
1293   -0.950000000   -0.949857400    0.953892300
1294   -0.950000000   -0.275321700    1.071840000
1295   -0.950000000   -0.665273400   -1.392073000
1296   -0.950000000   -0.852691900    1.243494000
1297   -0.950000000   -1.669091000   -0.409350800
1298   -0.950000000   -0.846151000    0.674491300
1299   13.954650000    1.683378000    0.862000300
1300    5.258412000    0.471618500   -0.789292000
1301    0.398612800    0.434571700   -0.018609840
1302   -0.950000000   -0.404828000    0.015884430
1303   16.077650000    1.564831000   -0.078326960
1304   -0.950000000   -1.018925000    0.438003100
1305    0.283129900    0.534960400    0.873607400
1306    9.345340000    0.877793300    0.086282430
1307   -0.950000000   -1.219153000   -1.107441000
1308   -0.950000000   -0.150731300   -0.349989400
1309    4.536758000    0.403537100   -0.871719500
1310   -0.950000000   -0.955329100    0.059679570
1311   11.806130000    1.042600000   -0.081837260
1312   -0.950000000   -1.122102000    0.944045400
1313   -0.950000000   -1.608885000   -0.234323800
1314   -0.950000000   -0.334404900   -0.050617980
1315   -0.950000000   -1.094107000    0.146354200
1316    8.667941000    1.236983000    0.723245200
1317   -0.459910600   -0.041814660   -0.372885400
1318   -0.861380800    0.191285800    0.864059600
1319   10.440090000    1.918440000    0.604999500
1320   -0.950000000   -0.780491600    0.404252800
1321   -0.950000000   -1.485371000    0.238868400
1322   -0.950000000   -0.683556100    1.306626000
1323   -0.950000000   -1.850326000   -1.006643000
1324   -0.950000000   -1.320086000    0.705482200
1325    1.693705000    0.586828700    0.938378500
1326   12.061330000    1.628607000    0.415190200
1327    1.566796000    0.643979800   -0.626068500
1328   -0.950000000    0.261225000    0.684595500
1329   12.594740000    1.056382000   -1.062552000
1330   -0.950000000   -1.363651000    0.721218900
1331   -0.950000000   -0.507855700   -0.102561600
1332   -0.950000000   -1.095823000    0.657700200
1333   -0.950000000   -1.292529000   -0.141367000
1334   -0.950000000   -1.642764000    0.058082730
1335   -0.950000000   -1.087514000   -1.254062000
1336   -0.950000000   -1.213282000   -1.335029000
1337   -0.950000000   -0.106789800    0.284920500
1338   -0.950000000   -0.081034410    0.539783600
1339   -0.950000000   -0.015315170    0.468100500
1340    1.656203000   -0.109883600   -1.778195000
1341   -0.950000000   -0.339063600   -0.839230100
1342   -0.950000000   -0.344616400    0.083560380
1343   -0.950000000   -1.088702000    0.256592200
1344   10.355520000    1.194926000   -0.448302700
1345   10.614150000    1.387759000    0.984695800
1346    2.889722000    0.599177700    0.290309000
1347   -0.950000000   -0.702977200    1.427165000
1348   -0.950000000   -0.627182600   -0.079425720
1349   -0.950000000   -0.238995200    0.640799100
1350    4.433352000    0.258625600   -0.827958000
1351   -0.950000000   -0.265125000   -0.923747600
1352    4.957300000    0.706953400    0.384536800
1353   -0.950000000   -0.256776600   -0.126372900
1354   -0.950000000   -0.788504900   -1.138040000
1355    7.177792000    0.771525300   -0.528693300
1356   -0.950000000   -0.378552900   -1.605103000
1357   -0.950000000   -0.212756800    0.428437100
1358   15.096280000    1.753671000   -0.407967800
1359    3.900754000    0.544589000   -0.646530600
1360    8.025843000    0.508864700    1.119420000
1361   -0.950000000   -0.250838500   -1.035260000
1362   -0.950000000   -0.902609900   -0.011654250
1363   11.972740000    1.283248000    0.224798800
1364   -0.950000000   -1.640555000    0.400168700
1365   -0.950000000   -1.847608000    0.282093400
1366   -0.950000000   -0.590726300   -0.210093700
1367   -0.950000000   -0.457599000    1.130286000
1368   -0.950000000   -1.513889000    0.558345500
1369   11.812580000    0.945524800   -0.384353000
1370   -0.950000000    0.317593700    1.519019000
1371   16.196720000    1.334280000   -0.505018500
1372    2.146881000    0.298102900    1.486966000
1373    8.983474000    0.768664700   -0.540191300
1374   -0.950000000   -1.059780000   -1.469529000
1375   -0.644542100   -0.171456700   -0.738224900
1376   -0.950000000   -0.310193200    0.315805700
1377   -0.950000000   -0.725364500    0.236081100
1378    4.076333000    0.486078300   -0.111527700
1379    1.629367000    0.273250100   -0.094305160
1380   -0.950000000   -1.425100000   -0.207461300
1381    1.636502000    0.063115240   -1.272009000
1382   -0.950000000   -1.132374000   -1.227959000
1383    9.059827000    1.291652000   -0.424373800
1384   11.431920000    1.477469000    0.811165000
1385   -0.950000000   -0.563748500   -1.492293000
1386   -0.950000000   -0.185827400    1.192576000
1387   -0.950000000   -0.279297700   -0.707415800
1388   -0.950000000   -0.569913300    1.094456000
1389    3.201242000    0.621407700    0.348485900
1390   -0.950000000   -0.369873900    0.103710200
1391   -0.950000000    0.258231500    1.438266000
1392   -0.950000000   -1.392893000    0.446509500
1393   -0.950000000    0.038269180   -0.271076100
1394   -0.314819600   -0.236621600   -1.775932000
1395    1.648598000    0.226912200   -0.510678800
1396   12.666370000    1.457538000   -1.508981000
1397    0.049921570   -0.309641800   -1.897510000
1398   22.764220000    1.991563000   -0.646059600
1399    5.548410000    0.425384700   -1.377458000
1400    8.231994000    0.721336600    0.374080400
1401   -0.950000000   -0.685320900    0.697362700
1402   13.061890000    1.474900000   -0.150706100
1403   -0.950000000   -0.176880200    1.325708000
1404   -0.583838700   -0.126118700   -0.658438700
1405    6.872114000    0.670510800    0.492308500
1406   -0.950000000   -0.509104200   -0.882660700
1407    2.628336000    0.045864510   -0.800028000
1408   -0.950000000   -1.106441000    0.284772800
1409    4.525589000    1.021069000    1.489111000
1410   -0.771828000   -0.171704400    0.179503800
1411   11.618900000    1.236168000    0.386960300
1412   -0.950000000   -0.001268426    1.076895000
1413   16.521390000    1.416897000    0.394782500
1414    0.894890700   -0.133918300    0.456825000
1415   -0.950000000   -0.356288300    1.490102000
1416    4.382978000    0.037403430   -0.828899900
1417   12.514210000    0.724429100    0.126331900
1418    2.086577000    0.003849908   -0.905000400
1419    4.895236000    0.357571100    0.445395700
1420   -0.950000000   -0.942416300   -0.124439800
1421   22.393480000    1.779521000    0.925859100
1422    5.734430000   -0.010222270   -1.535849000
1423   -0.950000000   -0.986363900   -1.300189000
1424   -0.950000000   -0.438344000    1.185351000
1425   -0.950000000   -0.643637900   -0.957752500
1426   -0.950000000   -0.527578700    0.442601700
1427   -0.950000000   -0.746446100    1.610888000
1428   -0.950000000   -0.951186700    1.978434000
1429   11.332430000    0.677884500   -0.754587500
1430    4.810315000    0.498725800    0.653007700
1431   -0.950000000   -0.648906500    0.339443800
1432    8.640069000    0.526583000   -0.352466100
1433   22.208300000    1.943568000    0.122020800
1434   18.417430000    1.159481000   -1.560084000
1435   10.963770000    0.787335300   -0.438340000
1436   -0.950000000   -0.613083400   -0.481988200
1437   11.883730000    0.876825700   -0.248271200
1438    8.137846000    0.496817100    0.033967730
1439    9.276247000    0.585742600   -0.299026000
1440    1.376675000   -0.088513140   -0.470740500
1441    6.770404000    0.588867400   -0.063476380
1442   -0.950000000   -0.571937500   -0.055395000
1443    4.673271000    0.263721700    0.097759370
1444   -0.950000000   -0.604160000   -0.086389810
1445   -0.950000000   -0.883603700   -0.270680700
1446   -0.950000000   -1.079489000   -0.653575000
1447   12.648680000    0.982841000    0.169660900
1448   -0.950000000   -0.150482800    0.819878800
1449   -0.950000000   -0.813950200    0.922817800
1450   -0.680469900   -0.569654900   -0.732321400
1451    8.234079000    0.782639600    0.321696900
1452   11.968270000    0.695082800   -0.771006700
1453   -0.950000000   -0.871893400    1.165100000
1454   12.529740000    1.045615000    0.439796500
1455    5.410638000    0.788667000   -0.117780300
1456   -0.950000000   -0.893483100    1.429553000
1457   -0.950000000   -0.915502700   -0.637188900
1458    6.502505000    0.550329100    1.164132000
1459    2.404605000   -0.017524890   -1.051347000
1460   -0.950000000    0.673612800    1.451525000
1461    8.482115000    0.446047700   -1.272540000
1462   -0.950000000   -0.889991300    0.678050500
1463   20.144570000    1.964239000   -1.559148000
1464   -0.950000000   -1.667614000   -1.335223000
1465   -0.950000000   -0.307579600   -0.112845700
1466   16.330310000    1.467567000   -1.265696000
1467   16.047070000    1.763279000    1.185460000
1468   -0.950000000   -1.680954000   -1.166271000
1469   13.423920000    0.988123100   -1.060800000
1470    4.151992000    0.428346800   -0.208723800
1471   -0.950000000   -1.156643000    1.829268000
1472    3.049488000   -0.408799800   -1.285601000
1473   20.402700000    1.252914000   -0.306816000
1474   24.458510000    1.637997000    0.760645700
1475    4.829558000    0.255479500   -0.024287650
1476    4.050429000   -0.137261600   -0.311246100
1477   13.927650000    0.672850900   -1.535602000
1478    2.753591000   -0.072351530    0.486975500
1479   11.029280000    0.950330000    0.834602600
1480    1.965517000   -0.035018750    0.047336700
1481   13.895190000    1.747600000    0.617553800
1482   13.226490000    0.798084500    0.514659700
1483    3.890967000   -0.164099800   -0.750163500
1484   12.919280000    1.150271000    1.933797000
1485   -0.950000000   -1.964337000    1.132650000
1486    5.849450000    0.712338900   -0.360304500
1487    7.819557000    0.689621300    0.023217000
1488   -0.950000000   -0.225876100   -0.717855600
1489    6.017051000    0.669052700   -0.961916800
1490   10.187470000    0.490857400   -1.622646000
1491   -0.950000000   -0.071150430   -0.658570200
1492   11.605680000    1.412067000    0.071912990
1493   -0.950000000   -1.619321000    1.193972000
1494   -0.950000000   -1.630796000   -0.181239300
1495   -0.950000000   -0.879888500   -0.288526400
1496   -0.022119730    0.179305600   -0.076355990
1497   -0.950000000    0.045029170    0.331162100
1498   -0.950000000   -1.177709000    0.173785000
1499   24.832100000    1.894994000   -1.272744000
1500    9.897270000    1.357158000   -1.757999000
