*y  x1  x2
   1    5.259918000    0.289269600   -0.835468800
   2   -0.950000000   -1.426316000    0.182652600
   3   -0.950000000   -0.165365900    1.368943000
   4    6.833374000    0.674627200   -0.047682650
   5   -0.950000000   -0.247603300    1.237595000
   6   -0.200774500    0.012033850    1.352201000
   7   -0.145583900   -0.165058000    0.133211200
   8   -0.711921000   -0.067505500    0.154506600
   9    1.500069000    0.175903400   -0.692721500
  10   -0.950000000   -1.021962000    0.402348300
  11   -0.950000000   -0.575179700    0.441754600
  12    0.458975400   -0.020628090    0.051768220
  13    0.661730100    0.365032800    0.411701000
  14   -0.950000000   -0.690711000    0.248304400
  15    0.514697600   -0.366075700   -1.064362000
  16    1.552103000    0.225167700    0.713277200
  17   -0.950000000   -0.823572600   -0.706451200
  18   -0.950000000   -0.629202500   -0.295582400
  19    8.975839000    1.118248000   -1.119934000
  20    6.540050000    0.668047100    0.281848800
  21   -0.950000000   -0.703026400    0.746288800
  22   -0.950000000   -1.619362000    0.733360700
  23    5.927762000    0.302738600   -1.323841000
  24   -0.950000000   -0.136971100    0.200699500
  25    4.058080000    0.411890300    0.673561500
  26    9.423632000    0.447336300   -1.249418000
  27   -0.950000000    0.401394100    1.951271000
  28   -0.896319800   -0.115966700   -0.846600100
  29   15.995680000    1.352124000    1.879602000
  30   -0.950000000   -0.110299700    1.846542000
  31    0.033614820    0.236992700   -0.566948100
  32   -0.950000000   -1.217437000    0.944766400
  33   -0.950000000   -1.858816000   -0.174515400
  34   -0.842658600    0.162145800   -0.687176500
  35    1.285436000    0.511295300   -1.391612000
  36    1.483589000    0.387921200   -0.049241640
  37   -0.950000000    0.030705940    1.698372000
  38   -0.950000000   -0.378054000   -0.474160600
  39   15.372690000    1.519360000   -1.513854000
  40   -0.950000000    0.194340900    0.787493200
  41    8.424404000    1.092285000   -0.675716400
  42   -0.950000000   -1.122722000   -1.102938000
  43   -0.950000000   -1.349264000   -1.109537000
  44    5.421522000    0.943941300    0.878941900
  45   -0.950000000   -0.272711600    0.029253160
  46   -0.843568100   -0.176593700   -0.063711760
  47   -0.950000000   -1.067104000    0.739423600
  48   -0.950000000   -0.927713700    1.095436000
  49   14.570110000    1.395662000   -0.367398800
  50   -0.950000000   -0.952762300    0.110376800
  51   10.483910000    1.475925000    0.358799300
  52    7.777257000    0.433285800   -0.612809100
  53   11.579870000    1.004508000    0.808273000
  54    5.638704000    0.145440000    0.141738400
  55    0.728020000   -0.430936400   -1.334368000
  56   -0.950000000   -1.287160000    0.712383900
  57    1.125436000    0.046530180   -0.213316700
  58   -0.950000000   -0.401366800    1.258403000
  59    6.463521000    0.342688300   -0.550229900
  60    2.225488000    0.100371000    0.796988000
  61    1.504056000    0.067821220    0.309106300
  62   -0.950000000   -0.979228600   -1.316235000
  63   -0.950000000   -0.743362000    0.313867900
  64    1.523893000   -0.066551680   -0.619750200
  65   -0.950000000   -1.351127000   -1.437755000
  66    6.386681000    0.611064800    1.022350000
  67   18.700860000    1.501386000   -0.960252200
  68   -0.950000000   -0.768187200    0.069379720
  69   -0.950000000   -0.265316600    0.504469700
  70    3.338438000    0.706895700    1.539968000
  71   -0.950000000   -0.911666800   -0.905044900
  72   21.316680000    1.605886000   -0.211381100
  73   -0.950000000   -0.309735300   -1.614766000
  74   -0.459435700    0.386304800    1.111163000
  75    5.039507000    0.557052900    1.661374000
  76    3.702524000   -0.573996900   -0.368075500
  77    2.332864000   -0.242168300    0.666923300
  78    9.344941000    0.056273500    0.105356100
  79   18.777540000    0.771140100   -1.316459000
  80    1.284336000   -0.681205800    0.905618800
  81    2.869385000   -0.249460900    1.111317000
  82   13.823970000    0.889044900   -0.189914900
  83    9.869581000    0.063301250   -0.558236300
  84   23.578270000    1.291505000    0.280761800
  85   10.144180000    0.904454200    1.555896000
  86   22.433210000    1.753294000    1.193306000
  87   12.959020000    0.637046200    1.366201000
  88   10.912340000    0.771060800    0.955831500
  89    5.563532000   -0.166148000    0.013472190
  90    7.289650000    0.517967300    1.463121000
  91   -0.950000000   -0.071586970    0.045135250
  92   -0.950000000   -0.727084300    1.818858000
  93   -0.950000000   -0.896864800   -0.928412400
  94   -0.950000000   -1.380827000   -1.171971000
  95   -0.950000000    0.082824590    0.694682200
  96    9.032864000    0.853889000    0.745713000
  97   12.687670000    0.824406200   -1.600763000
  98    6.633397000    0.535070300   -1.458599000
  99   -0.950000000    0.144623900    1.498701000
 100   -0.950000000   -1.030143000    0.693388700
 101    0.050692310    0.481814100    1.600122000
 102    4.196528000    0.385931300    1.025378000
 103   -0.950000000   -0.740614000    0.302892500
 104   -0.950000000   -0.298080200    0.755619500
 105   -0.950000000   -0.888886900   -1.253128000
 106   -0.950000000   -0.513330300   -0.792812700
 107   11.500540000    1.431082000   -0.684008000
 108   -0.950000000   -0.536132800    1.105687000
 109    7.368251000    0.982203600   -0.019270880
 110   -0.950000000   -0.347104600    0.213987200
 111    4.469851000    0.739323400   -0.465113200
 112    9.489456000    1.536047000   -0.972699800
 113   -0.950000000   -1.107177000    0.955705500
 114   -0.950000000   -1.986372000    0.341127000
 115   -0.950000000   -0.700005700   -0.996629100
 116   -0.950000000   -0.076604480    0.066584220
 117   -0.950000000   -1.566353000    1.178153000
 118   -0.950000000   -0.346840100    1.192322000
 119    0.427418900   -0.021047950   -0.547361400
 120   -0.950000000   -1.034702000   -0.322831200
 121   -0.950000000   -0.745288000    0.934775800
 122   16.883870000    1.565737000   -0.438331400
 123   -0.950000000   -0.288490200    0.471622900
 124   10.424040000    1.430390000   -0.102364800
 125    4.854304000    0.369705000   -1.234902000
 126   12.174690000    1.059215000   -0.971351500
 127   -0.950000000   -1.562311000   -1.076530000
 128    8.298310000    0.756996000   -0.453242000
 129    4.914658000    0.389219400   -0.506981400
 130    4.308508000    0.645923000   -0.001333434
 131   -0.950000000   -1.431782000    1.224327000
 132   -0.950000000   -0.317836000    0.458428400
 133    5.062228000    0.856507800    1.066923000
 134   -0.868191700   -0.343290400   -0.428266800
 135   -0.084923440   -0.119023600   -0.633665600
 136   14.653720000    1.226512000    0.090713130
 137   -0.950000000   -1.589671000    0.491552700
 138   -0.950000000   -0.914375800    0.982152400
 139   25.436140000    1.748688000   -0.927536200
 140    6.941286000    0.465934600    0.903237400
 141    3.595113000   -0.190217700   -0.439593100
 142   10.326340000    0.505051200    0.035183360
 143   12.712400000    0.994881400    0.732785100
 144   12.719830000    0.838118700    0.211933700
 145   -0.950000000   -1.164355000    0.876650300
 146    1.948983000   -0.264249600   -0.064251290
 147   11.135530000    0.650625200    1.557994000
 148   19.464280000    1.739708000   -0.269976900
 149    5.914067000    0.350793200    0.574700900
 150   -0.950000000   -0.876101200   -1.307932000
 151    8.629795000    0.158882800   -1.208957000
 152   19.191070000    1.040203000   -0.953682500
 153   -0.950000000   -0.895280400    1.368085000
 154   -0.950000000   -1.686802000   -0.443728000
 155    0.514116300   -0.027090120    0.932408200
 156   -0.950000000   -0.857392400    1.755441000
 157    5.529874000    0.024605740   -0.313401600
 158   10.685370000    0.419988300   -0.640375400
 159   16.933750000    1.158850000    0.811803400
 160    5.310591000   -0.034868750   -0.402492400
 161    8.617756000    0.286277400   -0.624324700
 162   12.195090000    1.324015000    1.698451000
 163   -0.204410100   -0.263994900    1.411297000
 164    7.914512000    0.502559700   -0.121078100
 165   13.294670000    1.735783000    1.525166000
 166   19.301940000    1.267194000   -0.990307200
 167   13.907560000    0.945856600   -0.181702200
 168   10.643360000    0.852910000   -0.750868000
 169   -0.950000000   -1.482150000    0.108505800
 170    0.431774700    0.347595500    1.326231000
 171    5.388344000   -0.342051600   -1.963050000
 172   -0.950000000   -1.533991000    0.832258400
 173   -0.950000000   -0.992289400    0.692298000
 174    6.564119000    0.067842660   -1.038915000
 175   -0.950000000   -0.097565250    0.392885100
 176    2.126937000    0.334410800    0.571112500
 177   -0.950000000   -0.657610100    0.877492100
 178   -0.950000000   -0.767643600    1.003395000
 179   14.549440000    1.330513000   -0.209593400
 180   -0.950000000    0.036955680    1.231831000
 181    4.382873000    1.690136000    1.478773000
 182   -0.950000000   -0.157695200   -0.108039500
 183   -0.950000000    0.040169980    0.904710700
 184   -0.950000000   -0.699542100    0.200360300
 185   -0.950000000   -1.381525000   -0.325406700
 186   -0.950000000   -0.961439800   -0.473131500
 187    6.616641000    0.847362900    0.627083100
 188   -0.950000000    0.180429800    0.064462120
 189    0.724132600    0.422980400   -0.254201200
 190   -0.950000000   -0.515121600   -0.487235900
 191   -0.950000000   -1.007322000    0.385916500
 192   -0.950000000   -1.334145000   -1.350897000
 193   -0.950000000   -1.268647000   -1.270521000
 194   -0.950000000   -1.308392000    1.237113000
 195   -0.950000000   -0.000904820    0.874999300
 196   -0.950000000   -1.840372000    0.047090010
 197   -0.950000000   -1.175671000    0.147531400
 198   -0.950000000   -1.115140000    0.303238700
 199   11.634710000    0.883980000   -0.652716500
 200   -0.950000000   -0.554318500   -0.377303600
 201    6.649522000    0.803465400   -0.066640730
 202   10.147330000    0.645057300   -1.095763000
 203   -0.950000000   -0.410345200   -0.060935070
 204   -0.950000000   -0.907073600   -0.898937600
 205   20.510530000    1.904210000   -0.411661800
 206   -0.950000000    0.025136760    1.454294000
 207   -0.950000000   -0.193143300    0.377276700
 208   -0.950000000   -0.576385000    1.263082000
 209   -0.950000000   -0.643288400   -0.001191280
 210    7.679754000    0.814937900    1.336007000
 211   -0.746703800    0.395847500    0.661935400
 212   -0.950000000   -0.178844400   -0.981540700
 213   -0.950000000   -0.856116400   -0.018380550
 214    5.027044000    0.544193800   -1.610426000
 215    2.253415000    0.375929600   -0.494256500
 216   -0.950000000   -0.097068860    0.007364815
 217    7.223329000    0.885669700    0.032771170
 218   -0.950000000   -0.194414900   -0.004098997
 219    0.958373800    0.427171600    0.231930200
 220   -0.950000000   -0.002373221   -0.941980800
 221   -0.950000000   -1.223805000    1.506825000
 222    6.764421000    0.789279700    0.835448000
 223    5.146221000    0.822792300    0.503684900
 224   -0.950000000   -1.374158000   -1.779138000
 225   -0.950000000   -0.323008900    0.069483790
 226    8.137509000    0.589569600   -0.397077000
 227    6.688406000    0.352532900   -0.781187900
 228   -0.950000000   -1.138559000    0.721737000
 229   -0.950000000   -0.720867000    0.586157700
 230    4.925638000    0.487415100    0.463926700
 231   14.775470000    1.560642000   -0.856469100
 232   15.380630000    1.034577000   -0.323591600
 233   13.513880000    1.389214000    0.331560600
 234   12.053460000    0.696587700   -0.769822400
 235    2.603063000    0.048976790    1.893919000
 236   -0.950000000   -1.575613000    0.608681200
 237    0.030207960   -0.498029200   -1.328436000
 238    1.973268000    0.012443630   -0.315323200
 239    1.853060000    0.062754210    0.195733700
 240   11.490630000    1.169989000    0.217305900
 241   -0.950000000   -1.187872000    0.827985400
 242   21.532800000    1.430534000    0.007562017
 243   -0.950000000   -1.252299000    0.001307863
 244    8.054642000    0.805024900    1.729195000
 245    3.020051000   -0.174735700   -0.759724600
 246   -0.950000000   -0.835704700   -0.731285600
 247    5.478947000    0.355530500    0.859469000
 248    3.118706000   -0.066871260    0.724351600
 249   -0.950000000   -0.713063200    0.152828100
 250    9.898224000    1.135372000    0.308276000
 251   -0.950000000   -0.350008700    1.273882000
 252    4.379139000    0.023696160    0.018675420
 253   -0.950000000   -0.590611800    0.094531250
 254    1.666624000    0.018717950    0.543535200
 255   14.327370000    0.781340700    0.725841500
 256   -0.950000000   -1.219839000   -0.004338423
 257    7.479404000    0.142506800   -0.138241500
 258   11.788760000    1.507881000    1.589439000
 259   -0.678121300   -0.272328400    0.830877100
 260   10.541810000    0.284445600   -0.893360600
 261   13.320980000    0.608427000    1.101783000
 262    3.493213000    0.141693200    1.750546000
 263    8.043201000    0.348942400    0.004949362
 264   -0.950000000   -1.357081000    0.308183300
 265   -0.950000000   -1.718911000   -1.942063000
 266   -0.950000000   -1.257513000    1.238568000
 267    5.990442000    0.273603600    0.941236100
 268   -0.950000000   -0.541275200    0.574015700
 269   26.889510000    1.766947000   -0.579944800
 270    7.362400000    0.206705700    0.451532500
 271    2.655630000    0.558200100    0.072652010
 272   -0.950000000   -0.157333100   -0.236247800
 273   -0.950000000   -0.920475400   -0.547931700
 274   -0.950000000   -0.964190900    1.659361000
 275   14.618210000    1.440969000   -1.480049000
 276   -0.950000000   -1.329382000   -0.680624700
 277    1.030066000    0.331453600   -0.220923500
 278   -0.950000000   -0.166863000   -0.500620200
 279    9.064404000    1.580482000   -0.685209800
 280    0.595854200    0.374823300   -0.134332700
 281    9.004061000    0.791361800   -1.840502000
 282   -0.950000000   -1.533299000   -0.990259000
 283   -0.950000000   -0.803812900   -0.238426500
 284   12.743330000    1.231724000    0.023366770
 285   16.953160000    1.550543000   -0.868906600
 286   -0.950000000   -0.929681200    1.124925000
 287   10.055280000    0.928678800   -0.546889700
 288   11.298720000    0.690682800    0.059826920
 289   20.625640000    1.858277000    1.056273000
 290    6.352880000    0.162124200   -0.133383000
 291   -0.950000000   -0.987497900    0.017002980
 292   13.863860000    0.810044600    0.716667100
 293    8.457268000    0.493839400   -1.528565000
 294   20.011070000    1.286888000   -0.638775700
 295   10.249060000    0.767195400   -1.168941000
 296   15.715840000    1.090836000    0.362844300
 297   -0.950000000   -0.344078500    0.094042060
 298   -0.950000000   -1.214932000    1.367598000
 299   -0.950000000   -1.619492000   -1.095608000
 300   12.777500000    0.937097300    0.458000100
 301   -0.950000000   -0.581987200   -1.364303000
 302   -0.851230000    1.186540000    0.906897800
 303   -0.950000000   -1.399682000   -0.294599000
 304   -0.950000000    0.033545360   -1.568366000
 305   -0.950000000   -0.545002000    0.570533800
 306   12.107760000    1.245202000   -1.547627000
 307   -0.950000000    0.021642220   -0.125340800
 308   -0.950000000   -0.276335500    0.168583200
 309    3.892583000    0.515547700   -1.236001000
 310   -0.950000000   -0.151991100    0.360976900
 311   -0.950000000   -0.859942000    0.222565600
 312   -0.950000000   -0.556976300   -0.721640300
 313   -0.950000000   -1.058418000   -0.969457800
 314   -0.950000000   -0.514888500   -1.067018000
 315   11.928030000    1.088774000   -1.882689000
 316   21.609150000    1.707015000    0.500601800
 317   -0.950000000   -1.504624000   -0.184783100
 318   -0.950000000   -0.804862300   -0.348028600
 319   -0.950000000   -1.543587000    0.432214300
 320   17.004470000    1.297896000   -1.273118000
 321   -0.950000000   -0.345974200   -0.100760700
 322   -0.950000000   -0.714693100   -0.825119400
 323    9.101213000    1.320205000    1.351296000
 324   15.384560000    1.279779000   -0.975089600
 325    0.338811700    0.046275980   -0.058311500
 326    6.487888000    0.569465600    0.973457600
 327    2.044221000    0.153365500   -0.289974200
 328   -0.950000000   -0.142551700    0.075864870
 329    0.112921600   -0.081199100   -0.574236200
 330    9.838098000    0.795091100    0.169595700
 331   18.272070000    1.870805000   -0.273608900
 332   20.630360000    1.260108000   -1.722163000
 333   -0.950000000   -0.283291300    0.096014610
 334   12.082330000    0.895139500    0.264109200
 335    3.063060000    0.084344520   -0.762595400
 336   -0.950000000   -0.264493800    0.375646600
 337    3.563541000    0.264751100   -0.026964880
 338   -0.950000000   -0.425167400   -1.317018000
 339   -0.950000000   -1.365535000    0.265984800
 340   -0.950000000   -0.465928600    0.376809800
 341   -0.950000000   -1.163374000    0.764633100
 342    6.805949000    0.389756400    0.645768600
 343   21.092810000    1.529537000   -1.063592000
 344   -0.950000000   -0.270568500   -0.282157300
 345   -0.950000000   -0.799044200    0.650595400
 346    1.905236000    0.724897800    1.016598000
 347    6.599955000    0.584555600   -0.341411000
 348   -0.950000000   -0.427379500    0.367103200
 349   -0.950000000   -1.794153000   -0.515637200
 350    8.113792000    0.657079200   -1.330930000
 351    0.633242700    0.112455700   -0.526549000
 352    7.544257000    0.800329600   -0.603343100
 353    4.903289000    0.365106000   -1.083343000
 354   -0.950000000   -1.253019000    1.103115000
 355   -0.950000000   -1.004089000    0.743953400
 356   12.635470000    1.024760000    1.467032000
 357   -0.950000000   -0.746644100   -1.586107000
 358   -0.950000000   -0.774227100    1.124912000
 359    2.704239000    0.436836200    0.566332800
 360   -0.950000000   -0.869318500   -0.840370000
 361   -0.950000000   -0.416748200    0.310516900
 362    9.082749000    0.957424000   -0.848930500
 363   -0.950000000   -0.793218900   -0.154888300
 364    5.547800000    0.753478500    0.023295880
 365    5.981014000    0.098106320   -1.990172000
 366   -0.950000000   -0.401082200    0.927545100
 367    5.001598000    0.522486900   -0.594493800
 368    8.385773000    0.878899100    1.118889000
 369    7.063430000    0.766105600   -0.654039900
 370   -0.950000000   -0.514600200   -1.007084000
 371   -0.950000000   -0.844343000    0.868408800
 372    4.681163000    0.449934600   -0.475378600
 373   -0.950000000   -0.846720200   -0.237583700
 374   -0.950000000   -0.329324000   -1.635899000
 375   -0.950000000   -0.015390480    1.178666000
 376    0.152542200   -0.316729800   -1.249329000
 377    5.512681000    0.624423000    0.262087100
 378   -0.950000000   -1.880400000   -1.649554000
 379    2.852640000    0.239888600   -0.400339200
 380   14.419630000    1.214250000    0.916792800
 381    0.811194800    0.127325700    1.645107000
 382   -0.950000000    0.017905530    1.046295000
 383   -0.950000000   -1.098114000   -0.457041900
 384    6.010969000    0.622714300    0.437627200
 385   -0.950000000   -0.275313400    1.977289000
 386   -0.950000000   -0.572385100   -0.303188200
 387   -0.950000000   -0.244136000   -0.211712900
 388    7.014923000    0.556198600    0.193165100
 389   -0.950000000   -1.118975000    0.621739700
 390   16.339010000    0.840816600   -1.864733000
 391   -0.950000000   -1.328349000   -0.591981300
 392    1.097349000   -0.141365600   -0.283078500
 393   -0.482394100   -0.182485600    0.566936300
 394   -0.950000000   -0.796370900    0.653759800
 395    1.052002000    0.200696300    0.520265200
 396    5.023298000    0.049611500   -1.287240000
 397   13.495150000    0.856911300    0.593830400
 398    6.703936000    0.257600200   -0.609482700
 399   15.272310000    1.170352000    0.431813200
 400   18.170060000    1.826031000   -0.082680010
 401   11.207770000    0.761502800   -1.644226000
 402   -0.950000000   -0.273178700    1.044064000
 403    4.973799000    0.270086400    0.263984900
 404   -0.950000000   -1.407425000    0.304932700
 405   12.804220000    0.863156800    0.811947200
 406    3.086742000    0.170474000   -1.194119000
 407   -0.950000000   -1.514716000    1.813391000
 408   -0.950000000   -0.918689600    1.345189000
 409   -0.950000000   -0.309981500   -0.585975600
 410   -0.541089200    0.111994800   -0.262813600
 411   13.166170000    1.362021000    0.007787469
 412   -0.950000000   -0.463256400    1.173213000
 413   -0.950000000   -1.295352000    1.243675000
 414   -0.950000000   -1.574951000   -1.644412000
 415   -0.314307200    0.412277300    0.676536900
 416   -0.950000000   -0.393223700    0.266388100
 417   -0.950000000   -0.679107700    1.752891000
 418   -0.950000000   -0.722177500   -0.976572600
 419    5.316083000    0.353697000   -1.569348000
 420   -0.950000000   -0.979088800    1.259839000
 421   -0.950000000   -0.554710900   -0.265173600
 422   -0.950000000   -0.210100000   -0.759036300
 423   -0.950000000    0.103797000   -0.089910890
 424    4.325770000    0.883690500   -0.236182900
 425   -0.950000000   -1.277843000    0.527687000
 426   -0.950000000   -0.248548300    0.887984200
 427   -0.950000000   -0.337829400    1.677370000
 428   -0.950000000   -0.754649700   -0.201274500
 429   -0.950000000   -0.539055500   -0.582652900
 430   -0.950000000   -1.528125000   -1.417214000
 431    4.811700000    1.070169000    0.476551400
 432   -0.950000000   -0.726720400   -0.550517100
 433   -0.950000000   -0.663536000    0.833344400
 434   -0.950000000   -1.615477000   -0.892792700
 435    6.452702000    0.921825500   -0.435862300
 436   10.336500000    0.688994500   -1.273512000
 437   -0.950000000   -0.605738800    1.210500000
 438   13.271490000    1.227038000    0.300446100
 439    9.551306000    0.763825400    1.274864000
 440   -0.950000000   -1.562879000   -0.321559000
 441   -0.950000000   -1.021762000    0.562135700
 442   13.233360000    1.428415000    1.846816000
 443   -0.950000000   -0.547288000    0.274399700
 444    9.062418000    0.166329200   -1.431749000
 445   -0.950000000   -0.411821200    1.857869000
 446    8.080476000    0.282940200   -0.762553900
 447    7.805321000    0.556400700    0.930623500
 448   19.784180000    1.816574000    0.383506200
 449   18.031770000    0.982696100   -0.599825500
 450   -0.950000000   -1.119686000   -1.402246000
 451   -0.950000000    0.087762310    0.195811900
 452   -0.950000000   -1.476068000    0.164648200
 453    6.729155000    1.797400000    0.268131400
 454   -0.950000000   -0.221037600    0.199803000
 455    5.678658000    1.263885000   -0.104728700
 456   -0.950000000    0.463368300    0.031518890
 457   -0.950000000   -1.406773000   -0.058005210
 458   -0.950000000   -0.495092400   -0.139747500
 459   -0.950000000   -0.931786900   -0.644395700
 460    1.724213000    0.664142100    0.505797100
 461   -0.950000000   -0.289698700    0.008165131
 462   -0.950000000   -1.662863000   -0.974578300
 463   -0.950000000   -1.038604000    0.828546900
 464   -0.950000000   -0.563097700   -0.737754200
 465   -0.950000000   -1.483510000   -0.529185200
 466   -0.221087700    0.626956200    0.854292600
 467   -0.950000000   -0.062946100    0.846039000
 468    5.915351000    0.935175200   -0.242913000
 469   -0.950000000    0.016218420   -1.226124000
 470   -0.950000000   -1.211626000    0.639442000
 471   -0.950000000   -1.094284000    0.203131000
 472   -0.950000000   -0.359239500   -0.483348000
 473   -0.950000000    0.010564480   -0.193062900
 474    1.857947000    0.510315400   -1.417596000
 475   -0.950000000   -0.578310600    1.492360000
 476   -0.950000000   -1.140689000   -0.561134800
 477   -0.950000000   -1.731087000   -1.205901000
 478   -0.950000000   -1.355259000   -0.014152930
 479   -0.950000000   -0.650284500    0.913071400
 480   -0.950000000   -0.652352500   -1.551835000
 481    1.804692000    0.209871400   -0.799336000
 482    0.688361200    0.205605300    0.327575600
 483   -0.950000000   -0.831044100   -0.021211910
 484    9.413989000    0.779204300    0.414595000
 485    7.326552000    0.816996700   -0.064104780
 486   -0.950000000   -0.232153600   -0.470908000
 487   -0.950000000    0.090945300    0.812435400
 488   -0.950000000   -0.734866300    0.164876000
 489    4.976329000    0.356198400    0.653154300
 490    0.001924058    0.090656580   -0.294248500
 491    0.364883500   -0.205379900   -1.293317000
 492   -0.950000000   -1.090935000    0.030202740
 493   -0.950000000   -0.491670000    0.092122930
 494    4.093728000    0.388737000    0.301241500
 495   -0.950000000   -0.701855900   -0.362704700
 496   18.142540000    1.660824000    0.645514300
 497   -0.950000000    0.046955560    1.140826000
 498   -0.950000000   -0.169779200    0.475350100
 499    7.204148000    0.787063000   -0.000686675
 500   -0.950000000   -0.781754100   -0.501534900
 501   -0.625307500    0.079640780   -0.366930900
 502   -0.950000000   -1.240478000    0.547371000
 503   -0.950000000   -0.677716800    0.620822600
 504   -0.950000000   -0.198846800   -1.356715000
 505   -0.950000000   -1.218978000   -0.787808900
 506   -0.586964700    0.029888630   -1.121409000
 507   -0.950000000   -0.366583100   -0.480614500
 508   -0.950000000    0.046867970   -0.053469790
 509   -0.950000000   -0.248258500    0.996592000
 510   -0.950000000   -1.425577000    1.246467000
 511   -0.950000000   -1.813609000    0.466603300
 512   -0.950000000   -0.297637900    0.929152900
 513    5.438491000    0.965012000    0.029934630
 514   -0.950000000   -0.496546300    0.251152400
 515   21.597700000    1.771099000    0.079524260
 516   10.029410000    0.767672600    0.311064500
 517   -0.950000000   -1.504968000   -1.896702000
 518   -0.950000000   -0.262620300    1.566687000
 519   -0.950000000   -0.976797400   -0.152243800
 520    2.169455000   -0.182443200   -1.144792000
 521   -0.655167800    0.188078700    1.044643000
 522    1.020732000   -0.201320200   -1.079218000
 523    8.384584000    0.861561100    1.881713000
 524    5.916797000    0.343554500   -0.505644200
 525   -0.950000000   -1.584057000    0.792252500
 526   17.494780000    1.655198000   -0.619020400
 527    8.954721000    0.700982900    0.068647780
 528    3.584168000    0.315777900    0.393792700
 529   -0.950000000   -1.214869000    0.979342600
 530   -0.950000000   -0.594353200   -0.945546300
 531   12.676250000    1.508866000   -0.770852300
 532   -0.950000000   -0.159737500    0.623201800
 533   -0.950000000   -0.155852100   -0.082141810
 534    8.558584000    1.119663000    0.505828200
 535   -0.950000000   -0.374362600    0.495755100
 536    5.267775000    0.514662800   -0.318823200
 537   10.632690000    0.945611300   -0.458534200
 538    4.746173000    0.197099100    0.593187700
 539   -0.950000000   -1.131157000   -1.276063000
 540   -0.950000000   -0.499258200   -0.590643000
 541    6.608966000    0.912091600   -1.652457000
 542   14.588010000    0.960760100   -0.732812400
 543   -0.950000000   -1.858155000   -1.986816000
 544   -0.950000000   -0.680315300    0.571342200
 545    0.339244100   -0.174328100    1.508591000
 546   16.876490000    1.326452000   -0.730499400
 547   -0.788569000   -0.258665700   -0.435734700
 548    3.750247000    0.083384280   -0.860625200
 549    2.202567000   -0.056374250    0.465844600
 550   -0.950000000   -0.236404300    1.491058000
 551   -0.950000000   -0.635435400   -0.783050200
 552    1.063265000   -0.165416700   -0.904881200
 553    2.972051000    0.535320400    0.873560400
 554   -0.950000000   -0.973370300    1.335933000
 555   14.962880000    1.675981000    0.560351700
 556    9.806375000    0.797974700   -1.550613000
 557    0.590656600   -0.120592000   -1.052880000
 558   -0.308258000    0.048192640    0.665684600
 559    5.903076000    0.238572100   -1.610485000
 560   -0.950000000   -1.326788000   -0.132887600
 561   -0.950000000   -0.143603600    0.827727300
 562   14.554550000    1.344731000    0.563701800
 563   -0.950000000   -0.842081300    0.483083800
 564   -0.950000000   -0.815616700    0.474597200
 565   -0.950000000   -0.617531900    0.260901100
 566   -0.950000000   -0.659819100   -0.647787300
 567    3.103129000    0.188276600   -0.144489300
 568    8.576045000    0.812711900    0.016092400
 569   -0.950000000   -1.165903000    1.116650000
 570   -0.950000000   -0.057370890    0.243534500
 571   -0.950000000   -0.146402800   -1.059571000
 572   -0.950000000   -0.382519300    1.482091000
 573   -0.950000000   -1.143545000   -1.445543000
 574   -0.891767600    0.347452000    0.779125500
 575   -0.950000000   -0.847366000    0.476702000
 576    1.627505000    0.457222600    1.293945000
 577    8.681286000    1.310993000   -0.700756700
 578   -0.950000000   -1.376434000   -1.475969000
 579   -0.950000000   -1.289123000    0.957247000
 580   -0.950000000   -0.002327459   -0.664198400
 581   -0.950000000   -0.128491900   -0.919500000
 582   -0.950000000   -0.099912970    0.444304500
 583   -0.950000000   -1.126474000    0.626196300
 584   -0.950000000   -0.951975300   -1.174052000
 585   17.222060000    1.604984000   -0.608716000
 586    3.418799000    0.253676200    0.045632810
 587   -0.950000000   -1.058544000   -0.541598700
 588   -0.950000000   -1.146074000   -0.325397200
 589   13.612030000    0.821773200   -0.523023000
 590   23.442220000    1.604067000    0.465599100
 591   14.944460000    1.157098000   -0.761832400
 592   12.401530000    0.922972000    0.063423850
 593   -0.950000000   -0.100346700    0.979276200
 594   11.546570000    0.814773300   -0.338272800
 595    7.287827000    0.670318400    0.358447500
 596   -0.950000000   -0.617079000    1.993694000
 597    7.567175000    0.382831600   -0.337451700
 598   -0.950000000   -1.959700000    1.066538000
 599   -0.950000000   -0.714810500    0.554172000
 600    0.943467300    0.038207380    1.386869000
 601   -0.950000000   -1.614223000   -0.384116300
 602   -0.950000000   -0.776814800   -1.081117000
 603   -0.950000000   -0.339050100   -0.171041000
 604    1.410329000    0.424700700   -0.882083200
 605   -0.950000000   -0.215660900    0.501555900
 606   -0.950000000    0.300118100    1.307860000
 607   -0.950000000   -1.011544000   -0.349260000
 608   -0.950000000   -1.412044000   -0.281426600
 609    7.778111000    0.833641500   -0.569792000
 610   -0.950000000   -0.459004300   -1.054714000
 611   -0.950000000    0.366292200    1.343906000
 612    8.693093000    1.175191000   -1.604712000
 613    5.025903000    0.590272500   -1.522305000
 614   -0.950000000   -0.080481900   -0.097114120
 615   -0.950000000   -0.915629400   -0.374891200
 616   -0.950000000   -0.447738000   -0.407652000
 617   -0.950000000   -1.196959000   -0.765562900
 618   -0.950000000    0.323560500   -1.094770000
 619   -0.950000000   -1.217241000   -0.456089100
 620   -0.950000000   -1.553064000   -1.202465000
 621   -0.950000000   -1.726958000   -0.095587020
 622   -0.950000000   -1.269504000    0.062125500
 623   -0.950000000    0.006674500   -0.502730600
 624    1.983996000    0.704479500   -0.551901400
 625   -0.950000000   -0.041864010   -0.229992100
 626   -0.950000000   -0.328555900    0.122260700
 627    3.474696000    0.905146100   -0.302693400
 628   -0.950000000   -0.391755100   -1.206810000
 629    2.500195000    0.784689200   -0.570307900
 630   -0.950000000    0.034048770   -0.600867600
 631   13.948340000    1.310455000    0.605004700
 632   -0.950000000   -1.696474000   -0.623606400
 633   17.719290000    1.370220000   -0.616380800
 634    0.502560600    0.074995380    1.107345000
 635   -0.950000000   -0.337208600    1.526445000
 636   -0.718292800   -0.096046670    0.586821700
 637   -0.950000000   -1.148667000   -0.981104600
 638   -0.950000000   -0.529792900    1.700987000
 639   -0.950000000   -0.289927200    0.041238580
 640    4.416004000    0.196960600   -0.479191400
 641   -0.950000000   -0.984781700    0.310212100
 642    3.619699000    0.214652700    0.003688995
 643    0.748548400   -0.096885390    0.249095800
 644   -0.950000000   -1.201273000   -0.967813800
 645    9.379171000    0.690506400   -0.371468900
 646   -0.950000000   -0.704309000   -0.833382900
 647   -0.950000000    0.040720210    0.287520500
 648   -0.950000000   -1.653309000    0.011199710
 649   -0.950000000    0.227129000    0.175586800
 650   -0.950000000   -0.265842400   -0.070207220
 651   11.492380000    0.978192700   -0.473120300
 652   -0.950000000    0.085790770    0.190637300
 653   10.153100000    1.142958000    0.072049170
 654    0.255804000    0.204327300    0.484335800
 655   -0.950000000   -0.962807600   -1.376345000
 656    5.571193000    0.693228600   -0.938839900
 657   -0.950000000   -0.247601500    0.226480700
 658    3.488704000    0.787008900   -0.207626500
 659   14.718210000    1.472902000    0.318483400
 660   -0.950000000   -0.486962200   -0.737164700
 661   -0.031465520   -0.970581500   -1.427285000
 662    9.087477000    0.567612000    0.604771800
 663   20.615460000    0.884993100    0.388896500
 664   26.064150000    1.422359000   -0.685399100
 665   16.060950000    1.018935000   -0.256785500
 666   16.823320000    0.777098200   -0.072910060
 667   16.039780000    0.834698900    0.217769600
 668   21.346980000    1.440255000   -1.048697000
 669    9.433121000    0.576390900    0.158663600
 670   10.531690000    0.284493100   -0.367743000
 671   17.865300000    1.067468000   -0.233081600
 672   18.057480000    1.606673000    1.124343000
 673   12.778420000    0.796238500    0.149486100
 674    7.298450000   -0.133039100   -1.017967000
 675   12.405380000    1.420409000    1.787163000
 676    7.309482000    0.491362600    0.540975100
 677   -0.950000000   -0.577437700    0.828882100
 678   12.941730000    1.211996000    0.861375100
 679    7.620704000    0.311158200   -1.394385000
 680    0.708777000   -0.086688760   -0.264306500
 681   -0.950000000   -1.580168000   -1.295144000
 682    5.186385000    1.163828000    1.816808000
 683   -0.950000000   -0.754048300   -1.061047000
 684   -0.118067300    0.041690710    0.934578700
 685    9.411688000    0.755178500   -0.487205000
 686    2.828735000    0.018602190    1.087013000
 687   -0.950000000   -1.420858000   -0.661554700
 688   13.760440000    1.091275000    0.010870620
 689   -0.950000000   -1.157684000    0.539726400
 690    6.104608000    0.430542900    0.928953500
 691   -0.227513100    0.050312440   -0.004735094
 692    0.601658600    0.132632800    1.047291000
 693   -0.950000000   -0.677544200    0.056550050
 694   -0.950000000   -1.105887000    1.067601000
 695   -0.950000000   -0.735056500   -1.040801000
 696   -0.950000000   -1.172523000    0.086014140
 697   -0.950000000   -0.577631200    0.114991200
 698   -0.950000000   -1.748356000   -0.187656500
 699    8.123453000    0.708504700   -1.756329000
 700   -0.950000000   -1.511550000    1.381420000
 701   -0.950000000   -0.259328900   -0.730185300
 702   -0.950000000   -0.139858100    0.961070800
 703    8.908408000    0.853484000   -1.504826000
 704   18.547530000    1.782715000   -0.618553700
 705   -0.950000000    0.034177180    1.099929000
 706   -0.502144100   -0.016003640    0.139633000
 707   -0.457799100    0.053048640   -0.600488800
 708   -0.950000000   -0.909768900   -1.024961000
 709   -0.950000000   -0.871891800   -0.424345100
 710   -0.950000000   -0.219371500    1.317897000
 711    1.054975000    0.389269800    0.442115100
 712    0.689313700    0.069119920   -0.395059600
 713    6.773675000    0.991169500    0.675006400
 714   13.032970000    1.165565000   -0.876169100
 715   -0.950000000   -0.345205100    0.465164800
 716   -0.950000000   -1.712760000    0.374522500
 717   -0.950000000   -0.704063000   -0.280696400
 718    3.868517000    0.732354700    0.132859600
 719    7.179551000    0.771181000   -1.236263000
 720   -0.950000000   -1.063200000    0.339630000
 721   -0.950000000   -0.431697800   -0.062767250
 722   -0.950000000   -0.510752300    0.820649900
 723   -0.950000000   -0.612031200   -0.995986900
 724   -0.950000000   -1.585321000    1.766573000
 725    1.158452000   -0.006291637   -1.469218000
 726   -0.950000000   -0.257082400    0.253089700
 727   -0.950000000   -0.166534800   -1.645585000
 728   -0.950000000   -1.010822000    0.513965200
 729   -0.505161500    0.318588200   -0.091721060
 730   -0.950000000   -0.547831200   -1.095070000
 731   -0.950000000    0.436159600    0.153683200
 732   -0.950000000   -0.324479600    0.765429000
 733   -0.950000000    0.088821560   -0.266285500
 734   -0.950000000   -0.381365600    0.718788300
 735   -0.950000000   -0.016364990   -0.236486400
 736   12.997680000    1.971284000    0.956164200
 737    0.053131460    0.211590400    0.082999550
 738   -0.950000000   -0.972748500   -0.526575100
 739   -0.950000000   -1.613451000   -0.136404600
 740   -0.950000000   -0.289223300   -1.168472000
 741   -0.233260300   -0.242953300   -0.963520300
 742    3.878374000    0.414794000   -1.051906000
 743   21.430600000    1.798656000    0.581874500
 744    1.547751000    0.334509400    0.115375400
 745   -0.950000000   -0.782765400    0.250900200
 746    0.047678700   -0.227658700   -1.579370000
 747   -0.319345100    0.184587700    0.726279000
 748    3.329892000    0.300110000   -0.738303900
 749    3.495446000    0.272025400    1.291656000
 750   -0.950000000   -0.413286800   -0.084312010
 751    5.158029000    0.639955500    0.045122190
 752   -0.950000000   -0.721022900    0.975384300
 753    3.848841000    0.559008500    0.524539000
 754   -0.950000000   -0.006349953    0.135555200
 755    2.252127000    0.574845500   -1.045061000
 756   -0.950000000   -0.662328300   -0.358707900
 757   -0.950000000   -0.161909900    1.100663000
 758   -0.950000000   -1.158989000    0.500519000
 759    6.225265000    0.384680100   -1.145623000
 760    5.663725000    0.544029900   -0.221020200
 761   -0.950000000   -0.498681900   -1.797453000
 762    9.818029000    0.876360700   -1.363412000
 763    9.242717000    0.938493300   -0.874007900
 764   -0.950000000   -1.129036000   -0.477715800
 765   -0.175825000   -0.013271690   -0.610814100
 766   -0.950000000   -0.255081000    0.350882800
 767   -0.950000000   -1.157701000    0.465578300
 768   -0.950000000   -1.364159000    0.524357500
 769   -0.638184000    0.549004300    0.615450000
 770    2.479143000    0.389247500    0.393529200
 771    5.994447000    0.965142500   -0.334651500
 772   -0.950000000   -0.136416900    0.137559800
 773   -0.950000000   -0.688617500   -0.637663300
 774   -0.392946600    0.424967200   -0.365844200
 775   -0.950000000   -1.078769000   -0.045029910
 776   -0.950000000   -1.118940000    0.244564600
 777   -0.950000000    0.286954100    0.128253000
 778   -0.950000000   -1.460820000   -0.667642700
 779   -0.950000000   -1.114756000   -1.642959000
 780   12.428700000    1.683770000   -0.324063600
 781   -0.950000000   -0.847156800   -0.299847200
 782   -0.950000000   -0.069777980    1.936245000
 783    0.938081200    0.590242600    0.844555000
 784    0.751193300    0.060071120   -1.414449000
 785   -0.950000000   -0.197261300   -1.135372000
 786    6.724995000    0.716030900   -1.692484000
 787   -0.950000000   -1.904523000   -0.593906500
 788   -0.950000000    0.099732920   -0.260938200
 789   -0.950000000   -0.113830500   -0.559696200
 790   -0.950000000    0.041921160    0.032719740
 791   -0.950000000   -0.794785800   -0.616489400
 792   -0.950000000   -0.446782000   -0.249556000
 793    5.092605000    0.944128800    0.135616600
 794   -0.950000000   -0.990801700   -1.076764000
 795   -0.950000000   -0.421334100   -0.301998400
 796   -0.950000000   -0.973662100   -1.036059000
 797   -0.950000000   -0.951323100    0.171461700
 798   -0.950000000   -0.387010200    1.197727000
 799   -0.950000000   -1.293019000    0.717029300
 800   25.585410000    1.785343000    0.331813300
 801    1.424070000   -0.247510000   -0.714753700
 802   11.359530000    0.811015100   -1.009128000
 803   10.900800000    0.804172500   -0.464526400
 804    4.830527000   -0.117513500   -1.535310000
 805   18.499880000    1.815118000   -0.380678600
 806    0.282850400   -0.222510600    0.588517900
 807    4.950690000    0.511896900    1.337480000
 808   15.093250000    1.111851000   -0.435760200
 809   -0.950000000   -1.140876000    1.080928000
 810   -0.950000000   -1.649264000    0.391653700
 811    9.857243000    1.123537000   -1.982679000
 812    0.143826600   -0.224926600   -1.286744000
 813   -0.950000000   -0.829978600    0.498723700
 814   10.676260000    0.997825800   -0.067974110
 815   -0.950000000   -0.992197600   -1.680845000
 816   12.469930000    1.646751000    0.467798400
 817   -0.325469400    0.225573600    1.422997000
 818   -0.950000000   -0.465150900    1.099898000
 819    4.505089000    0.354250200   -1.317160000
 820   14.335070000    1.108706000   -1.295582000
 821    5.103531000    0.749305100    0.740357200
 822    5.175168000    0.648297900    1.489391000
 823   -0.950000000   -0.727958600    0.664008000
 824    4.944815000    0.318966700   -0.950767000
 825   10.527610000    0.959342400   -0.201065500
 826   -0.950000000   -1.277950000    1.540876000
 827    6.000099000    0.066022310   -0.907677300
 828    5.897325000    0.491772200   -0.080104440
 829   -0.950000000   -0.282718000    0.138558700
 830   -0.517137100   -0.276435700    0.277228800
 831   -0.950000000   -0.883943300    1.567875000
 832   18.636180000    1.474279000   -1.735327000
 833    5.440753000    0.451685300    0.778418400
 834   -0.950000000   -0.488000500    0.113142200
 835   -0.950000000   -0.950940800    1.285104000
 836    8.767866000    0.322457100   -1.290340000
 837   -0.950000000    0.132586500    0.901086700
 838   -0.950000000   -0.656726700    0.565419500
 839    1.842998000    0.140373300    0.665220800
 840   -0.950000000   -0.969740300   -0.496810900
 841   -0.950000000   -0.096017860   -1.171565000
 842   -0.950000000   -1.579286000    0.147447200
 843   -0.950000000   -0.765044600    0.552597300
 844   21.572470000    1.860964000   -0.153711200
 845    7.251257000    0.801971500   -0.867313100
 846   -0.950000000   -0.897369900   -0.642180200
 847   -0.950000000   -1.310390000   -0.671658500
 848   -0.950000000   -0.606611700    0.970445600
 849    3.662063000    0.814365400   -0.368045400
 850   -0.950000000    0.063963030    0.727890300
 851   -0.950000000   -0.964518500   -0.131225000
 852   -0.950000000   -1.755206000    1.385244000
 853    0.151001100    0.017298980   -1.098732000
 854   -0.950000000   -1.727602000    0.178151600
 855   -0.950000000    0.515913600    0.635839400
 856   -0.950000000   -0.645866300    0.253609100
 857   -0.950000000   -0.268786900    0.102614700
 858    9.734213000    1.317743000   -0.171914800
 859    3.256770000    0.512103800   -0.234433000
 860   -0.950000000   -0.920907600    0.568753400
 861   -0.950000000   -1.245968000    0.631330300
 862    2.118656000    0.266104100   -0.375678900
 863   -0.037315010    0.277846400    0.550907600
 864   -0.950000000   -0.512476800   -0.418265300
 865   -0.950000000   -0.280311800   -0.843352700
 866    6.303670000    0.694435300   -0.540944300
 867   -0.950000000   -1.341950000    1.471245000
 868   11.150680000    0.855348000   -0.998177700
 869   -0.950000000   -0.218841600    0.703171700
 870    5.165938000    0.387209500   -1.196914000
 871    7.442002000    0.441634900    0.360614900
 872   19.303530000    1.508370000   -0.805343000
 873    4.999285000    0.013720110   -1.220142000
 874    9.422932000    0.881253000    0.508989400
 875   -0.950000000   -1.711577000    0.667752200
 876   15.214900000    1.025558000    0.831370500
 877   22.054920000    1.931455000   -1.308124000
 878   -0.950000000   -0.465022500   -0.402276700
 879   -0.950000000   -0.714289700   -0.023664400
 880   19.355780000    1.374110000   -0.861983300
 881   13.546790000    0.925025900   -0.262700900
 882   12.873850000    0.743324300   -0.773538000
 883   -0.950000000   -0.977308100    1.479529000
 884    6.406249000    0.393323500    1.490695000
 885   11.269020000    1.125398000   -0.127267000
 886   -0.009813205   -0.385967600   -0.447514300
 887   -0.950000000   -0.376350700   -0.212245400
 888    9.499540000    0.727967500    1.020346000
 889    2.039220000    0.023090890   -0.019484540
 890    6.945701000    0.458865700    0.349327600
 891    9.901882000    0.897045900    0.734321100
 892    4.329948000    0.261572700    0.016484930
 893   -0.950000000   -0.991582100    1.145678000
 894   -0.950000000   -0.837979300    0.839967300
 895   11.791060000    0.764781300    0.475557300
 896   -0.950000000   -0.962774400    1.088865000
 897    1.281401000   -0.176362400   -0.335403100
 898   -0.950000000   -1.424624000    0.743780100
 899    7.784099000    0.358823200   -1.092581000
 900    2.080252000   -0.188804000   -1.007527000
 901   -0.950000000   -0.191824600    0.895749100
 902    4.494644000    0.321600100   -0.035593730
 903    2.174871000    0.131051500   -0.358542000
 904   -0.950000000   -0.545174600   -1.519016000
 905   -0.950000000   -0.629663700   -1.959644000
 906   -0.950000000   -1.612359000   -0.540860000
 907   -0.950000000   -0.695438000    1.424318000
 908    5.584457000    0.958047000   -0.123036400
 909    2.090628000    0.383731300   -0.029513600
 910    9.858047000    0.910372800    0.336145400
 911   -0.950000000   -0.672280000   -0.566721600
 912   25.509940000    1.917707000   -0.537863600
 913   -0.950000000    0.082756170    1.184991000
 914   -0.633175000   -0.048900740   -1.101912000
 915   -0.950000000   -0.380871600    0.292857900
 916   -0.950000000   -0.369309700   -0.540282700
 917   -0.950000000   -1.574702000   -1.627542000
 918    1.779596000    0.806463200   -0.168166100
 919   -0.950000000    0.111312700    0.735762700
 920   -0.950000000    0.022310810    0.330953300
 921   -0.950000000   -0.675614100   -0.775238200
 922   -0.630460600    0.205075000   -0.987057900
 923    5.504232000    0.936208300   -0.054819540
 924    1.155324000    0.529689800    0.569120400
 925   -0.950000000    0.039432400   -0.931923200
 926   -0.950000000   -0.155625100   -0.567662700
 927   -0.950000000   -1.391442000    1.285164000
 928    0.039701940    0.374372700   -1.520219000
 929   -0.950000000   -0.589755600    0.213375600
 930   12.021760000    1.506505000   -1.465273000
 931   -0.950000000   -0.985923300    0.075301300
 932   -0.950000000   -0.796713100    0.876783300
 933   -0.950000000   -1.311798000   -1.089910000
 934   -0.950000000   -0.510405300    1.002027000
 935   -0.950000000   -0.153931800    0.619710000
 936   -0.950000000   -0.071114930    0.092293920
 937   -0.950000000   -1.324064000    1.185553000
 938    8.427388000    0.956844700   -0.416810800
 939    4.372963000    0.515047000   -1.369596000
 940    3.178828000    0.391537000   -1.167156000
 941   -0.950000000   -0.087328410    0.900410400
 942   -0.950000000   -0.500175300    1.035083000
 943   -0.950000000   -1.614937000    0.022048740
 944   10.309700000    0.748241300   -0.462439500
 945   -0.950000000   -1.375949000    0.399224600
 946   -0.950000000   -0.842181400   -0.188702300
 947    0.434188200   -0.067324990    0.484889500
 948    8.417229000    0.469044200    1.770585000
 949   -0.950000000   -0.139582200    1.933437000
 950   -0.950000000   -0.890748700   -1.468690000
 951   15.514900000    1.335970000    1.408283000
 952   11.142070000    0.664526600   -0.177732700
 953   -0.950000000   -1.826531000   -1.725955000
 954    8.623360000    0.629351300    0.022781990
 955    3.350608000   -0.002884775   -0.430366900
 956    7.447260000    0.443817900    0.602853200
 957   -0.950000000   -0.176449900    0.597052700
 958   14.723710000    0.802175700    1.484676000
 959   -0.950000000   -0.664475200   -0.475870700
 960   11.345030000    1.184224000    1.286670000
 961   16.053720000    1.485519000   -0.622216500
 962   -0.950000000   -0.583585500   -1.095922000
 963   -0.950000000    0.055612420   -0.161727500
 964   -0.950000000   -0.308819200    0.611400700
 965   -0.950000000   -0.653567300    0.886159800
 966    5.416483000    0.577881800   -1.073611000
 967    4.977882000    0.652527200   -1.220970000
 968    3.642788000    0.567514000    0.406424800
 969    4.335620000    0.475542400   -0.789937600
 970    6.375913000    0.819391600    0.416379900
 971   12.507490000    1.431716000   -1.324813000
 972   -0.950000000   -0.172857700    0.397926800
 973    0.559667700    0.245622300    0.199259400
 974    7.415478000    0.749114100   -0.762178000
 975    2.683278000    0.143482400   -0.855983000
 976    4.379950000    0.046128270   -0.222047900
 977   -0.950000000   -1.672526000    0.693782600
 978    0.396714400    0.000001871    0.678282200
 979   -0.950000000   -0.635940300    0.312225700
 980    0.002172212   -0.171501700    1.169081000
 981   -0.950000000   -1.326016000   -0.824285800
 982   -0.195458400   -0.384319100   -0.581572800
 983    5.795782000    0.113170200    0.880431700
 984    6.221518000    0.427334500    0.903722600
 985   -0.950000000   -0.367590500    1.907681000
 986   -0.950000000   -1.409769000    1.160116000
 987    5.910744000    0.258959200    0.268419900
 988   23.987140000    1.676329000   -0.559584100
 989   15.564200000    0.730989100   -1.604495000
 990   -0.950000000   -0.729647800    0.287025100
 991   -0.950000000   -1.179377000   -0.401784600
 992   10.529740000    0.619981000   -0.348619500
 993   -0.950000000   -0.139969200   -0.314267800
 994   13.113040000    1.284716000   -1.660814000
 995    4.585467000    0.367312600    0.311809200
 996   -0.950000000   -0.626381400    1.002462000
 997   -0.467385700   -0.297609400   -0.620658000
 998   -0.950000000   -1.014497000    0.596869100
 999   -0.950000000   -0.191208400    0.883705800
1000    0.575662000    0.332141800    0.638394900
1001   -0.950000000   -1.209568000    0.235173800
1002    9.621506000    0.625621400    1.106948000
1003    2.809480000    0.212605500   -0.775657700
1004    5.113888000    0.485495600    0.803599600
1005   -0.950000000   -1.176900000   -0.533799100
1006   24.281600000    1.702782000   -0.837946100
1007   -0.127463700   -0.812197100   -1.562901000
1008   18.730970000    1.401419000   -1.384656000
1009   15.385150000    0.913102400   -0.388705100
1010    4.072610000   -0.169459700   -0.603866200
1011    9.975485000    0.664905300    0.296642600
1012   12.046370000    0.603688100    0.100350500
1013    0.371893700   -0.200108200    0.660477400
1014    1.076213000    0.099890810    0.863326700
1015    8.475154000    0.492419100    0.567410000
1016    0.604850300   -0.199382600    0.872312900
1017   10.903850000    0.671618200    1.811376000
1018   12.388570000    0.990416900   -0.872344900
1019   21.120530000    1.778431000   -0.434005800
1020   -0.950000000   -1.357263000   -0.876576200
1021   -0.950000000    0.023520760   -0.018256640
1022   -0.950000000   -1.514989000   -0.491629000
1023   -0.950000000   -0.694418100   -0.902175800
1024   -0.950000000   -0.559686800    1.369731000
1025    8.445350000    1.146363000    0.576481100
1026    6.994782000    0.997117400   -0.193360900
1027   -0.950000000    0.400755900    1.425028000
1028   -0.950000000   -0.990287800   -0.698483600
1029   -0.950000000   -1.495740000    0.354328500
1030   -0.950000000    0.238897500    0.663052600
1031   -0.950000000   -0.762066900   -0.845169300
1032    0.494826500    0.421222500    1.489216000
1033   -0.950000000   -0.867559400    0.524000700
1034    2.922466000    0.473376200   -0.633812300
1035   -0.950000000   -1.401119000    0.112186100
1036   -0.950000000   -0.286449600   -0.087018790
1037   15.365460000    1.086684000   -0.473691700
1038    4.121453000   -0.135172800   -1.693889000
1039   -0.950000000   -0.915916500    0.844746600
1040   -0.950000000   -1.316923000    0.628134200
1041    8.391094000    0.556205400   -1.090429000
1042    7.273105000    0.452944300   -1.105020000
1043   -0.950000000   -0.498902500    0.410020100
1044    6.374248000    0.696285700    1.255564000
1045    6.030689000    0.454309400    0.328102900
1046    5.842452000    0.860067200    1.085597000
1047   -0.950000000   -0.725148600   -1.527713000
1048   11.705580000    0.981190600   -0.459221200
1049    4.037182000    0.298858500   -0.409055900
1050   -0.950000000   -0.792271800   -1.352159000
1051   13.005790000    0.893680700    0.360508200
1052    2.566162000    0.297117800    1.560356000
1053   11.560100000    1.035478000    0.837783400
1054   -0.950000000   -0.711274100    1.039536000
1055   10.524480000    1.117991000    0.910139400
1056   -0.950000000   -1.129711000   -1.385243000
1057   -0.430784500   -0.369595900   -0.035914830
1058    4.318927000    0.562797200    1.329069000
1059   -0.950000000   -1.350409000   -0.024307770
1060   -0.950000000   -1.777619000    1.361147000
1061   12.381710000    0.721872000    0.539006700
1062    8.738632000    0.220461200   -0.955120900
1063   -0.950000000   -0.926886700    1.104958000
1064    6.538917000    0.770214000    1.076443000
1065    8.621596000    0.772627300    0.741417100
1066   -0.950000000   -1.177527000    0.630428300
1067   -0.950000000   -0.131296000   -0.040446440
1068   -0.950000000   -1.715228000   -1.495303000
1069   -0.950000000   -0.733717600    0.036401730
1070   -0.950000000   -0.331543100   -0.154796900
1071   -0.950000000   -1.212314000    0.117339100
1072    3.824604000    0.736763700   -0.177224600
1073    2.287958000    0.292062300   -0.456594600
1074   -0.950000000   -0.143554900    1.526985000
1075   -0.950000000   -0.503694200    0.724695500
1076    6.645038000    0.806469400    0.164445700
1077   -0.950000000   -1.397233000    0.067363540
1078    4.722634000    0.494991600   -1.237207000
1079   -0.950000000    0.037801110    0.308229400
1080   -0.950000000   -0.461911100   -0.661954400
1081   -0.950000000    0.307809600    1.013480000
1082    3.597602000    0.026041850   -0.352206100
1083   -0.950000000   -0.839850200    1.560836000
1084   -0.328372900    0.108656000    0.650477600
1085   -0.950000000   -1.395724000   -1.267074000
1086   -0.950000000   -1.230447000    1.013209000
1087   -0.950000000   -0.029651120    0.563347500
1088   -0.874651800   -0.219220200   -0.127741900
1089   11.049370000    0.687491500    0.515035200
1090   12.836750000    1.332880000    0.411835900
1091   -0.950000000   -0.415226500   -0.729937000
1092   -0.606331000    0.018217500    0.164381300
1093   -0.950000000   -0.783856700    0.900952100
1094    5.116618000    0.532639400    0.743797200
1095   -0.950000000   -0.897111100   -0.254050800
1096    0.129457100    0.489520900    0.580600200
1097   13.206460000    1.173768000   -0.582117200
1098   -0.950000000   -1.252943000   -1.673553000
1099   -0.950000000   -1.588628000   -1.332256000
1100    7.796648000    0.948243700    0.096911470
1101    1.199839000    0.394694300    1.426222000
1102   11.335170000    1.045750000   -1.085328000
1103   13.743350000    1.050636000   -0.103423200
1104   -0.950000000   -1.449339000    1.784885000
1105   -0.950000000   -0.473117500   -0.755966600
1106   -0.950000000   -0.297628900    0.904350300
1107   -0.950000000   -1.774408000    0.789381400
1108   -0.950000000   -0.267686600    0.123128900
1109   18.576270000    1.541575000   -0.763480800
1110   -0.950000000   -0.028179270    0.298112500
1111   -0.950000000   -1.263334000   -0.457100600
1112   -0.950000000   -0.121124500    0.526002900
1113   -0.950000000   -1.683853000   -0.308177800
1114   -0.950000000   -0.996900300   -0.294946500
1115   -0.950000000   -0.964124100    0.882111100
1116    8.667409000    1.111661000   -0.442023300
1117    2.346231000    0.915391800    0.902565300
1118   -0.950000000   -1.318098000   -0.994677600
1119    2.635902000    0.866114600   -0.303972600
1120   -0.950000000   -0.065416340   -0.412131300
1121   -0.950000000   -0.838896800   -0.534698800
1122   -0.950000000   -0.357909500   -0.387722800
1123    1.840169000    0.536539400   -0.689189900
1124   -0.950000000   -0.137884300   -1.161372000
1125    7.789414000    0.688757300   -0.689461600
1126    1.356367000   -0.053530320   -0.748843000
1127   -0.950000000   -0.952570000    0.006463225
1128    2.569302000    0.219711500   -1.070339000
1129   -0.950000000   -0.125102200    0.463307300
1130    4.422317000    0.305052200   -0.280086700
1131    7.053304000    0.380815400   -1.578170000
1132    4.336094000    0.392891400   -0.517905500
1133    5.710666000    0.395667800    0.410286200
1134   -0.950000000   -0.115721900    0.824513500
1135   17.217820000    0.961254800   -1.250480000
1136   -0.950000000   -0.302258400   -0.315200200
1137   11.711900000    0.905714300   -1.592760000
1138    8.877739000    1.260101000    1.448952000
1139   -0.950000000   -0.610440500    0.682064500
1140   -0.950000000   -0.930266500   -1.375536000
1141   -0.950000000   -0.634550400    0.410725900
1142   -0.950000000   -1.152200000    0.906032700
1143    6.779230000    0.594786600   -0.306174200
1144   -0.950000000   -0.605737200    0.301575700
1145    3.152060000    0.119103600    0.315245500
1146    6.154216000    0.599714500    0.392805700
1147   -0.950000000   -0.940048400    0.098613390
1148   -0.950000000   -0.285495300    0.265523500
1149    4.618166000    0.308685300   -0.368589300
1150   12.807950000    1.204973000   -0.937765400
1151   -0.950000000   -0.471416400   -0.030074520
1152    2.898806000    0.222332400   -0.594897000
1153   -0.950000000   -0.912788600    1.366756000
1154   -0.950000000    0.239491800    1.545080000
1155   -0.950000000    0.563690500    1.201423000
1156   -0.950000000   -0.708039700   -0.367460300
1157    6.126673000    1.207684000    0.515329000
1158   -0.950000000   -0.528488900   -1.364731000
1159   -0.950000000   -1.078700000   -0.425493400
1160    2.650890000    0.666969500    0.923159500
1161   -0.950000000   -0.437723000   -0.375168000
1162   -0.950000000   -0.742565500   -0.848119900
1163   -0.950000000   -0.789558700   -1.628528000
1164   -0.950000000    0.335257200   -0.209655300
1165    0.859132800    0.514007400   -0.226947800
1166   -0.950000000   -0.298166400   -1.311894000
1167   -0.950000000   -0.276458500   -0.648281000
1168   -0.950000000    0.266250000    0.099248010
1169   -0.950000000    0.117050000   -0.749282100
1170   -0.950000000   -0.435976900    1.576450000
1171   -0.950000000   -0.431670200    0.503168300
1172    1.282145000    0.030674610   -0.223686200
1173   -0.950000000   -0.848460300   -0.771853000
1174   -0.950000000   -1.506088000    0.589398700
1175   10.936000000    0.831170700    0.398088900
1176   -0.950000000   -0.491294300    0.868817500
1177    1.257088000    0.403104900    1.144903000
1178   10.742560000    0.871166600    1.172630000
1179   -0.950000000   -0.391484900    0.300071000
1180   -0.950000000   -0.549898600   -0.161978900
1181   12.880300000    1.332918000    0.804205000
1182    7.567342000    0.630093300    0.215249700
1183   -0.950000000   -0.862755300   -0.511982800
1184   -0.950000000   -0.861706300    0.125733200
1185   -0.950000000   -1.894643000    1.617302000
1186   -0.950000000   -0.500926800    0.871204700
1187   -0.950000000   -0.421692600   -0.159005900
1188   10.071690000    0.765129800    0.289043500
1189   -0.950000000   -1.384270000   -0.470798900
1190   -0.950000000   -0.704457200    1.501507000
1191   -0.204672800   -0.200443800   -0.913801900
1192   -0.950000000   -0.901503800    0.681398800
1193   -0.950000000   -0.047128150    0.184171200
1194   -0.950000000   -0.186896900   -0.042967160
1195   -0.950000000   -0.726120400   -0.984325000
1196   15.179570000    1.399037000   -0.154999900
1197    8.173865000    0.877873100    0.243581400
1198   -0.950000000   -0.624592600   -1.563440000
1199   -0.950000000   -0.748942300   -0.003004252
1200   -0.950000000   -0.257755600    1.108820000
1201   -0.950000000   -1.273212000    1.261537000
1202   -0.950000000   -0.120531800   -0.265062800
1203   -0.950000000   -0.364292400    1.180742000
1204   -0.950000000   -1.267944000   -0.721822100
1205   -0.950000000   -1.310275000   -0.836326900
1206    8.838419000    0.963107300   -1.140368000
1207   -0.950000000   -0.143456000    1.709875000
1208   -0.950000000   -0.358598900   -1.345398000
1209    0.006894011    0.285252900    0.452132800
1210   -0.950000000   -0.232436400    0.620038000
1211   -0.950000000   -1.288718000   -0.201309000
1212   -0.950000000   -0.304596000   -0.371193400
1213    7.237533000    0.679798200   -0.071795990
1214   -0.950000000   -0.044446310   -0.318412500
1215   11.064510000    1.298769000   -0.409267700
1216    5.789770000    0.356373500   -0.869156700
1217   -0.950000000   -1.304191000    0.553663200
1218   -0.950000000   -0.631486500    0.349685900
1219   -0.950000000    0.174140800    0.749092100
1220   -0.950000000   -0.944959800    1.429508000
1221    6.181940000    0.381780700   -1.727460000
1222   -0.950000000   -0.946898200    1.828849000
1223   -0.950000000   -0.780017400   -0.582627400
1224   -0.950000000   -1.695210000    1.329551000
1225    7.013151000    0.555745600    0.933304600
1226    7.197769000    0.198294200   -0.581123600
1227    2.512292000    0.290014800    1.392530000
1228   -0.950000000   -1.783933000    1.704916000
1229   -0.950000000   -1.007105000    1.378509000
1230    1.690395000    0.146543500    0.521151000
1231   -0.950000000   -0.646833600   -1.013989000
1232   -0.950000000   -1.163143000    0.530860200
1233    5.859172000    0.585456800   -1.595960000
1234   -0.950000000   -1.751733000    1.331742000
1235   -0.950000000    0.234504800    0.485501400
1236   -0.950000000   -1.430109000   -1.639072000
1237   -0.950000000   -1.384272000   -1.125156000
1238    4.883682000    0.931367400   -0.872625300
1239   -0.950000000   -1.361108000   -0.248419200
1240    9.436843000    0.873032900   -0.041203100
1241    6.897756000    0.888700700   -0.132109400
1242   -0.950000000   -0.140529800    1.036891000
1243   -0.950000000   -0.251765300    1.302441000
1244   -0.950000000   -0.429062500    0.704223200
1245   -0.950000000   -1.017775000    1.621528000
1246   13.827450000    1.404888000   -0.058816970
1247   -0.950000000    0.112352000    0.340843800
1248   15.218560000    1.424722000    1.329605000
1249    5.735400000    0.735162700    0.588445700
1250    2.611206000    0.199194200   -0.421378800
1251    8.097692000    0.939032200    0.471189600
1252   17.786740000    1.858662000    0.419452600
1253   -0.950000000   -0.434025900   -0.368590700
1254   -0.950000000   -0.520628600   -1.027805000
1255   -0.950000000   -1.300748000    0.702506800
1256    6.284890000    0.304496500   -1.095148000
1257   -0.950000000   -0.391572800    0.608626100
1258   -0.950000000   -0.799463800   -1.123551000
1259   -0.950000000   -1.050853000   -0.902201300
1260    8.467094000    0.748575000    0.330775800
1261   16.366610000    1.474664000    0.604249800
1262    4.138008000   -0.188973000   -1.328467000
1263   17.236050000    1.327939000   -0.310097500
1264   -0.950000000   -1.967955000   -0.957344600
1265    9.369518000    0.577553000    0.635169300
1266   -0.950000000   -0.764425000   -0.339297600
1267   20.129740000    1.476985000   -0.111315600
1268   18.373220000    1.424748000   -1.200835000
1269   -0.950000000   -0.327628500    1.271685000
1270   13.829830000    1.517982000    0.831400700
1271   -0.950000000   -0.767241800    1.215861000
1272    5.862174000    0.676860100    0.432150200
1273   -0.950000000   -1.918519000   -0.901228000
1274   14.066550000    1.105145000   -0.345938100
1275   -0.950000000   -1.046979000   -0.515628900
1276    2.296483000    0.120213200    0.443023900
1277    2.437870000   -0.150782900    1.532542000
1278    4.928909000    0.112409500    1.417735000
1279   -0.950000000   -0.804398200   -0.356428800
1280   -0.950000000   -0.507311700    1.039358000
1281    5.301711000   -0.171563400   -1.256959000
1282   -0.555132100   -0.480529000   -1.202109000
1283   11.611190000    0.837198900   -0.056450470
1284   -0.950000000   -0.718482200    1.053013000
1285   22.987340000    1.754141000   -0.404258600
1286    1.106091000   -0.307983800    1.078577000
1287   12.053190000    1.032594000   -1.138576000
1288   14.239620000    1.029078000    0.914678800
1289    9.631171000    0.628551300   -0.189814200
1290   15.480880000    0.970605400   -1.043900000
1291   -0.950000000   -0.223997700    1.180325000
1292   -0.950000000    0.195135700   -0.337723200
1293   -0.950000000   -0.143113600   -0.698605400
1294   -0.950000000    0.206302200    0.341407400
1295   -0.950000000   -0.886978500   -0.468535700
1296   -0.950000000   -0.294276500    1.533888000
1297    6.866277000    0.436897600   -1.428463000
1298   -0.950000000   -0.223900300    0.585392300
1299   10.240500000    1.086815000   -0.502108500
1300   -0.950000000   -0.236573000    0.602708000
1301   -0.950000000   -0.327885500   -1.778168000
1302   -0.950000000   -1.841572000   -0.521651900
1303    6.004237000    1.455441000   -0.115842100
1304   -0.950000000   -0.340289400   -0.145150200
1305   -0.950000000   -0.840505800   -1.233540000
1306   -0.950000000   -1.243215000   -0.117263600
1307   -0.950000000   -0.250979800    1.017126000
1308   15.465460000    1.278920000   -1.634203000
1309   -0.950000000   -0.975422100    0.278440100
1310    1.861291000    0.752558200    0.796879500
1311   -0.950000000    0.044485200    0.386340500
1312   -0.950000000   -0.688649300    1.198735000
1313   -0.950000000    0.075523480   -0.066774190
1314    9.968258000    1.041583000   -0.826127200
1315    4.806191000    0.495325800   -1.109588000
1316   -0.950000000   -0.899665300   -0.898859400
1317   16.529340000    1.489835000   -1.255397000
1318   -0.950000000   -1.005055000    0.464397700
1319   -0.950000000   -0.212240300   -0.517066800
1320   -0.950000000   -0.195393100   -0.889543500
1321    4.624491000    0.284394700   -0.573782200
1322   -0.950000000   -0.796736900   -1.342587000
1323   -0.706475000    0.393720600    0.449864300
1324   13.872990000    1.267262000    0.533506000
1325    5.897592000    0.644087300    0.148383600
1326    3.418151000    0.281410400   -1.042306000
1327    4.820643000    0.537923500   -0.401062600
1328   -0.444954700   -0.032074120   -1.700568000
1329    6.463803000    0.826475500   -0.320752800
1330   -0.950000000   -0.469405200   -0.725883700
1331    3.489452000    0.618714400    0.405589300
1332   -0.950000000   -0.111275300    0.335190300
1333   -0.950000000   -1.085578000   -0.043837910
1334   -0.950000000   -1.220151000   -0.113859900
1335    1.896027000    0.201697700   -0.471054300
1336    6.487316000    0.364600200   -0.308834200
1337    0.676730700   -0.348939900   -0.222385300
1338   -0.950000000   -0.544705700   -0.208616900
1339    9.128259000    0.861701400    0.026716970
1340   -0.440936900   -0.206597100    1.239032000
1341    5.080352000    0.362851300    0.708686800
1342   22.444260000    1.586238000   -1.373676000
1343   18.121220000    1.289731000   -0.469361600
1344    4.123410000   -0.111314600   -0.867426500
1345   10.153620000    0.623687100   -1.376307000
1346   -0.950000000   -0.115460700    1.674567000
1347   -0.950000000   -1.024308000   -0.136988800
1348   -0.950000000   -0.682227700   -0.546939600
1349    7.876581000    0.743710900    0.752566200
1350   23.664520000    1.916167000    0.703119900
1351   -0.950000000   -0.819231800   -0.773496700
1352   19.319190000    1.347469000    0.206543900
1353   -0.950000000   -1.493240000   -0.048234190
1354   -0.950000000   -1.751686000    0.905017800
1355   11.311050000    1.456689000    1.549366000
1356   -0.950000000   -0.862418000    0.694913800
1357   16.756240000    1.493808000    0.633462000
1358   17.690390000    1.968043000    1.176290000
1359   -0.950000000   -0.647581300    1.126113000
1360   11.197610000    0.961185300    0.333814800
1361    0.598666200   -0.216493900   -0.905798000
1362   13.606580000    0.932114200    0.144466300
1363    8.614277000    0.784362200   -0.014313890
1364    9.786936000    0.608204100   -1.950443000
1365   -0.606758200   -0.013852730    1.213149000
1366    8.951736000    1.302707000    0.062815880
1367   -0.950000000   -0.371058200    0.580015300
1368    0.222383800    0.137605300   -0.071564020
1369   -0.950000000   -0.967318200    0.289267000
1370    0.578503700    0.306883300   -1.312599000
1371   -0.628220700   -0.259382500   -1.208292000
1372   -0.950000000   -0.208103500   -0.341437900
1373   11.936120000    1.010825000   -0.621619000
1374    7.954043000    0.767244800   -0.057407820
1375    0.339001200    0.253628500    0.452029400
1376   -0.950000000   -1.555295000   -0.442548700
1377    0.639141900    0.249285800    1.005890000
1378   -0.950000000   -1.400139000    0.542473700
1379   -0.950000000   -0.807854600    0.076529110
1380   -0.950000000   -0.667097700    1.346153000
1381   10.535460000    0.527881800   -1.086595000
1382   -0.950000000   -0.484684100    1.736126000
1383    1.996529000   -0.221666200    0.578372000
1384    9.743567000    0.628188800    0.582229800
1385    3.771447000    0.194778400    1.058242000
1386   -0.950000000   -1.027625000    1.182807000
1387   -0.950000000   -0.646246200    0.068973910
1388    6.898849000    0.464328000    0.596164300
1389    9.446331000    0.982876400    1.893379000
1390   12.658830000    0.868134500    0.139210500
1391    2.098264000   -0.328443900    0.044468160
1392    8.889448000    0.485900100   -0.967059100
1393   10.465150000    1.190149000    1.535914000
1394    8.266348000    0.378194800    0.777684200
1395   17.074550000    1.012681000   -1.592419000
1396   -0.950000000    0.019671580    1.433747000
1397    3.671244000    0.015871460   -0.829332800
1398    1.165961000    0.218070900    0.043911660
1399   -0.950000000   -0.322463800    0.032607710
1400   15.470160000    1.557743000   -0.616492600
1401   -0.950000000    0.121335300    1.316511000
1402    6.270171000    0.437844700   -0.070236780
1403   -0.950000000   -1.650409000    1.669731000
1404    9.295159000    0.961668800   -0.007180103
1405   -0.950000000   -1.669198000    0.565790100
1406   -0.950000000   -1.234322000    0.555895900
1407    3.893254000    0.208745000   -1.417777000
1408   12.984070000    0.856186400   -1.586304000
1409   -0.950000000   -1.778307000    0.760041700
1410   24.026480000    1.692922000   -0.440526100
1411   -0.950000000   -1.662467000    1.324560000
1412   -0.950000000   -1.326019000    1.224745000
1413   22.378510000    1.298914000   -0.123940600
1414   -0.950000000   -0.611900300    0.162657800
1415    3.172072000    0.272918300    0.373286000
1416   -0.950000000   -0.498849300    0.995947100
1417    9.761276000    0.608747600   -1.495936000
1418    8.116712000    0.910174500    0.160128500
1419   -0.950000000   -0.857887700   -0.828434300
1420    4.423104000    0.292220500    1.482479000
1421   -0.950000000   -0.477233200   -1.605919000
1422   15.842290000    1.096717000   -1.083575000
1423   -0.950000000   -1.155349000    1.412656000
1424   17.163400000    1.526603000   -1.349559000
1425   -0.950000000   -0.227147100    0.359525300
1426   -0.950000000   -1.184428000   -1.224489000
1427   -0.950000000   -1.033612000   -0.030037380
1428   -0.950000000   -1.133023000   -0.227525300
1429   12.913990000    1.329120000   -0.692832500
1430   -0.950000000   -0.597292400    1.028759000
1431   -0.950000000   -0.397675700    0.357598200
1432   -0.950000000   -0.906392900   -0.640701700
1433   -0.851015600   -0.159570200   -0.621630500
1434   -0.950000000    0.103075300    0.463621000
1435   -0.605961400   -0.235089200   -0.532547400
1436   -0.950000000    0.117203900   -0.260373400
1437   14.266290000    1.322893000   -0.874060500
1438   -0.950000000   -0.399889200   -0.552598300
1439    7.285951000    0.903062400   -0.521402000
1440   -0.950000000    0.081336130    1.351805000
1441    3.489753000    0.258123100    0.729840100
1442   -0.950000000   -1.440948000    1.264641000
1443   -0.950000000   -0.856904000    0.615926200
1444    1.235634000   -0.174311800   -0.179005900
1445    6.494075000    0.412271400   -0.185980500
1446    1.878176000   -0.065608980   -1.042671000
1447    0.613467300   -0.038255470    0.938677300
1448   -0.950000000   -0.050369210    1.226601000
1449   22.479630000    1.681425000    0.114709900
1450   11.991590000    1.534474000    0.512502800
1451   -0.950000000   -1.285583000    0.156246700
1452   -0.950000000   -0.709457300   -1.919668000
1453    7.940529000    0.510826300   -0.759259000
1454    8.577485000    0.723744500    0.270766200
1455    7.023296000    0.967070700    0.764136700
1456   -0.950000000   -0.276978400    0.418642400
1457   -0.950000000   -0.509434900    0.203835900
1458    9.988004000    1.541064000   -0.634873700
1459   12.815700000    1.419968000    0.627709200
1460   -0.657820500   -0.120837400   -0.948854500
1461   -0.950000000   -1.109771000   -1.355428000
1462   -0.950000000    0.209366600    1.250618000
1463   -0.950000000   -0.129461600   -1.142488000
1464   -0.950000000   -1.876618000   -1.287477000
1465    0.809312800    0.475636700   -0.076808600
1466   -0.950000000   -0.673608200    0.591520700
1467    5.226666000    0.693763500   -1.029209000
1468   -0.950000000   -0.121615700    0.260832700
1469   -0.950000000   -0.946793100   -0.181105600
1470    2.677086000    0.806959700   -0.102383200
1471   -0.950000000   -0.517398800    1.219600000
1472   -0.950000000   -1.300158000    1.069489000
1473   -0.950000000   -0.908627900   -0.165296000
1474    7.451456000    0.824002300    0.074737260
1475   -0.950000000    0.006289342    0.805432500
1476   -0.691606400   -0.330699600   -0.365015900
1477   -0.950000000   -0.634326900    1.115416000
1478   -0.950000000    0.388636200    1.570300000
1479    3.460655000    0.279834000    0.599634600
1480    5.677183000    0.176974900   -0.993828100
1481   -0.010046780   -0.170553800   -0.749703500
1482    4.665714000    0.358068800    0.860505600
1483   -0.950000000   -0.572050600    0.784642600
1484    4.938975000    0.803302700    0.416252000
1485    7.136204000    0.445085800   -0.975184200
1486   11.802660000    1.028098000   -1.414688000
1487    2.876354000    0.520531700    1.578402000
1488   10.334860000    1.018466000   -1.903138000
1489   -0.950000000   -1.128564000    0.285440600
1490    0.845195100    0.028968440   -1.230162000
1491   10.883010000    1.528783000    1.001383000
1492    3.886494000    0.335163800   -0.571255900
1493   -0.950000000   -0.938840800   -1.471049000
1494    8.670791000    0.598452600   -0.544154600
1495   -0.950000000   -0.127021500    0.633651600
1496   -0.950000000   -0.434464300   -0.245604600
1497   20.165940000    1.949480000   -0.514153500
1498   -0.950000000   -0.118612400    1.774780000
1499   -0.950000000   -1.230338000    0.765961800
1500   -0.950000000   -0.358491000   -0.453997200
