*y  x1  x2
   1    1.882164000    0.208336500   -0.432962400
   2   -0.950000000   -0.176353900   -0.427748500
   3    6.351371000    0.399421100   -1.097015000
   4   -0.950000000   -1.002353000   -0.119903600
   5   -0.950000000   -0.299398500   -1.497837000
   6   -0.950000000   -1.084447000   -0.310053500
   7    0.054919990    0.264852400    1.402449000
   8   -0.950000000   -1.050858000   -0.524223600
   9   20.807120000    1.885458000   -0.886421900
  10    3.980163000    0.418313000   -0.365957500
  11   -0.950000000   -0.910355900    0.735778200
  12    0.828408900    0.492188500    1.880890000
  13    2.365130000   -0.065666790   -1.816746000
  14    1.529890000    0.551085300    0.420356700
  15   -0.950000000   -0.313728500    1.178310000
  16    1.320149000    0.378646000    0.817570700
  17   -0.950000000   -1.582968000    1.866340000
  18   10.580360000    1.320149000    0.378050800
  19    4.982900000    0.658043000    0.543385600
  20   -0.950000000   -1.533638000    0.570544200
  21    0.735092300    0.035402990   -0.125210600
  22    0.802062600   -0.050068230    0.316029600
  23   -0.950000000   -0.494725900    1.675613000
  24   -0.950000000   -0.946474100   -0.348553100
  25   -0.950000000   -0.456368700   -0.568138900
  26   -0.950000000   -1.271870000   -0.127277800
  27    1.020435000    0.103872000    0.683257200
  28   -0.950000000   -1.788388000    0.579291000
  29   -0.950000000   -0.151377300    0.720754000
  30    3.294301000    0.143495900   -1.227413000
  31    1.419430000   -0.275257700   -0.378810100
  32   10.660240000    0.875975200    1.223208000
  33   20.179170000    1.577387000    1.879216000
  34    5.177472000    0.229532700    0.060932490
  35   -0.950000000   -0.623563000    1.388542000
  36    3.966003000    0.226728300    0.154076400
  37    3.059115000   -0.006756077   -0.182325900
  38    9.419563000    0.430990600    0.997260200
  39   -0.950000000   -1.222148000   -0.914431700
  40   18.727910000    0.970194300   -1.243998000
  41    0.642684000   -0.210802700    0.166487300
  42   10.609090000    0.673922400    0.799354400
  43    0.902012600   -0.263758300   -0.329904700
  44   18.196580000    1.163684000   -0.216214800
  45   -0.950000000   -0.914245400    0.434712000
  46   -0.950000000    0.176857500    0.591801200
  47   -0.950000000   -0.685225300   -1.320497000
  48   -0.950000000    0.367266600    1.664835000
  49    4.873785000    0.963531600    0.724241800
  50   -0.950000000   -1.805581000    0.787420900
  51   -0.950000000   -1.235173000   -0.406073700
  52    2.363248000    0.538868600    0.010168730
  53   -0.950000000    0.127257900    0.921029800
  54   -0.950000000   -1.590472000   -0.497267200
  55   -0.950000000   -1.607258000   -0.553463700
  56   -0.950000000   -1.303270000    0.688654300
  57    2.983292000    0.661146000   -0.084536250
  58   -0.950000000   -0.974375500   -0.160947400
  59    1.178553000    0.300024500   -1.477386000
  60   -0.950000000   -0.452819700   -1.016407000
  61   19.617460000    1.661130000    0.887893700
  62   -0.950000000    0.133084700   -0.178225800
  63   -0.950000000   -1.339331000    1.356446000
  64   -0.950000000   -1.364456000    0.294920200
  65   -0.950000000   -0.649549500   -1.523516000
  66   -0.950000000   -0.430102900   -0.990248900
  67   -0.950000000   -0.941795600    1.447104000
  68    7.005566000    0.817669200    0.265448900
  69   -0.950000000   -1.256367000    0.120216000
  70   -0.950000000    0.010005350   -1.357506000
  71    1.193454000    0.621475100    0.750512700
  72    5.783394000    0.488102500   -1.708168000
  73   -0.950000000   -0.439311200   -1.741213000
  74   -0.950000000    0.579249700    0.257529200
  75   -0.950000000   -0.024334180    0.699920800
  76   -0.950000000   -1.905170000    1.435998000
  77   -0.253571400    0.272121200    0.952712600
  78    1.035169000   -0.066522350   -0.580505700
  79   16.513190000    1.499356000    0.811610200
  80    1.143313000    0.098217420    0.792350400
  81   -0.950000000   -0.679189400   -0.943722900
  82   -0.950000000   -1.680064000   -0.850199100
  83    3.696369000    0.179808600   -0.467476400
  84   -0.950000000   -0.615554300   -0.899015800
  85    4.190718000    0.785721000    1.326280000
  86    2.537267000    0.558332200    0.978732300
  87   16.468090000    0.946766100   -0.789977400
  88   -0.950000000   -0.760567100   -0.025076540
  89   -0.950000000   -0.909271500   -1.494880000
  90    1.112461000    0.347938800    1.452396000
  91   11.114520000    0.584393500   -0.331035300
  92   -0.950000000   -1.999646000    0.240035800
  93   -0.950000000   -0.443066800    1.241332000
  94   -0.950000000   -0.219792500    1.536119000
  95    2.721387000    0.506697800    1.462101000
  96   -0.950000000   -0.619367600   -0.238374400
  97    2.209309000    0.115074000   -0.255227000
  98   -0.950000000   -0.272351100    0.110989300
  99   -0.950000000   -1.094922000   -1.390000000
 100   19.044880000    1.307951000   -0.902086400
 101   -0.950000000   -0.218874100    0.225204000
 102   -0.950000000   -1.587381000    1.924589000
 103   10.254860000    0.821348400   -0.561632000
 104    8.134139000    0.937255800    0.894428400
 105    5.433720000    0.213236200   -0.958500500
 106   10.639140000    0.874557500   -0.593819000
 107    4.294438000   -0.165776100   -1.248504000
 108   18.161510000    1.523349000   -0.338757300
 109    8.550816000    0.625806000   -0.588511300
 110    0.170725300   -0.058122320    0.542615900
 111    1.507698000   -0.367613400   -0.778821800
 112   11.074600000    0.511237700    0.110874800
 113   -0.406631900   -0.148374300    1.040848000
 114   15.164690000    1.192590000   -0.614608100
 115   13.649340000    0.806808900   -0.877464300
 116   -0.950000000    0.182885500    1.479679000
 117   -0.572468700    0.446119100    1.730815000
 118    7.906338000    0.382732600   -0.029839520
 119    8.778295000    0.429053100   -0.669647200
 120   -0.950000000   -0.419990900    0.663135600
 121   -0.950000000   -0.438505800    0.267905300
 122   -0.950000000    0.305285800    0.654561000
 123   21.349900000    1.841892000    0.114514400
 124    5.211120000    0.470745400   -0.208600500
 125   -0.950000000   -0.628686000    0.326028200
 126   -0.790731600   -0.047843240   -0.198007100
 127   -0.950000000   -0.220902400    0.969959500
 128   -0.950000000   -0.509519600    0.507318800
 129   -0.950000000   -0.999717700    0.218278200
 130   -0.950000000   -1.956255000    0.806626100
 131    1.722186000    0.331891300   -0.542350800
 132   -0.950000000   -0.260722600    0.180604600
 133   -0.950000000   -1.586091000    1.036235000
 134    6.048256000    0.438664900   -0.569168900
 135   -0.950000000   -1.541011000   -1.208931000
 136    2.645764000    0.311746400   -0.143301200
 137    7.838035000    0.725747200   -0.673562100
 138   -0.950000000   -0.519235800    0.213914600
 139    0.276970500    0.106483400    0.564333100
 140    0.003272977    0.275815600    0.463671700
 141   -0.950000000   -0.311764400    0.667126900
 142   -0.950000000   -0.705691300    0.716666300
 143   -0.950000000   -0.521472900   -0.768724900
 144   -0.950000000   -0.485360300    0.502902500
 145   -0.950000000   -0.371402700   -0.129658900
 146    8.672547000    0.575026200   -1.429306000
 147   -0.950000000   -0.401072100    0.012784680
 148    1.172653000    0.278571900    0.212215000
 149   -0.950000000   -1.013444000    1.113067000
 150    0.565300100    0.285908300    0.609167100
 151   10.762930000    1.216964000    0.428935500
 152    8.403042000    0.845882000    1.281230000
 153    0.228425100    0.497382900    1.955110000
 154   -0.950000000   -1.718520000   -1.793908000
 155    0.622211600    0.075236720    0.548994100
 156    4.206300000    0.016921480   -1.742733000
 157   -0.950000000   -1.107391000    0.628893900
 158   12.646900000    1.118887000    0.246495100
 159    6.442233000    0.767373600   -0.989845900
 160    7.019800000    0.525458700   -0.906414000
 161    5.886411000    0.633563300   -0.949527600
 162    4.286299000    0.579759700   -0.406277000
 163   -0.950000000   -0.502086900    0.342213200
 164   -0.950000000   -0.912280900    0.113875300
 165   -0.950000000   -1.582982000   -0.969357200
 166   -0.950000000   -0.732595300    0.029471390
 167   13.145860000    1.301059000   -0.505130400
 168   -0.151255800   -0.066855580   -0.236931400
 169    6.799901000    0.496147300   -0.662294400
 170    1.174745000   -0.074612760   -0.540189800
 171    5.851016000    0.366589800   -0.636276500
 172   -0.950000000   -0.127296900    1.254588000
 173   -0.950000000   -0.543836000    0.063502520
 174   -0.950000000   -1.420974000   -0.173119700
 175   -0.950000000   -1.627610000    0.438764000
 176   20.863820000    1.901977000    0.649576400
 177    3.147185000   -0.152196600    1.494454000
 178   -0.950000000   -0.981627400   -0.567319100
 179   -0.950000000   -0.841349900    0.652091700
 180    5.449443000    0.423829400    0.894493200
 181   -0.950000000   -0.336613500    0.421786300
 182    5.290473000    0.419623100   -0.317564200
 183   -0.950000000   -0.567269900   -1.125749000
 184   -0.950000000    0.084741390    0.865674200
 185   10.837110000    1.436746000    0.816660800
 186   -0.560674600    0.089956930    0.071955060
 187   -0.950000000   -0.224545700    0.909740000
 188   -0.950000000   -1.618067000    0.111307200
 189   -0.950000000   -1.174872000   -1.431596000
 190    0.463961500   -0.249691700   -1.721746000
 191   14.313880000    1.301090000   -0.337142300
 192    0.061545210   -0.046609040    0.204898700
 193   -0.950000000   -0.805118100    0.054284550
 194    5.153362000    0.487991600    1.225332000
 195   12.474660000    1.557553000   -0.109150700
 196   -0.950000000   -1.542971000    1.592037000
 197    2.124336000    0.329683800    1.718597000
 198    3.884246000    0.366225600   -0.281292000
 199   -0.950000000   -1.378828000    0.460751000
 200   11.388750000    0.968844900   -0.031069170
 201    2.987950000    0.326608600   -0.666732500
 202    8.871341000    1.083535000    0.357891200
 203    1.537053000    0.834582500    0.815513400
 204   -0.950000000   -0.723228500   -1.118491000
 205   -0.950000000   -0.993671900   -1.527305000
 206   -0.950000000   -1.291732000    0.404352400
 207   -0.950000000   -0.301935300    0.957380700
 208   -0.950000000   -0.177131800    0.017602310
 209   -0.950000000   -1.073276000   -0.014798600
 210   -0.950000000   -0.563746100   -0.042472420
 211   -0.950000000   -0.506806100   -0.723154000
 212    8.670103000    0.516067400   -0.049103550
 213    1.011971000    0.088890530    0.082992810
 214   -0.950000000   -0.478840800    1.250587000
 215    5.493030000    0.410833900   -1.157444000
 216   -0.950000000   -0.683491800    0.557137800
 217   -0.950000000   -1.067307000   -0.768289200
 218   11.953520000    1.115755000    0.128151500
 219   -0.950000000   -0.323502200    1.387855000
 220    9.726268000    1.180157000    0.636500800
 221   16.357640000    1.543108000   -0.729387600
 222    6.246357000    0.665753900   -0.703660100
 223    7.410993000    0.523755300    0.271952000
 224    6.184165000    0.726794300    0.860105300
 225    6.619679000    0.422837700   -1.112602000
 226   -0.950000000   -0.908862900   -0.720353500
 227   -0.950000000   -0.040258900    1.949914000
 228   -0.950000000   -0.524975100   -1.173247000
 229   -0.950000000   -0.251412300   -0.580108200
 230    8.174406000    0.652922200   -1.307951000
 231   -0.950000000   -0.084843320    0.491445000
 232   -0.950000000   -1.129369000    0.787529000
 233    1.106419000   -0.141168100   -1.684314000
 234   -0.950000000   -0.395240300   -0.054194250
 235   -0.950000000   -1.393237000    0.134936500
 236   -0.950000000   -1.082105000    0.060608560
 237   -0.817945600    0.097450160    0.907080800
 238    4.449048000    0.990312600    1.807751000
 239   -0.950000000   -0.750626200   -0.950038200
 240   11.105700000    0.859739100   -0.318945600
 241    3.154838000    1.389446000    1.574849000
 242   27.816240000    1.789082000    0.740965700
 243    7.447406000    0.712065600   -0.043898130
 244    2.867598000   -0.019646770   -0.474688600
 245   10.235590000    0.691737600   -0.192202300
 246   -0.950000000   -0.244062500    0.216629800
 247    6.290971000    0.077488600   -1.336607000
 248   -0.950000000   -0.907078100    0.868169800
 249   -0.950000000   -1.680448000   -0.010295470
 250    0.781299400   -0.159949000    0.778791200
 251   -0.950000000   -0.507229500   -0.271064600
 252   10.478380000    1.161836000    0.487987600
 253    5.277670000    0.537423900    0.463345000
 254    0.758069000   -0.061789600    0.284359300
 255   -0.950000000   -0.685265600    0.950273500
 256   -0.950000000   -0.640762300    0.942066300
 257   -0.950000000   -0.076366860   -0.905860700
 258    0.902120700    0.133717700   -0.044220380
 259   -0.950000000   -0.284085200    0.388608500
 260   -0.950000000   -0.759249900   -0.018177960
 261   -0.950000000   -1.100267000   -1.376186000
 262   14.344050000    1.517267000    0.319082700
 263   -0.950000000   -0.851533400   -0.387683500
 264   16.622140000    1.308397000   -1.916612000
 265   16.600910000    1.631850000   -0.472286600
 266   -0.950000000   -1.345419000    0.276439400
 267   -0.950000000   -0.487483300   -1.239881000
 268   -0.950000000    0.045927040    0.751647500
 269    2.014462000    0.055514250   -1.973236000
 270    0.177877700    0.055047610   -0.484336200
 271    9.036898000    0.800398200   -1.422443000
 272   11.005740000    0.899022000    0.141131600
 273    6.034571000    0.381246300   -1.321355000
 274   12.123770000    1.168208000   -0.674039200
 275   10.322970000    0.786714400   -1.171012000
 276    0.601067700    0.202254600    0.483779100
 277    7.719799000    0.732341000   -0.181469500
 278    2.982319000    0.142139000   -1.050576000
 279   -0.950000000   -0.797925800   -0.094335960
 280    6.420517000    0.377126800   -0.542016900
 281   -0.950000000    0.059828720    0.147400300
 282    2.699026000    0.739113400    0.672525800
 283    7.389250000    0.403461300   -0.848032900
 284   12.377690000    0.911522000    0.528016200
 285   -0.950000000   -0.427632400    0.075605780
 286   -0.950000000    0.022727330   -0.128612500
 287    5.408985000    0.320779700   -1.605740000
 288    1.236638000    0.052708300   -0.975374900
 289   -0.798923000   -0.129533600   -1.465366000
 290    5.086499000    0.404873900   -1.159485000
 291   -0.950000000   -0.063715650   -0.871263000
 292    3.149084000    0.429688500   -0.147782700
 293   -0.950000000   -0.606293800    0.916966800
 294   -0.591784800   -0.004559949    0.263476200
 295    4.040772000    0.621607400   -0.086950150
 296   -0.950000000   -0.372653600   -0.721625500
 297   -0.950000000   -1.969211000   -0.179438300
 298   -0.822591200   -0.183969600    0.943722800
 299   -0.950000000   -0.360568900    0.007831893
 300   13.732490000    1.905343000    1.987744000
 301    5.953505000    1.009029000   -1.338561000
 302   -0.950000000   -0.884990700   -1.179868000
 303   -0.950000000   -0.726336000   -1.040322000
 304    9.889975000    0.919390700   -1.751824000
 305   -0.950000000   -0.029457480   -0.218398200
 306    0.031547320    0.697215900    0.450586600
 307   -0.950000000   -0.775647000   -0.344080400
 308    3.175651000    0.713013500   -0.978200600
 309   -0.950000000   -0.815983400   -1.458315000
 310   -0.950000000   -1.730040000   -1.634666000
 311    3.388764000    0.925839500    1.838812000
 312   -0.950000000   -0.105234700    1.084013000
 313   -0.950000000    0.247701600    0.351323100
 314   -0.950000000   -0.095438250   -1.980138000
 315   -0.950000000   -0.499757400   -1.417455000
 316   -0.950000000   -1.332023000    0.929320700
 317    3.419507000    0.089408540    0.017240240
 318   -0.950000000   -1.709794000    0.783637800
 319   -0.950000000   -0.224998800    1.333297000
 320    7.861046000    0.480469200   -1.418429000
 321   13.504630000    1.358162000    0.335463000
 322   13.224750000    1.258579000    1.184775000
 323   -0.950000000   -1.400884000   -0.398135100
 324    2.184612000    0.109518000   -0.329818100
 325    2.926294000    0.637188300    0.881910600
 326   -0.950000000   -1.849825000    0.735007600
 327   13.137660000    0.706872600   -1.627642000
 328    8.487046000    0.710854100    0.411677500
 329    2.756038000    1.138044000    1.336606000
 330   -0.950000000   -0.590150900    0.770630000
 331   -0.950000000   -1.369079000    0.071569450
 332   -0.950000000   -0.793555700    0.052261260
 333    7.669575000    0.850734800   -0.584510600
 334   -0.950000000   -1.237540000    0.523211600
 335    5.952718000    0.006018771   -1.903762000
 336    5.612104000    0.612982000    0.671726900
 337    5.159755000    0.424764100   -0.665724500
 338   -0.950000000   -0.287361800   -1.598163000
 339   -0.950000000   -1.282434000    1.572168000
 340   12.919340000    1.105299000   -0.100638700
 341    6.609938000    0.902268900    1.162494000
 342   -0.950000000   -0.759755400   -0.298828300
 343   -0.950000000   -1.080719000    1.211199000
 344    0.851970400    0.138853300    0.041030200
 345   -0.757176900    0.007291572    0.663786300
 346   -0.950000000   -0.673581600    1.789849000
 347    3.308843000    0.311783700   -1.647566000
 348    9.725607000    1.453617000    1.229351000
 349    2.991210000    0.229902800   -0.348485500
 350   12.193090000    1.706753000    1.316228000
 351    4.140938000    0.100896100   -0.774494500
 352    4.304253000    0.009447747   -1.478151000
 353    4.401110000    0.293214300   -0.724637400
 354    4.281200000    0.351562400    0.254081300
 355   18.389500000    1.098451000   -0.819602000
 356   -0.950000000   -0.100611900    0.996520000
 357   -0.950000000   -0.610406100    0.014875100
 358   10.669370000    0.582228900   -1.373278000
 359   -0.950000000   -1.449987000    0.341811900
 360   -0.950000000   -1.080625000   -0.504729900
 361   -0.950000000   -1.420262000    0.015189710
 362    2.069113000    0.126082400    1.488117000
 363   14.181460000    1.144123000    0.653861000
 364    0.294640900    0.251868500    0.334430800
 365   -0.950000000   -0.645740900    1.234741000
 366   -0.950000000   -0.454097200   -0.511740400
 367   -0.950000000   -0.853246200   -0.243178000
 368    8.621147000    0.706080700   -0.523694300
 369   -0.950000000   -0.918511200    1.086720000
 370   -0.950000000   -1.812918000   -0.287874500
 371   15.408190000    1.174984000   -0.501025100
 372   -0.950000000   -0.859377000    0.822588200
 373   -0.950000000   -0.276528200    0.804087200
 374   -0.950000000   -0.663168900   -0.048678430
 375    4.218304000    0.518312700    0.204133800
 376   -0.950000000   -0.662809300    0.268321200
 377    8.021342000    1.302261000    0.565484100
 378   -0.950000000   -1.165167000   -0.973648400
 379   -0.950000000   -1.117444000    0.010126640
 380    7.505548000    0.302027400   -1.280356000
 381    7.456487000    0.656035600    1.589618000
 382   -0.950000000   -0.175580300    0.114071300
 383   -0.950000000   -0.709953600   -0.277919800
 384    4.734163000    0.199784600   -1.296931000
 385    2.660374000    0.280939500   -0.208862900
 386   -0.950000000   -1.044280000    0.435665300
 387   10.707630000    1.015708000    0.078159230
 388   17.632440000    1.362353000   -0.585009500
 389   -0.950000000   -1.081319000    0.887021300
 390   -0.950000000   -0.900285800   -1.130018000
 391   -0.950000000   -0.975660300    0.870510000
 392   12.149460000    0.792774900   -0.729949600
 393    2.011436000   -0.198007800   -0.327176000
 394    5.686586000    0.480042200    0.574689500
 395   10.549460000    0.783167600   -0.782384500
 396   -0.728201300   -0.356638100    0.318155500
 397   -0.950000000   -0.678225200   -0.696047900
 398   11.581970000    0.424120400   -1.672964000
 399    9.940162000    0.759601100    0.294631400
 400    8.540698000    0.193657100   -1.398677000
 401    3.771190000    0.180313200    0.073663080
 402   -0.950000000   -0.571381900    0.614553600
 403   14.266740000    0.994474400   -0.248025300
 404   20.329690000    1.442714000    1.341555000
 405   13.050730000    1.228833000    0.860110200
 406   -0.950000000   -0.869358000    0.575941800
 407   -0.950000000   -1.127609000    0.537442300
 408    6.396061000    0.360356800    0.903592200
 409   25.793680000    1.806027000   -0.004397103
 410    8.764142000    0.472603400   -0.517257300
 411    1.632140000   -0.062197960    0.652618300
 412    8.952726000    0.375851100   -0.675541700
 413   21.366420000    1.935900000   -0.396967800
 414    0.974861200   -0.289053800    0.401020600
 415   19.461210000    1.830652000   -1.199714000
 416    1.414047000   -0.223394400    0.115437200
 417   11.281700000    0.825772400   -0.240832800
 418   19.427930000    1.619347000    0.154722900
 419   10.468220000    0.652799000    0.393432500
 420    4.387468000   -0.336484300   -1.758323000
 421   -0.950000000   -0.573498200    0.069431260
 422   -0.950000000   -0.261537800    0.454320800
 423   -0.950000000   -1.607593000    1.970966000
 424    8.159031000    1.026456000   -0.303426400
 425   11.544890000    1.029545000   -1.996925000
 426   11.888190000    1.058690000   -0.535614000
 427   -0.950000000   -1.316786000    0.219387600
 428   -0.950000000   -0.316623600    0.598984500
 429    3.329142000    0.410742800   -0.291973300
 430    4.423421000    0.935198900    0.610258500
 431    1.409900000   -0.043365540   -1.485992000
 432   -0.950000000    0.082161220   -0.116452200
 433   -0.950000000   -0.790077500    0.627436200
 434    4.836883000    0.686763100    0.655819100
 435    3.375904000    0.286523000   -1.076490000
 436   -0.950000000   -0.260004700    1.701827000
 437   11.892650000    0.482832800   -0.485164300
 438    6.126993000    0.010061050    0.256810000
 439   14.882750000    1.169329000    0.839903300
 440   10.666770000    0.485063700   -0.044973220
 441   17.399270000    0.923048900   -0.335664000
 442   25.759240000    1.725559000    0.483842300
 443   21.442380000    1.417757000    0.534133300
 444    8.206065000    0.472998800    0.766226700
 445   -0.950000000   -1.112821000    1.011569000
 446   16.160640000    1.203805000    0.675934500
 447    5.909660000   -0.182729000   -0.824757900
 448    5.859978000    0.059772500   -0.487886800
 449    9.742394000    0.212688900   -1.114273000
 450   11.085110000    0.697795400    0.350947700
 451    1.031625000    0.378596800    0.943373800
 452    7.202686000    0.493859000   -1.072340000
 453    7.757463000    0.774137800    0.573424500
 454   -0.950000000   -0.123187700    1.051077000
 455   -0.950000000   -1.345225000    0.870012800
 456   -0.950000000   -0.167030900   -1.373200000
 457   -0.950000000   -1.823972000   -0.760678100
 458   -0.950000000   -1.489795000   -0.519465000
 459   -0.950000000    0.169507700    0.664779600
 460   -0.950000000   -1.908092000   -0.253979600
 461   11.233420000    1.043730000   -0.462696900
 462    1.147554000    0.076186720   -1.027581000
 463    4.214660000    1.061064000    1.649609000
 464    0.212950500    0.077178710   -0.091245880
 465    1.910916000    1.174152000    0.765609100
 466   -0.950000000   -0.623454600   -1.173184000
 467   -0.950000000   -1.557530000    0.041109490
 468   -0.950000000   -0.296134800   -1.699355000
 469   -0.950000000   -0.387672400   -0.226944600
 470    2.543047000    0.212375900   -0.337184300
 471   12.713070000    1.158003000   -0.788454200
 472   13.229060000    1.071884000   -0.530092600
 473   -0.950000000   -1.976610000    1.518669000
 474   12.011300000    1.275361000    0.282213500
 475   10.575180000    0.871232500    0.299435800
 476   11.814370000    1.369235000    0.501123500
 477    2.975772000    0.289701300    0.847994400
 478   -0.950000000   -0.821327800   -0.407203100
 479    1.405352000    0.025123210   -0.608981500
 480   10.292920000    1.406430000    0.621549400
 481    6.244087000    0.733257900    1.169464000
 482   -0.950000000   -0.627281400    1.633317000
 483   -0.950000000   -0.703528800   -0.620699200
 484   -0.950000000   -0.621536100   -0.729497100
 485   14.313570000    1.185057000   -0.058210280
 486   14.227460000    0.878972500    1.276050000
 487   11.094560000    1.412247000    1.067237000
 488    3.661306000    0.321020100    0.869701100
 489   12.021950000    0.919539900   -1.364175000
 490    4.457882000    0.425708700    0.196032100
 491   -0.950000000   -0.681576400    1.052949000
 492   -0.950000000   -0.489110600   -0.094099300
 493   -0.576621300    0.065748290    1.026334000
 494   -0.950000000   -0.809823700   -1.435476000
 495   -0.950000000   -1.458690000    0.548957400
 496    4.671049000    0.409437900    1.179465000
 497   -0.950000000   -0.883873700   -0.185740700
 498   17.626350000    1.441632000   -1.333816000
 499    5.610209000    0.562711300    0.503916700
 500   -0.864227900   -0.270814500    1.608859000
 501   13.833380000    1.185441000   -0.478454200
 502   -0.262054200    0.271113600    1.476110000
 503   -0.950000000   -0.747795600    1.160866000
 504   24.553710000    1.613897000   -1.254557000
 505    0.414842000   -0.243572000   -0.276830700
 506    2.034500000   -0.382826700   -1.808414000
 507   13.785960000    1.077645000   -0.430147700
 508   15.415950000    1.244149000   -1.189700000
 509   -0.950000000   -1.472861000   -0.400768800
 510    7.129318000    0.395337800   -0.416986700
 511   -0.950000000   -0.950254700   -0.062460070
 512    4.035530000    0.700647900    0.324149300
 513   -0.950000000   -0.463770800   -0.481688700
 514   -0.950000000   -1.559624000    0.652150100
 515    1.790772000    0.468439400    1.099505000
 516    1.634709000    0.525664900    0.440756600
 517   -0.011314770    0.133290600   -0.398169600
 518   -0.950000000    0.330664800    0.374674900
 519   -0.950000000   -1.491562000    0.999528600
 520   -0.950000000   -0.171412000    1.098410000
 521   -0.950000000   -0.832894900   -0.348264700
 522   -0.950000000   -1.746607000   -0.766475000
 523   -0.755924900   -0.258092500   -1.409037000
 524   -0.950000000   -1.088277000   -1.911714000
 525   -0.950000000   -0.448971000   -1.548143000
 526   -0.950000000   -1.299878000   -1.067590000
 527   20.319220000    1.610317000   -1.337371000
 528    6.783612000    0.245022400   -1.489240000
 529   -0.950000000   -0.744821800   -1.681302000
 530   -0.950000000    0.014786530    0.406365700
 531    9.201865000    1.400530000    0.939651200
 532   -0.950000000   -0.837936400    0.870619100
 533    6.835546000    0.417306700   -1.472309000
 534   11.447050000    0.614756200   -1.352785000
 535    2.685495000    0.221157800   -0.051049520
 536    4.402313000    0.250720200   -0.263311300
 537   10.153950000    0.851242300   -0.710295400
 538    5.941609000    0.435788200   -0.332113900
 539   -0.314813900    0.190726200    0.070724100
 540   -0.950000000    0.448404100    1.321678000
 541   -0.950000000   -0.369758400   -0.115952300
 542   -0.950000000   -0.278435600    0.183268800
 543   -0.950000000   -0.235371100    0.823766900
 544   -0.950000000    0.203818500   -0.659806700
 545   -0.950000000   -0.283348500   -0.124001600
 546   -0.950000000   -0.523694300    0.956178200
 547   -0.950000000   -0.075435740    1.672037000
 548   -0.950000000   -1.131109000   -0.260095600
 549   10.306190000    1.174334000   -0.747104500
 550    8.093534000    1.088045000   -0.387754600
 551    3.533861000    0.557318000    0.054160270
 552   -0.950000000   -1.385981000   -0.082055530
 553   -0.950000000   -1.926300000   -0.428751100
 554   -0.950000000   -1.161001000   -1.133725000
 555   -0.950000000    0.570485200    1.683450000
 556    9.417016000    0.084605320    1.627398000
 557   11.166060000    0.692777500   -1.196929000
 558    5.356057000    0.405549900   -0.641660200
 559   -0.950000000   -1.294259000    1.710429000
 560   -0.950000000    0.086276050    0.268616600
 561   -0.950000000   -1.254833000    0.282253700
 562    2.853344000   -0.041855870    0.167078900
 563   -0.950000000    0.114314300    0.973738400
 564   -0.950000000   -1.108944000   -1.151952000
 565    2.272354000    0.215514200    0.081436870
 566    3.319783000    0.222630100   -0.188209900
 567    2.610774000    0.013088710   -0.394360600
 568    8.367529000    0.684056300   -0.859594300
 569   -0.950000000   -1.150575000    0.333327900
 570   13.931750000    1.536389000   -0.254188700
 571   -0.950000000   -1.241649000   -0.388840200
 572   -0.950000000   -1.707438000   -0.534006900
 573   -0.950000000    0.069575860    1.215731000
 574   -0.741032200    0.362443000    0.327629600
 575    5.018454000    0.522726400   -0.654745700
 576   13.743610000    1.274306000   -0.901486900
 577   -0.950000000   -0.248516400    0.174073400
 578    0.321458500    1.784727000    1.908354000
 579   -0.950000000   -1.485824000   -1.731719000
 580    0.734338500    0.339232200    1.195535000
 581   -0.950000000   -0.994629600   -1.205541000
 582    8.333446000    1.126227000    0.791247000
 583   -0.950000000   -1.306259000   -0.086263650
 584   -0.950000000   -0.194434800   -1.237513000
 585   -0.950000000   -1.094919000   -1.996736000
 586   -0.950000000   -1.496454000   -0.319429300
 587   -0.950000000   -1.124829000   -0.146033900
 588    6.866060000    0.432134600   -0.428939600
 589   -0.950000000   -0.859398200    0.969313900
 590   -0.950000000   -1.970618000    1.131703000
 591    6.766113000    0.609765800    0.037767340
 592   -0.950000000   -0.592091800   -0.729482900
 593   17.593630000    1.219050000   -0.892878600
 594   10.994850000    1.072059000    0.256509200
 595    0.622088700   -0.321379700   -1.576047000
 596    7.718264000    0.737147900    0.797838100
 597   13.702760000    1.230743000    0.345620500
 598   -0.950000000   -1.761775000   -1.174657000
 599   16.778390000    1.900784000    0.459919100
 600   -0.950000000   -0.314513300    1.832120000
 601    2.065048000   -0.133558800   -1.054486000
 602   15.780650000    1.064217000    1.515132000
 603    4.419281000   -0.491471700   -1.591818000
 604    0.954627000   -0.049628900    1.409923000
 605    3.696698000   -0.075785710   -0.094441970
 606    1.120099000   -0.331293400    1.647800000
 607   13.118300000    1.394319000    0.601990500
 608    5.949593000    0.014686820   -0.010345870
 609   -0.950000000   -1.690035000    0.162053600
 610   11.757450000    1.460230000    1.978933000
 611   13.874790000    1.139072000    0.002897657
 612   25.031510000    1.817751000   -0.171711100
 613   23.407000000    1.935477000    0.332858200
 614   13.037300000    0.964680800   -0.835421800
 615   -0.950000000   -1.241287000   -0.634640400
 616   -0.950000000   -0.211173600    0.212320900
 617   -0.950000000   -0.020881790   -0.219757800
 618   -0.950000000    0.177225900    0.278947500
 619   -0.950000000    0.270977300   -1.348043000
 620   -0.950000000    0.036915580   -0.269778900
 621   -0.950000000   -1.092633000   -0.501306800
 622    2.212147000    0.796765500    0.797328900
 623   -0.950000000   -0.704726200    0.891376000
 624   -0.395238900   -0.036391550   -1.129025000
 625    7.846938000    1.264766000   -0.008450800
 626   -0.950000000   -1.075903000   -1.380167000
 627   -0.950000000   -1.457103000    0.411846800
 628    1.439065000    0.206925100   -1.235011000
 629   -0.950000000   -1.104081000   -1.136658000
 630   -0.950000000   -1.243436000    0.522653800
 631   10.061720000    0.412287500    0.122818000
 632   13.025410000    1.019736000    1.016647000
 633    9.016893000    0.412097900   -0.657870800
 634   11.001230000    0.917290600    0.527854200
 635   17.136800000    0.848990400   -1.164491000
 636   20.056800000    1.978384000    1.647406000
 637    0.712110700   -0.182228700    0.339813900
 638   -0.950000000   -0.495586000    1.372868000
 639   -0.950000000   -1.108540000   -0.950127400
 640    4.244015000    0.080429240    0.220618900
 641    0.562820600   -0.057346370    1.087385000
 642   11.728180000    0.792394300    0.087795220
 643   12.118240000    0.894752400    0.102073100
 644    0.241753000   -0.598484800    1.379124000
 645    4.839093000    0.070658440    0.439750300
 646   15.869800000    1.488897000   -0.064848470
 647   -0.950000000   -1.593423000   -1.674236000
 648   -0.950000000   -1.523089000    0.044719030
 649   -0.950000000   -1.742518000   -0.265555000
 650   -0.950000000    0.055403320    0.227456200
 651   -0.950000000   -0.811240800   -0.050794980
 652    2.081086000    0.272059700    0.517615100
 653   -0.950000000    0.011295290    0.672700100
 654   -0.950000000   -1.568457000    0.901682200
 655   14.671180000    1.141287000   -0.711313200
 656   -0.950000000   -1.432876000    0.253919600
 657    3.755852000    1.027488000    1.588398000
 658   -0.950000000   -0.495247000   -0.005530315
 659   -0.950000000   -0.871195900    1.056817000
 660    7.579876000    0.612044300   -0.771578900
 661   18.597790000    1.589895000   -0.061965390
 662    8.227348000    0.927618200    0.615537800
 663   13.273420000    1.252008000    0.113808000
 664   -0.950000000   -1.254311000    1.921839000
 665   -0.950000000   -0.595819000    0.222435000
 666   -0.950000000   -0.465888200    0.349414300
 667   -0.950000000   -0.344837800    0.529848600
 668    9.362769000    0.651516000   -0.041853740
 669    1.311031000   -0.191453000    0.216473000
 670   -0.950000000   -0.967909300    0.074172210
 671    6.158313000    0.195362500    0.943499000
 672   -0.950000000   -1.636364000   -0.942393400
 673   -0.950000000   -1.155207000    1.056823000
 674    1.453110000   -0.092779870    0.908620500
 675   -0.950000000   -1.334711000    1.951316000
 676   12.185830000    1.179837000   -0.935491500
 677    3.938054000    0.680754000   -0.597333000
 678   -0.950000000   -0.884440900   -1.117099000
 679    1.353025000    0.950416500    1.137525000
 680   -0.950000000   -0.441436300    0.080910780
 681   -0.950000000   -0.694413500    0.277711800
 682   -0.950000000   -0.340695400    0.858821400
 683   -0.950000000   -1.355737000    0.595400900
 684   -0.950000000   -1.580668000    0.495911800
 685    1.787900000    0.550915600    0.104928100
 686   -0.950000000   -0.897528500    0.196539100
 687   -0.950000000   -1.451845000   -0.129613900
 688    2.046038000    0.337491500   -1.264680000
 689   -0.950000000    0.121143900    0.145579700
 690   -0.950000000    0.602717000    1.765276000
 691    0.512978000   -0.144640100   -0.129157400
 692    6.218037000    0.045223900   -1.950356000
 693   10.220380000    0.622508200   -0.455261100
 694   10.076190000    0.706707700    0.310676400
 695    8.150000000    0.523101700   -0.329061900
 696   -0.950000000   -0.641834400    0.252543200
 697   -0.950000000   -0.374470200    1.250465000
 698   -0.950000000   -0.626809500   -1.286310000
 699   13.568340000    0.703040500   -1.124300000
 700   -0.126968500   -0.206636500   -1.173744000
 701    8.534332000    0.706606400   -0.293038400
 702    7.675733000    1.452146000    0.856609300
 703   15.851300000    1.718131000    0.042384570
 704    6.265406000    0.427640300    0.040083330
 705   14.375670000    1.287710000   -0.710585500
 706   17.298360000    1.275626000   -0.481946200
 707    6.141499000    0.949552800    1.478252000
 708    0.559726100    0.086455730   -1.078323000
 709   -0.950000000   -0.602376500   -0.643309700
 710   -0.950000000   -0.090213930    0.324324200
 711   -0.950000000   -0.546158700    0.471015900
 712    2.874886000    0.198777000   -1.275848000
 713   13.619340000    1.612274000   -0.091062860
 714   -0.950000000   -0.975097800   -0.336509500
 715   -0.950000000   -1.231033000   -0.706278400
 716    6.194626000    0.948761700    1.436913000
 717   -0.950000000   -0.593549700   -1.965336000
 718   -0.950000000   -0.279532500    1.372408000
 719    6.526555000    0.676402500    0.219316600
 720   -0.950000000   -1.024107000   -0.987624700
 721   -0.950000000   -0.589475600    1.667146000
 722   -0.950000000   -0.176264800   -0.116819500
 723   -0.950000000   -0.139065100    0.549969400
 724   -0.950000000   -0.353265600   -0.624197300
 725   -0.950000000   -1.411133000   -0.177005400
 726    7.951670000    0.754031700    1.506706000
 727   -0.950000000   -1.661894000    1.111127000
 728    8.932291000    0.644433900    1.473608000
 729   -0.950000000   -0.159826900    0.750407700
 730   12.500290000    1.021437000   -0.697401200
 731    4.921581000    0.386850900   -0.675433700
 732   -0.950000000   -1.848486000    1.097821000
 733   -0.950000000   -1.338263000    0.423128000
 734    1.057466000    0.203148700    0.414393800
 735    6.408968000    0.731813700    0.041747120
 736   -0.950000000   -1.261024000   -0.744296000
 737   20.593600000    1.809841000   -0.710887500
 738   -0.950000000   -0.849791400   -0.658970600
 739   11.112820000    0.681801800   -1.629912000
 740   -0.950000000   -0.329994900   -1.976805000
 741    8.996779000    0.795853000   -0.341210700
 742   -0.950000000   -0.122211200    0.282712500
 743   -0.950000000   -0.601958800   -0.222425900
 744   11.087190000    1.220991000    1.702200000
 745    0.532686800    0.040564550    0.270567800
 746   -0.950000000   -0.121405300    1.359231000
 747    0.486656200   -0.151895100   -1.192542000
 748    2.532455000    0.257694200    0.677488200
 749   12.733070000    1.339185000    0.144692900
 750    4.846353000    1.041389000    0.192410700
 751   -0.950000000   -0.163629900    0.558747400
 752   -0.950000000   -1.287394000   -0.825154600
 753   -0.950000000   -0.424610700   -0.696685000
 754   -0.950000000   -0.466266600    0.549077400
 755    3.252716000    0.856130500   -0.148872700
 756   -0.950000000   -1.401202000   -0.306640900
 757    8.767969000    1.226583000   -1.542219000
 758    0.576835800    0.303129900   -0.665916400
 759    0.695667800    0.327254700   -1.561258000
 760   -0.950000000   -0.423372400    0.709517600
 761   -0.950000000    0.396911400    0.151813600
 762   -0.950000000    0.040912430   -0.463980900
 763   -0.950000000   -1.012572000    1.849224000
 764   -0.950000000   -1.432297000   -0.234221100
 765   -0.950000000   -1.003505000   -1.289240000
 766    6.650328000    0.557936400   -0.563834300
 767   -0.950000000   -0.792838300   -0.927812000
 768   -0.950000000   -0.906696800    1.530812000
 769    6.373151000    0.895327500    0.956234900
 770   15.590450000    1.334844000   -0.808695400
 771   -0.950000000    0.060336500   -0.292394300
 772   -0.950000000   -0.582878800   -0.504667500
 773   -0.950000000   -0.846535300    0.504257200
 774   -0.950000000   -0.469220800   -0.126910100
 775   -0.950000000   -0.711072300   -0.614686400
 776   -0.950000000   -1.143613000    1.224726000
 777   -0.950000000   -1.887104000    0.369983600
 778    0.778493800    0.076694140   -0.834437400
 779   -0.950000000   -0.116892400    0.432270000
 780   -0.950000000   -0.314479500   -0.869349500
 781   -0.950000000   -0.359579400   -0.313182500
 782   -0.950000000    0.081052900    0.059268650
 783    4.483310000    0.676780500    0.065770320
 784    2.176622000    0.450056800   -0.420351800
 785   -0.950000000   -1.332675000    1.541300000
 786   -0.950000000   -0.032528120    0.317848700
 787   -0.561049300    0.010004220   -0.625679800
 788    1.971808000    0.280052400    0.032650510
 789    8.663962000    0.704568800   -1.354277000
 790    5.633368000    0.634731000   -0.895486100
 791    0.146907200    0.249711000    0.283871500
 792   -0.950000000   -0.310499700   -1.441451000
 793   -0.950000000   -0.673832500   -0.703557100
 794   -0.950000000   -1.261929000   -0.753523200
 795    5.084892000    0.456612600    0.477115500
 796   -0.950000000   -0.127430100    0.359399700
 797   -0.950000000   -0.510423200    0.411334300
 798    0.132178000    0.465897100   -0.341083800
 799    3.650960000    0.690587400   -0.406321200
 800   -0.950000000   -0.169651600   -1.070425000
 801   -0.950000000   -0.967649600   -0.231494400
 802   -0.950000000   -1.177305000   -1.078587000
 803   -0.950000000   -0.432736500   -0.646473500
 804    1.428099000    0.291455400   -0.228074500
 805   -0.950000000   -0.266710600   -1.897391000
 806   -0.950000000   -0.128832600   -0.202741300
 807   -0.950000000   -1.217310000    0.348549100
 808    6.299129000    0.785212200   -0.358251500
 809    1.726186000    0.399301200   -1.076501000
 810   -0.950000000   -0.918537600    0.062023370
 811    6.419079000    0.781496200    1.170502000
 812    1.602053000   -0.570697000   -1.630539000
 813   19.381670000    1.339796000   -0.209331300
 814   20.711410000    1.656307000   -0.332694700
 815   11.983000000    0.766343600    0.487485300
 816   20.613810000    1.555696000    0.294775300
 817    7.808632000    0.418192000   -0.049577280
 818    5.792604000   -0.012890870   -0.504166000
 819    1.277634000   -0.874672600   -1.900499000
 820   19.711600000    1.457038000    1.033263000
 821   -0.950000000   -0.731678900    0.285681500
 822    4.891442000    0.393377400    0.900109900
 823   12.654060000    0.797744900   -0.192205600
 824   14.567020000    0.850551100   -0.287224900
 825    9.465783000    0.454045100   -0.657435200
 826   -0.950000000   -0.824434900   -0.602030100
 827    8.255449000    0.363356300   -0.605060100
 828    8.520593000    0.371646800   -0.299971500
 829   19.980450000    1.374640000    0.587162300
 830    2.569403000    0.550734000    0.493647300
 831    1.597138000    0.048074230    0.343774500
 832    2.416347000    0.637416600    1.680262000
 833    1.491391000    0.174570600    1.374708000
 834   11.147940000    0.777073100   -0.869214900
 835    3.701576000    0.429575800    0.485708300
 836   -0.950000000   -0.832327700    1.749352000
 837   -0.950000000   -0.873081900    0.306816500
 838   12.207160000    1.326815000    0.577459000
 839    2.983762000   -0.021760110   -1.644970000
 840   -0.950000000   -0.765495900    0.916846500
 841   -0.950000000   -0.348746300   -1.750192000
 842   10.361160000    1.385296000   -0.476679600
 843   -0.950000000   -1.723347000   -0.782090700
 844   10.171330000    1.090207000   -1.028858000
 845    0.693624300    0.727369400    0.654385500
 846   -0.950000000   -0.324209000   -1.664934000
 847    4.327313000    0.820142600    1.680030000
 848   -0.950000000   -0.369193900   -0.185561400
 849   -0.950000000   -0.385170700    1.546229000
 850   -0.950000000   -0.257377600   -0.556569700
 851   -0.950000000   -1.122967000   -1.019983000
 852   -0.950000000   -0.165734400   -0.124974900
 853    2.231299000    0.361509500   -0.371151300
 854   -0.950000000   -1.104653000    1.208878000
 855   -0.950000000   -1.377372000    0.660169600
 856   -0.950000000    0.111753400   -0.431010600
 857   -0.950000000   -0.232861700   -1.277119000
 858   -0.950000000    0.495535700    1.754789000
 859   -0.950000000   -0.955930300    1.040417000
 860   -0.950000000   -0.960817400   -1.650158000
 861   -0.950000000   -1.487229000    0.396634300
 862   -0.950000000   -0.853650400    0.945525900
 863   15.558560000    1.447169000    0.146918700
 864    8.958905000    1.062992000   -1.819820000
 865   -0.950000000   -0.605156400   -1.136322000
 866   -0.950000000   -0.025070450   -0.418767600
 867   -0.950000000    0.023503490   -1.003959000
 868   12.715030000    1.664140000   -0.275679600
 869   -0.950000000   -1.361952000   -1.131840000
 870   -0.950000000   -1.543007000   -0.805485900
 871   -0.950000000   -1.814443000    0.329757800
 872    0.333884600    0.176333800   -0.210624300
 873   -0.950000000    0.376493200    1.499868000
 874   -0.950000000   -0.563957600   -0.620441900
 875    5.592874000    0.519972500    1.007611000
 876   -0.950000000   -0.311308600    0.970762200
 877    7.628117000    0.668919700   -0.163288300
 878   -0.950000000   -0.815030000   -1.175747000
 879   12.211760000    0.924949900    0.715076200
 880    9.406589000    0.979350700    0.332608600
 881   -0.950000000   -0.927082300    0.713206600
 882   -0.950000000   -0.787444800    1.302344000
 883   -0.950000000   -1.432217000    0.142089900
 884   -0.950000000   -1.924313000    1.189222000
 885    3.329450000    0.135617600   -1.351818000
 886   -0.950000000   -0.470692900    0.071679630
 887   -0.950000000    0.028313590    0.794773400
 888   -0.950000000   -0.745056400    0.716174000
 889   13.437150000    1.502246000    0.181652400
 890   -0.950000000   -0.137336400    1.259083000
 891   -0.950000000   -0.854355400   -1.503523000
 892   -0.950000000   -0.583231200    1.303449000
 893    9.451812000    1.278732000    0.523081900
 894   -0.950000000   -0.079330420   -0.208036300
 895   -0.950000000   -1.486821000    0.409773600
 896   -0.950000000   -0.211362800    1.110128000
 897   -0.950000000   -1.119405000    0.444338300
 898   -0.950000000   -1.001581000    0.000485943
 899   -0.950000000   -1.268699000    0.287553400
 900   -0.950000000   -1.257803000   -0.355328500
 901    1.655584000    0.491444700    0.064481870
 902   23.241620000    1.856860000   -1.110114000
 903   11.393950000    1.662823000   -0.695911900
 904    8.553341000    0.628826200   -1.007213000
 905   -0.950000000   -0.851196700   -1.694950000
 906    3.531084000    0.446082000   -0.376552200
 907   -0.950000000   -0.514484100   -0.143153100
 908   11.223210000    1.284636000    0.346743100
 909   -0.950000000   -0.321193400    0.157402800
 910   16.661580000    1.423279000   -0.269337800
 911    4.049826000    0.646931500   -1.288831000
 912    5.242614000    0.494453900   -0.910876500
 913   -0.950000000   -0.911113500    0.341747500
 914   -0.950000000   -0.320029100   -0.862361600
 915    5.498284000    0.634269600    0.692922100
 916   16.494300000    1.399336000   -0.118329500
 917   -0.950000000   -0.408572200   -0.095981020
 918   -0.950000000   -0.641945600   -0.845655600
 919   18.177760000    1.664287000    0.211193800
 920    6.245031000    0.374668200   -0.185271800
 921   -0.950000000   -1.076764000    0.857039600
 922    9.612949000    0.868394000    0.313958700
 923   -0.950000000   -1.496974000   -0.213558000
 924   17.080060000    1.719191000    0.253663200
 925    2.638093000    0.754909100    0.677406700
 926   -0.950000000   -0.544372500    0.841928000
 927   17.854420000    1.559954000   -1.075007000
 928   -0.435331600   -0.506927600   -1.222131000
 929    8.476406000    0.470969300   -1.129011000
 930   -0.950000000   -0.260268800   -0.251402400
 931    0.516257900   -0.362550300   -0.918197000
 932    1.493170000    0.350447300    0.858777100
 933   -0.950000000   -0.655255500    0.254341900
 934   11.209760000    1.162516000   -0.299380200
 935   15.542590000    1.094235000   -0.822006900
 936   -0.950000000   -0.522804500   -0.536061000
 937    8.105206000    0.733802300    0.037531170
 938    9.195915000    0.733046200    0.466916700
 939   18.593300000    1.843176000   -0.195754400
 940   -0.950000000   -0.853173600    0.724070500
 941   -0.950000000   -1.350033000    1.102653000
 942    8.291329000    0.664622400   -0.701986000
 943   -0.950000000   -1.173217000   -0.131282000
 944    0.683565200    0.800422600    1.601066000
 945    3.545079000    0.207474100    0.145516200
 946   -0.950000000   -1.425372000    0.615014900
 947   -0.950000000   -1.713375000   -0.905553500
 948   -0.950000000   -0.892247600    0.493238400
 949   13.943750000    1.581328000    0.580571800
 950   14.277780000    1.354393000    0.597134200
 951   -0.950000000   -0.942514400   -0.474438400
 952   -0.950000000   -1.212103000    1.301474000
 953    1.966475000    0.405330600    0.368964900
 954   -0.950000000   -0.731340800    0.183414800
 955    9.223895000    0.844256400   -1.228261000
 956    9.845794000    0.890239100   -1.138984000
 957    3.585022000    0.147228400   -1.270322000
 958   -0.950000000   -0.699647300   -1.089878000
 959   -0.950000000   -0.540179800   -0.710746800
 960   -0.666029200    0.672911600    1.027625000
 961   -0.950000000   -0.220108900    0.046655540
 962   -0.950000000   -0.168104000    0.303181100
 963    1.585246000    0.544350000    0.236844500
 964    3.244132000    0.219634400   -0.522288000
 965    0.257589100    0.270461000    0.565535800
 966    4.040746000    0.183163100    0.693435300
 967   -0.950000000   -0.106518200    1.275942000
 968    7.248192000    1.076262000    1.197182000
 969   -0.950000000   -0.633038400    0.557386700
 970    9.969156000    0.647251000   -0.754685900
 971   -0.950000000   -0.132165400    0.539514000
 972    6.169612000    0.527474600   -0.746119200
 973   -0.950000000   -0.428866600    0.785212900
 974   -0.950000000   -0.493653700   -0.968261300
 975    5.813525000    0.375848900   -0.615883500
 976   -0.950000000   -0.966624300    1.501285000
 977   -0.950000000   -1.060978000    0.144897900
 978   -0.950000000   -0.115841500   -0.250611700
 979   -0.950000000   -0.545637100   -0.564175300
 980   -0.950000000   -0.513605400   -1.433093000
 981   15.520160000    1.344871000   -0.227362800
 982   -0.950000000   -1.391303000   -0.164388900
 983    2.146835000    0.121050400   -0.197985600
 984   -0.950000000    0.195012600    0.046164050
 985   -0.950000000   -0.402489300   -0.615755800
 986   15.203720000    1.816797000    0.587135400
 987   -0.563385400    0.532997300    0.371654200
 988   11.255580000    0.732277300    0.553851800
 989   -0.950000000   -0.884446800    0.379643000
 990   17.423250000    1.601745000   -1.873410000
 991   18.738960000    1.281798000    0.492828600
 992    1.033558000   -0.105881500    0.542552200
 993    4.676700000    0.782719700    1.025208000
 994   -0.950000000   -1.422888000   -1.222124000
 995    7.372261000    0.333030300   -0.655584700
 996   13.100860000    1.202920000    1.720039000
 997   -0.950000000   -1.088399000    0.830440900
 998    5.348006000    0.190986300   -0.731416500
 999    9.684937000    0.689849300   -1.282308000
1000    2.456076000   -0.007300994   -0.153977500
1001   12.592470000    0.853667700   -1.268748000
1002   -0.950000000   -0.678038900    1.262123000
1003   16.639890000    1.284922000    0.030009490
1004   -0.950000000   -0.527090200    0.364879500
1005   -0.950000000   -0.940278400    0.756854000
1006    4.026050000    0.601382300    0.105998500
1007   10.957450000    0.985975800    0.005371119
1008   -0.950000000   -0.106142900   -1.894912000
1009   -0.950000000   -0.798406900   -0.072106700
1010   -0.950000000    0.429693400    1.921565000
1011   -0.950000000   -0.302761000   -0.083060800
1012   -0.950000000   -0.341320400    0.462502900
1013   -0.950000000   -1.888211000    1.695236000
1014   -0.950000000   -1.806065000    0.178167500
1015    2.238409000    0.269165500    0.118734700
1016   -0.950000000   -0.174308100   -0.887336200
1017   -0.950000000   -0.464405100    0.332176600
1018   -0.950000000   -0.179872800    1.435354000
1019   -0.950000000   -0.356610000   -1.016142000
1020    8.626113000    0.802562100   -0.952858200
1021   -0.950000000   -1.252540000    0.070325540
1022    5.767649000    0.389347700   -0.053874790
1023    1.462255000   -0.149605700   -0.260529500
1024   -0.950000000   -0.199423800    1.229285000
1025   13.722260000    1.225937000    0.495528500
1026   18.208610000    1.620437000   -0.090925600
1027   -0.950000000   -1.074565000    1.525721000
1028    8.675293000    0.716660100    0.341201900
1029    5.943361000    0.303703300   -0.412360700
1030    6.834309000    0.813641800    1.115998000
1031   -0.950000000   -0.662724200   -0.781438100
1032   -0.950000000   -1.353298000   -0.880661600
1033    7.141739000    0.632512100    0.109525600
1034    1.373326000   -0.004498463    0.589252800
1035   -0.950000000   -0.341118600    1.518654000
1036   -0.950000000   -0.099889130    0.802480200
1037    2.292333000   -0.097715040   -1.322148000
1038   -0.950000000   -0.834178000   -0.317298000
1039    5.104108000   -0.025585450   -1.509892000
1040   13.061910000    1.111791000   -0.243681700
1041   -0.950000000   -0.971599000    0.333136500
1042    9.535225000    1.519747000    1.356466000
1043   26.806930000    1.825736000   -1.209569000
1044    8.723416000    0.515565400   -0.686627300
1045   -0.950000000   -0.346099500    0.442712100
1046    7.466492000    0.507907200    0.330819300
1047   -0.950000000   -0.687706500    1.352021000
1048    1.726787000    0.146368200   -0.290141000
1049   -0.950000000   -0.135235400    0.958349100
1050    4.642537000    0.157472300    0.255242600
1051    6.708054000    0.414996000   -0.893936400
1052    0.686961200   -0.315403100    0.933323100
1053   -0.950000000   -0.585702300   -0.215067300
1054   -0.950000000    0.038114290    1.990688000
1055   -0.950000000   -1.808064000    1.175513000
1056   -0.183572400   -0.033337790    0.099501810
1057   17.269710000    1.177568000   -1.004834000
1058   11.025010000    1.394788000    0.853803100
1059   -0.950000000   -0.350387600    0.279768000
1060   -0.950000000   -1.095763000   -0.193226900
1061    0.587165800   -0.311887600   -1.649256000
1062   12.300310000    1.306208000    1.037231000
1063   15.883010000    1.050539000   -0.268292800
1064    0.279040200    0.000742183    0.673075200
1065   -0.950000000   -0.097353620    1.920246000
1066    3.528556000    0.910792800    0.487705500
1067   -0.950000000   -1.438059000   -1.883332000
1068   17.056540000    1.513173000    0.505094200
1069   -0.950000000   -0.822517000    0.412490900
1070    1.853520000    0.654815800    0.661628800
1071    9.941537000    1.380577000   -0.321281900
1072   -0.939689700    0.019411150    0.854727200
1073   -0.950000000    0.144727200    1.951251000
1074    0.890137800    0.230595500    0.283641500
1075   -0.950000000   -0.486281800   -0.575307600
1076   -0.950000000   -1.484516000    0.470538200
1077   -0.950000000   -1.002860000    0.219612500
1078   -0.134363100    0.183024800    0.027321500
1079   -0.950000000   -0.652320500   -1.591465000
1080   10.529820000    0.792201100   -0.500265200
1081   -0.950000000   -1.731298000    0.193469100
1082   -0.950000000   -0.069916750    0.225704400
1083   -0.950000000   -0.963250300   -0.341974300
1084   -0.950000000   -0.338464600   -0.583066500
1085    2.003037000    0.580773200   -0.464707800
1086   -0.950000000   -0.490830700    1.104323000
1087   -0.950000000   -1.728290000   -1.028429000
1088   -0.950000000   -0.612927400    0.675711100
1089   -0.950000000   -1.852250000   -0.156747000
1090    3.378482000    0.550759700   -0.276957100
1091    6.112426000    0.982241500    1.142315000
1092   -0.950000000   -1.642326000    0.044042910
1093   12.942800000    1.362632000    0.213605900
1094   -0.950000000   -1.152641000    0.039393440
1095    6.351622000    1.122350000    1.254657000
1096    7.011969000    0.711801500   -0.319496900
1097    0.468203500    0.139325100    0.367145500
1098   -0.950000000   -0.168898300    0.025288900
1099    3.044124000    0.184682600   -0.666706600
1100   11.694110000    0.985081800   -0.931081300
1101    8.159427000    0.623025100   -0.399888400
1102   10.510470000    1.180326000    0.539877900
1103   -0.114188900   -0.081778010    0.536471900
1104    6.382941000    0.675439200   -1.136422000
1105    3.291421000    0.082697540    0.355795800
1106   -0.741752000   -0.143959600   -0.679503300
1107   -0.950000000   -1.748377000    0.278926300
1108   12.096290000    0.889254800   -0.431526400
1109   -0.950000000   -1.938278000   -0.572936000
1110   -0.950000000   -0.417983100    0.676391300
1111    2.421806000    0.482004900   -0.049983750
1112   -0.950000000   -1.476681000   -0.634218100
1113    2.942068000    0.478015000   -0.366331200
1114    3.706255000    0.540808400   -1.037919000
1115   -0.950000000   -0.992723700   -0.346852800
1116   -0.950000000   -1.199860000   -1.283737000
1117    0.683030800    0.356244100    0.250472800
1118    5.031302000    0.685150900   -0.317726100
1119   -0.950000000   -1.972123000    0.239402600
1120    8.183094000    1.037640000    1.584245000
1121   -0.950000000   -1.097165000   -1.884102000
1122   -0.950000000   -0.093610820   -1.059550000
1123   13.445000000    1.096898000   -0.800315500
1124    3.905053000    0.707283000   -0.324486000
1125   -0.141755600    0.093584320   -0.661448800
1126   -0.950000000   -1.467709000   -0.931017500
1127   17.970830000    1.991313000   -0.296728300
1128   10.087290000    0.762106700   -0.891873400
1129    5.011494000    0.070270660   -0.946592700
1130   -0.950000000   -0.222925500    0.527135800
1131    9.532976000    1.310732000    0.905080700
1132    8.699128000    0.847892500    1.081279000
1133   -0.950000000   -0.845087700    0.220595600
1134   -0.950000000   -0.698347300   -1.038158000
1135    9.255861000    0.714214800    0.531398100
1136    3.982757000   -0.003314954   -1.408332000
1137    8.431946000    0.632936700   -0.558837800
1138   -0.950000000   -0.946745300   -1.355818000
1139   12.318120000    0.767202900   -0.027372810
1140    0.733267800    0.421960100    0.470535800
1141    7.990259000    0.525007300   -1.321391000
1142   11.493300000    0.857811900   -0.455461800
1143   -0.950000000   -1.235091000   -0.544538200
1144   -0.950000000   -0.399955700   -0.298488700
1145   -0.950000000   -1.491092000   -0.152873700
1146    6.429861000    1.125492000    1.463930000
1147   -0.950000000   -1.093744000    0.823262100
1148    7.139761000    0.833518300    0.149179000
1149    6.792952000    0.676560400    1.202878000
1150   -0.950000000   -0.522241800   -0.868320300
1151   -0.950000000   -0.015229500    1.128489000
1152   -0.950000000   -0.208203200    0.789544700
1153   -0.950000000    0.029401670    0.732465500
1154   12.299470000    0.979100200    1.024948000
1155   -0.950000000   -1.289883000    0.408149200
1156    5.922858000    0.224614800   -0.584347600
1157   -0.950000000   -1.016050000    0.165375300
1158    0.817683200    0.265482200    1.094402000
1159   -0.950000000   -0.747711500   -1.615646000
1160   -0.876685500   -0.088005590    0.956285500
1161   -0.950000000   -0.862344900    1.214087000
1162    0.205175900   -0.106765500    0.377397800
1163   11.592440000    0.686786200   -0.628922400
1164   -0.950000000   -1.078751000    0.431473500
1165   -0.950000000   -0.424361300   -0.659629600
1166    5.191146000    0.380615700    0.755798200
1167   22.072820000    1.923546000   -0.844575400
1168   17.923710000    1.959422000    1.269984000
1169   10.049640000    0.597890200   -0.126113400
1170    2.176504000   -0.033294110    0.557177200
1171   11.614840000    1.099629000   -0.893703500
1172   -0.950000000   -0.525041500    1.984723000
1173    6.209405000    0.925920900   -0.526958900
1174   -0.950000000   -0.925061900   -0.598759500
1175   -0.950000000   -1.256945000   -1.470519000
1176   -0.950000000   -1.787327000   -0.833168800
1177   -0.950000000   -0.377163600   -1.146757000
1178   -0.950000000    0.059470820    0.597577100
1179    3.910058000    0.704442900   -1.629406000
1180   11.264050000    1.390341000   -0.633046700
1181   -0.950000000   -1.565319000   -1.255656000
1182   -0.950000000   -1.552974000    0.006480311
1183    4.461082000    1.268463000   -1.678525000
1184    3.273963000    0.701323800    1.683408000
1185   -0.950000000   -0.943047500    0.039210650
1186   -0.950000000   -0.137710000    0.720746900
1187   -0.950000000    0.102549400   -1.001508000
1188   -0.950000000   -0.355524400    0.258792100
1189   -0.950000000   -1.923352000    0.000520004
1190   -0.950000000   -0.112965500   -1.771857000
1191   -0.950000000   -0.043788860   -0.133805300
1192   -0.950000000   -1.825346000   -0.761219500
1193   17.306930000    1.311815000   -1.834703000
1194   -0.950000000   -0.865192200   -0.158724300
1195   -0.950000000   -1.318770000    0.761971600
1196   -0.950000000   -0.245170100    0.659418700
1197   -0.106440200    0.414132000   -0.947195600
1198   -0.950000000   -0.488306700    0.842848400
1199   -0.950000000   -0.172197700    1.118519000
1200   -0.950000000   -0.062377100    1.367860000
1201   -0.950000000   -0.945653400   -0.049017270
1202    3.721810000    0.946682400    1.751562000
1203   -0.950000000   -0.939146400   -0.942774200
1204    2.973388000    0.164191300   -1.019404000
1205   -0.950000000    0.322623000    0.855429900
1206   -0.950000000   -0.994053100   -0.770155700
1207    5.678959000    0.576229900    1.058236000
1208   -0.950000000   -0.599392800   -0.710542000
1209    6.047856000    0.691457500    0.638628600
1210    7.919470000    0.656545300   -0.625027600
1211   10.468080000    0.656785400   -1.394127000
1212    8.872180000    0.881928200    1.961934000
1213    2.425939000    0.209441500   -0.570243200
1214    6.075486000    0.585396800   -0.150521400
1215   13.921970000    1.051512000   -1.843755000
1216   -0.950000000   -0.089150970   -0.224459600
1217   14.182680000    1.428090000   -0.730451100
1218   -0.950000000   -1.198618000    1.363805000
1219   -0.950000000   -1.654227000   -0.451060800
1220   -0.950000000   -0.870313700    0.404414000
1221   -0.950000000   -1.040983000   -0.799473900
1222   -0.950000000   -0.189565600    0.269346800
1223   12.240530000    1.141988000   -1.486342000
1224   -0.950000000    0.204020500   -0.354484800
1225   -0.950000000    0.413421600    0.664709100
1226    2.997877000    0.565879700   -0.327045600
1227   -0.950000000   -0.963371500   -1.632003000
1228    0.091908150    0.131949400   -1.348507000
1229   17.423220000    1.289973000   -1.168216000
1230   -0.950000000   -0.334190000   -1.518970000
1231   -0.950000000    0.220964500   -0.049080850
1232    4.311150000    0.718204900    0.069821520
1233   -0.950000000   -0.606866700   -0.871810200
1234   -0.129996500    0.470317600   -0.323295400
1235   -0.112633900    0.342759500    0.555437100
1236   -0.950000000   -0.391901200    0.008434324
1237   -0.950000000   -0.207035300   -0.177082100
1238   -0.883558300    0.461929200    0.968980000
1239   -0.950000000   -0.790815500    0.198247500
1240   -0.950000000   -1.678055000   -0.404996600
1241   -0.950000000   -0.219668000   -0.554310100
1242   -0.950000000   -1.917467000   -0.058840770
1243   -0.950000000   -1.001683000   -0.654587400
1244    2.195994000    0.901783300    1.437129000
1245   -0.950000000   -1.057748000    0.413867900
1246   -0.950000000   -0.508199100    0.662223200
1247   -0.950000000   -1.253703000    0.753874000
1248    0.347591600    0.115507400    1.331386000
1249   -0.950000000   -0.169214100   -0.069294610
1250    6.482821000    0.292624200   -1.220831000
1251   -0.950000000   -1.435467000   -0.571199600
1252    0.830157000    0.455741800    1.190719000
1253   -0.950000000   -1.562098000    0.267502000
1254    5.705539000    0.743556300    1.137965000
1255   -0.950000000   -0.354936800    0.289188600
1256   -0.950000000   -0.890126200    0.487216000
1257   12.710370000    1.075568000   -0.133273800
1258    6.726798000    0.649383800   -0.466603800
1259    4.334869000    0.350865300   -0.224271500
1260   -0.950000000   -1.111509000    0.340122700
1261    6.505116000    0.723823800    0.936112600
1262    6.567222000    0.732017300   -0.100406700
1263   -0.950000000   -0.291188400   -0.220354300
1264   -0.950000000   -0.235120100    0.428677300
1265   -0.950000000   -0.177544200   -0.669020600
1266   -0.950000000   -1.781597000    0.277672800
1267    9.435335000    1.119282000    0.299564600
1268    8.254743000    0.699020200   -0.628651700
1269   -0.950000000    0.367579500    0.420195100
1270   -0.001946992    0.015676120   -0.296255700
1271   -0.950000000   -0.421019400   -0.050836890
1272   -0.950000000   -1.388499000   -0.142228300
1273    3.588183000    0.232883100   -0.126134400
1274   -0.950000000   -1.054613000    0.527057700
1275    0.295401100    0.120017000   -0.338675800
1276    5.975804000    0.313991800    0.564268000
1277    7.941037000    0.392323200    1.285857000
1278   24.226240000    1.333949000   -1.533003000
1279    6.558671000    0.183919700   -1.009709000
1280    5.785669000    0.051615210   -1.055996000
1281   -0.950000000   -0.121788600    1.532848000
1282   10.304430000    0.738782600   -0.590577300
1283    5.240061000    0.192360700    0.121802900
1284   13.406630000    1.285954000    0.984353700
1285    3.088726000   -0.215606900   -1.271546000
1286    2.223162000   -0.257130500   -0.460597600
1287   18.767970000    1.042843000    1.969319000
1288   12.907200000    0.811443500    0.646348800
1289   -0.950000000   -0.602334800    1.314846000
1290   -0.950000000   -0.587531300   -0.233066900
1291   14.886960000    0.542384900   -1.408990000
1292   -0.950000000   -1.195041000   -0.505531400
1293   11.793860000    0.813854900    0.567822400
1294   18.278500000    1.200750000   -0.026442710
1295    0.507732800   -0.421082500    1.611887000
1296    4.051322000    0.319758400    0.892757300
1297   10.295290000    0.576894100    0.123344100
1298    8.450353000    0.266981100   -0.857787700
1299   21.686460000    1.982723000    1.832869000
1300   -0.950000000   -0.966812700   -0.571676700
1301   12.463050000    0.763764300    0.056336900
1302   12.736790000    0.728508700   -0.860819000
1303    3.970071000   -0.421918600   -1.285887000
1304    3.360637000   -0.067022920    0.777155700
1305    4.656949000    0.060748950    0.856373600
1306   -0.950000000   -0.752226500    0.075722020
1307    3.485128000    0.183500900    0.217346700
1308    1.357283000   -0.131892900   -0.293684300
1309   -0.950000000   -0.505172600    0.022867040
1310   15.584180000    1.265909000   -0.500164800
1311    9.734601000    1.129558000   -0.132439400
1312   -0.950000000   -0.530327800    0.088784860
1313   12.407510000    1.316311000    0.942067100
1314   -0.950000000   -0.516350600   -0.465063000
1315   -0.950000000   -0.679370300   -1.077665000
1316    4.704743000    0.083852160   -0.964734900
1317    6.354448000    0.573457400    1.333496000
1318   -0.950000000   -1.272957000    0.439872300
1319   -0.360863800   -0.161685200    0.331408600
1320    6.083231000    0.279864400    0.324858500
1321   -0.950000000   -0.440114200    0.945918800
1322   -0.950000000   -1.089856000    1.153549000
1323   -0.950000000   -1.961964000    0.163743600
1324   10.679720000    1.340303000    0.345381500
1325   21.530010000    1.505883000   -0.509818600
1326   -0.950000000   -1.559071000    1.264462000
1327   -0.950000000   -0.619123200    0.988717700
1328   -0.950000000   -0.912644800    1.706333000
1329    6.279445000    0.409491000    1.062024000
1330   11.719310000    1.337163000    0.833418200
1331   20.506140000    1.589712000   -0.177622900
1332    2.003503000   -0.200442500   -1.165553000
1333    4.303849000    0.197118800    0.809671100
1334    1.592741000    0.028372780   -0.498597800
1335   -0.950000000   -1.157496000    0.050098800
1336   -0.950000000   -1.139603000    0.081385500
1337   -0.950000000   -0.923576600    0.620742900
1338    3.119524000    0.577967100    0.682002100
1339    1.226623000    0.353509900   -0.100591500
1340   -0.950000000   -1.796699000   -0.381689300
1341   12.707340000    1.265251000   -1.205192000
1342    4.708668000    0.836916400   -0.968549400
1343   10.482940000    1.307575000   -0.643541500
1344   -0.950000000   -0.603797300    1.187561000
1345   -0.950000000    0.135582600    0.307925200
1346   12.119890000    1.142169000   -0.457505900
1347    8.783596000    0.743558700   -0.629116900
1348   10.056620000    1.267380000   -0.032197880
1349   -0.950000000   -0.973359700   -1.671336000
1350   11.618270000    1.184255000   -0.594280600
1351    2.204891000   -0.149113100    0.116864400
1352   -0.950000000   -1.208047000    1.196472000
1353    6.707455000    0.538991100   -0.401786600
1354   -0.950000000   -0.470887700   -0.754919500
1355   11.170100000    0.997715000    0.018391470
1356    9.251274000    0.899963000    0.138089300
1357   -0.950000000   -0.481414000    0.704403900
1358   17.260720000    1.397732000   -0.672283700
1359   -0.950000000   -1.181863000   -0.007708678
1360   10.573400000    1.480645000   -0.134031700
1361   17.743530000    1.907759000    0.131936900
1362   -0.950000000   -0.238266500    1.024939000
1363   -0.950000000   -0.843251400   -0.272687700
1364    2.876748000    0.118544200   -0.179156400
1365   13.779560000    1.028926000   -0.457535500
1366    0.688242600    0.155883900   -1.625588000
1367   -0.950000000   -0.778271000    0.759755200
1368    7.032603000    0.423507200   -1.037823000
1369   -0.950000000   -0.786426000   -0.749095400
1370    1.292324000    0.115963500    0.323594500
1371    1.866671000    0.505937500    1.160292000
1372   11.332360000    1.327385000   -0.511649900
1373    6.097671000    0.504437500   -1.417775000
1374   -0.950000000   -1.221353000    0.821953000
1375    9.134069000    1.207591000    0.155468100
1376   -0.950000000   -0.869604900    0.167556200
1377    0.454017900   -0.072679520    0.290533100
1378   13.659610000    1.997529000   -0.355231300
1379   -0.950000000   -0.996350800    0.500595500
1380   10.474480000    1.287161000    0.322434600
1381    4.780980000   -0.004690180   -0.636677300
1382    1.979101000   -0.181506900   -0.431333800
1383   -0.950000000   -0.581808300    1.621487000
1384   -0.950000000   -0.937920700    1.906045000
1385   -0.950000000   -1.109230000    0.056236600
1386    4.111876000    0.333902900    0.306565600
1387   -0.950000000   -1.948390000   -0.650423100
1388    4.361954000    0.715941400    0.747420700
1389    9.555545000    0.866609500    1.548180000
1390   15.354770000    1.244584000   -0.082921410
1391   12.606370000    0.922902700   -1.959283000
1392   17.947940000    1.423443000   -0.700111200
1393   16.421390000    1.421779000    0.913084800
1394    0.003639924    0.059140110    0.681481100
1395    5.615760000    0.666057900    0.491072900
1396    9.070785000    0.637863700   -0.361458400
1397    9.402403000    1.070758000    0.828739200
1398    0.653831300   -0.476178400   -0.846667200
1399   -0.950000000   -0.630912600    1.308774000
1400   -0.950000000    0.054489120    1.981700000
1401    2.790651000    0.007508244    0.708614000
1402    9.968999000    0.519713600   -0.001970461
1403    4.434654000   -0.324503000   -1.160940000
1404    5.814091000    0.225888500   -0.937481800
1405   27.122910000    1.877590000   -0.598353400
1406    5.405092000   -0.241743600   -1.834743000
1407    3.670912000    1.225219000    1.972163000
1408    1.868208000    0.064363370    0.167159800
1409   14.357550000    1.242505000   -0.829081900
1410   -0.950000000   -0.894613300    0.326349300
1411   -0.950000000   -0.934264800    1.301607000
1412    0.647381600   -0.031529520    0.563989600
1413   12.692600000    0.728269600   -1.149189000
1414   -0.950000000   -1.688978000   -0.732831400
1415   12.154070000    1.239251000    0.340238000
1416    2.949754000   -0.102016400   -0.740775400
1417   11.275190000    1.207368000   -1.079921000
1418    0.227958600   -0.362770500   -0.082022720
1419    2.968315000    0.557030200    1.724101000
1420   12.878830000    1.078955000    1.380686000
1421   -0.653803700   -0.465157500   -0.878485200
1422    5.088731000    0.399675800   -0.397197600
1423    0.134436200   -0.146285300    0.064208130
1424   10.698350000    1.032966000    0.137633100
1425   -0.950000000   -0.965786000    0.365129200
1426   -0.950000000   -0.068125820   -0.798372200
1427   -0.950000000   -0.332834800    1.486726000
1428   -0.950000000   -1.046478000   -0.283930000
1429   -0.678316400    0.026416640   -0.892107400
1430    3.025774000    1.175873000    0.800649600
1431   -0.950000000   -0.787460600   -0.288286600
1432    1.246912000    0.171430300   -1.091881000
1433   -0.950000000   -1.231597000    0.791166100
1434   -0.950000000   -0.235218500   -0.123077700
1435   -0.950000000   -1.703982000   -1.454035000
1436    3.369946000    0.550638700   -1.037798000
1437   -0.950000000   -0.100637900   -0.607940200
1438   -0.950000000   -0.365196300   -1.225457000
1439    8.010522000    1.382388000    0.202958600
1440   -0.950000000   -0.120528800    0.985133900
1441    0.388151700   -0.229253600   -1.127460000
1442   13.853180000    1.182227000   -0.198841700
1443    7.113636000    0.554419500    0.545170000
1444   -0.950000000   -0.507257900    0.090594770
1445    2.335376000    0.298801200    0.408606300
1446   -0.950000000   -0.478891500   -0.280094200
1447   -0.950000000    0.007002807    0.695130900
1448   -0.950000000   -1.462342000    0.667922400
1449    3.469693000    0.103850300   -0.037053720
1450   -0.950000000   -1.173349000    0.755845200
1451   -0.950000000   -0.128940800    0.251158600
1452    8.777417000    0.518451900   -0.041999560
1453   -0.950000000    0.003420172    1.591766000
1454   -0.950000000   -0.022264180    0.847979700
1455   -0.950000000   -1.399481000    0.227432100
1456   -0.950000000   -1.528572000    0.999607400
1457   -0.950000000    0.017033280    1.923693000
1458    1.244196000   -0.132981900   -0.703981200
1459   -0.950000000   -0.420967700   -0.511924600
1460    9.898911000    0.671379300   -0.916550500
1461   16.700080000    1.203537000    1.711617000
1462   10.418480000    0.769265200    0.488706200
1463   -0.950000000   -1.069076000    0.607804600
1464   -0.950000000   -0.657436400    0.075093720
1465    5.933546000    0.192487300   -1.444392000
1466    2.946631000    0.592742800    1.375265000
1467   -0.950000000   -0.592491800    1.408021000
1468    9.893419000    0.873044700    0.435921800
1469   -0.950000000   -0.860071200    0.295420500
1470    9.603318000    0.937760100    0.451870100
1471   17.855710000    1.260510000   -0.293467200
1472   13.058990000    1.263308000   -0.685306200
1473    2.721999000    0.133067500    0.067661380
1474   13.993010000    1.144073000    0.762685300
1475    2.890081000    0.014799070   -1.134768000
1476   21.170770000    1.870990000   -0.850732100
1477   -0.950000000   -1.321915000    0.984331500
1478   19.940140000    1.304973000    1.504242000
1479    2.916739000    0.274653700    0.067292910
1480    3.715416000   -0.085186490   -1.035822000
1481   -0.950000000    0.051779440    1.377109000
1482   15.108430000    1.169721000   -1.317047000
1483   -0.950000000   -0.110649400    0.998529400
1484    1.218377000   -0.271092200   -0.889959800
1485   -0.950000000   -0.799933500   -0.948050800
1486   -0.950000000   -0.577253600    0.296092400
1487    0.937508100   -0.016959820   -0.071724200
1488   -0.950000000   -1.927670000   -0.420328500
1489   -0.950000000   -1.259666000    1.174788000
1490    0.462616100    0.113262700    0.450138000
1491    5.433087000    0.574610200    1.027661000
1492    6.457834000    0.689996200   -0.108348900
1493   -0.950000000    0.011702020    0.967729400
1494    8.769524000    0.649719800   -0.683325100
1495   -0.950000000   -0.190781900   -0.170590700
1496   -0.950000000   -0.572476700    0.925104800
1497   -0.950000000   -1.849271000   -0.738074400
1498   17.974170000    1.457762000   -1.256753000
1499   -0.950000000   -0.589240100    0.600512600
1500   16.913590000    1.060115000   -1.539217000
