*y  x1  x2
   1   12.212560000    1.035513000   -1.215634000
   2    1.729498000   -0.088971010   -0.969295600
   3    0.203634800    0.045822210    0.338503200
   4   -0.950000000   -0.680373900   -0.804201700
   5    3.372119000    0.229524500   -0.268083300
   6   -0.950000000   -1.132187000    0.459191600
   7    5.336048000    0.451308400    1.163674000
   8   -0.950000000   -0.222965000   -0.552621700
   9   -0.950000000   -0.055563350    0.936141800
  10   12.857810000    1.390888000   -0.234927000
  11   -0.775448100   -0.111380200   -0.479070000
  12    2.759497000    1.143472000    1.244671000
  13    3.420637000    0.355702800    0.339664100
  14   -0.156619800   -0.126557100   -0.317102900
  15   15.077280000    1.256580000   -0.310359900
  16   -0.950000000   -0.884905100   -0.048844000
  17   -0.950000000    0.139152600    1.246141000
  18    3.772080000    0.015711300   -1.170122000
  19   13.540620000    0.910862700   -1.074176000
  20   12.596760000    1.212688000    0.688132500
  21   -0.950000000   -0.375870400    0.347212900
  22   -0.950000000   -0.857020000   -1.229482000
  23   10.856230000    0.805284900    0.015272560
  24   -0.950000000   -0.659052500    1.157410000
  25   -0.950000000   -0.461093700    0.033695330
  26   -0.950000000   -0.152933000    0.383259600
  27    1.207257000    0.040576360    0.911608000
  28   -0.950000000   -0.375267600    0.003158430
  29   -0.950000000   -0.174112300    1.251407000
  30   21.165010000    1.327868000   -0.268611500
  31   11.056750000    0.527224000   -0.823709300
  32    3.366566000    0.242078200    1.451284000
  33   18.247110000    1.108274000    0.823285200
  34    8.355361000    0.517084800    1.553010000
  35   -0.950000000   -0.422661400    1.149991000
  36   10.899790000    0.511744800   -0.421205300
  37   19.412220000    1.511139000   -0.421879500
  38    1.150628000   -0.390836800   -0.592874400
  39   12.018970000    1.455711000    0.870833700
  40    6.802948000    0.279637400    0.733468000
  41   11.485470000    1.029299000    1.253380000
  42    1.320192000   -0.634139100   -0.961734300
  43   -0.950000000   -1.707017000   -0.258815600
  44   13.847790000    1.008378000   -0.159422000
  45   -0.950000000   -1.989501000    0.348873800
  46   -0.950000000   -1.087512000    0.043914980
  47    0.048759330   -0.026003590   -1.301892000
  48   -0.950000000   -0.843091300    0.952923800
  49   -0.950000000   -0.459029600   -0.301947500
  50   -0.950000000   -1.135859000    1.514746000
  51   -0.950000000   -1.877058000    0.693593100
  52   -0.950000000   -0.529069300   -0.713590300
  53    4.786947000    0.490614200    0.105512900
  54   -0.950000000   -1.956545000   -0.298291500
  55   -0.950000000   -1.371393000    1.593455000
  56   -0.950000000   -1.149858000   -0.576488500
  57   -0.950000000    0.089725100    1.613705000
  58    0.342162700    0.273228700    0.363227400
  59   -0.950000000   -0.223028100    0.603232700
  60   16.754950000    1.494833000    0.121086200
  61    8.276286000    0.150175700   -1.743194000
  62    6.826263000    0.493287200   -1.136999000
  63   -0.950000000   -0.911877900    0.046998350
  64   -0.950000000   -0.226647700    0.849306400
  65   12.931260000    1.970579000    1.001664000
  66   13.637780000    1.537231000    0.007240851
  67   11.146240000    0.938627000   -0.434679900
  68   11.408090000    0.489925600   -1.348921000
  69   -0.950000000   -0.105254200    0.936661200
  70   -0.950000000   -0.546918600    0.388299200
  71   13.417580000    0.793784700   -0.814157400
  72    3.180801000    0.204201900    0.014137120
  73   10.946240000    1.238556000    1.091599000
  74   -0.950000000   -0.379294300   -0.003417813
  75    2.436026000    0.043947260    0.258482000
  76    5.993847000    0.245328300   -0.607016300
  77    8.459711000    0.642591600    0.190826600
  78   -0.950000000   -0.524492100    0.035993910
  79    2.625582000    0.420875800    1.240291000
  80   -0.950000000   -0.008280107    1.049241000
  81   10.015470000    1.038436000   -0.013951420
  82   -0.950000000   -0.257736600   -0.576950900
  83    1.295826000   -0.003702956    0.059951960
  84   -0.950000000   -1.423073000    1.150054000
  85   -0.950000000   -0.915278800   -1.354493000
  86    8.455662000    0.542023400   -0.806980100
  87    2.668624000   -0.207138100   -1.756713000
  88    5.379606000    0.637818000    1.880454000
  89   24.818860000    1.716518000   -0.461400300
  90    5.086597000    0.572357000    0.338018100
  91   -0.152572000   -0.335230900   -0.252496000
  92   -0.950000000   -1.226127000    0.255212700
  93   10.976830000    0.861151900   -0.587499900
  94   -0.258983700   -0.186851200    1.325625000
  95   -0.950000000   -1.208918000    1.233899000
  96   17.040230000    1.644883000    1.407522000
  97   -0.950000000   -1.215503000   -0.786299000
  98   19.275340000    1.903588000    0.674492600
  99   -0.950000000   -1.437253000   -0.211171700
 100   14.789870000    1.147908000    0.281833600
 101   -0.950000000   -0.706056800    0.319497600
 102   12.379870000    0.899078100   -1.005376000
 103   23.803750000    1.563628000    0.218753700
 104    1.769047000    0.452137500    1.310123000
 105    7.306972000    0.429129300   -1.041771000
 106   -0.950000000   -1.559130000   -1.253765000
 107   14.371350000    1.680081000    1.844354000
 108   -0.950000000   -1.184540000    0.489557900
 109   26.416600000    1.996228000   -1.625833000
 110   12.615450000    1.026528000   -0.298832500
 111   11.200380000    1.203100000   -0.170898900
 112    9.646425000    0.744597600   -0.476618500
 113   -0.950000000   -1.894081000   -0.251910300
 114    2.913274000    0.521756300    0.456444000
 115   -0.950000000   -0.283696400   -0.294037500
 116   12.009590000    1.748998000    1.113946000
 117   -0.950000000   -0.990355500    0.182023800
 118   -0.950000000   -1.867700000    1.730980000
 119   -0.950000000   -0.683241000    0.040933270
 120    4.880137000    0.318646500   -0.799201200
 121   -0.950000000   -1.013661000    1.992636000
 122    6.611785000    0.459813800   -0.623332500
 123   11.144530000    0.697285600   -0.527263600
 124    7.901681000    1.149751000    0.952779300
 125   -0.950000000   -0.973496700    0.792125700
 126   -0.950000000   -0.468838100    0.575058400
 127    4.365497000    0.472489000    1.032874000
 128    6.973694000    0.351171300   -0.686001800
 129   22.250860000    1.703985000   -0.682649600
 130   -0.950000000   -0.877562300   -0.451558900
 131   -0.950000000   -1.242440000   -0.786980200
 132    5.732181000    0.444190600   -0.873423100
 133    3.330102000    0.004279874   -0.367128400
 134   11.924220000    1.173652000    0.942785800
 135   -0.950000000    0.443566700    1.363007000
 136    2.069558000    0.034381140   -1.457727000
 137    8.759827000    0.927661600   -0.169019300
 138   -0.950000000   -0.930524900    0.253223000
 139    1.705300000    0.356957900    0.391067300
 140    8.738538000    1.125213000   -0.221225800
 141    2.704360000    0.152398300   -0.619910300
 142   13.489270000    1.467604000   -1.273329000
 143   -0.950000000   -0.276248400    1.730587000
 144   -0.950000000   -1.360939000    1.185229000
 145    0.271859900    0.164641100    0.374432700
 146    3.897045000    0.492120100   -0.535672900
 147   -0.950000000   -1.637363000   -0.647167600
 148   -0.950000000   -0.288944600    0.611570000
 149    0.050622540   -0.189198000   -0.995035800
 150    3.614964000    0.833384500    0.194931500
 151    0.101993900   -0.110111700   -1.301934000
 152   -0.950000000   -0.909058100   -0.083424590
 153    4.864379000    0.850505400   -0.008230677
 154   -0.393251200   -0.107525100   -0.496571000
 155   -0.950000000   -1.720207000    0.476488600
 156    1.606384000    0.246944000   -0.378886000
 157   -0.950000000   -0.667547100    0.210809300
 158    7.623883000    0.688071600    0.528942100
 159   -0.950000000   -0.903005100    1.445719000
 160   -0.212300100    0.013586180   -1.317745000
 161   -0.950000000   -0.618751000    0.460777600
 162   -0.950000000   -0.722143600   -0.121094000
 163   -0.950000000   -1.532469000    0.628376900
 164    5.933701000    0.894724600    1.036527000
 165   -0.950000000   -0.534521100   -0.737277600
 166   -0.630022000    0.177513100   -0.355392000
 167   -0.950000000   -0.156799100   -0.415409200
 168   -0.950000000   -1.987620000    0.849147100
 169    6.822281000    0.878014600   -0.434230700
 170   -0.950000000   -0.396935200    0.152482000
 171   10.580120000    0.815354400   -1.883678000
 172   -0.950000000   -0.421201300    0.918072300
 173   -0.804679400    0.089882720   -0.782825100
 174   -0.950000000   -0.699746900   -0.149345600
 175   -0.950000000   -1.484644000    0.005143846
 176   11.885570000    1.143513000   -1.022662000
 177    1.175789000    0.825345600    0.240009000
 178   -0.950000000   -0.184979800    0.199201700
 179   -0.950000000   -0.201627100   -1.037874000
 180    5.948145000    1.227806000   -0.105235300
 181    3.355937000    0.392870800    0.546938000
 182   -0.950000000   -1.869689000   -0.110055700
 183   -0.950000000   -0.778012800   -1.873513000
 184   10.116920000    0.853035200   -0.568753800
 185   -0.950000000   -1.367464000   -0.144416500
 186    3.548995000   -0.009185298   -0.443635100
 187   -0.950000000   -1.800851000   -0.823994900
 188   -0.950000000   -0.309326200    0.903789200
 189   12.529310000    1.503322000    1.928428000
 190   -0.950000000   -0.403045300    1.362475000
 191   -0.950000000   -0.284144000    0.612958600
 192   10.923140000    0.667887900   -0.429898200
 193   12.523370000    0.902948700   -0.993406500
 194    9.563331000    0.926562400    0.566229400
 195   15.742650000    1.477804000    1.634247000
 196    0.931072600   -0.325355300   -0.521164200
 197    2.621582000    0.064780640    1.007799000
 198    9.669274000    0.462964800   -0.258642300
 199    6.861826000    0.068455260   -0.577398100
 200   -0.950000000   -1.185320000   -0.677592200
 201    4.534395000    0.058267880   -1.621151000
 202   -0.950000000   -0.172210700    0.895616600
 203    9.302863000    0.436086100   -0.894774000
 204   16.322390000    1.541867000    1.183887000
 205    9.502877000    0.625337300    0.060904220
 206   11.750560000    0.697174000    0.631294300
 207    9.558366000    1.023962000    0.711787800
 208   10.390060000    0.467023900   -0.665991100
 209   -0.950000000   -0.440461700    1.762707000
 210    7.862468000    0.515664000    0.952395800
 211    2.318296000   -0.628713200   -0.960667700
 212   -0.950000000   -0.923441800   -0.106225800
 213   13.096900000    0.488727800   -1.019552000
 214   19.236750000    1.286680000    1.537345000
 215    0.885658900   -0.217981300    0.612781400
 216    0.752490700   -0.316586900    1.079960000
 217   14.585480000    1.003486000   -0.910280500
 218    6.019328000   -0.077103500    1.318656000
 219    8.950941000    0.438280600    0.127980300
 220   10.084570000    0.535690400    0.626873100
 221   21.186910000    1.530277000   -0.190183900
 222   12.517730000    1.201122000    1.814274000
 223    7.881023000    0.231208200    0.511161100
 224   12.188510000    0.694945700    0.503761300
 225   29.350550000    1.745978000   -1.230824000
 226   15.049370000    1.172723000    0.069814700
 227   -0.950000000   -1.256536000    1.077421000
 228   13.244530000    0.712560600   -1.618436000
 229   -0.950000000   -1.090294000   -0.404922700
 230    3.904200000    0.283584700    0.035517960
 231    7.815360000    0.863475200    0.451087300
 232   -0.950000000   -0.275432600    0.659187200
 233    4.398971000    0.038500360   -0.655930900
 234   20.474480000    1.412309000   -0.692251500
 235    5.855885000    0.114315500   -1.085259000
 236    5.194902000    0.511215200    0.981856600
 237    7.110420000    0.282852800    1.212928000
 238    9.528725000    0.904167000    0.109486000
 239    3.150554000   -0.139025900   -1.045674000
 240   -0.950000000   -1.050759000    0.261180700
 241   -0.950000000   -1.589078000    1.214582000
 242    1.290005000    0.100762800    1.141732000
 243   -0.950000000   -0.913023400    0.048950450
 244   -0.950000000   -0.125904600   -0.714329300
 245    0.941246200    0.152766600   -1.171826000
 246   -0.950000000   -0.871925500   -0.022574360
 247   -0.950000000   -0.388162200   -1.502761000
 248    7.439624000    0.884566000   -0.241216000
 249   21.490610000    1.994549000   -0.311250500
 250   -0.950000000    0.119375300    1.797924000
 251   10.715680000    0.771803800   -1.940885000
 252    6.477093000    0.993881400   -1.133226000
 253   -0.950000000    0.008957803    0.357614700
 254   15.350850000    1.272182000   -1.649886000
 255    1.836477000    0.255833100    0.891414100
 256    6.313982000    0.336427200   -0.486904900
 257   -0.950000000   -0.586529300   -0.327135700
 258    2.528988000    0.080056040   -0.549321800
 259   -0.950000000    0.001872286    1.705921000
 260   -0.950000000   -0.860037300   -0.090474320
 261   -0.950000000   -1.281425000    0.930982300
 262    7.861956000    0.546196400   -0.382282100
 263    3.055190000    0.272027900    0.328415800
 264    4.801261000    0.563744600   -0.031716610
 265   12.159500000    0.712052400   -1.731163000
 266    2.180810000    0.180440200    0.370592800
 267    1.431479000    0.092264320    0.023083630
 268   -0.950000000   -0.817268500   -0.069153390
 269   -0.532248800    0.110854500    0.873138600
 270    3.156921000   -0.310035500   -1.670142000
 271    2.117702000   -0.044920180   -1.498866000
 272   13.945460000    1.017510000    0.149537800
 273    1.896256000    0.243474400   -0.660451900
 274   -0.950000000   -0.586110500   -0.030655820
 275   -0.950000000   -0.441177700    0.534254800
 276   -0.950000000   -0.041617070   -0.827079300
 277   -0.950000000   -1.628500000   -0.354201000
 278   -0.950000000    0.051418840    0.616477900
 279    7.610841000    0.771105200   -0.572982700
 280   11.916810000    1.447997000    0.636623800
 281   -0.950000000   -0.652670600    1.072376000
 282    8.738010000    0.640155900   -0.837700900
 283    3.394512000    0.327456900    0.598114700
 284   -0.950000000   -0.790501800   -0.463796800
 285   -0.950000000   -0.287382500    0.364103700
 286   21.644500000    1.725787000   -0.183933400
 287   18.765820000    1.897750000    0.457474700
 288    3.952242000    0.385960400    0.842067700
 289   -0.950000000   -1.529841000    0.495164700
 290    7.101279000    0.658073300   -0.027809580
 291   -0.950000000   -0.449812500   -0.368235100
 292    8.897601000    0.962738600   -0.242504500
 293   10.599370000    1.016719000   -0.168038500
 294   -0.950000000   -1.260430000    0.043085200
 295    5.154186000    0.366515700    0.762299400
 296   17.129550000    1.232199000   -0.313303000
 297   -0.950000000   -1.234428000    0.083744310
 298   -0.950000000   -0.574041300    1.303775000
 299   -0.950000000   -1.606336000   -0.052634610
 300    0.276779600   -0.166405500   -0.272249200
 301   -0.950000000   -0.457995700   -0.570361500
 302   -0.950000000   -1.248101000    0.616290200
 303   -0.950000000   -1.166113000    0.882963900
 304   -0.950000000   -1.326703000    1.086862000
 305   -0.950000000   -1.630058000    0.194519300
 306   -0.950000000   -0.534048400    0.308135300
 307    7.904456000    1.387973000    0.155254100
 308   -0.950000000    0.065269350    0.370722300
 309   -0.950000000   -0.760718800   -1.437433000
 310   -0.950000000   -0.086826340    1.826843000
 311   -0.950000000   -1.768133000   -0.663117800
 312   14.613320000    1.385238000   -1.187153000
 313   -0.950000000   -0.259005500   -0.445415600
 314   -0.950000000   -0.510420700    0.403839300
 315    6.415814000    0.549121500   -0.602692500
 316    2.039943000   -0.212481600    0.146961700
 317    4.057678000   -0.060364010    1.517069000
 318   -0.950000000   -1.112534000    1.924355000
 319   29.814580000    1.486235000   -0.978930900
 320    7.531583000    1.122603000    1.155845000
 321   17.800460000    0.977205500   -0.973312500
 322   -0.950000000   -1.396853000    1.523357000
 323    0.849475200    0.378428300    1.850308000
 324    1.664830000   -0.441392700   -0.722599800
 325   20.972850000    1.687844000    0.590145200
 326    9.485649000    0.615236800    0.055593330
 327   -0.950000000   -1.160680000    0.791506100
 328   -0.950000000   -1.229455000    0.880415200
 329    0.524563100   -0.207726900    0.574990700
 330    3.335633000    0.139244800    1.481832000
 331   10.096850000    1.175715000    0.148887400
 332   -0.950000000   -1.026587000    0.021807610
 333   -0.950000000   -0.510849400    0.226650400
 334   -0.950000000   -1.540262000   -0.180129500
 335    0.179819900    0.657824000    1.424426000
 336    2.472953000    0.132328800   -0.159527200
 337   12.540390000    1.088260000   -1.214509000
 338   -0.950000000   -0.085061740    0.321472900
 339    9.620209000    0.793591400   -1.327053000
 340    8.059896000    0.472756100   -1.563993000
 341    1.686616000    0.247819900    0.621958400
 342    0.486416100   -0.145752100   -1.530782000
 343    5.883741000    0.221902700   -1.832612000
 344    6.642264000    0.776847400   -0.959989400
 345   16.145530000    1.808256000   -0.201259700
 346   -0.950000000   -0.458503100    0.593179500
 347    4.374170000    0.354018700    0.730313200
 348   -0.950000000   -0.927485200    1.914130000
 349    5.593995000    0.310868600   -0.522758000
 350    3.717238000    0.857404000    1.319892000
 351   -0.950000000   -0.568436700    0.508805600
 352    5.801546000    0.420045500   -0.032031100
 353   -0.950000000   -0.530997100   -0.922361300
 354   -0.950000000   -1.742719000   -0.109802200
 355   -0.950000000   -0.300912200    0.035669190
 356   -0.950000000   -0.745592500    0.170880200
 357    4.334749000    0.690332500    0.922330100
 358    0.811116200    0.086529420    0.305300000
 359   -0.950000000   -1.113155000    0.111289700
 360    6.860609000    0.653232400    0.104596200
 361    2.769832000    0.674849700    0.811285100
 362   -0.950000000   -0.402233500    0.924620700
 363   -0.950000000   -0.834765000   -0.970606600
 364   -0.950000000   -0.876569500   -1.573092000
 365    1.861603000    0.449291000   -1.695722000
 366    3.905469000    0.643490600    1.165556000
 367    2.441893000    0.748813900    0.634719900
 368   -0.950000000    0.107869500    0.550701900
 369   -0.950000000    0.028907050    1.257456000
 370   -0.950000000   -1.411997000    0.229518100
 371   -0.950000000   -0.569799900    0.493538600
 372   -0.950000000   -1.241123000    0.790070700
 373    2.547434000    0.658742600    1.005285000
 374   -0.950000000   -0.442298000   -1.595544000
 375   -0.950000000   -1.000690000   -1.286855000
 376    5.147116000    0.065387320   -1.776692000
 377   14.457190000    1.078188000    0.061199100
 378   13.172610000    1.311893000    1.012253000
 379   15.611620000    1.351003000    0.645021400
 380   -0.950000000   -1.579216000   -0.856579400
 381   11.142160000    0.792737600   -0.017169620
 382   -0.950000000   -0.603454900   -1.419472000
 383    1.660724000   -0.177555700   -0.229673600
 384   -0.950000000   -0.591787800    0.912432100
 385   -0.950000000   -1.466681000    0.403680200
 386   19.325680000    1.452967000   -0.044933530
 387   17.017240000    1.213651000   -0.024675880
 388    1.531814000   -0.345599000   -1.191854000
 389   20.998730000    1.764525000    1.421554000
 390   -0.950000000   -1.634915000   -0.724839900
 391   17.101150000    1.083154000   -1.913690000
 392   -0.950000000   -0.578129400   -1.686205000
 393   -0.950000000   -0.128026700    0.625779600
 394   -0.950000000   -0.369112300    0.312393100
 395    6.178299000    1.165751000    0.676266500
 396   -0.950000000   -0.972317700   -0.523267900
 397   -0.950000000   -0.550155400   -0.130494400
 398    3.337825000    0.049767170   -1.130582000
 399   -0.950000000   -0.240666600   -0.462541900
 400   -0.950000000   -1.990191000    0.889846600
 401    1.664459000    0.119886100    0.093344100
 402   10.865390000    1.267872000    0.850235300
 403   -0.950000000   -0.312502600   -0.262755800
 404    1.874732000    0.145790600   -0.544933000
 405   -0.649664100   -0.208459500    1.690052000
 406   -0.950000000   -0.572272100    0.468672800
 407    2.785645000    0.332951300   -0.879736800
 408   -0.950000000   -0.309113200   -0.968960200
 409   -0.950000000   -1.217856000    0.124519500
 410   -0.950000000    0.306305200    1.009910000
 411   -0.950000000   -0.311863800   -0.935806900
 412   -0.950000000   -1.159420000    0.977182500
 413   -0.950000000   -0.033242780    0.105136500
 414   -0.950000000   -1.408521000   -1.720429000
 415   13.277890000    0.919446100    1.389100000
 416   -0.950000000   -0.798454000   -0.846566800
 417   10.421240000    1.031383000    0.293208100
 418    4.677330000    0.567203200   -0.027375720
 419   -0.950000000   -0.200599800    1.594809000
 420   12.105300000    1.102846000   -0.488307000
 421    1.051770000   -0.211691400   -0.427117500
 422   15.703900000    1.809799000    1.396040000
 423   -0.950000000   -0.466593400    0.475379500
 424   -0.950000000   -0.556422500    0.869912200
 425   -0.950000000   -0.667606900   -0.517132000
 426    4.449226000    0.045106120   -0.220533800
 427   12.076200000    0.838162600   -0.787496900
 428   10.771290000    1.528166000    0.479415900
 429   21.021490000    1.445851000   -0.129778100
 430    6.095435000    0.236203500    1.322253000
 431    6.156086000    0.297136200    1.100670000
 432   -0.950000000   -0.500990600   -1.113771000
 433   -0.950000000   -1.899130000   -0.897412200
 434    9.080841000    0.727719800   -0.216191700
 435    7.198952000    0.381459500   -0.447856100
 436    2.338623000    0.204935900    0.361107200
 437   -0.950000000   -1.283642000    0.364024500
 438   -0.950000000   -1.588300000   -0.643705600
 439   21.619610000    1.788790000    0.585363700
 440   -0.950000000   -1.109800000    0.240228900
 441    7.352799000    0.361476600    1.608067000
 442   11.973370000    0.998405200   -0.007519126
 443    2.743781000   -0.048452940   -0.027437840
 444   18.734670000    1.784015000    0.762414200
 445   -0.950000000   -0.440369500   -1.255953000
 446   21.508100000    1.401553000   -0.747825800
 447   -0.950000000   -0.384941000    0.109245600
 448   10.339140000    0.812964200   -0.562258100
 449   -0.950000000   -0.083903420    1.710868000
 450    4.118225000    0.206971200    0.554827500
 451   -0.950000000   -0.088871720    1.910961000
 452    0.158281400   -0.025046110    1.171963000
 453   -0.950000000   -0.706520500   -0.759292700
 454   -0.950000000   -0.351182400   -0.567682000
 455   -0.950000000   -0.717210000    0.753386400
 456   -0.950000000   -1.933081000    1.735890000
 457   -0.950000000   -0.165757200    1.549256000
 458   -0.950000000   -0.733166200   -0.059871180
 459   -0.950000000   -1.695679000    1.252569000
 460    3.131655000    0.042418330   -0.907347400
 461   -0.950000000   -0.120982400   -0.139981800
 462    0.621763400    0.423015400    0.286471900
 463   17.197500000    1.732626000    0.688210300
 464   -0.950000000   -0.929536900    0.244560000
 465    9.361865000    0.643801100   -0.904405900
 466    5.140727000    0.343170100   -0.600641600
 467   -0.950000000   -1.123595000    0.975275000
 468   -0.950000000   -0.614274200   -0.086694150
 469   -0.950000000   -0.450591100    0.396600900
 470   -0.950000000   -1.425679000    1.250456000
 471   -0.950000000   -0.041539980    0.466839500
 472   -0.950000000   -0.728188600    0.021089120
 473   -0.950000000   -0.775668700   -1.126737000
 474   22.220020000    1.613841000   -0.998582500
 475   10.541570000    1.148722000    0.464275000
 476   11.457300000    0.961020400   -0.051888610
 477   -0.950000000   -1.057288000   -1.203083000
 478   -0.950000000   -1.680039000    0.156206000
 479   -0.950000000   -0.287266700    0.364688700
 480    5.199559000    1.668843000    0.755895800
 481    1.534709000    0.462655900    1.211519000
 482   -0.950000000   -0.572390300   -0.124197500
 483    7.156328000    0.677854400    0.114837600
 484   13.904830000    1.387134000    0.348541000
 485    4.036587000    0.436720700   -0.186587800
 486   -0.950000000   -0.600056800    1.013836000
 487   -0.950000000   -1.335829000   -0.128154000
 488   -0.950000000   -1.807134000   -0.271085300
 489   -0.950000000   -0.863135600    0.101259100
 490   -0.044727080    0.377208200    1.529611000
 491    2.856541000    0.252769100   -0.402130800
 492   -0.950000000   -0.208787300   -0.126987700
 493   13.558680000    1.166300000   -0.896295800
 494   11.165060000    0.898417500   -0.671859000
 495    1.230994000    0.015465930   -0.090485660
 496   -0.950000000   -0.171706300   -0.600013600
 497   -0.950000000   -1.395573000    0.177929700
 498    5.019114000    0.367838500   -0.584393500
 499   11.352030000    0.989443600   -0.404257100
 500    0.193757500    0.024280280    0.335353900
 501    9.861155000    1.019179000   -0.116559500
 502   -0.950000000    0.520287600    1.913658000
 503    0.601502600    0.065811810   -1.195488000
 504    1.474814000   -0.626827400   -1.829371000
 505    6.316978000    0.569517800   -0.731817400
 506   -0.950000000   -1.636253000   -0.052351630
 507   -0.950000000   -0.859984200    0.292569400
 508    7.753616000    1.131422000    0.712605200
 509    5.535943000    0.335030100   -1.419073000
 510   -0.950000000   -0.508833800    0.078392170
 511   -0.950000000    0.100890900    0.888618300
 512    0.296773700    0.316398500   -0.127000400
 513   -0.950000000   -1.553832000    0.026553690
 514    3.585906000    1.137326000    1.096801000
 515   -0.950000000   -1.043353000    0.623461600
 516   -0.950000000    0.036107610   -0.260312500
 517   -0.950000000    0.261085400    0.308974000
 518   -0.950000000   -1.570278000   -0.844184100
 519   -0.950000000   -0.631642000   -0.681323200
 520   -0.950000000   -1.554163000   -1.782625000
 521    4.869869000    0.879947400   -0.855482700
 522   -0.950000000   -0.372423400   -0.323776000
 523   11.118080000    1.470944000   -0.824962700
 524   -0.742205400    0.477951500    0.109441600
 525   -0.950000000   -0.048199150   -0.717985800
 526   -0.950000000   -0.422518800    0.792157100
 527    7.031086000    0.638618100    0.011531200
 528   13.227740000    1.007608000   -0.053128960
 529   -0.950000000   -0.807093600   -1.311773000
 530   14.178620000    1.044677000    0.290757900
 531   -0.950000000   -1.184514000   -0.276878900
 532    3.029579000    0.138596800   -0.009643861
 533   13.698810000    1.156999000    0.426672600
 534   -0.950000000   -1.369862000    0.598107500
 535    2.217049000   -0.034847680    0.107947400
 536    7.622157000    0.664408300    0.759000000
 537   -0.950000000   -1.203447000   -0.828117800
 538    2.575708000   -0.112821900    0.272444300
 539   -0.950000000   -0.438568000   -0.295316500
 540    8.967048000    1.299149000    1.358132000
 541   -0.950000000   -1.226375000    0.369699500
 542   -0.950000000   -1.605796000   -0.862515000
 543    8.106060000    1.225817000   -0.488109800
 544   -0.950000000    0.094300990    0.186650000
 545    1.009405000    0.347438900   -0.383869000
 546    8.297602000    1.543624000   -0.389787700
 547   -0.950000000   -0.952684100   -1.199136000
 548    3.989864000    0.742965400    0.326744600
 549   -0.950000000   -0.428482300    0.973971400
 550   -0.321106300    0.373808100    0.507541100
 551   -0.922561500    0.085348720   -0.730430700
 552   -0.950000000   -0.569995900   -1.253730000
 553   -0.950000000   -0.337741400    0.688035700
 554    0.380219200    0.353235100   -0.098682690
 555   -0.950000000   -0.408566200    0.868011300
 556    6.894100000    0.918173700   -0.017989300
 557    2.082759000    0.214687600   -0.044923300
 558   -0.950000000   -0.165677200   -0.055363550
 559   -0.950000000   -0.755637000   -0.214162500
 560   -0.950000000   -0.450171300    0.377498200
 561    7.127980000    0.874085500   -0.129802400
 562    8.414004000    0.737728000   -0.822735500
 563   -0.950000000   -0.612309000   -0.091122250
 564    4.897047000    0.651326800    0.146677900
 565    8.059849000    0.778559300   -0.010233650
 566    7.458679000    0.689642600   -0.028407540
 567    7.414463000    0.582136000   -0.638489700
 568    1.581942000    0.034476850    0.208866500
 569    1.584552000   -0.079373460   -1.269506000
 570   -0.820747500    0.003557787   -1.087929000
 571   -0.950000000   -0.389577700    0.281022700
 572   16.912680000    1.868626000    0.388875400
 573    0.862802900   -0.018205820   -1.080592000
 574    3.674209000    0.325375700   -0.099543180
 575    6.165135000    0.686107800   -0.936719500
 576   -0.950000000   -0.864719400    0.655294700
 577   -0.950000000   -1.106956000   -0.135411400
 578   -0.950000000   -0.035672810    0.426067200
 579   -0.950000000   -0.342333800   -0.628321800
 580    5.067594000    0.273762500   -1.460137000
 581    7.121195000    0.711891600    0.462943800
 582   -0.950000000   -0.445446500   -0.730171900
 583    0.953496300    0.070548290   -0.797831100
 584    9.404823000    1.122842000   -0.717135800
 585   16.339390000    1.463675000   -1.844437000
 586   -0.950000000   -0.903535800    0.447136000
 587   14.673780000    1.150749000    1.506870000
 588   -0.950000000   -0.388016200    0.229214500
 589   -0.950000000   -1.350914000   -0.622894400
 590   14.815140000    1.205712000   -0.872852400
 591   19.436910000    1.943346000    0.163068200
 592   -0.950000000    0.021778170    0.217325000
 593   -0.950000000   -1.547706000    0.212145100
 594   -0.950000000    0.041489240    1.213191000
 595   -0.950000000   -1.368981000   -0.312115600
 596   -0.950000000   -0.904279900   -0.769562400
 597    5.176159000    1.065208000    0.631065800
 598   -0.950000000   -0.487431900   -0.332023400
 599   -0.950000000    0.176467300    1.233656000
 600    0.429591700   -0.287806400   -1.288480000
 601   -0.950000000   -0.794902700    0.321252300
 602   -0.950000000   -1.622904000   -1.480182000
 603    0.163676300    0.278165500    1.436764000
 604   -0.950000000   -0.852917000    0.167439800
 605   16.438490000    1.046576000   -1.515617000
 606    7.917663000    0.979737400   -0.678378600
 607   -0.950000000   -0.789932900   -0.210287600
 608   -0.950000000   -0.713438200   -1.202928000
 609   -0.950000000   -1.918990000    0.424288600
 610   14.425740000    1.117060000   -0.072366080
 611   -0.950000000   -0.238449600    1.683268000
 612   -0.950000000   -0.231638200    1.146051000
 613   17.576550000    1.749078000   -0.928918700
 614    0.934184500   -0.025307700   -0.148503900
 615   -0.950000000    0.499523500    0.627096700
 616    9.235195000    1.250591000   -0.446454000
 617    2.948691000    0.535908400    0.220472700
 618    1.085242000    0.572833300    0.971098000
 619   -0.950000000    0.014973080    0.558206300
 620    3.052460000    0.415042600   -0.074657440
 621   -0.950000000   -1.493386000   -1.715507000
 622   -0.950000000   -0.608125400   -1.074370000
 623   -0.950000000   -0.638253200   -1.628302000
 624   -0.950000000   -0.792796600    0.239584600
 625   -0.950000000   -0.574348400   -1.881058000
 626    2.679580000    0.452367700    0.557298800
 627   12.216440000    1.143130000   -0.808998700
 628    0.955105900    0.022849940   -0.651607900
 629    0.339579500    0.054298730   -1.212495000
 630    1.104731000    1.053836000    1.111720000
 631    3.182347000   -0.363028300   -1.219412000
 632    5.220524000   -0.068923650   -1.049872000
 633    4.592974000    0.225338800    1.270007000
 634    7.273414000   -0.008649608   -1.479907000
 635   -0.950000000   -0.167540400    0.943232700
 636   -0.129809800   -0.034295150    0.765137000
 637   18.091150000    1.175618000    0.060892480
 638   10.293730000    0.609519200    0.530842800
 639   19.515780000    1.364540000   -0.638952300
 640   -0.950000000   -1.412449000    0.130758200
 641    4.248127000    0.506882700    0.902682900
 642    9.329199000    0.363364200   -1.139202000
 643    2.378296000    0.064389060    0.154009800
 644   -0.950000000   -0.750740700    0.184338900
 645   14.063020000    1.682026000    0.944525400
 646    2.763661000    0.134752000    0.528854300
 647   -0.807176300   -0.441758000   -1.329538000
 648   -0.950000000   -0.401401700    0.801582500
 649   11.133700000    1.037709000    1.048426000
 650   -0.950000000   -0.438678800   -0.627286000
 651    6.713116000    0.724040800    0.794486600
 652    1.780749000   -0.221831800   -0.864207100
 653   -0.950000000   -0.653754100    0.879745400
 654   -0.950000000    0.406083400    1.879695000
 655   -0.950000000   -1.037240000   -0.059081710
 656    2.871615000    0.267652500    0.367383800
 657   16.432960000    1.097502000    0.191774200
 658    3.232418000    0.257099700    0.506504900
 659   -0.950000000   -0.456182100    0.032170940
 660    6.607229000    0.319301800   -0.874549200
 661    0.537749800   -0.304296800   -0.457821400
 662   -0.950000000   -1.107610000   -0.294655600
 663    8.256494000    0.515129600   -0.964781000
 664   21.568210000    1.382649000   -1.456086000
 665   -0.950000000   -0.125606200    0.586775100
 666    1.553867000    0.131527400    0.545725500
 667   -0.950000000   -0.935523600    0.577360700
 668    4.479550000    0.282970300    0.607876000
 669   -0.950000000   -0.032877470    0.766412000
 670   16.898290000    1.555517000   -0.175825800
 671   -0.950000000   -0.724788300    0.537923600
 672   -0.950000000   -1.047123000    1.838589000
 673   -0.950000000   -0.574320500   -0.134616800
 674    5.254171000    0.304549100    0.701172400
 675   11.432940000    0.992389000    1.171908000
 676   -0.950000000   -1.678715000   -1.186727000
 677   -0.950000000   -0.495127400    1.427702000
 678   -0.950000000   -0.519852100   -0.599203000
 679    7.806014000    1.159741000   -1.109029000
 680   -0.950000000    0.520234800    1.375926000
 681   -0.950000000   -0.833249500   -1.088801000
 682   -0.950000000   -1.387008000    1.131436000
 683    4.907948000    0.053613420   -1.536690000
 684   -0.950000000   -1.097652000    0.262117000
 685   -0.950000000   -0.526809700    0.224119100
 686   -0.950000000   -1.214841000    0.270028800
 687   -0.950000000   -0.138860200   -1.011606000
 688   -0.950000000    0.115393400    1.861037000
 689   12.071270000    1.224307000    1.287827000
 690   -0.950000000   -1.336613000    0.766278400
 691   -0.950000000   -1.718172000   -0.826589200
 692   -0.950000000   -0.606515000    1.521789000
 693    1.002012000    0.231964600    1.935370000
 694   -0.428723300    0.320660900    1.005452000
 695    2.270622000    0.232270800    0.219168700
 696   -0.950000000   -0.609768600   -0.471915800
 697   -0.950000000    0.214605300    0.875531200
 698    6.217417000    0.418113600   -0.898947600
 699   -0.950000000   -0.232315900    0.825703500
 700    1.600700000   -0.069666130   -1.018295000
 701    6.126127000    0.355533700   -1.960955000
 702   10.497270000    0.875953000   -0.921900600
 703   -0.743797900    0.101630100   -0.077326480
 704    2.617582000    0.148072000   -1.375681000
 705    0.521251200    0.246194300    1.029349000
 706   12.991810000    1.099024000    0.775470400
 707    1.731018000   -0.239830300    1.275187000
 708   13.021610000    1.199305000   -0.234777400
 709    3.150525000    0.297894200    0.710656600
 710    4.865113000    0.159643000   -0.011373150
 711   14.572820000    1.382047000    0.150977200
 712    9.571618000    0.554693200   -0.787120900
 713   18.186710000    1.285885000   -1.638488000
 714   25.344290000    1.933733000   -1.518493000
 715   -0.950000000   -0.833304700   -1.574464000
 716   -0.950000000   -0.691795500   -0.514684100
 717   -0.950000000    0.166719900    1.690817000
 718   -0.950000000   -1.036615000    0.358656800
 719   10.662130000    0.646689900   -0.501554300
 720   13.462670000    0.985351200    0.047008420
 721    4.021987000    0.934886200   -0.569462500
 722   -0.950000000   -1.074741000   -1.250851000
 723   -0.950000000   -0.230522400   -1.094269000
 724   -0.950000000   -1.020045000    1.845465000
 725   -0.950000000    0.257597300   -0.239649800
 726   -0.950000000    0.367823700   -0.581983700
 727   -0.950000000   -1.117835000    0.361862900
 728   -0.950000000    0.458978900    0.124868000
 729   -0.950000000   -0.328675600    0.433715700
 730   -0.950000000   -0.638957700   -1.244839000
 731   -0.950000000    0.373983000   -0.462822500
 732   -0.950000000   -0.514372000   -0.944511100
 733   -0.950000000    0.125431500   -0.876320800
 734   -0.950000000   -0.676265000   -0.378039000
 735   -0.950000000   -0.162753700    1.538513000
 736    8.894259000    0.460478300   -0.789468200
 737    1.804438000    0.490284300    1.507693000
 738    5.073679000    0.136972600   -0.643771800
 739    5.548148000    0.363852600   -0.094601620
 740   10.332770000    0.813126000    0.697630900
 741   -0.950000000   -0.859190000    0.060841190
 742    0.759116200   -0.652030200   -1.336618000
 743   14.796070000    0.948104900   -1.400897000
 744   -0.950000000   -1.543499000   -1.283699000
 745    5.298762000    0.263747900    1.131577000
 746   11.845300000    0.969090800    0.206237000
 747   -0.950000000   -0.585548600    1.095293000
 748    4.810379000    0.295007900   -0.071744290
 749   13.008330000    0.532704100   -1.548378000
 750   25.309720000    1.863402000    0.063433730
 751   -0.950000000   -1.763512000   -1.952170000
 752   -0.950000000   -0.215143200    0.177441100
 753   10.157730000    1.583954000    1.414993000
 754   -0.950000000   -0.622066600    1.337526000
 755   17.433990000    1.865951000   -1.051238000
 756   -0.950000000   -0.291617100    1.221775000
 757   -0.950000000   -0.782128700    0.356459600
 758    7.492252000    0.270379000   -1.219523000
 759   -0.950000000   -1.459479000   -0.265530900
 760   20.449170000    1.949308000   -0.140087600
 761   -0.950000000   -0.800304400   -0.316274700
 762    4.862794000    0.497161700   -0.292394100
 763    1.774262000    0.341297500    0.670379400
 764    8.373428000    0.622913800   -0.288838100
 765   -0.950000000   -0.432710600   -0.234213500
 766   -0.950000000   -1.677392000   -1.060265000
 767   -0.950000000   -0.264747900   -0.224599600
 768   -0.950000000    0.040747990    0.142755400
 769   -0.950000000   -0.353174300   -0.026769620
 770    5.778532000    0.590769200    0.458199800
 771   -0.482399200    0.061372450   -1.213705000
 772   -0.950000000   -0.169664300   -0.506578800
 773   -0.950000000   -1.241897000    0.729439800
 774    2.967524000    0.627139800   -0.151106300
 775   -0.950000000   -0.070187640   -0.903117000
 776   12.798110000    1.036267000    0.139508500
 777   -0.950000000    0.225928100    1.930991000
 778   -0.950000000   -0.910254600    0.210043600
 779   -0.950000000    0.166657000    0.540086000
 780   -0.950000000   -0.222789300   -0.993879500
 781   11.247840000    1.020979000    0.533023600
 782   12.581570000    1.067433000    0.261254900
 783   -0.950000000   -0.476788600    0.411964600
 784   -0.950000000   -0.469063300    0.848334200
 785    3.550216000   -0.074256050   -1.397078000
 786    5.787704000    0.266532800    0.283844300
 787    6.353035000   -0.057526940   -1.450858000
 788    4.317808000   -0.383505100   -1.923106000
 789    9.034731000    0.779987100    0.974793600
 790    3.385365000    0.103625400    0.204560800
 791    4.449591000    0.165053700    0.018871770
 792   10.285690000    0.746172300   -1.272339000
 793   -0.950000000   -0.983102900    1.886637000
 794   -0.950000000   -1.941391000    1.967176000
 795   -0.950000000   -0.380249600    0.521865400
 796   -0.950000000    0.043557350   -0.180035400
 797   -0.950000000   -1.246232000   -0.432985200
 798   -0.950000000   -1.360740000   -0.007723083
 799   -0.950000000   -0.536353600    0.825114300
 800   -0.950000000    0.271662300    0.985434200
 801    3.936719000    1.572797000    0.641787400
 802    1.543888000    0.538753200   -0.498163900
 803   -0.950000000   -0.241893200   -0.011178770
 804   -0.950000000    0.117025800    0.789636900
 805   -0.950000000   -0.023259440    1.290105000
 806    4.262650000    0.557970900   -0.704112100
 807   -0.950000000   -0.428366700   -0.527733600
 808   -0.950000000   -1.232379000    1.273782000
 809   -0.950000000   -1.130237000   -0.535811700
 810   -0.950000000   -1.179084000    0.341423200
 811    1.481539000    0.142229900   -0.000078103
 812   16.533010000    1.862890000   -0.602404800
 813    6.258130000    0.374510800   -0.466433600
 814   -0.950000000   -1.353077000    0.259747200
 815    5.879135000    0.606222700   -1.122547000
 816   10.324790000    0.730087500   -1.195681000
 817   -0.950000000   -0.467373300    0.948596300
 818   15.940330000    1.410589000   -1.047281000
 819   -0.950000000   -0.498528600    1.459798000
 820   -0.950000000   -1.260463000   -0.050463970
 821   -0.950000000   -0.492183500    0.408505100
 822   -0.950000000   -1.345190000    0.254474900
 823    5.033020000    0.501560200    0.908235800
 824   -0.950000000   -0.893555500    0.221714300
 825   -0.950000000   -0.870428400   -0.617152300
 826    2.305283000   -0.204400300   -0.806406700
 827   -0.950000000   -0.789687200    0.946961800
 828    8.506466000    0.623438100    0.066274990
 829    4.983851000    0.174780500    1.091158000
 830   -0.950000000   -1.681276000    0.091824630
 831   10.017870000    1.210377000    0.631434100
 832    2.288987000    0.199829100    0.355602500
 833    2.066360000    0.975270400    1.476249000
 834    2.322318000   -0.104872200   -0.052070490
 835    0.370335200   -0.350798600   -0.925215200
 836    7.564254000    0.269670000    1.225616000
 837   -0.950000000   -1.595248000   -1.483027000
 838   14.246330000    0.842610800    1.328523000
 839   -0.950000000   -1.492227000    1.831972000
 840    6.052397000    0.289190300   -0.305730000
 841   -0.950000000   -1.339088000    0.108056900
 842    0.069405130   -0.221489400   -1.405311000
 843   -0.950000000   -0.095544090    0.286480800
 844   17.461310000    1.542534000    0.037888520
 845   -0.950000000   -1.259740000   -1.293064000
 846   -0.950000000   -1.283168000    0.773624800
 847   -0.950000000   -0.649767900   -0.614762900
 848   -0.950000000   -1.487176000   -1.613536000
 849   -0.950000000   -0.747845400    1.202534000
 850    4.229933000    0.921414100    0.660218900
 851   12.719410000    1.315727000    0.655445700
 852   -0.950000000    0.041890170    0.618004700
 853    8.414053000    0.940777400    0.254496700
 854   -0.950000000   -0.459506100   -0.314070400
 855    0.785362400    0.230240000    0.448925400
 856    4.955286000    0.622476200   -0.226641900
 857   -0.950000000   -1.112247000    1.968987000
 858   -0.950000000   -0.831154100    0.178334300
 859   -0.950000000    0.095452830    0.687483200
 860   -0.950000000   -0.445156000   -0.853016200
 861    7.270427000    0.484263200   -0.110861600
 862    6.313020000    0.760440100    0.943239700
 863   -0.950000000   -1.903041000    0.702618500
 864   17.056930000    1.818724000   -0.313960700
 865    0.766164300    0.098568560   -0.207855000
 866   -0.272636900   -0.194753700   -1.059464000
 867    1.273652000    0.172003500   -0.258633900
 868    6.399438000    0.422099000   -0.417129600
 869    4.354330000    0.194314600   -1.159858000
 870   -0.950000000   -1.219694000   -0.590603500
 871   -0.950000000   -0.687073600   -1.005650000
 872    3.002739000    0.472942400    0.111291700
 873   -0.950000000    0.032337120   -0.431521200
 874   -0.950000000   -1.276398000    0.010123370
 875    2.191983000    0.690183400    0.914353000
 876   -0.950000000   -0.420833000   -0.132515000
 877   -0.776794300    0.825708600    1.349466000
 878   -0.950000000   -0.393367000   -1.050008000
 879   -0.950000000   -0.999796800   -1.359608000
 880    7.619513000    1.149596000    0.635560400
 881    7.967821000    0.728107600    0.526016200
 882   -0.950000000   -1.098786000   -0.546162900
 883    3.600229000    0.646380800    0.869459800
 884   -0.950000000   -0.555547700   -0.701846400
 885   11.345960000    1.265005000    0.104601300
 886   14.904160000    1.228619000   -0.191759800
 887   26.411330000    1.692621000   -1.474867000
 888    4.408310000    0.276603700    1.217806000
 889   10.849820000    0.504734000    0.254288500
 890    5.924591000   -0.115418600   -1.569481000
 891   -0.950000000   -0.747515400    0.154585600
 892   14.514690000    1.048455000    0.086992170
 893   12.986920000    1.221219000    0.458345700
 894   10.188480000    0.542478600   -1.150186000
 895   20.908740000    1.428818000   -1.674023000
 896    6.037475000    0.476417700    0.630932000
 897   13.436880000    1.167616000    0.290238900
 898   -0.950000000   -0.615901000    0.459278100
 899    5.994455000    0.325874500   -0.102670900
 900   -0.950000000   -1.739162000    0.720799700
 901   -0.950000000   -1.701852000   -1.988458000
 902   -0.950000000   -1.004895000   -1.249772000
 903   -0.950000000   -1.409899000    0.777024500
 904   -0.950000000   -0.767315800    1.537665000
 905    3.354774000    0.867546400    0.597560700
 906   11.065280000    1.279341000    0.552016300
 907   -0.950000000   -0.980801600    0.350215500
 908   -0.950000000   -0.001531798   -1.009535000
 909   -0.950000000   -1.733729000   -0.010568220
 910   -0.950000000    0.314017300    0.495366800
 911   -0.950000000   -0.991815600    1.316731000
 912   -0.950000000   -0.207996600    0.222753400
 913   -0.950000000   -1.260544000    0.297197900
 914    3.464365000    0.460824600   -1.022360000
 915    2.135338000    0.309875200   -0.457518800
 916   10.749850000    0.630583800    0.627457200
 917    3.666114000   -0.160677600   -1.827279000
 918    1.734931000   -0.217898600   -0.263890200
 919   -0.950000000   -1.156140000   -0.971312200
 920    1.301640000   -0.072102840    0.722648500
 921    4.475731000    0.417062400    0.388434700
 922   -0.950000000   -0.748405800    0.795612700
 923   11.307950000    0.854491300    0.496465600
 924   15.810890000    1.036789000   -0.571096600
 925    4.793002000    0.038744120   -0.915056800
 926    1.377631000   -0.517663700   -1.472125000
 927    6.068220000    0.101557000    0.235537700
 928    6.246846000    0.373984800    1.322105000
 929   22.221930000    1.729655000    1.213703000
 930    8.630017000    0.825568900    1.257290000
 931    3.804934000   -0.026681670   -0.511215500
 932    7.947190000    0.995186200    1.569153000
 933   -0.950000000   -1.036582000    0.258751300
 934   -0.950000000   -1.114940000    0.416837300
 935   -0.950000000   -0.673236100   -0.285025700
 936    7.391121000    0.448643100   -0.432383700
 937    3.247524000    0.033143080   -0.020598890
 938   10.092670000    0.649823200   -0.778217400
 939    2.941535000    1.015761000    1.672590000
 940   10.580920000    1.195713000    0.535671300
 941   -0.950000000   -0.646828200    0.736622700
 942   -0.044817900   -0.316922300    0.941466800
 943   14.556540000    1.476681000   -0.574765600
 944   -0.696337100   -0.220591000    0.633359400
 945   -0.950000000   -1.610648000    1.281130000
 946    9.215507000    1.127494000   -0.010004790
 947   -0.950000000   -1.096435000   -0.562058100
 948   13.586670000    1.534734000    0.590771900
 949   22.781700000    1.996583000   -0.535644800
 950   -0.950000000   -0.225534800    0.532888600
 951    0.965303900   -0.387525400   -1.498674000
 952   -0.950000000   -0.232670500    1.416288000
 953   -0.950000000   -0.363214800   -0.022703950
 954   -0.950000000   -1.239377000   -0.475125300
 955    2.168516000   -0.073334540    1.669472000
 956   -0.950000000   -1.598771000   -0.571450800
 957    2.466190000    0.276712800   -0.432671500
 958   -0.950000000   -0.439949300    0.209277500
 959    0.234454900    0.509664900    1.543697000
 960   -0.950000000   -1.971777000    1.004641000
 961   -0.950000000   -0.456243600    1.204190000
 962   -0.950000000   -1.193081000    0.127602800
 963   -0.950000000   -0.284290500    1.089024000
 964    7.730413000    0.579136000   -1.616622000
 965    3.135249000    0.230388300   -0.028833290
 966    5.063144000    0.550889400    1.020701000
 967   -0.950000000   -0.406477200   -0.372267600
 968    7.241258000    0.385063200   -0.359926000
 969    6.542724000    0.425948900    0.099597380
 970   -0.950000000   -0.402064000    1.077651000
 971   18.535380000    1.611806000   -0.336812800
 972   15.677540000    1.243319000    0.893516200
 973   16.872490000    1.389613000    0.465444000
 974   -0.950000000   -0.135945300    1.816950000
 975   -0.950000000   -1.318582000    0.091112890
 976   -0.950000000   -1.046773000   -1.251966000
 977   -0.950000000   -0.751962400    1.091801000
 978   -0.950000000   -1.402218000   -0.450033600
 979   -0.950000000   -0.942490400    0.667710800
 980    6.810734000    0.775654100   -1.404967000
 981   -0.950000000   -0.231559300    0.254509900
 982   -0.950000000   -0.106372400    0.235423200
 983    4.719929000    0.903111800   -1.293403000
 984    2.248010000    0.335051600   -0.603025700
 985    6.577865000    1.134957000   -0.206814500
 986   -0.950000000   -0.058375390    1.097481000
 987   -0.950000000   -1.484715000   -0.346552600
 988   -0.950000000    0.428409300    0.037978080
 989   -0.950000000   -1.543094000    1.684276000
 990   -0.950000000   -0.744196100    0.193799300
 991    1.747339000    0.532984400    0.882499700
 992   -0.950000000    0.085903300    0.676263900
 993    2.716576000   -0.107245800   -1.081264000
 994   -0.950000000   -0.221910900    1.148982000
 995   13.338970000    1.245656000   -1.177777000
 996   -0.950000000   -0.678407600   -0.992906200
 997   -0.950000000   -0.325570300    0.049007950
 998   -0.950000000   -0.347766100   -0.673658500
 999    9.163544000    0.708693200   -0.701520200
1000    8.106170000    0.657835700    0.566768600
1001    5.861082000    0.319346900   -1.018881000
1002    5.201784000    0.471660300    0.447022000
1003   12.207020000    0.970135300   -0.578188700
1004    5.323994000    0.445236100    0.623664500
1005    5.419735000    0.113235200   -1.050770000
1006   -0.950000000   -1.937279000   -1.066442000
1007   -0.950000000   -0.764340600   -0.537010600
1008   -0.950000000   -0.110582800    0.691546700
1009   -0.950000000    0.096466430    0.065561190
1010   -0.950000000   -0.715429600   -0.207276000
1011   -0.950000000   -0.005514692   -0.590269800
1012   -0.950000000   -0.059443090    1.414961000
1013   10.954280000    1.455278000   -0.440973600
1014   -0.950000000   -1.684804000    0.619061700
1015   -0.950000000   -1.050635000    0.660138400
1016   25.213550000    1.685147000   -1.788218000
1017    2.995541000    0.244280200   -1.573390000
1018   -0.950000000   -1.351662000   -0.260643700
1019    6.398023000    0.866185000   -0.583035200
1020   -0.950000000    0.192532300    0.922087700
1021   -0.950000000   -0.966438900    1.225672000
1022    1.155831000   -0.250985200   -0.373313800
1023   20.781850000    1.057862000   -0.316862600
1024    2.072799000   -0.033055720    0.211994700
1025   10.159140000    0.650000600    1.073421000
1026    7.508582000    0.506328000    0.088075470
1027   -0.950000000   -0.682623000   -0.916405500
1028    2.718133000    0.818307100    1.405088000
1029   13.793590000    0.958752000   -0.529184600
1030   13.410050000    0.977292500    0.231630900
1031    9.900726000    1.201064000    0.532003300
1032   -0.950000000   -1.537944000    1.680199000
1033    0.996055600   -0.180770000   -0.615535600
1034    0.794426800   -0.526773100   -0.784252900
1035   -0.950000000   -1.026471000    1.335551000
1036   -0.950000000   -1.472919000    0.097108810
1037   -0.950000000   -0.302482100    0.643122200
1038    9.389140000    1.026721000    0.595452200
1039    4.028308000    0.279470400   -0.276551300
1040   -0.950000000   -1.467321000   -0.031334060
1041    6.740991000    0.688906400   -0.122834200
1042    4.469415000    0.135823600   -1.085787000
1043   -0.950000000   -0.895855000    1.064073000
1044    1.122196000   -0.260358500   -0.622557400
1045    8.422096000    0.634876300   -0.589455900
1046    2.937827000   -0.001445535    1.399395000
1047   -0.950000000   -0.460948700    1.034405000
1048   11.922050000    0.884959600   -0.602562100
1049   -0.950000000   -1.165949000    1.093985000
1050    4.275127000    0.158382700   -0.287273800
1051   24.223820000    1.990968000    0.600853500
1052   -0.950000000   -1.000032000   -0.563985700
1053   -0.950000000   -1.496427000    0.360979500
1054    6.414802000    0.663423800    0.826482000
1055    0.080086410   -0.079118450   -0.950221100
1056   -0.950000000    0.414062200    1.720285000
1057   -0.950000000   -0.938351300   -0.502239000
1058    0.993655300    0.506793600    1.301301000
1059   -0.950000000   -0.004193081    0.982107600
1060    8.444489000    1.013648000    0.090865230
1061    4.191685000   -0.136038000   -1.471396000
1062   -0.950000000   -0.619580500   -0.572639100
1063   -0.950000000    0.535382300    1.302136000
1064   -0.823964100   -0.228863500   -0.776177800
1065    5.944597000    0.170738100   -1.762016000
1066   -0.950000000   -0.001336570    1.031408000
1067   -0.950000000   -1.681008000    1.401470000
1068   11.713010000    0.799705800   -0.047069790
1069   -0.950000000   -1.239077000   -0.277561200
1070    9.704647000    0.620457100   -1.521727000
1071    1.512869000   -0.081490070   -0.150673300
1072    0.274024100   -0.171703800   -0.431028300
1073    1.785871000    0.087319400    0.361326200
1074    5.304278000    0.466948100    0.553634200
1075    2.656339000    0.429288200    0.591977600
1076   -0.950000000   -0.497537100    1.709453000
1077    1.542836000    0.436989000    1.361275000
1078   -0.950000000   -1.972182000   -0.271286500
1079   16.790940000    1.082398000   -1.211197000
1080   10.822210000    0.962762200   -0.532031200
1081   20.702740000    1.513744000   -0.886068700
1082    9.532741000    0.561061900    1.481302000
1083   16.985550000    1.230755000    0.240878700
1084    7.725987000    0.122553400    0.454480500
1085    3.937236000   -0.333854700    0.137127700
1086   -0.950000000   -0.845439800    1.608512000
1087   26.323270000    1.456010000   -0.879674700
1088    9.913273000    0.185829900    0.359240800
1089   -0.950000000   -0.611467000    1.395073000
1090   -0.950000000   -1.047501000    0.872199200
1091   27.157860000    1.622256000    0.732663400
1092    9.884337000    0.330863900    1.102185000
1093   10.761140000    0.721230100    0.392467400
1094   13.948350000    1.076051000    0.849092200
1095   24.935930000    1.390238000   -0.245680400
1096   -0.950000000   -0.620608300   -1.239510000
1097   -0.950000000   -0.522736200   -0.720005300
1098   -0.950000000   -1.616407000   -0.432482900
1099    6.659713000    1.246658000   -0.937694000
1100   -0.950000000   -0.847042800   -0.995905800
1101   -0.950000000   -0.950996900   -0.232180000
1102   -0.950000000   -0.226782100   -1.208532000
1103    2.002210000    0.587310400    0.147124100
1104    1.203784000    0.447573400   -0.157950000
1105    0.437733900    0.506397700   -0.509379800
1106    2.168204000    1.011189000    1.669452000
1107   -0.950000000   -0.020962140   -0.828500000
1108   -0.950000000   -0.688440400   -0.909805000
1109   -0.950000000   -0.085079540   -0.045592550
1110   -0.950000000   -0.004188587   -0.216590300
1111   -0.950000000    0.154641300    1.586510000
1112   -0.950000000   -0.924451600   -0.841990600
1113   -0.950000000   -1.620247000    0.155138200
1114   -0.950000000   -0.401742100   -0.080314000
1115    5.341383000    0.868984300    0.594485300
1116   -0.653504100   -0.091664180   -0.907249400
1117    4.067651000    0.682319100    0.075769370
1118   -0.950000000   -0.676942200   -1.653022000
1119    3.891336000   -0.155923100   -1.832674000
1120    7.810471000    1.067114000    0.872601300
1121   11.837300000    1.038403000   -0.609567400
1122   -0.950000000   -0.735576600    0.080407770
1123   13.924380000    1.377944000   -1.256975000
1124   11.722420000    1.385365000    0.652820600
1125    4.513935000    0.357568600   -0.547849100
1126   -0.950000000   -0.984689700   -0.829301900
1127   -0.950000000   -0.701066000    0.592730100
1128   -0.950000000   -0.603126500    0.319468200
1129   -0.950000000    0.041110800   -0.187630800
1130   -0.950000000   -1.454272000    0.121335600
1131   -0.950000000   -0.624854100   -0.041745240
1132   -0.950000000   -1.375673000   -0.113814300
1133   -0.950000000   -0.416467300   -0.308523100
1134    4.836388000    0.837517800   -0.164999900
1135   -0.950000000   -0.194182200    0.130224600
1136   14.140960000    1.649049000   -1.117227000
1137   -0.950000000   -1.684664000   -0.458322900
1138    3.981931000    0.993575200    0.156511100
1139   -0.950000000   -0.200083800    0.355431300
1140   -0.950000000   -0.408729100   -0.440047800
1141    7.797672000    0.153577300   -0.595936800
1142   -0.950000000   -1.113102000    0.045706070
1143   13.211560000    0.952961000    0.155545700
1144   18.306460000    1.185615000    0.009023644
1145   18.771300000    0.912226900   -0.484146100
1146    4.786146000   -0.265614600   -0.186869400
1147    0.629853900   -0.839431000    1.607093000
1148    6.159506000    0.011674170    1.281055000
1149   -0.285972000   -0.328818200    0.485830000
1150   11.073940000    1.105811000    1.160707000
1151   23.219070000    1.641762000   -0.265465900
1152   -0.635177500   -0.763279000   -0.301068600
1153   21.241870000    1.666757000   -0.544794800
1154   13.624390000    0.948965600    0.966591600
1155    8.433412000    0.521014000    1.319101000
1156   -0.950000000   -0.249133300    0.094929070
1157   -0.950000000   -0.156517300   -0.141526600
1158   -0.950000000   -1.549520000   -0.427603500
1159   -0.950000000   -0.703651700    0.576359300
1160   -0.179778200    0.570608400    0.594282300
1161    7.302268000    1.026316000    0.484569600
1162    2.697455000    0.644648700    0.249542800
1163   -0.752667500   -0.218909200   -1.734520000
1164    0.425809700    0.410054600    0.217046800
1165   -0.950000000   -1.331086000    1.787824000
1166    9.159944000    0.882926400   -0.773806100
1167   -0.950000000   -1.465953000   -1.984000000
1168   -0.950000000   -1.672888000    0.819900000
1169   -0.950000000   -0.728095200    0.183278300
1170   -0.950000000   -1.014263000   -1.386839000
1171   -0.950000000    0.007868090    0.796495200
1172   -0.950000000   -0.667520000    1.161099000
1173   -0.950000000   -1.833015000   -0.934227700
1174   -0.950000000   -0.564305400    0.288012900
1175    3.622719000    0.458220600    1.006048000
1176    4.885230000    0.291297600   -0.742875200
1177   -0.950000000   -0.415182200   -0.440868500
1178    1.555661000    0.386139100   -0.169098000
1179    0.656919300   -0.008977256    0.860386500
1180    5.768226000    0.988876200    0.366792900
1181    6.414041000    0.333732000   -0.813130500
1182   -0.950000000   -1.524130000    0.006671616
1183   -0.950000000   -0.867548800    1.464231000
1184   18.321430000    1.345220000    0.335483100
1185   -0.950000000   -0.368687300   -0.026010200
1186    6.423152000    1.094626000   -0.231971900
1187   11.059950000    0.953151500   -0.452342500
1188   -0.950000000   -0.332208200    0.333309200
1189    6.194478000    0.312594500   -1.393766000
1190   -0.950000000   -0.938294800    0.864229600
1191    9.672017000    0.756241700   -0.961424800
1192   -0.950000000   -1.455774000   -1.998763000
1193    2.083714000    0.336337500    0.501899800
1194   -0.950000000   -0.536810200   -0.571689200
1195   -0.950000000   -1.728387000   -0.445569300
1196    4.001940000    0.440471800    0.271506900
1197   -0.087437300   -0.010673230   -0.424887400
1198   12.375710000    1.256256000   -0.659274500
1199    2.602293000    0.394654000    0.291087200
1200    3.773423000    0.578576300    1.342981000
1201   -0.950000000   -1.677263000   -1.360151000
1202   -0.950000000    0.353514900    1.405672000
1203   -0.950000000    0.407972900    0.326085900
1204   -0.950000000   -1.422386000   -0.147193200
1205   13.679990000    1.748735000   -0.870500000
1206   -0.950000000   -0.650680600   -0.008469158
1207   -0.950000000   -0.905174300    0.914244200
1208   -0.950000000   -1.447282000   -1.538027000
1209   -0.950000000   -1.114052000    0.021122290
1210   -0.950000000   -1.354069000   -0.365886200
1211   11.829230000    1.332168000    0.165347100
1212   -0.950000000   -0.664809200   -0.888252700
1213   -0.950000000   -1.345942000    1.654589000
1214   -0.950000000   -0.623996500   -0.367870100
1215   -0.950000000    0.143225200   -0.112861500
1216   -0.950000000   -0.768840300   -0.271796400
1217   16.184720000    1.222479000   -1.190727000
1218   16.558430000    1.375924000    0.180277900
1219    5.486095000    0.686008400    0.714778000
1220   20.079830000    1.511963000    0.789968400
1221    3.132826000    0.437803200    1.078258000
1222   -0.950000000   -0.705655100   -0.459535900
1223   15.470420000    1.006476000   -0.839618100
1224    4.555820000    0.202734000    0.004398924
1225    1.420971000   -0.191885800    0.851155500
1226   -0.950000000   -1.760197000   -0.422814800
1227   17.314000000    1.516190000   -1.209797000
1228    1.876165000    0.192425100    0.673933600
1229    7.862136000    0.404280200    0.012101160
1230    3.697671000    0.565942100    0.914298700
1231   -0.950000000   -0.230487500   -1.506311000
1232    2.860210000    0.260733700   -0.557471700
1233    6.151476000    0.637657000   -0.108159200
1234   11.412910000    0.950430700   -0.933318700
1235   -0.950000000   -0.933072400    0.473982500
1236    6.660930000    1.137546000    0.912048000
1237    1.535764000    0.145491900   -0.348546000
1238   12.818570000    1.155900000   -1.188800000
1239   -0.950000000   -0.455729600   -0.735799000
1240   12.314200000    1.356516000   -0.042146680
1241    3.402480000   -0.038644350   -1.317857000
1242   -0.950000000   -0.716859300   -0.749126000
1243    6.055001000    0.609133300   -0.558086800
1244   -0.950000000   -1.581774000    0.431890100
1245   -0.950000000   -0.738819400    0.344842100
1246   -0.950000000   -0.327704100    1.181304000
1247   -0.950000000   -1.433263000   -0.304047000
1248   11.420910000    0.991915800    1.488130000
1249   -0.950000000   -0.518358800    0.563097500
1250    2.263633000    0.545524400    0.213295900
1251   -0.950000000   -0.042459340    0.948032400
1252   -0.950000000   -1.362500000   -0.441705000
1253    5.967552000    0.471617300   -1.308912000
1254   -0.950000000   -0.764522900   -0.176582200
1255   -0.950000000   -0.741733400    0.330472800
1256    0.588874200    0.285409400   -0.750571900
1257   -0.950000000   -0.453405200   -0.441065400
1258   -0.950000000   -0.922606600    1.104335000
1259    4.268250000    0.548098000   -0.891997600
1260   -0.950000000   -0.502670400   -0.494217900
1261   12.289770000    1.090181000    0.747584700
1262    1.257915000    0.309257500    0.792835100
1263   -0.950000000   -0.634161600   -1.628520000
1264   -0.950000000   -1.552579000    0.898086000
1265   -0.477075800    0.899953100    1.128231000
1266   12.259810000    1.395379000   -0.665918700
1267   -0.950000000   -0.654433100   -0.945418700
1268   -0.950000000   -1.137764000    0.477038000
1269   -0.950000000   -1.685618000    0.816924600
1270    9.289658000    1.297411000   -0.373177100
1271    4.810166000    0.464231600   -1.776041000
1272   -0.950000000   -1.014464000    1.643356000
1273   -0.566309800    0.133034900   -0.015080080
1274   -0.950000000   -0.478033600    0.069947020
1275    3.207780000    0.204602300   -0.400345800
1276    1.966064000   -0.143482200   -0.096901320
1277   -0.950000000   -1.943304000    1.301845000
1278    0.116376700    0.761733500    1.787089000
1279    2.163902000   -0.137068000    0.566925200
1280    7.255204000    0.477891800    0.372027100
1281   15.785010000    0.640981700   -1.451647000
1282    4.804138000    0.047278510   -0.575262500
1283    8.547911000    0.328690200   -0.363335500
1284   -0.950000000   -1.157458000   -0.130130500
1285   -0.950000000   -0.735074900   -1.540037000
1286   20.526310000    1.436333000    0.125469400
1287    5.522883000    0.259928900    0.312839900
1288   19.108350000    1.873740000    1.999365000
1289   -0.950000000   -1.140031000    0.706769800
1290   10.984500000    1.596095000    0.770168000
1291   -0.950000000   -0.090819620    0.625551600
1292   10.098410000    1.214280000    0.630483400
1293   -0.950000000   -0.809230200    0.812652900
1294    7.532276000    0.760520400   -0.004176882
1295    4.255693000    0.538498600    0.856486000
1296    3.273334000    0.253330500   -0.664731700
1297   -0.364820100    0.361842700    0.859427000
1298   -0.950000000   -0.589203700   -1.925497000
1299    4.348355000    0.702680100    0.934340800
1300   18.787970000    1.664910000   -0.963181600
1301    7.448278000    0.562888300   -0.716933600
1302    1.682895000    0.163220300    0.203847500
1303   -0.950000000   -0.851482700   -0.209772200
1304   -0.950000000   -0.530276900   -1.522676000
1305    1.682817000    0.085723430   -0.231129800
1306   15.948540000    1.319293000   -1.032846000
1307    9.873483000    1.058301000    0.739970800
1308   -0.950000000   -0.555156300    0.586306700
1309    8.468926000    0.569279300   -0.780348000
1310    8.721092000    0.601915000   -0.334588500
1311   -0.950000000   -1.358319000   -0.791967700
1312   -0.950000000   -0.786562100   -1.010021000
1313    3.160083000    0.362332000   -0.570215100
1314   10.562630000    0.515160000   -0.541210200
1315   19.671560000    1.725146000   -0.345110900
1316    7.623497000    0.459239700    0.134131500
1317    2.833160000   -0.198379600   -1.360724000
1318   -0.950000000   -1.376863000    0.410682700
1319    3.830690000    0.436975700    0.049334940
1320    6.332219000    0.663653800    1.152905000
1321   16.577580000    1.324953000    0.364471000
1322    2.384963000    0.137471900    0.035649040
1323    9.544779000    0.670753800   -1.332249000
1324    3.297205000   -0.056380090    0.527079400
1325    7.781132000    0.330183900   -0.723149200
1326    9.931522000    0.446994500    1.231636000
1327    5.158338000    0.001260990   -0.351509200
1328   12.996220000    0.984289100    0.568131000
1329    7.774362000    0.375681200   -0.119405400
1330   -0.950000000   -0.743123300    1.452511000
1331    0.505399100   -0.419385400   -0.353293600
1332   23.626270000    1.462429000    0.254684800
1333   14.904570000    1.034490000   -0.186070200
1334   14.521420000    0.870346600   -0.581767100
1335    1.953913000   -0.286707400   -0.534550400
1336   -0.950000000   -1.690555000   -1.482874000
1337   -0.950000000   -1.497448000   -1.527813000
1338   -0.950000000   -0.486308900   -0.135667200
1339   -0.950000000   -0.615442700   -0.465673500
1340   -0.950000000   -0.302506600   -1.127215000
1341   -0.950000000   -0.048986060   -0.901971500
1342   -0.950000000   -0.657761300   -0.714287300
1343   -0.950000000    0.286825200    1.924531000
1344   -0.950000000    0.108459200   -0.851597600
1345   -0.950000000    0.215859000   -0.882016100
1346   -0.950000000   -0.268450900    1.670076000
1347   -0.950000000   -1.171193000   -1.588434000
1348   -0.950000000    0.180570000    0.502247200
1349   -0.950000000   -1.225781000   -1.047059000
1350   -0.950000000   -0.671533600    0.686914600
1351   12.648830000    0.977844300   -0.846046400
1352    3.377236000   -0.083871610    0.864675700
1353   16.769670000    0.992418000   -1.560693000
1354   -0.950000000    0.109614100    1.485104000
1355    3.880383000    0.311245100    0.681422000
1356   20.496460000    1.884654000   -0.252526800
1357   -0.950000000   -1.141655000   -0.388170800
1358    1.145370000    0.000451076    0.405731200
1359    1.472449000   -0.418977800   -1.192125000
1360   -0.950000000   -0.681319000    1.381821000
1361   12.132270000    1.194333000    1.239533000
1362   -0.950000000   -1.798407000    1.939308000
1363   -0.950000000   -0.861561500   -0.884430700
1364    0.429647900   -0.541334600   -1.721457000
1365    2.418125000    0.401072400    0.495823700
1366   -0.950000000   -1.317420000   -1.552190000
1367   -0.950000000   -0.380396000   -0.450570700
1368   15.161350000    1.707889000   -0.048162370
1369   -0.950000000    0.172341900   -0.909162000
1370   -0.950000000   -0.374780500   -0.678977300
1371   -0.950000000    0.629778500    1.405954000
1372   -0.950000000    0.322148300    1.174370000
1373   -0.950000000    0.036107930   -1.494100000
1374   15.875530000    1.848353000   -0.446164600
1375   -0.950000000   -1.926511000   -1.938481000
1376    2.282606000    0.353268100   -0.715546000
1377   -0.950000000    0.198873400   -1.234100000
1378   -0.950000000   -1.076949000   -0.033271330
1379   -0.950000000   -0.530558700   -1.426872000
1380   -0.950000000   -0.314420300   -0.411549200
1381    1.461596000    0.227457400    0.561439300
1382    3.642440000    0.317790700   -0.320689300
1383    0.981482000    0.176265200   -0.466612700
1384   -0.950000000   -0.483814000    0.093919250
1385   -0.950000000   -0.588833300    1.726349000
1386   22.807160000    1.517973000    1.189932000
1387   -0.950000000   -0.304897700    0.398940600
1388   -0.950000000   -0.556999500   -1.153146000
1389   -0.950000000   -1.205125000    0.142401100
1390   -0.950000000   -0.000323512    1.187025000
1391    0.587130500   -0.168720900   -1.984371000
1392    4.606031000    0.602400300    0.193313100
1393    7.168091000    0.881315200   -0.706222400
1394    4.983159000    0.218966100   -0.463103800
1395   -0.950000000   -0.253228600    0.766207500
1396   -0.950000000   -0.675120900    0.197349400
1397   -0.950000000   -0.571743400    1.300475000
1398    2.773662000    0.285724000    0.220105100
1399   22.072860000    1.587793000   -1.086238000
1400   -0.950000000   -0.181120700    1.607327000
1401   -0.950000000   -0.751581300   -0.572640000
1402   -0.950000000   -1.631682000    0.101841900
1403    0.196056000    0.151579900    0.334442400
1404   -0.950000000   -0.794342500   -1.302520000
1405   -0.950000000   -1.718632000    0.463209200
1406    8.727325000    1.490659000    0.769696900
1407   -0.950000000   -1.692601000    0.990896000
1408   -0.950000000   -1.013177000   -0.115136000
1409   13.581900000    1.123875000   -1.008945000
1410   -0.950000000   -0.572108600    1.829364000
1411   10.530820000    0.291207300   -0.987087800
1412   16.958580000    1.620699000    0.369453900
1413   -0.950000000   -0.507389900    0.193844800
1414   16.916340000    1.027124000   -0.720330300
1415   -0.950000000   -1.490392000    0.388323300
1416    8.812442000    0.527959900    1.604999000
1417    4.931878000   -0.149393400   -0.722204500
1418    9.137584000    1.204275000    1.370296000
1419   19.300140000    1.347187000   -0.158358400
1420   -0.642635000   -0.340571700    0.583170300
1421   25.715580000    1.248905000   -1.360738000
1422   15.189310000    0.798546700   -1.260567000
1423    4.293034000    0.626371000    1.610607000
1424   24.113230000    1.550372000   -0.359559700
1425    3.477318000   -0.040646560    0.118695400
1426   15.032540000    1.598049000    0.937433800
1427   11.759220000    1.030288000   -0.028919740
1428    7.006793000   -0.093329220   -1.989922000
1429    4.357384000    0.201181700    0.428906400
1430   -0.950000000   -0.494178000    1.076284000
1431   -0.950000000   -1.316412000   -0.524071900
1432    2.662093000   -0.076612070   -0.242997500
1433    3.084950000    0.147719300    0.377301500
1434    1.162853000    0.044179020    0.454041700
1435   11.248260000    0.823172400   -0.227488500
1436   -0.950000000   -0.305641700    1.468376000
1437    7.436168000    0.021088120   -1.645420000
1438    8.405090000    0.535841800    1.448243000
1439   -0.950000000   -0.440340800   -1.138415000
1440    2.394383000    0.550030300    1.027978000
1441   -0.950000000   -1.369355000   -1.896471000
1442   -0.950000000   -0.989223800    1.748056000
1443   -0.950000000   -1.476986000    1.142469000
1444   -0.818343600   -0.074628700   -0.572321800
1445    3.159058000    0.412956400   -0.273396600
1446   -0.950000000   -1.007670000    0.380425200
1447   -0.950000000   -1.705444000   -0.837326200
1448    7.934132000    0.961373500    1.059694000
1449    6.028859000    0.939543600   -0.463897800
1450   -0.950000000   -0.065031670   -0.294784600
1451   -0.950000000   -0.723151500    0.103330400
1452   -0.950000000   -0.248808800    1.731444000
1453    3.349105000    0.646546400    1.087681000
1454   -0.950000000   -0.067781340   -0.011982270
1455   -0.950000000   -0.952854200    0.193348700
1456    1.166924000    0.405848000    0.487198400
1457   10.636960000    0.940135000    0.058305140
1458   18.391640000    1.489224000   -1.063568000
1459   -0.950000000   -0.396916200    0.967232800
1460   13.228330000    1.651444000   -0.631688900
1461   -0.950000000   -0.792955100    0.033055590
1462   -0.950000000   -0.779310000    1.001678000
1463   -0.950000000    0.287209900    0.872960900
1464   -0.950000000   -1.181567000    0.917312300
1465   10.030530000    0.606861200   -0.687649000
1466    2.620352000    0.769392300    0.888547200
1467    8.887516000    0.925769300    0.037300620
1468   -0.950000000   -1.199085000   -0.778971900
1469   -0.950000000   -1.532842000    0.022550470
1470    0.074557630   -0.277902700   -1.692319000
1471    8.094619000    0.461677700   -0.335459600
1472   -0.281555500   -0.441027200    0.010757050
1473   -0.950000000   -0.271762600    1.293063000
1474    6.602254000    0.181094300    1.511990000
1475    0.774656500   -0.302469600   -0.261551100
1476   -0.950000000   -1.404173000   -0.463178800
1477    2.621476000    0.704344600    1.157038000
1478    7.982681000    0.413828600    0.064666450
1479   -0.950000000   -0.586347900    0.981515700
1480   16.864110000    1.261827000   -0.632806700
1481   22.322040000    1.732818000   -0.447622700
1482   15.765930000    1.351102000    0.359903300
1483    5.469156000    0.256291100   -0.296894600
1484    2.241029000   -0.204811400   -1.312096000
1485   -0.950000000   -0.647862200    0.450054900
1486   -0.950000000   -1.814181000   -0.854503800
1487   20.038250000    1.796377000    0.200786200
1488   -0.950000000   -0.805406500   -0.036855870
1489    6.618168000    0.988772200   -0.758527000
1490   -0.950000000   -0.058307970    0.413774900
1491   -0.950000000   -1.247259000   -1.873983000
1492    1.044261000    0.746934500    0.430013700
1493   -0.950000000   -1.167385000   -1.449242000
1494   -0.950000000    0.243784600    1.217786000
1495    3.841506000    0.368637400   -1.158828000
1496    2.404213000    0.395680400    0.199539700
1497   -0.950000000   -0.773640100    0.078164970
1498   -0.950000000   -0.917521800   -1.061192000
1499   -0.950000000   -0.400718900   -1.008903000
1500   -0.950000000   -0.419380300    1.138583000
