*y  x1  x2
   1   -0.950000000   -1.583806000    0.335322100
   2    1.883264000    0.324525600    0.658675900
   3   -0.950000000   -0.840958900    0.488897400
   4    9.509730000    0.566159800   -1.688693000
   5   -0.139463300    0.177449900    0.979581500
   6    8.344687000    1.032934000    1.659969000
   7    8.287808000    0.790678300   -1.537640000
   8   -0.950000000   -0.136630800    1.105906000
   9    2.474107000    0.012671330   -0.231502200
  10   -0.950000000   -1.233075000   -0.642509700
  11   -0.950000000   -0.200662600    1.191084000
  12   -0.950000000   -0.821104000   -0.675443900
  13   -0.950000000   -0.704336100   -0.435309000
  14   10.446860000    1.122290000   -0.928492100
  15    7.086228000    0.587371000    0.213320100
  16   -0.950000000   -0.708374600    0.761879100
  17   15.594120000    0.866286000   -0.418658700
  18   14.729610000    1.066971000   -0.211997000
  19    5.407990000    0.284845000    0.928432100
  20   14.335890000    0.535111500   -1.049456000
  21   11.487270000    0.501205200   -1.210037000
  22   18.944800000    1.613849000    0.716049300
  23    0.552948000   -0.452849700    0.155129000
  24   -0.950000000   -0.758020800    1.230704000
  25    8.242754000    0.230712100    0.497161100
  26   12.438690000    1.436382000   -0.501145600
  27   22.931030000    1.433278000   -1.137917000
  28   -0.950000000   -1.817273000   -0.736614900
  29   -0.950000000   -0.840818700   -0.146267700
  30    7.877337000    0.323715600   -0.345128000
  31    9.498503000    0.928106100    0.638753400
  32   -0.950000000   -0.695044200    0.523597100
  33   -0.950000000   -0.359178100    1.260106000
  34    7.041014000    1.026730000    0.487859700
  35    2.925386000   -0.236274600    0.397894800
  36   -0.950000000   -0.867324500    0.859084200
  37   -0.950000000   -1.416249000   -0.358505300
  38   12.845840000    0.930633500   -0.969796300
  39   -0.950000000   -0.903949700    0.619692800
  40    1.516710000    0.092561230    0.343284100
  41   -0.950000000   -0.392602800   -0.076209270
  42    6.480087000    0.513022000   -0.108085700
  43   -0.950000000   -1.868992000    0.107817500
  44    5.900014000    0.255179100   -0.737374900
  45    4.742923000    0.169774100    0.250251600
  46   -0.950000000   -1.261717000    0.511527600
  47   -0.950000000   -0.438319500    1.003067000
  48    5.601603000    0.980682300    0.553566600
  49   -0.950000000   -1.935472000    1.558386000
  50   18.471410000    1.880586000   -0.525677100
  51   -0.950000000   -1.345865000   -0.224535000
  52   -0.950000000   -0.857571500    0.741980500
  53   -0.950000000   -0.684211100    0.645128700
  54   -0.950000000   -1.005808000    0.999966000
  55   -0.950000000   -0.779602400   -0.055792000
  56    0.448477600    0.036749130    0.015844470
  57   -0.950000000   -0.023775120    0.287180600
  58    6.675129000    0.679012600   -0.101965700
  59   -0.950000000   -1.018361000   -1.004622000
  60   -0.950000000   -1.346609000   -0.127670400
  61   14.897070000    1.728339000    0.821816800
  62    5.137936000    0.867036200   -0.267963300
  63   -0.950000000   -0.360347700   -0.626755500
  64   -0.950000000    0.167734200    1.145370000
  65   -0.950000000   -1.034478000    1.106627000
  66    4.894861000    0.673545900   -1.063685000
  67   -0.950000000   -1.527940000    0.387643700
  68   -0.950000000    0.034209800   -1.007727000
  69   -0.950000000   -0.513653900   -0.215875300
  70   -0.950000000   -0.849874900   -0.597262800
  71   -0.414635800    0.346492200   -0.245312500
  72   -0.950000000   -0.532742900   -1.908387000
  73    3.563943000    0.350374300   -0.912410200
  74   14.322230000    1.290547000   -1.479761000
  75   -0.950000000   -0.415297900   -0.978013300
  76   -0.950000000   -0.869878600    0.381243200
  77   13.326290000    1.051175000    0.675680300
  78    9.142665000    0.787718900    1.222817000
  79   -0.950000000   -0.598751800    0.133359900
  80   -0.950000000   -1.514362000    1.094133000
  81   14.827440000    0.838466800   -0.469201600
  82   -0.950000000   -1.205900000    0.072237190
  83    3.000560000   -0.128300100   -0.831627000
  84   -0.950000000   -0.373876200   -0.678259500
  85   12.621230000    0.678373400   -1.229660000
  86    2.143256000    0.152900000   -0.074254660
  87    1.246816000    0.181096100    1.899957000
  88    8.254747000    0.525291700   -0.470909500
  89   14.472290000    1.944263000    1.230588000
  90   15.510570000    0.802515400   -1.165915000
  91   11.497750000    0.898023400    0.055735300
  92    7.575673000    0.759278100    0.644816200
  93   -0.950000000   -0.445752100   -1.058579000
  94    2.140025000    0.079860690    0.492478500
  95   -0.950000000   -0.184211400   -0.556766800
  96   -0.950000000   -1.003909000    1.033991000
  97    3.796360000    0.297447400    0.985234900
  98    6.011743000    0.766507700   -0.115809300
  99    3.851227000    0.205299100   -0.919468700
 100   13.711280000    1.153941000   -1.077879000
 101    9.608218000    1.318181000    1.021965000
 102   -0.950000000   -0.939113000   -1.764585000
 103   -0.950000000   -0.312396500    0.118827000
 104    3.722282000    0.255519100    0.330892800
 105   -0.950000000   -0.508529900   -0.928254300
 106   -0.950000000   -0.300179600   -0.281491100
 107   11.954290000    0.947825100   -0.531146900
 108   -0.950000000   -0.687260200    0.857021600
 109   21.734530000    1.898042000    0.232362800
 110   -0.950000000   -0.409582300    0.197990900
 111    5.727153000    0.288481700    0.092853270
 112   -0.950000000   -1.301561000   -0.023297200
 113   -0.950000000   -0.666171000   -1.423002000
 114   -0.950000000    0.030933020    1.090150000
 115   -0.950000000   -0.840293600    0.175966400
 116   12.046130000    0.945476600   -1.157269000
 117   -0.950000000   -1.017636000   -0.032123680
 118   -0.950000000   -0.254789000   -0.007534210
 119   23.534590000    1.332890000   -0.462642300
 120   16.270050000    1.361264000    1.250209000
 121   -0.950000000   -0.613209500   -0.176680000
 122   -0.950000000   -0.455973900   -0.062541660
 123    1.957036000    0.025517770    0.405530800
 124    0.014838070   -0.613938200    1.946345000
 125   -0.950000000   -0.455927300   -1.756401000
 126   -0.950000000   -1.091442000    0.432362200
 127    2.160210000   -0.158309900   -0.144296800
 128    8.747079000    0.615935000    0.344005600
 129    4.972357000    0.252443800    0.078688680
 130    1.508590000    0.287191200    1.136651000
 131   -0.950000000   -0.837305000    1.184512000
 132    9.023475000    0.441372600   -0.554927900
 133    5.831386000    0.339222400    0.393815200
 134    8.460873000    1.138925000    1.847089000
 135    6.134999000    0.170927200   -0.813953900
 136   -0.950000000   -0.448322000   -0.420910000
 137   17.562000000    1.176851000   -1.487678000
 138   -0.950000000    0.048012510    0.554506200
 139    8.589938000    1.205012000   -0.808432400
 140   -0.950000000   -1.469326000   -0.784025100
 141   -0.950000000   -1.526810000    0.534599700
 142   -0.950000000   -1.293831000   -1.925046000
 143   -0.950000000   -0.882631900    0.935160900
 144   -0.950000000   -0.114389000    1.409980000
 145   -0.950000000   -1.668973000   -0.093075110
 146    6.903528000    0.566542200    0.390161700
 147    9.491478000    1.022244000   -0.503293500
 148   13.893520000    1.258837000   -0.454748600
 149   -0.950000000    0.455021500    1.343077000
 150    8.206755000    0.850569600   -1.091367000
 151   -0.950000000   -1.286978000   -1.600782000
 152   -0.950000000   -1.140692000   -0.234577600
 153   -0.950000000   -1.765727000   -1.893097000
 154    8.424789000    0.911105600   -1.111660000
 155   -0.950000000   -0.157296600    1.231235000
 156   -0.950000000   -1.750348000   -0.013064110
 157   10.711580000    0.993523100   -1.082835000
 158   -0.950000000   -0.089659680   -0.755821200
 159   -0.950000000   -0.512113000    0.313242700
 160   18.542160000    1.937821000    1.575150000
 161    0.643287900    0.181808700    0.430652700
 162    0.209108400    0.213033100   -0.296515800
 163   10.953750000    1.415996000    1.741887000
 164   -0.950000000   -0.646573300   -1.754546000
 165   -0.778812700    0.123506700    0.633971900
 166   -0.950000000   -0.337010500   -0.606941600
 167   -0.950000000   -0.431513700    1.022035000
 168   -0.950000000   -1.560854000   -0.693721500
 169   -0.950000000   -0.641224000   -0.167958200
 170   -0.950000000   -1.488830000    0.401684700
 171    6.139440000    0.378703800   -0.558346100
 172   10.124980000    1.066543000   -0.184391300
 173   -0.950000000   -0.866398000   -0.898288800
 174    5.485426000    1.050220000    0.991837700
 175   -0.950000000   -0.300233200    1.889943000
 176   -0.950000000   -0.020380780    1.428224000
 177    2.449134000    0.375988300   -0.063120510
 178   10.563830000    1.119417000    1.473253000
 179   -0.950000000   -1.284559000    0.591347600
 180    4.260346000    0.027488770   -1.310328000
 181   -0.950000000   -0.804277900   -1.560863000
 182    5.650421000    1.016124000    0.324457900
 183   11.707660000    1.397024000   -0.044648140
 184   -0.950000000   -1.321143000    0.787176100
 185   -0.950000000   -0.611010300   -1.083313000
 186   -0.950000000   -0.213769700   -1.572531000
 187    4.785122000    0.222631300   -1.570546000
 188    8.383064000    0.959526000    0.006143927
 189   -0.497151000   -0.025543620   -0.801106300
 190    2.939856000    0.157104300   -1.264702000
 191   -0.950000000   -1.084683000    1.003165000
 192   -0.950000000   -0.547950800    0.783265300
 193   -0.950000000   -0.873235500    0.082869510
 194   -0.950000000   -0.627626800   -0.768034100
 195    5.325340000    0.870605600    1.758163000
 196    4.615836000    0.728216600    1.069383000
 197   -0.950000000   -1.322967000    1.472500000
 198    4.031245000    0.553899300   -0.431789500
 199   19.877590000    1.708926000    0.250879600
 200   -0.950000000   -0.112954500    0.717309300
 201    3.424886000   -0.100782900   -1.164004000
 202    8.763903000    0.670207300    0.368869500
 203   14.772420000    1.161645000   -1.502200000
 204   16.107170000    0.913880300   -1.131098000
 205    9.847539000    0.935957600   -0.943285800
 206   -0.950000000   -0.641124200   -0.496097500
 207    5.534442000    0.686740400    0.169149200
 208   -0.950000000   -0.964964800   -0.027319880
 209   -0.950000000   -0.760671800    0.572096400
 210    2.128466000    0.018177570   -0.651590200
 211    5.888157000    0.452440700   -0.116813800
 212    5.405005000    0.607831300   -0.319989600
 213   -0.950000000   -0.908254000   -0.602968100
 214   12.789570000    1.390838000    0.348900900
 215    1.130541000    0.450987900    1.608927000
 216   -0.950000000   -0.602399600   -0.363058100
 217    2.226809000    0.097970090   -0.598267500
 218    5.084245000    0.280783200   -0.523509200
 219   -0.950000000   -0.506614400   -1.075483000
 220   -0.950000000   -1.708141000   -0.557272600
 221   -0.950000000   -1.741496000   -0.161022000
 222   17.047890000    1.240457000   -1.088872000
 223    9.450662000    1.105044000    1.446896000
 224    8.506188000    0.823760400    0.020540910
 225   -0.950000000   -0.461139700   -0.022420110
 226   11.270740000    1.210384000    1.227938000
 227    4.577344000    0.425148300   -0.813091300
 228   -0.950000000   -0.918688200   -0.172924300
 229   -0.950000000   -0.571703300   -0.163782800
 230   12.447990000    0.889258500   -0.028837860
 231    7.931664000    0.725852600   -0.464659700
 232    7.819569000    0.652992000   -1.105552000
 233   -0.950000000   -0.515817500   -0.740055900
 234   -0.950000000   -1.309461000   -0.525989800
 235   -0.950000000   -0.931689500   -0.952685200
 236   -0.950000000   -0.929505500    1.168402000
 237   -0.950000000   -0.690461000    0.332113700
 238    8.946427000    0.856778600    0.810448100
 239    4.751848000    1.137449000    0.470948400
 240   -0.950000000   -1.314892000    0.256520400
 241   -0.950000000   -1.631550000    0.065935210
 242   -0.398533800    0.003469355   -0.427273700
 243   -0.950000000   -0.091224040    1.325381000
 244    5.093597000    0.412844400   -1.061548000
 245    4.639712000    0.570841000   -0.759608100
 246    3.630095000    0.408341400   -0.337545900
 247    5.649547000    0.183611000   -1.527172000
 248   -0.098637910    0.031369310   -0.004490144
 249   -0.950000000   -0.128087900   -0.627948100
 250    8.785521000    0.833673700   -0.036462820
 251   -0.950000000   -0.950246900   -0.711926400
 252    4.223610000    0.740039000    0.238487700
 253   -0.950000000   -1.500675000    0.037979480
 254    1.978664000    0.313325900    0.433590500
 255   -0.950000000   -1.028668000    0.990467000
 256   -0.950000000   -0.498503200    0.544939100
 257    5.894439000    0.924121400    0.566937000
 258    2.426457000    0.498119900    0.703748100
 259    0.909201100   -0.027544040   -0.421796100
 260   -0.532709100   -0.197133700   -0.080041100
 261   -0.950000000   -1.783854000   -0.426696400
 262   -0.950000000   -0.691728400    0.175889900
 263   14.328820000    0.935525400    0.870797500
 264   -0.950000000   -0.951600100    0.666643700
 265   -0.950000000   -0.342900000    0.262972400
 266   -0.950000000   -0.187815000    0.311736000
 267   -0.950000000   -0.553581400    0.554610600
 268   -0.950000000    0.406496900    0.874798500
 269   -0.950000000   -0.756467900   -0.058907490
 270   -0.950000000   -0.565040800    0.240915700
 271   11.303680000    0.900577300    0.551312600
 272   -0.950000000   -1.379409000   -0.435649700
 273    9.616489000    1.913162000    0.900196000
 274    5.470985000    0.584018000    0.236035800
 275   -0.950000000   -0.413900300    0.390716200
 276   10.887600000    1.467511000   -1.149900000
 277   -0.950000000   -1.192627000    0.570230800
 278    8.247664000    0.793832000   -1.443905000
 279   -0.950000000   -0.599539400    0.004461699
 280    8.792525000    1.320816000    0.250565500
 281   -0.950000000   -0.076122090    0.476999800
 282   -0.950000000   -0.925585100   -0.022723390
 283   11.627880000    1.658912000   -0.978074500
 284   -0.950000000   -1.154004000   -0.176299100
 285    6.436570000    0.782010600    0.231276600
 286   -0.811129100    0.173870500   -0.158758700
 287    4.076989000    0.882484700    0.370551100
 288   -0.950000000   -0.512347200    1.338528000
 289   -0.950000000    0.151054300    0.031333810
 290    0.040851950    0.097720390   -0.497487700
 291   -0.950000000   -0.453546600    0.612499300
 292    8.758688000    1.058190000    0.210101800
 293   10.523010000    1.299883000   -1.302115000
 294    1.946421000    0.116387200   -0.762606500
 295   -0.950000000   -0.525732700   -0.167988700
 296   11.594900000    1.025198000   -1.344134000
 297   -0.950000000   -0.291171900    0.548450900
 298    6.918236000    0.986436700   -0.348119600
 299   -0.950000000   -0.808859700   -1.535706000
 300   -0.950000000   -0.557637000    0.863434400
 301   -0.950000000   -0.418004600   -0.306510900
 302   -0.950000000   -0.577256100   -0.711896100
 303   13.088770000    1.789141000    0.996035900
 304   -0.950000000   -0.971411400    1.166288000
 305    6.756635000    0.160145000   -1.230183000
 306    7.667584000    0.600039000   -1.712938000
 307    1.991001000    0.132090400   -0.349986200
 308   -0.950000000   -0.178541300    0.867796300
 309    5.999467000    0.516047700    0.891663800
 310   11.246740000    0.921930600   -1.298320000
 311   -0.950000000   -0.788183600    1.498305000
 312   -0.950000000   -0.475181600    0.980926700
 313    0.769031700    0.359100500    1.257036000
 314    6.289077000    0.698790500    0.314251700
 315   -0.950000000   -0.346008500   -1.190993000
 316   -0.950000000   -0.393660500    0.831180800
 317    4.155498000    0.647369800   -0.200547900
 318   -0.950000000   -1.294897000    0.163358300
 319    0.988165300    0.194770100   -1.379584000
 320   -0.950000000   -1.195210000    1.488013000
 321   -0.950000000   -1.730560000   -1.185428000
 322    6.711408000    0.992842700   -0.736648500
 323   -0.950000000   -1.356955000   -0.449022800
 324   -0.950000000   -0.026796950   -0.933717100
 325   -0.950000000   -0.627024300   -0.828405500
 326   10.338280000    1.808946000    1.374287000
 327   -0.950000000   -0.186159800   -1.143342000
 328    1.285884000    0.355895700   -0.994257600
 329    0.677389300    0.367142200   -0.484461000
 330   -0.063639540    0.705028500   -0.163442200
 331   12.944780000    1.372938000    0.615327800
 332    5.247419000    0.414959500    0.195833900
 333   -0.950000000   -0.821400200   -0.120720400
 334    1.393141000   -0.099312700   -0.157813100
 335    4.566337000    0.125356000   -0.272196500
 336   -0.950000000   -1.803172000    0.527952300
 337   12.677930000    1.168058000    1.536170000
 338   15.248260000    1.089376000   -0.953369700
 339   -0.950000000   -1.559592000    0.197035500
 340   -0.950000000   -0.329726600    0.234289300
 341   -0.950000000   -0.427636800   -0.008721500
 342    8.365665000    0.477480900    0.307174300
 343   -0.950000000   -0.621729800    0.509474400
 344    0.421217400    0.298851500    0.889310700
 345    8.492962000    0.034331960    1.783041000
 346   -0.950000000   -1.998021000    0.698104500
 347   -0.950000000    0.437897700    0.286059200
 348   -0.950000000    0.398371700    0.493424700
 349   -0.950000000   -0.879594600    0.675795400
 350    2.318311000    1.147033000    0.417075000
 351   -0.950000000   -0.126581800    0.262346100
 352   -0.745315000    0.364025400   -0.079636250
 353   -0.950000000   -1.087978000   -1.752011000
 354   -0.683617800    0.220341700   -0.630258700
 355   -0.950000000   -0.324717000   -0.920492400
 356   -0.950000000   -0.529002600   -0.719955400
 357   -0.950000000   -0.352550200   -0.405568200
 358   -0.950000000   -1.481556000   -1.405063000
 359   -0.950000000    0.450818700    0.835795300
 360   -0.950000000   -0.479736900   -1.005421000
 361   -0.950000000   -1.579289000    0.601585300
 362    6.379200000    0.549135800    1.220204000
 363    1.457162000   -0.041049760    0.174808300
 364   16.094760000    1.504181000   -0.227207500
 365   -0.950000000   -0.544428000    1.149904000
 366    2.040151000    0.760943300    1.980666000
 367   -0.950000000   -1.422816000   -0.107372800
 368   -0.950000000   -0.612993100   -0.842430600
 369   -0.950000000   -0.223949800   -0.354452100
 370    2.194366000    0.457126700    0.086690420
 371    0.191838000   -0.309725700   -0.824283300
 372   15.544210000    1.373447000   -0.183252200
 373    6.004389000    0.728329000    1.384277000
 374    1.382120000    0.027543160   -0.387169900
 375   -0.950000000   -1.284970000    0.240158600
 376   -0.180210400   -0.096886880   -0.873121000
 377    3.352114000    0.387387600    0.260340500
 378   12.846160000    1.965185000    0.457212900
 379   -0.950000000   -1.433105000    0.545415900
 380   -0.950000000   -1.370460000    0.891417000
 381   10.581870000    0.853162500    0.814283100
 382   18.452530000    1.276595000   -0.848893500
 383   -0.950000000   -0.038442850   -0.399730300
 384    2.165512000    0.365216900    0.499697500
 385    0.018998880    0.093981040    0.915201700
 386    3.710260000    0.655268500    0.843651400
 387   -0.950000000   -0.864587600   -0.752960900
 388    0.163199100    0.015177420    0.462309000
 389   -0.950000000   -0.239287700   -0.464109900
 390   -0.950000000   -1.975693000   -0.890786100
 391   10.583070000    0.849655800   -1.123143000
 392    2.174519000   -0.005354990    0.189994200
 393    4.788759000    0.698669400    0.490747400
 394   24.587710000    1.846569000   -0.071766970
 395    8.213533000    0.209417700    0.886392200
 396   16.022560000    1.058647000    1.885563000
 397   13.294830000    1.000580000   -0.433735900
 398   10.010000000    0.598304600   -0.762907200
 399    4.602249000    0.107607100    0.476980100
 400   -0.950000000   -0.297339600    0.375086100
 401   12.513530000    1.383423000    0.629465900
 402   -0.950000000   -0.979436600   -0.629394500
 403   13.826500000    0.902927100   -0.714297700
 404   -0.950000000   -0.755264700    1.666079000
 405   -0.950000000   -0.859892000    1.451136000
 406   -0.950000000   -0.158030700    1.228015000
 407   10.809810000    1.481283000    0.668743100
 408    2.571956000   -0.059559200    0.196444300
 409    6.360365000    0.395620600    1.320871000
 410    4.647167000    0.015477070   -0.386513000
 411   -0.941315400   -0.594415500   -0.705951100
 412   -0.950000000   -0.414586700    0.053528730
 413   -0.950000000   -1.689530000   -0.292193700
 414   -0.950000000   -0.603536600   -1.162606000
 415   11.187280000    1.328570000    0.648410900
 416   -0.950000000   -1.791813000   -0.879611300
 417    1.811035000    0.466714600    0.928121600
 418    5.984335000    0.986227000    1.164140000
 419   10.922440000    1.443569000    0.750506800
 420    5.979727000    0.508119100    0.108475700
 421    1.548923000    0.516899000    1.366361000
 422   -0.950000000   -0.678880300   -1.780873000
 423   -0.950000000   -0.246163900   -1.061597000
 424   23.251770000    1.517225000   -1.288220000
 425    5.086332000    0.334652900   -0.402967700
 426   -0.950000000    0.257177500    0.188183700
 427   -0.950000000   -0.649233700    0.712478800
 428   -0.213227900   -0.129233500   -1.483788000
 429   13.612070000    1.459870000   -0.329990400
 430    6.814181000    1.331126000    0.196450200
 431   -0.950000000   -1.282813000   -1.580871000
 432   -0.950000000   -0.167269600   -0.719297100
 433   -0.950000000    0.376082700    1.327944000
 434   -0.950000000   -1.717045000   -0.966953400
 435   -0.950000000   -0.035508850    0.817031300
 436    5.347681000    0.413470700   -0.207345900
 437   -0.950000000   -0.017231640   -1.693390000
 438    2.682561000    0.541001900   -0.323328000
 439   -0.950000000   -0.539770100   -1.476675000
 440   -0.950000000   -1.642975000   -1.246734000
 441   -0.950000000   -0.709082400   -0.969250700
 442   16.040670000    1.933527000   -0.428929900
 443   -0.950000000   -1.344158000    0.808656400
 444   -0.950000000   -0.852770500    0.994057300
 445   -0.950000000    0.118941800    0.331970900
 446   -0.950000000    0.407267800    0.901319400
 447   10.007510000    1.137562000    1.159979000
 448    5.328398000    0.664457800   -0.066005440
 449    2.096310000    0.358707100   -0.417159800
 450   -0.950000000    0.025512420    0.227888400
 451   -0.950000000    0.061575730    1.703337000
 452   10.665110000    0.696704000    0.569534900
 453   14.008370000    1.007254000    0.793116100
 454   12.793550000    0.739523300   -0.830916200
 455    4.984044000    0.121992300   -0.356370400
 456    5.675690000    0.207018100   -0.227180700
 457   -0.819591500   -0.205357700   -0.399388300
 458    0.265640300   -0.334076700   -0.148529200
 459   14.353200000    1.539723000   -0.317777800
 460    5.244816000    0.094479330    1.734759000
 461   -0.950000000   -0.993164400   -0.356092500
 462   -0.950000000   -0.566203600   -0.088488900
 463    8.234192000    0.534131200    0.274123400
 464    3.669528000    0.527647900    1.188268000
 465   -0.950000000   -1.908706000    1.417890000
 466   -0.950000000   -0.314146400    0.730968700
 467   -0.950000000   -0.138292400   -0.541205800
 468    8.961300000    1.231568000    0.742619600
 469    1.006145000    0.503850300    0.593936100
 470   -0.950000000   -1.315394000   -0.596329900
 471   -0.950000000   -0.518838400    1.440134000
 472   -0.950000000   -0.569365300   -0.479646200
 473    1.636425000   -0.002286711   -1.135421000
 474   -0.950000000   -1.718618000   -1.401968000
 475   -0.950000000    0.028079190    0.975952100
 476    4.675206000    1.003728000    0.613614700
 477   -0.950000000   -0.032550380    0.004244985
 478   -0.950000000   -0.558390200   -0.769309200
 479    6.547389000    0.673957100    0.660452100
 480   -0.950000000   -1.073550000   -0.193105800
 481   -0.950000000   -1.625328000    1.205135000
 482   15.065000000    1.562195000   -0.686163800
 483    0.204084200    0.201309100   -0.065757500
 484   -0.950000000   -0.575945500   -0.079489190
 485   -0.950000000   -0.846010200    0.668638500
 486   10.228250000    1.525176000    1.391577000
 487   -0.950000000   -0.276975400    0.421179300
 488   -0.950000000   -0.485217800   -1.276690000
 489   19.076800000    1.404479000   -1.524358000
 490   -0.950000000   -0.013485260    0.463152000
 491   -0.899036800    0.022335820   -0.231617500
 492   -0.950000000   -0.274973600    0.562099600
 493   -0.950000000   -1.041868000   -0.113448000
 494   -0.950000000   -0.634055500   -0.954227300
 495    5.012824000    0.470322000   -0.282733100
 496    4.759681000    0.954297000   -0.051779550
 497   -0.950000000   -1.433365000    1.539703000
 498   -0.950000000   -1.041886000   -0.376324100
 499   -0.950000000   -0.237342200   -0.610171800
 500   -0.950000000   -0.140776400   -0.397846800
 501   -0.950000000    0.143294800   -1.032230000
 502   13.138870000    1.340129000    0.106891200
 503   -0.950000000   -0.233709800    0.346415600
 504    6.626598000    1.021480000   -1.737249000
 505   -0.950000000   -0.189919200   -0.764708600
 506   -0.950000000   -1.615299000    1.057568000
 507    3.228218000    0.534661200   -1.420428000
 508    0.506895900    0.481473300    0.065560340
 509   -0.950000000   -1.097056000   -0.683430700
 510   -0.950000000   -1.135489000   -0.474775800
 511   -0.950000000   -0.303038300    0.416181800
 512   -0.950000000    0.061097080   -0.213159500
 513   -0.950000000   -0.564034000    1.520163000
 514   -0.865236400   -0.005712244   -1.315941000
 515   -0.950000000   -0.443802700   -1.056133000
 516   -0.950000000   -1.598965000   -1.930691000
 517   -0.950000000    0.161351300    0.316780900
 518   -0.950000000   -1.354689000    0.882554200
 519   -0.950000000   -0.384456500    0.791361800
 520   -0.950000000    0.054466110    0.725822600
 521   -0.950000000    0.078603230    0.096965820
 522   -0.950000000   -0.875138000   -0.267706500
 523   -0.950000000   -1.279955000   -0.594964600
 524   -0.950000000   -0.507102100    0.235431300
 525   -0.066832720    0.323800400   -0.063589510
 526   -0.950000000   -1.330755000    0.119166400
 527   -0.950000000   -1.760932000    0.135709400
 528    5.480825000    0.564068500   -0.398906400
 529    0.327997800    0.253726600    1.696639000
 530    4.181184000    0.726766200   -0.343422100
 531   -0.950000000   -0.329020800   -0.398431100
 532   -0.950000000   -1.118408000   -0.166860400
 533   -0.950000000   -1.422016000    1.332830000
 534   10.215970000    0.720577500   -1.235367000
 535   -0.950000000   -0.069611090    0.723057400
 536   -0.950000000   -0.184699800   -0.030708210
 537   17.433620000    1.380027000   -1.081813000
 538    2.534396000    0.209511300   -0.079611370
 539    2.706802000    0.300532100    0.039548270
 540   -0.585390400    0.018370790    0.234591500
 541    8.913768000    0.294184900   -0.708499400
 542   15.800640000    0.799398200   -1.884411000
 543    4.698469000    0.408706800    1.198466000
 544   -0.143545800   -0.253105100   -0.451524900
 545   15.481230000    1.135886000    1.984334000
 546   12.862740000    0.699120400   -1.188542000
 547    4.373436000    0.013780220   -0.954418600
 548   16.724100000    1.038549000    0.528032000
 549   -0.950000000   -0.423157900    0.147253700
 550    5.453411000    0.532687300    0.743788600
 551   -0.950000000   -0.411184300    1.157334000
 552    2.807236000    0.106662100    0.601507000
 553   -0.752639600   -0.328037400    0.225769900
 554   -0.950000000   -0.527653000    0.723937300
 555    2.070588000   -0.139116200    0.956315800
 556   -0.950000000   -1.049991000   -1.832857000
 557    3.792645000    0.610614300   -0.095081920
 558   -0.950000000   -1.471883000   -0.385309100
 559    4.293778000    0.488258700   -0.257525300
 560   -0.950000000   -1.302102000    1.081427000
 561   -0.950000000   -1.523942000    0.696617700
 562    8.447886000    0.572180900   -1.909058000
 563   -0.950000000    0.321665500    0.316878000
 564   -0.950000000   -0.439353000    1.314882000
 565    4.909291000    0.525373800   -1.402298000
 566   -0.950000000   -1.637912000    0.975560200
 567   -0.950000000   -0.359457300    1.714262000
 568   -0.950000000   -0.149791400    0.635331700
 569   -0.495305100    0.174779700   -0.052374000
 570   -0.950000000    0.161832100    0.745553200
 571   -0.950000000   -0.103012200   -1.904605000
 572   -0.950000000   -0.915037200   -1.111737000
 573   -0.950000000   -1.204986000   -1.400570000
 574   -0.950000000   -0.100427700   -0.790409200
 575   -0.950000000   -0.359306400    0.050746680
 576   -0.950000000   -0.416872800   -0.611696300
 577   -0.950000000   -0.545616900   -0.723124400
 578   -0.950000000   -0.938320700   -0.758727000
 579   -0.950000000    0.632426100    0.007808098
 580   -0.950000000   -0.804885600    0.826936800
 581   -0.950000000    1.112530000    0.356949800
 582   -0.950000000   -0.428996300   -1.862839000
 583   -0.950000000    0.014696910   -0.699169100
 584   -0.950000000   -0.714082700   -0.823563800
 585   -0.950000000   -0.438630700   -1.919333000
 586   -0.950000000   -1.198807000   -1.229127000
 587   10.428960000    0.942523800    1.496358000
 588   12.963580000    1.200584000    1.024879000
 589   14.213990000    1.758888000   -0.513574800
 590   -0.950000000   -0.512888700    0.571932100
 591   -0.950000000   -1.260602000   -1.091499000
 592   -0.950000000   -0.089613660   -0.327083500
 593   -0.950000000   -0.757634100   -0.826980400
 594   -0.950000000   -1.042471000   -0.610531300
 595   -0.950000000    0.310682900    0.970955000
 596   -0.950000000   -0.185652900    1.515952000
 597    0.322253800    0.121416900    0.814575800
 598   -0.950000000   -0.356402900   -0.329536800
 599    0.365717800    0.001635210   -1.245375000
 600    6.229824000    0.563513300   -1.320939000
 601   -0.950000000   -0.065757460   -0.650325400
 602   16.173530000    1.810761000   -1.604568000
 603   -0.950000000   -0.208185900   -0.572210000
 604   -0.950000000   -0.501411600    0.337366200
 605   -0.950000000   -0.251002700    0.926921800
 606   -0.950000000   -0.508517400    1.602869000
 607   -0.950000000   -0.349345200    0.247015200
 608   10.197580000    1.156584000    0.218266000
 609   -0.950000000   -0.802821300   -1.172517000
 610   -0.950000000   -0.602727200   -0.864696900
 611    6.420103000    0.983578800   -1.725667000
 612   -0.771442900    0.048335040   -0.251681000
 613   -0.950000000   -1.405081000    1.324526000
 614   -0.950000000   -0.290521900   -0.829533000
 615   -0.950000000   -0.689017000    0.570713500
 616   -0.950000000   -0.171323300   -0.557936800
 617   12.455800000    1.235463000    0.805819000
 618   -0.950000000   -0.276137900   -1.363080000
 619    4.251773000    0.374964800   -0.767230800
 620   11.709450000    1.639179000    0.606637800
 621    7.838247000    1.264449000    1.156308000
 622   -0.950000000   -0.709116300   -0.054328430
 623   -0.950000000   -0.187497300    0.436234200
 624    0.738981200    0.457774300    0.643150800
 625   -0.950000000   -1.650821000   -0.159741300
 626   -0.950000000   -1.199356000   -0.421977000
 627   11.810420000    0.665214600   -1.913668000
 628   -0.950000000   -0.282685400    0.020831810
 629   10.164160000    0.919912800   -1.019658000
 630   -0.950000000    0.245387800    0.873099000
 631   -0.913331600   -0.135971300   -0.233528400
 632    2.078764000    0.244830200    0.287667100
 633    0.297824800   -0.365680100   -1.314509000
 634   -0.950000000   -0.395206900    0.457187300
 635   -0.950000000    0.415893200    1.724569000
 636   -0.950000000   -0.795079200   -0.996584200
 637   12.243050000    1.384884000    1.337599000
 638   -0.950000000   -0.409917300   -1.808052000
 639    2.689104000    0.066602990   -0.595961100
 640    1.712829000    0.072201260   -0.285514300
 641   -0.094377870   -0.143011500    0.754916800
 642    8.391165000    1.064201000    0.834439800
 643   10.227820000    1.621643000    0.202254000
 644    2.454969000    0.496286800   -1.554052000
 645   -0.058566670   -0.424410400   -1.097357000
 646   -0.950000000    0.098045270    1.203323000
 647   -0.950000000   -0.677217200   -0.027324830
 648   -0.950000000   -0.972589300   -0.275344900
 649   -0.950000000   -1.314716000    1.071473000
 650    4.838213000    0.389863900   -0.578611400
 651    3.948213000    0.950446600    1.692805000
 652   14.418320000    0.962339000    0.029901300
 653   15.840590000    1.334194000   -0.507332100
 654   -0.950000000    0.067513180    1.667137000
 655    6.266771000    0.497490000    0.133411100
 656   -0.950000000   -0.741215200    1.131270000
 657   -0.950000000   -0.986414000   -0.118123700
 658   -0.950000000   -1.527047000   -0.179950100
 659   -0.950000000   -0.254785600    0.693110200
 660   11.835240000    0.792339700   -1.552266000
 661    6.416140000    0.207196300   -1.254770000
 662   12.233410000    0.972039900    0.375105800
 663   -0.950000000   -0.219946500    0.251153500
 664    9.117857000    0.500311700   -0.518563900
 665    7.430113000    0.450562600    0.667955700
 666    1.488823000    0.652842100    1.960329000
 667    9.313552000    0.669586900    0.104959000
 668    2.006604000    0.327427000    0.683692200
 669    5.883538000    0.276401300   -1.090891000
 670   18.758100000    1.196331000   -1.493312000
 671   -0.950000000   -1.467412000   -0.851003500
 672    0.229686400   -0.059498440    1.863867000
 673   -0.950000000   -0.353541700    0.091502640
 674   -0.950000000   -1.301165000   -0.629675900
 675    0.895409200   -0.256726300    0.585113700
 676   -0.950000000   -0.591071000    0.617808100
 677    4.845059000    0.630681100    1.011426000
 678   -0.950000000   -1.523231000    0.029460880
 679   -0.950000000   -0.389014500   -0.668087100
 680   -0.950000000   -0.945657100    1.334552000
 681   -0.950000000   -0.961752700    0.322313100
 682   10.993150000    0.710993800   -0.885836700
 683   12.651830000    1.010702000   -0.413152600
 684   -0.950000000   -1.160220000    0.541201400
 685    4.312509000    0.343662300    0.448032700
 686    5.152732000    0.325505700    0.495459700
 687    5.483725000    0.503318800    0.819807600
 688   -0.950000000   -0.578027100   -0.667702500
 689   -0.950000000    0.123450300    1.657510000
 690   -0.950000000    0.035962530    1.584454000
 691    6.624063000    0.663610900   -0.069397280
 692   -0.950000000   -0.764196700   -0.253425700
 693    7.789423000    0.635106100   -0.388123700
 694    7.749260000    0.803830000    0.316896800
 695    2.152849000    0.666930900    1.994433000
 696   -0.950000000   -0.241596000    1.355220000
 697   -0.950000000   -1.186430000    0.811573500
 698    6.173884000    0.266340700   -0.953395300
 699   -0.950000000   -0.374922100   -0.201866000
 700    2.487349000    0.487882600    0.568570600
 701    0.910203500   -0.010582410    1.331880000
 702   -0.950000000   -1.173374000   -1.340180000
 703   -0.950000000   -0.303048300    1.478377000
 704    4.133888000    0.153689500   -1.072474000
 705    5.620606000    0.290007600   -0.265282000
 706   12.445870000    0.771281000    0.634221100
 707   13.157880000    0.850160000   -1.852925000
 708   10.561530000    0.899308200   -0.799795900
 709    5.158308000    0.426104300   -0.236316000
 710   -0.950000000   -0.611287600    0.553559500
 711    0.925780700   -0.045733730    1.653985000
 712    3.276915000    0.127750500   -0.628140700
 713    6.264495000    0.395096800    0.070697920
 714   22.010430000    1.749100000   -0.308442900
 715   17.624700000    1.854994000    0.213850200
 716    0.357915000   -0.401748200   -1.414536000
 717   -0.950000000   -0.766015900   -0.182881400
 718    3.928173000    0.074763280    0.186964600
 719    2.227051000    0.096047510    0.149064200
 720    5.009399000    0.309514000   -0.637252800
 721   -0.950000000   -0.202320900   -0.199936200
 722    1.940321000    0.184780900    1.269563000
 723    7.039041000    0.356198200   -1.981689000
 724    8.960748000    0.813064600   -1.907992000
 725   -0.950000000   -0.677292800   -1.761913000
 726   -0.950000000    0.084156770    1.199109000
 727    9.353813000    1.210516000    0.233555800
 728   -0.950000000   -0.616494900   -0.623637600
 729    5.178284000    0.395612200    0.342049500
 730   -0.509297900   -0.265165900   -1.151966000
 731    6.446716000    0.438006600   -0.297413600
 732    3.918711000    0.641122900    0.344820400
 733   -0.950000000    0.053070080    0.963888200
 734   16.772420000    1.570241000    0.173769500
 735    0.388666000   -0.162627500   -0.917485900
 736   -0.950000000   -0.342593200    0.534307600
 737   -0.950000000   -1.198794000    0.179057800
 738   -0.950000000   -1.466397000    0.255213800
 739   10.155200000    1.714337000    0.978650600
 740   -0.950000000   -1.058104000   -0.889143300
 741   -0.950000000   -0.933299800   -1.534870000
 742    6.064853000    0.384696400   -1.006484000
 743   14.955370000    1.288020000   -0.444499300
 744    0.443902800    0.120973200    0.762260100
 745   -0.950000000   -1.246060000   -0.675042100
 746   -0.950000000   -0.328088100   -0.635108100
 747    0.950187000    0.297721700    1.084408000
 748    0.752437300    0.150304800    0.157656000
 749   18.265060000    1.730077000    0.023691710
 750   14.425880000    0.752549500   -1.299775000
 751    7.356378000    0.271627500   -0.391847700
 752   14.203340000    0.838270500   -0.397352000
 753    2.649833000    0.028340510    0.224619300
 754   25.574390000    1.951410000   -1.227560000
 755   -0.950000000   -0.187125400    1.220786000
 756   21.964470000    1.833682000    0.062525560
 757   10.357370000    0.748863800    0.631037900
 758    0.298286400    0.047528410    1.220011000
 759   15.256900000    1.200160000   -0.213602000
 760    8.039942000    0.508098300    0.581004700
 761   -0.194294400   -0.286585200    0.339519500
 762    0.384297500   -0.334939500   -0.135248600
 763   11.125060000    0.493176600   -1.608234000
 764    0.384647400   -0.576709000   -1.682690000
 765   27.824620000    1.809754000    1.010479000
 766   -0.950000000   -0.395248800    0.659586400
 767   -0.950000000   -0.610519500    0.616379000
 768    3.229734000    0.180770400   -0.886409600
 769   11.375210000    1.002309000   -1.049153000
 770    9.348871000    0.664076800   -1.219931000
 771   -0.826111000    0.200239200   -0.040853720
 772   -0.950000000   -0.362117000   -0.940978700
 773   -0.950000000   -0.816719800   -0.532459000
 774   -0.950000000   -0.205373100    0.851980400
 775   -0.950000000    0.014030970    0.103551700
 776    1.198171000    0.361448600   -0.193888300
 777   12.331370000    1.128953000   -1.425471000
 778   -0.950000000   -1.035313000   -0.398045400
 779   -0.950000000   -0.695884100   -0.159426600
 780    1.318221000    0.189466400   -0.351759600
 781   -0.950000000   -1.016059000    0.349051700
 782   -0.950000000    0.030839490    0.921354400
 783   -0.950000000   -1.329106000   -0.350730600
 784   13.913060000    1.258089000   -0.093801070
 785   -0.706078900   -0.308045300    0.845715000
 786   20.630740000    1.574241000   -0.282132300
 787   -0.950000000   -0.551998400   -0.015998010
 788   -0.950000000   -1.138600000    0.550164000
 789   -0.950000000   -1.405900000   -0.426053700
 790   -0.950000000   -0.016163890    0.981208600
 791    1.251644000   -0.285159500   -1.218238000
 792   -0.950000000    0.108444100    0.577776000
 793    1.556271000   -0.232140000   -1.106097000
 794   12.018370000    1.436861000    1.000366000
 795   -0.950000000    0.154882400    1.332523000
 796   -0.950000000   -0.911479300   -1.309867000
 797   -0.950000000   -1.521762000   -0.030576620
 798   -0.950000000   -0.305318700    0.340190600
 799    3.948070000    0.268712400   -0.980420300
 800   -0.950000000   -0.339845600   -0.587108100
 801   -0.950000000   -1.013885000    1.512965000
 802    7.829308000    1.218501000   -0.099045100
 803    8.045613000    0.728864700   -0.939500500
 804   -0.950000000    0.060170620   -1.020656000
 805   10.598960000    1.535935000    0.176496400
 806    7.030835000    1.030218000    0.703363900
 807   -0.434627700   -0.034119480   -1.923052000
 808   -0.950000000   -1.006601000   -0.801750900
 809   -0.950000000    0.424795800    0.106871300
 810   -0.950000000    0.014690640   -1.044784000
 811    2.283231000    0.514970900    0.194220300
 812   -0.950000000   -0.632622300   -0.294028600
 813   -0.950000000   -1.034577000   -0.350929200
 814   -0.950000000   -0.193539400   -0.120385800
 815   -0.950000000   -1.112660000    0.369345900
 816   -0.780369300   -0.034852240   -0.916193500
 817   -0.950000000   -1.155782000    0.882942000
 818    5.659099000    0.719368300   -0.703767300
 819   -0.950000000   -1.152582000    0.322454600
 820   -0.950000000    0.103024400    0.959146800
 821   -0.950000000   -0.792927000    0.628405300
 822   -0.950000000   -1.356848000   -0.750099300
 823   -0.950000000   -0.362023800    0.378264700
 824    5.460494000    1.274924000    0.667140400
 825    0.817038200    0.280075600   -0.952855000
 826    2.315060000    0.586732700    0.455068900
 827    1.131923000   -0.047654140   -0.563868900
 828   -0.950000000   -0.209655700    0.818136900
 829   -0.950000000   -0.951027200   -0.775779600
 830   -0.950000000   -1.377073000    1.832450000
 831   -0.950000000   -0.547424900   -0.749705800
 832   -0.115415100   -0.059247230   -0.280012700
 833    3.438674000    0.509015600    0.826599300
 834   11.366470000    0.967966500    0.840214600
 835    6.627398000    0.109431500   -1.649930000
 836   11.276770000    1.061772000    0.732041300
 837    7.040544000    0.187691100   -0.982818000
 838   -0.950000000   -0.406357300    1.497662000
 839   -0.950000000   -0.772214300    0.639751200
 840   -0.950000000   -1.318691000   -1.129627000
 841    4.376995000    0.292073100   -0.059962230
 842   -0.674855600   -0.070395740    0.686415600
 843    3.141149000    0.466506900    1.044639000
 844   -0.950000000   -0.771885700    0.043377450
 845    6.995839000    0.197882000   -1.135793000
 846    4.486062000    0.536288300    1.238930000
 847   -0.950000000   -0.128761700    0.805726500
 848    0.948387300   -0.176267400    0.505465300
 849   10.094320000    1.100600000    1.570504000
 850   -0.950000000   -0.420499100   -0.619639800
 851    5.242121000    0.351436900   -0.421249900
 852   -0.950000000   -1.139592000   -1.331503000
 853   17.666150000    1.055375000   -0.684730700
 854    7.042873000    0.373942000   -0.253107300
 855   -0.950000000   -0.531495200    1.137076000
 856   -0.270351900    0.539266800    0.349885100
 857    2.485951000    0.724796000   -0.481358400
 858   -0.950000000    0.362579400    0.520645200
 859   -0.950000000   -1.315580000   -0.167613000
 860   -0.950000000   -1.167117000    0.832281600
 861   -0.950000000   -0.148580600   -0.786406700
 862   -0.950000000    0.119096800    0.604706700
 863   -0.950000000   -1.582434000   -1.386409000
 864    8.209683000    1.244248000    0.140422600
 865   -0.950000000   -1.111177000    0.487598100
 866    3.690228000    0.662025200   -1.888329000
 867    3.087382000    0.318392200   -1.308159000
 868    0.030782240    0.287837500   -0.785657100
 869   -0.950000000   -0.914505900    0.070445650
 870   -0.950000000   -0.064972690   -0.082150930
 871    0.115404300    0.313245100    1.163132000
 872   -0.950000000   -0.268604300    0.335119500
 873   -0.950000000   -0.838080100    1.232612000
 874   -0.838217600   -0.121343300   -0.311917700
 875    5.324632000    0.522834400   -1.197767000
 876   -0.950000000   -1.278505000    1.500268000
 877   14.198580000    1.613133000    0.348975800
 878    3.186871000    0.175455300   -0.712163200
 879   -0.950000000   -0.385336300   -1.037995000
 880    2.594088000   -0.258909400   -1.461506000
 881    4.342710000    0.358446100    0.244191100
 882   -0.950000000   -0.148803900    0.113598400
 883    2.520242000    0.196613800    1.859380000
 884   -0.950000000   -0.764180600   -1.866947000
 885    1.361376000    0.208364600   -0.001927675
 886   -0.950000000   -1.120786000   -0.700743400
 887    0.741578700    0.021940030   -0.809379500
 888    3.024884000    0.310653100   -0.164921700
 889   -0.950000000   -0.944124000    0.300965400
 890    0.639996500    0.444631600    0.319317700
 891    4.335460000    0.438109500   -1.148890000
 892   -0.950000000   -1.845210000    0.079126230
 893   -0.950000000   -0.248382500    0.515072300
 894   -0.950000000   -0.340455900   -0.536389400
 895   13.914340000    1.128830000   -0.804217200
 896   -0.950000000   -0.107975000   -1.416791000
 897    9.581815000    1.321349000   -0.483335400
 898    3.988004000    0.479978900   -1.106320000
 899    6.131163000    1.362856000    0.709691400
 900    2.033670000    0.288973600   -0.821972900
 901   -0.761569200   -0.351248400   -0.147787400
 902    9.622687000    1.162454000    1.765836000
 903   -0.950000000   -0.545554200   -1.447222000
 904    5.852990000    0.231071800   -0.333741200
 905   13.956640000    1.134608000   -0.544964900
 906    3.572708000    0.052191680    0.629808900
 907   14.848580000    1.266613000   -0.699928000
 908    3.292280000   -0.106746400    0.267685700
 909   13.277880000    1.443909000    1.334206000
 910   -0.950000000   -0.198261900    1.597591000
 911   -0.950000000   -1.073981000    0.394782300
 912   -0.950000000   -0.784753600    0.717143200
 913    4.897086000    0.217487900   -0.736573600
 914   -0.950000000   -0.769462200    0.282413400
 915   17.965830000    1.343149000   -1.399653000
 916    0.184828900    0.052007010   -0.148801100
 917   -0.950000000   -0.338761700    1.085224000
 918   -0.950000000   -0.405036600    1.016446000
 919    5.503210000    0.609654700   -0.453624700
 920    2.529089000   -0.013573980   -1.399114000
 921   10.468820000    0.970818700    1.055612000
 922    4.292554000    0.316859700   -0.462676900
 923    7.304126000    0.881799500    0.419946600
 924    2.496898000    0.108298500    0.583733900
 925   -0.950000000   -0.116782500    0.793899000
 926   16.351520000    1.269271000   -0.474442300
 927   -0.950000000   -1.599816000   -1.088494000
 928   19.281670000    0.936220900   -1.792429000
 929   -0.950000000   -0.893018300   -0.779359000
 930   23.652310000    1.816483000    0.110019500
 931   -0.950000000   -1.506820000   -0.527016700
 932   -0.950000000   -1.166986000   -0.594562900
 933    3.303488000    0.554759100    0.154467900
 934   10.012360000    1.651122000   -0.033625140
 935   14.075900000    1.283516000    1.038673000
 936    1.371983000    0.524605500    1.239252000
 937    4.211161000    0.627549500   -0.030391810
 938    6.585255000    0.768692100   -1.718636000
 939    3.255286000    0.372462000   -1.030062000
 940   -0.950000000   -0.417499300   -1.698967000
 941   -0.950000000   -0.655918700   -1.314513000
 942   -0.950000000   -0.266378500    0.760794900
 943   -0.950000000   -0.867054500   -0.065950580
 944    5.851504000    0.818167700    0.079593760
 945    4.986725000    0.655730900   -0.877480400
 946   -0.426891300    0.207162400   -0.178934500
 947    4.956427000    1.102953000   -0.261727300
 948    3.801258000    1.241858000    0.959861900
 949   -0.950000000   -0.431773100    0.052410500
 950   -0.950000000   -1.646744000   -0.339621000
 951    1.505735000    0.303103800   -1.174803000
 952    3.972816000    0.836424800   -0.438885700
 953   -0.950000000   -1.259635000   -0.321194600
 954    3.972198000    0.659146100   -1.188751000
 955   10.690990000    1.120169000   -0.771702000
 956   -0.950000000   -0.683016300    0.499355600
 957   -0.950000000   -0.966500400   -1.268781000
 958   -0.950000000   -0.344759900   -1.047528000
 959   -0.950000000   -1.271416000    0.947427400
 960    3.151414000    0.049704470   -1.493974000
 961    8.018404000    0.818656400    0.672974600
 962   -0.950000000   -1.167006000   -0.374657200
 963   -0.950000000   -0.916681700    0.606748500
 964   -0.950000000   -0.782370000   -0.304496300
 965    8.852167000    0.627013800    0.044380940
 966   10.254470000    0.761384800   -0.545002600
 967   -0.950000000   -0.913160800    0.319006600
 968   -0.950000000   -1.931807000   -0.920457700
 969   12.483160000    1.607553000    0.262885800
 970    0.777549800   -0.211623600   -0.326842600
 971    8.448488000    0.702805600    0.484194800
 972   10.877860000    1.667916000    0.690339500
 973   -0.950000000   -0.797541000    0.375116600
 974   -0.950000000   -0.874781900    0.828357800
 975   -0.950000000   -0.563511600    0.638624400
 976    6.034143000    0.550705600   -1.626480000
 977    0.193901300   -0.006511844   -0.140478300
 978   -0.950000000   -1.285246000   -0.453459100
 979    4.764165000    0.653999600    0.301030800
 980    4.754394000    0.511257400    1.033021000
 981    0.748301100    0.047206240    0.444599900
 982    5.639671000    0.490499600   -0.212430600
 983    0.572116100   -0.035858590   -0.151720200
 984   -0.950000000   -0.711359000   -0.235778100
 985   -0.139044700    0.059484630    0.765611600
 986   17.069670000    1.177178000   -0.023416370
 987   -0.950000000   -1.586185000   -0.742018200
 988   10.624210000    1.285713000   -0.323805600
 989   -0.950000000   -0.470324500    1.717092000
 990   19.562940000    1.511232000   -0.087115590
 991   -0.950000000   -0.442995900   -1.218375000
 992   -0.950000000   -0.197054900   -0.353156500
 993    5.393175000    0.970220600    0.586805500
 994   16.276140000    1.633468000   -0.569350800
 995    6.751767000    0.352269100   -1.596000000
 996    2.449617000    0.459468700   -0.190342600
 997    3.573989000    0.412308400    0.501233400
 998    9.191501000    0.603258800   -1.822887000
 999    2.115734000    0.535312200   -0.155300100
1000    8.264843000    1.667289000    1.417385000
1001   -0.950000000   -0.577746800    0.348902700
1002   -0.950000000   -1.267882000    0.199586500
1003   -0.950000000   -1.471989000   -1.217401000
1004   -0.950000000   -0.803380100   -0.234729500
1005   -0.950000000   -0.823831300    1.071599000
1006   17.028140000    1.371614000   -0.210434300
1007    3.136995000    0.397159500    0.278616700
1008   13.650320000    0.965849300   -0.785518800
1009   -0.950000000   -1.198223000    0.767037000
1010   10.055340000    0.938992700    0.315688400
1011    3.986211000    0.081370130   -0.300324500
1012   -0.753478100   -0.005178411    0.943604300
1013   -0.950000000   -0.035820050    0.711605000
1014   -0.950000000   -0.540905300    0.386865500
1015   18.470400000    1.823063000    0.294483000
1016   -0.367929300   -0.079335350   -0.406874100
1017   -0.950000000   -0.007214167    0.909120400
1018   -0.950000000   -0.663325000   -0.544134700
1019    7.085103000    0.927285200    0.504785500
1020   -0.950000000   -1.303029000   -1.084757000
1021    5.602240000    0.349707300   -0.478175600
1022   -0.950000000   -0.674122000   -1.870773000
1023   -0.950000000   -1.156386000    0.301662000
1024    4.916537000    0.127710300   -0.844913800
1025    3.791170000    0.190686600   -0.031856500
1026    7.002711000    0.613503500   -0.323533900
1027   -0.950000000   -0.520277100    0.881300800
1028   -0.950000000   -0.460772100    1.293127000
1029   -0.669261400   -0.441044200   -0.957154800
1030    0.731480000   -0.215858100    0.680182600
1031    3.538474000    0.065512530    1.837889000
1032    7.530818000    0.405443800    0.348360100
1033   -0.950000000   -0.828877800    1.608389000
1034   -0.950000000   -0.293707500    0.081982530
1035   10.723390000    0.801232600    0.288674500
1036   18.446000000    1.895933000   -0.491860900
1037   -0.950000000   -0.929221600    0.045580230
1038   -0.950000000   -1.440291000    0.018364410
1039   -0.950000000   -1.317094000    1.229037000
1040   -0.950000000   -0.558270800    1.400311000
1041   -0.950000000   -1.246623000   -0.663645100
1042    3.636655000    0.469779600   -0.163755400
1043   -0.950000000   -0.924003800   -0.538726400
1044    9.694856000    0.584082400   -1.526112000
1045   -0.950000000   -0.706750500    0.033021860
1046    6.066972000    0.560799300   -0.406348500
1047   -0.843366000    0.016181450    1.306046000
1048   -0.950000000   -1.330651000    0.006463850
1049   -0.950000000   -1.221388000   -0.274454800
1050    2.276672000    0.537964300    0.295803100
1051    3.889757000    0.279150000    0.801263800
1052    1.725873000    0.402923500    0.623020300
1053    7.825639000    0.680025800   -1.042216000
1054   -0.950000000   -0.523218800    1.181775000
1055   -0.950000000   -0.779512900    0.321773600
1056   -0.950000000   -1.170119000    1.131164000
1057    4.912092000    0.272246300   -0.077424880
1058   -0.950000000   -1.766814000   -0.569742100
1059    0.571011400    0.134415100   -0.049648240
1060   -0.950000000   -0.554959800   -0.185554900
1061    8.205259000    0.799055900   -0.200103200
1062    2.176339000    0.326789700   -0.356228800
1063   -0.950000000   -0.363252200   -0.641519700
1064   -0.950000000   -0.922824700    0.322191900
1065   -0.950000000   -1.148467000   -1.138556000
1066    3.123780000    0.174904000   -0.063731430
1067   -0.950000000   -0.986221700   -0.715741300
1068   -0.950000000   -0.797056800    1.643154000
1069   17.723530000    1.689147000    0.587808100
1070    9.441818000    0.942081200   -0.014705780
1071   -0.950000000   -0.663919200   -0.484107900
1072   11.730240000    0.926952300   -0.128714800
1073   13.397670000    0.936351900    0.264531200
1074   -0.746553600   -0.299529100   -0.790241400
1075    1.415601000    0.107674300    1.063355000
1076    4.117486000    0.235960700    0.342551600
1077    4.785577000    0.059728790   -1.204416000
1078   -0.950000000   -1.125220000    0.113214700
1079   -0.950000000   -0.453290800    0.887727300
1080   -0.950000000   -0.272128700    0.655101100
1081   14.466260000    1.371821000   -0.466866900
1082    5.050900000    0.496020800    0.497513000
1083   -0.950000000   -1.301285000    0.503777000
1084   -0.950000000   -1.454657000   -0.267084400
1085    9.570414000    0.625971600   -0.184038100
1086   12.267130000    0.922730100   -1.663635000
1087    3.833707000    0.645116300    0.279146300
1088   -0.950000000   -1.136235000   -0.188397600
1089   -0.767331400    0.014155340    1.038903000
1090    4.753587000    0.241204800   -0.366048300
1091   -0.950000000   -0.734657700   -1.163129000
1092   14.380580000    1.816817000    0.810703100
1093    2.537116000    0.124742500   -0.367772800
1094    9.255040000    0.716734300   -0.111010600
1095    1.744141000    0.471573300    0.767968300
1096   14.178150000    1.118810000    1.384253000
1097   -0.950000000   -0.874870500   -0.484552000
1098   14.429690000    1.185349000   -0.627097200
1099   -0.950000000   -0.501607800   -0.863509600
1100    7.187687000    0.425152200    0.233029600
1101   10.719780000    0.879721700    0.642641500
1102   -0.950000000   -0.995811000    1.362001000
1103    6.257308000    0.410168600    1.542275000
1104    7.654739000    0.562487700   -0.317192400
1105    9.927533000    1.208850000    0.447051900
1106    3.934892000    0.144745600    0.768833500
1107   -0.950000000   -0.471747600    0.710589200
1108    2.734668000   -0.054003100   -0.898392300
1109    1.874273000    0.062393790    0.363779500
1110    0.719548400   -0.214887400   -0.935093700
1111    3.389790000    0.214766500    0.554102100
1112    2.690578000   -0.045010320   -0.360718100
1113   10.341010000    0.844700600   -1.390856000
1114   -0.950000000   -0.769835700   -0.150885200
1115   -0.950000000   -0.938583700   -1.438821000
1116   10.175120000    0.686382400   -0.795450100
1117   -0.950000000   -0.759423200   -0.122798500
1118    8.445248000    0.585478500    1.393450000
1119    3.401067000    0.150520900   -0.912929600
1120    3.073430000    0.498031900    0.893052100
1121   -0.950000000   -1.293202000   -0.156520600
1122   -0.507658800    0.125032900    1.034818000
1123    4.450025000    0.124727300   -0.078233580
1124   -0.950000000   -0.453953800    0.589522400
1125   -0.950000000   -0.403209000    1.930083000
1126   -0.950000000   -1.399353000   -0.083819290
1127   -0.950000000   -0.597221900    0.333315400
1128    3.264952000   -0.126126300   -1.435147000
1129   -0.473241400   -0.029751420    0.454107400
1130   -0.003306171    0.136354100    0.665193100
1131   -0.950000000   -1.071444000    0.048936140
1132   -0.950000000   -0.334645500    0.870018900
1133   -0.950000000   -0.626544700   -1.036068000
1134    7.702137000    0.386994300   -1.538079000
1135   -0.950000000   -0.020158230    1.382438000
1136    6.611576000    0.320662600   -1.472828000
1137    1.935030000    0.124016700   -0.528215500
1138   21.735890000    1.909969000    0.621887900
1139   23.497120000    1.846763000    0.148889400
1140   10.862480000    0.854200800   -0.294838800
1141   -0.950000000   -0.156443100    1.394118000
1142    1.656830000    0.311707800    0.153389000
1143   -0.950000000   -1.360959000   -0.536055500
1144   -0.165618100    0.011051430   -0.088080090
1145   16.131490000    1.675085000    0.923860900
1146   -0.950000000   -0.809208000   -0.844875200
1147   -0.950000000   -0.244672700    0.218100400
1148   -0.950000000   -1.376084000   -1.174204000
1149    6.135765000    0.530205600   -0.949949300
1150   -0.950000000   -1.583233000    0.828020500
1151    1.360147000    0.105379800   -1.090465000
1152   -0.950000000   -0.118492900   -0.038604340
1153   -0.950000000   -0.985359800   -0.511521000
1154   20.473920000    1.907395000   -0.544134300
1155    2.265607000    0.205597500   -0.358954600
1156   -0.950000000   -0.571790200    1.164352000
1157   -0.950000000   -1.047162000    0.184431300
1158   10.830490000    0.820942700    0.861003600
1159   -0.950000000   -0.698800000   -0.022339830
1160    3.405765000   -0.249103600   -1.564281000
1161   -0.950000000   -0.770074100   -0.629669000
1162   11.310590000    1.297485000   -0.241521300
1163    6.710880000    0.944970200    1.187039000
1164    7.825775000    0.185264100   -1.661556000
1165   16.786200000    1.411949000   -0.456488500
1166   23.924970000    1.667015000    0.062624070
1167   10.627070000    0.758426900   -0.346686200
1168   -0.950000000   -0.033509690    0.350808900
1169   11.467770000    0.872301200    0.222117200
1170   23.565960000    1.704039000   -0.844355500
1171    2.288298000    0.428933900    0.385454800
1172   -0.950000000    0.024796670    1.002757000
1173   -0.950000000   -1.732829000    0.354479800
1174    4.130345000    0.463354500    0.505225400
1175   -0.950000000   -1.948858000   -0.055948980
1176    3.039758000    0.143817500    0.750241800
1177   -0.950000000   -0.259334200   -0.024594420
1178    8.775847000    1.221084000    0.583080300
1179   -0.950000000   -1.081247000    0.242220600
1180   -0.950000000   -0.280896100   -0.140846400
1181   13.184670000    1.250793000    0.298019600
1182   -0.950000000   -1.183110000   -1.004383000
1183   -0.950000000   -1.413313000    0.496275500
1184    3.946050000    0.476728600    0.481639700
1185   -0.950000000   -0.764660500    1.354597000
1186   -0.666565500   -0.058708250   -0.494127500
1187    5.138457000    0.399900700    0.563626100
1188   10.999080000    0.839420500   -0.487150900
1189   -0.950000000   -1.827228000    0.547898400
1190   -0.950000000   -0.818546000    1.494993000
1191    6.955177000    0.736202200   -0.333663800
1192   -0.950000000   -0.536683200    0.573401400
1193   -0.950000000   -0.737607700   -0.009123472
1194   16.301200000    1.113209000   -1.452187000
1195   15.729210000    1.355260000   -0.616705200
1196   14.050330000    1.249089000   -0.387330500
1197   13.467480000    0.576394600   -1.451679000
1198   -0.950000000   -0.351149400   -0.821945000
1199   -0.950000000   -0.981426200    0.486829100
1200   15.573560000    1.948095000    1.900579000
1201   -0.950000000   -0.476978600    1.496078000
1202    0.291444600    0.215752400   -0.693018700
1203   -0.950000000   -1.356806000   -0.063690250
1204   -0.950000000   -1.771817000   -0.947854700
1205   17.331860000    1.791871000   -0.887841100
1206    8.560815000    1.070679000   -0.414236300
1207   -0.950000000    0.062094780   -0.290325400
1208   -0.950000000   -0.873798400    0.458925400
1209   -0.950000000   -0.747977300   -0.278982600
1210   -0.950000000    0.031892040    0.175785300
1211    0.981265000    0.466599400   -0.726997800
1212   -0.680380900    0.130962600   -1.580851000
1213   13.949790000    1.513281000    0.634037000
1214   -0.950000000   -1.129970000   -0.598277800
1215   -0.950000000   -1.140550000    0.921882700
1216   25.383400000    1.715062000   -0.470519500
1217   14.130110000    1.101214000    0.372845100
1218    2.401275000    0.054096400    1.986117000
1219   15.357030000    1.180471000   -1.060248000
1220   -0.329069800   -0.265334500    0.262375600
1221   13.171310000    0.682075100   -1.240564000
1222   -0.950000000   -0.819860400   -0.463522300
1223   -0.950000000   -1.943040000   -0.042304790
1224    4.600559000    0.134490500    0.111266600
1225    6.403707000    0.571464900    0.495019200
1226    1.398689000    0.831383000    1.952500000
1227   25.230430000    1.806380000   -0.359326100
1228   -0.950000000   -1.238075000   -0.878831900
1229   20.143240000    1.108048000   -1.638456000
1230   -0.950000000   -0.841514600    0.601080300
1231   -0.950000000   -0.466719200    1.265248000
1232   -0.950000000   -0.510101700    0.772040000
1233   -0.950000000   -1.090124000   -0.317069300
1234   15.078450000    1.509754000    0.903596100
1235    9.761889000    0.707041100   -0.503592600
1236    2.401263000   -0.027517450   -0.566985400
1237    7.907070000    0.594473600   -0.406778700
1238    3.296094000    0.246187400    0.612406000
1239    7.320735000    0.675820000    0.249392700
1240    4.023660000    0.176422400    0.094045620
1241   -0.950000000   -0.488934600    0.034571090
1242   -0.950000000   -0.849652500    0.262778800
1243   -0.950000000   -0.123314200    1.187756000
1244    6.482342000    0.404015400   -0.113170600
1245    6.116560000    0.507670300    0.563807100
1246    8.575026000    0.570676300   -1.456139000
1247   -0.739687500   -0.000419123    0.499662400
1248    4.759558000    1.029240000    0.854685200
1249    6.222006000    0.598810100    0.284992400
1250    8.983696000    0.766173700   -0.301912300
1251    6.807172000    0.921126400    0.342186100
1252   -0.950000000   -0.918459600   -0.557301500
1253   12.327010000    1.165779000    0.040561680
1254    7.601491000    0.355436800   -1.111653000
1255   -0.950000000   -0.650916500   -1.192704000
1256   -0.950000000   -0.787661500    0.024708500
1257    6.467023000    0.554944600   -0.453967800
1258   -0.950000000   -1.472816000    0.219377300
1259    1.390187000    0.165204100    0.874734900
1260    9.016092000    0.580825900   -0.829822200
1261    2.837808000   -0.238139200   -0.348220100
1262    0.503163400   -0.663728800   -0.366228500
1263    6.219343000    0.781935000    1.587503000
1264    3.094195000    0.138671700    1.221349000
1265    3.303028000    0.330061300    0.850624200
1266    1.586639000   -0.444052700    0.502506900
1267    5.693824000    0.175738700    0.250561600
1268   19.846210000    1.203777000   -0.841311500
1269   -0.413686100   -0.820313500   -1.339429000
1270   -0.950000000   -0.877812800    1.411945000
1271    4.672745000    0.085069450    0.981963300
1272    3.042081000   -0.416198400   -0.271678700
1273   15.621320000    1.110762000    0.375244800
1274   10.086390000    0.517137800    0.393144400
1275    8.830693000    0.145619400   -0.516241900
1276    3.590731000    0.475377900    1.057778000
1277   -0.950000000   -0.780904100    0.205022400
1278   -0.950000000   -1.097597000   -1.310423000
1279    8.220514000    0.694967500    0.197677700
1280    5.324251000    0.655282700    1.595211000
1281    6.903661000    0.308794600   -0.769424200
1282   -0.870042400   -0.282037200    0.077763260
1283    4.189947000    0.567884300    0.301318400
1284   -0.950000000   -1.065212000    0.788274300
1285    2.350728000   -0.116986500   -0.931211500
1286    4.088109000    0.203977100    1.369389000
1287    8.140166000    0.582371700   -0.082530510
1288    3.437334000    0.445136900    0.312702800
1289    9.816603000    0.864655500   -0.190647400
1290    2.732408000    0.089765410   -0.161386500
1291    5.366523000    0.761129300   -0.533518100
1292   -0.950000000   -1.246533000   -0.192625700
1293   -0.950000000   -0.725757600   -1.324590000
1294   12.715380000    1.215923000   -0.209026300
1295   -0.950000000   -1.429514000    0.548159300
1296   14.147410000    1.528931000    0.355180100
1297   12.602640000    1.576002000    1.038294000
1298   -0.950000000   -1.053728000    0.859325300
1299   -0.950000000   -0.275319600   -0.417162200
1300   -0.950000000   -0.125613800    0.638892000
1301   -0.950000000   -0.538567100   -0.492366200
1302    9.317404000    1.049806000   -0.890884000
1303   -0.950000000   -0.713988400   -0.187387000
1304    1.858731000    0.265255200   -1.857421000
1305   -0.950000000   -0.443829800    0.522051600
1306    5.712992000    0.613175900    0.437832200
1307   -0.950000000   -1.137325000   -1.503133000
1308   14.113500000    0.766809400   -0.923397300
1309    7.810430000    0.166478800   -0.453217000
1310    4.334739000   -0.089467970   -0.954072900
1311   -0.297126900   -0.135684500    1.108541000
1312    3.472142000    0.355013800    1.949232000
1313    7.232600000    0.321819500   -0.311364000
1314    2.604049000   -0.075514410    0.634528900
1315   19.820000000    1.993913000    1.040910000
1316    5.810605000    0.374896900    1.191148000
1317    9.660265000    0.313192200   -0.965900000
1318   18.931630000    1.236409000   -1.100329000
1319    7.503026000    0.284640000   -0.207954900
1320    5.912494000    0.071093150   -0.421029500
1321   11.890410000    0.779479600    1.545675000
1322   -0.950000000   -0.400145400    0.554798000
1323    2.011924000    0.340009400    1.658095000
1324   -0.950000000   -0.781354400   -0.311896100
1325   -0.950000000    0.201373900    1.261973000
1326   -0.950000000   -0.785058900   -0.606255100
1327    8.366848000    0.442796000    0.988812900
1328   -0.950000000   -1.896726000   -0.008604656
1329   26.127310000    1.905164000   -0.629431800
1330    3.271318000    0.523500800   -0.094642340
1331    1.032157000    0.185263200   -0.143882300
1332   -0.117431200   -0.161477600   -0.143410000
1333   -0.950000000   -1.201247000    0.417203100
1334   -0.950000000   -1.371274000   -1.147719000
1335   10.476070000    0.810227300   -0.079115830
1336    9.905485000    0.960742300   -1.118654000
1337   -0.950000000   -0.724629000   -1.195756000
1338    0.458977600   -0.051515550    0.899789800
1339   -0.950000000   -0.657677200    0.047842780
1340    2.615150000    0.709185800    0.330143000
1341   -0.950000000   -1.719933000    0.002589321
1342    8.067537000    0.816793800   -0.049536990
1343    2.039272000    0.807783700    1.225631000
1344   -0.950000000   -0.976356800   -0.801288300
1345   -0.950000000   -0.089379300    0.544978200
1346   14.444740000    1.785788000    0.010804970
1347   -0.950000000   -1.299665000   -1.208364000
1348    6.225847000    1.030092000    1.380923000
1349   -0.950000000   -1.509081000   -1.101227000
1350   -0.950000000   -0.131938000   -0.786574600
1351   -0.950000000   -0.816200300   -0.804840300
1352   -0.950000000   -0.806966800   -0.471887200
1353   -0.950000000   -0.009979446    0.703696500
1354   -0.950000000   -1.300583000    0.227442300
1355   -0.130827700    0.075391390    0.431705600
1356   -0.950000000   -0.561616600   -0.214733000
1357   14.027830000    1.595627000    1.571830000
1358    8.024085000    0.979608400    0.591481100
1359    5.701571000    0.736654900   -0.101282300
1360   -0.950000000   -1.517948000   -0.566567500
1361   -0.950000000   -0.493698300   -0.252048800
1362   -0.950000000   -0.620061300    1.226530000
1363   -0.950000000   -1.069035000    0.958924500
1364   -0.950000000   -0.237392000    1.791829000
1365    6.180662000    0.446872100   -0.461530800
1366   -0.950000000   -0.449327500    0.134220000
1367    4.497722000    0.366814000   -1.495673000
1368   -0.950000000   -0.227752300   -0.228152400
1369    3.914784000    0.112573300    1.390515000
1370   -0.950000000   -0.095463130   -0.680391400
1371   -0.950000000   -0.081242790   -0.017418580
1372    0.047556750    0.248164600    0.233323200
1373   -0.950000000   -1.007556000   -0.701158300
1374    5.232672000    0.810761000    0.668552900
1375   -0.950000000   -0.514765400    0.444277800
1376   -0.950000000   -0.282853400   -0.889035100
1377   -0.950000000   -0.974733200    0.049603510
1378   12.608780000    1.238610000    0.491358800
1379    1.219310000    0.166789600   -1.477930000
1380    8.521242000    0.773872800   -1.613858000
1381   -0.950000000   -0.803230300    1.625993000
1382    5.428893000    1.174804000    0.335163200
1383   -0.950000000   -0.915814000    0.548666200
1384   -0.950000000   -1.716368000    0.940762800
1385    4.530399000    0.615564000   -1.065251000
1386   -0.950000000   -1.501960000    1.368849000
1387   -0.950000000   -1.019703000   -0.152186000
1388   -0.950000000   -0.816375700   -0.507385100
1389   -0.950000000   -1.745294000   -1.572042000
1390   -0.950000000   -1.079023000   -0.636709800
1391    4.011280000    0.561819500   -0.280450000
1392    2.540485000    0.357889700    0.043417310
1393   -0.950000000    0.060986910    0.962838000
1394   -0.950000000    0.053274070    0.814489900
1395   -0.950000000   -0.543360600    0.413166600
1396   -0.950000000   -0.397601300    0.511557300
1397   -0.950000000   -1.344057000   -0.493063300
1398    2.471826000    0.292836500   -0.493801700
1399   10.437330000    1.107218000    0.896080400
1400   -0.950000000   -0.700334000    0.076664120
1401   -0.950000000   -0.909888400   -0.990744800
1402    0.287837800    0.987978700    0.769006000
1403   -0.950000000   -1.406769000    1.093142000
1404   -0.950000000   -0.885004800   -0.339929700
1405   -0.950000000   -0.465155900   -0.004723640
1406   -0.950000000   -1.471294000   -1.102263000
1407   -0.950000000   -0.115457600    0.731964300
1408   11.247540000    1.573518000    1.714896000
1409   -0.950000000   -0.892651500   -1.643324000
1410   -0.950000000   -1.068340000   -1.070213000
1411   15.065590000    1.065252000   -0.816891200
1412   -0.242767100   -0.106540300    0.363505400
1413   -0.950000000   -0.784337100   -0.547077800
1414    0.983628100   -0.049262060    0.086922050
1415   18.017920000    1.587843000   -1.898651000
1416    7.588140000    0.289586300   -0.779963000
1417   -0.950000000   -0.102746700    1.967960000
1418   12.693540000    1.009767000   -0.979090300
1419   -0.950000000   -0.375774500   -0.210225700
1420    7.372779000    0.866621200   -0.002947504
1421   -0.527639400    0.267738100    0.411764700
1422   -0.950000000   -0.402092300    0.170789900
1423   -0.950000000   -0.799619500   -1.635361000
1424   17.851180000    1.645308000   -1.312709000
1425   -0.950000000   -0.402445100    1.099100000
1426   10.600180000    0.993791100    0.560676200
1427   -0.950000000   -0.439352100    0.568053300
1428   -0.950000000   -0.721619900   -0.979510500
1429   -0.950000000   -0.212506000    0.377440900
1430    7.992948000    0.648262100   -0.163573300
1431    2.210304000    0.140077900    0.377672100
1432   -0.950000000   -0.431597500    1.082800000
1433    2.668625000    0.140229900   -0.001654432
1434   10.988350000    0.940799800   -0.248454700
1435   14.625640000    1.396879000    1.618429000
1436   -0.950000000   -1.451390000   -1.450511000
1437    7.118178000    0.835237700    0.303131100
1438    4.379051000    0.521592700   -0.509754200
1439    4.510573000    0.260259200   -0.741948400
1440   -0.950000000   -1.252545000    0.783299900
1441    1.464534000    0.030488700   -1.969591000
1442    1.825033000   -0.022183120    0.699656200
1443   -0.950000000   -1.939618000    0.302975300
1444    2.767300000    0.104640100   -1.065992000
1445   -0.950000000   -0.837121800    1.071845000
1446    1.993861000    0.229023700   -0.875237000
1447    5.730799000    0.236658900   -0.783107800
1448   10.049550000    1.132297000    0.453670600
1449   -0.950000000   -1.139412000   -0.913361800
1450    1.629587000    0.172386000   -0.498986400
1451    5.183813000    0.342476200   -1.675169000
1452   -0.950000000   -0.110618600    1.990712000
1453   -0.950000000   -0.474595800    0.900277300
1454    7.790282000    0.773191200   -0.325256000
1455   -0.950000000   -0.328728500   -0.294439900
1456   -0.950000000   -1.063676000    1.161100000
1457   13.039970000    1.288536000   -0.375092600
1458   11.031160000    1.213965000   -0.163887200
1459   -0.950000000   -0.515107700   -0.415868700
1460   -0.950000000   -0.115765300    1.656709000
1461   16.767980000    1.603046000   -1.402123000
1462   -0.950000000   -0.668784800   -1.378256000
1463   -0.523101800   -0.053092350   -0.651459600
1464    1.655045000    0.141336100   -0.398754200
1465   -0.950000000   -0.058523110    1.248345000
1466   -0.950000000   -0.779337000    0.351405600
1467   -0.950000000   -0.693864400   -0.018783150
1468   -0.950000000   -0.767840600    0.364230300
1469   -0.950000000    0.059970490   -0.038493330
1470   -0.950000000   -0.600239000   -0.289959600
1471   -0.950000000   -0.324221700    0.024206020
1472    0.135159800    0.228162500    1.132352000
1473   10.671930000    1.422943000   -0.068526920
1474    1.036132000    0.073904440   -1.092952000
1475   14.191660000    1.489869000    1.841070000
1476    4.396423000    0.668210300    1.402911000
1477   -0.950000000   -0.938630100   -1.239042000
1478   -0.950000000   -0.818756100   -0.337618800
1479   -0.950000000   -1.163091000   -0.678932700
1480    3.906846000    0.122424900   -1.707357000
1481   11.458990000    1.053039000   -1.241184000
1482   -0.950000000    0.043142680   -0.027839030
1483   -0.950000000   -1.774330000   -0.674169900
1484   -0.950000000    0.606696000    1.278065000
1485   -0.950000000   -0.449570100   -0.295458500
1486    1.376341000    1.084642000    1.812921000
1487   -0.950000000   -1.052339000    0.571635400
1488   -0.950000000   -1.104202000    0.758979400
1489    0.781124900    0.142149200   -0.442904200
1490   -0.950000000   -0.632420900   -1.983037000
1491   -0.950000000    1.242019000    1.378242000
1492   -0.950000000   -1.160221000    0.954444600
1493   10.437050000    0.859882200   -0.657605900
1494   -0.950000000   -1.890031000   -1.413517000
1495   -0.950000000    0.123315600    1.735366000
1496    6.427743000    0.916554000    0.707678700
1497   -0.950000000   -1.651671000    0.326390600
1498   -0.950000000   -0.683112700   -0.036323080
1499    9.222837000    1.004393000   -0.446442400
1500   -0.950000000   -1.340419000   -1.975264000
