*y  x1  x2
   1   -0.950000000   -0.843521300    1.330894000
   2    5.519287000    0.444592600   -0.153692000
   3   -0.950000000   -0.395313600    1.957966000
   4   14.273600000    0.899923000   -0.615331500
   5   -0.950000000   -0.714410000   -1.363948000
   6   -0.950000000   -1.107777000   -0.001941219
   7    6.238258000    0.113303600   -1.485445000
   8   -0.950000000   -0.198060700    1.653046000
   9    2.056721000    0.294668900    1.453812000
  10   -0.950000000   -0.475396100    0.770207200
  11   21.113000000    1.357416000   -0.897604300
  12    7.558682000    1.049725000    1.515235000
  13    4.256484000    0.237268100   -0.602930600
  14   12.832650000    1.083225000   -0.624152200
  15   -0.950000000   -1.249689000   -0.085574810
  16   -0.950000000   -0.623128300   -1.361494000
  17    3.946159000    0.686752700    0.152167800
  18   16.298250000    1.262097000    0.308409500
  19   15.366110000    1.399960000   -0.102612100
  20   -0.950000000   -0.917759400    0.382634600
  21   -0.950000000   -0.122587500    0.410640400
  22   -0.950000000   -0.674023800    0.723251200
  23    7.236924000    0.730626600    0.238780900
  24   -0.950000000   -1.179850000   -0.798552000
  25   -0.950000000   -0.283849300   -0.171466000
  26   23.395240000    1.641272000   -0.162259800
  27   12.817830000    0.974813400    0.295021500
  28   -0.950000000   -1.117961000    0.322098400
  29    4.196757000    0.292215700   -0.821439200
  30    5.355813000    0.154395100   -1.674244000
  31   -0.324477700    0.492098200    0.772767100
  32   -0.950000000   -1.125722000    0.529431900
  33   -0.950000000    0.269487200   -0.628285900
  34   -0.950000000   -0.618522900   -1.579726000
  35   -0.950000000    0.201515400   -0.707875800
  36    5.500090000    1.010736000   -0.384574100
  37    5.043593000    0.786381200    1.101427000
  38   -0.950000000   -0.457122700   -0.512000900
  39   -0.950000000   -1.236224000   -0.737364100
  40   -0.950000000   -1.219347000    0.045022640
  41   -0.950000000    0.018179960   -0.830926800
  42   -0.950000000   -0.510081800   -1.138423000
  43   -0.950000000   -1.063222000    0.747503000
  44   -0.532097600    0.403661100   -0.684678700
  45    9.563256000    1.155317000   -1.505327000
  46    5.201678000    0.749654900   -1.110017000
  47   -0.843897100    0.260428700   -0.211219300
  48   -0.950000000   -0.145950300   -0.547501200
  49    1.429097000    0.455739400   -0.119049300
  50   -0.950000000   -0.841361900   -1.166035000
  51    0.500865400    0.491495600   -0.124284400
  52   -0.950000000   -1.746319000   -0.667078200
  53   -0.950000000   -1.090507000    0.196276100
  54   -0.950000000   -1.315443000   -1.300494000
  55   11.442000000    1.337569000    0.475585300
  56   -0.950000000    0.180782900    0.616058500
  57   -0.950000000   -0.645069200   -1.354465000
  58   10.087090000    1.065540000   -0.869922100
  59   -0.950000000   -0.101702600   -0.359800700
  60    7.351211000    1.035607000    0.052129230
  61   -0.950000000   -1.280671000    1.647979000
  62   -0.950000000   -0.396090100   -0.050196030
  63   -0.950000000   -0.769515500   -0.999004700
  64   -0.950000000   -1.165349000    0.262034900
  65   -0.950000000    0.130384700    0.737275600
  66   -0.950000000   -0.207494700    0.088281570
  67   -0.950000000   -0.874751400    1.844643000
  68   -0.950000000   -1.462461000   -1.768864000
  69   -0.950000000    0.081382030    0.371923400
  70   -0.950000000   -0.088152640    1.164326000
  71   -0.950000000   -0.939358200   -0.648739800
  72   -0.950000000   -1.439492000   -0.522685600
  73   -0.950000000   -0.389116000   -0.291862200
  74   10.432360000    1.419611000   -0.799097500
  75   -0.950000000   -0.279661700    0.239130100
  76   13.064570000    0.974223800   -0.464813400
  77   -0.950000000   -0.841602700    0.222631900
  78    1.699940000   -0.280813400   -1.159671000
  79   -0.950000000   -0.269864400    1.447367000
  80   11.333110000    0.637319700    0.833074300
  81    4.730080000    0.644920900    0.834542500
  82   10.052400000    0.532249200    0.307283200
  83   -0.950000000   -0.728444200   -0.447574800
  84   12.494120000    1.698525000    0.602261600
  85    6.305320000    0.308216900    0.993004200
  86    3.647523000    0.325680600    0.305741800
  87   11.000410000    1.163745000    1.138442000
  88   17.309610000    1.191606000   -1.048634000
  89    5.274396000    0.131047300   -1.430191000
  90   -0.950000000   -0.465040900    0.007613133
  91    2.582841000    0.654808600   -0.010815150
  92   -0.950000000   -1.295041000    1.224374000
  93   -0.950000000   -1.651837000   -0.322121500
  94   -0.812262300   -0.018494250   -1.255102000
  95   -0.950000000   -1.656270000    1.081481000
  96   -0.950000000    0.112601800   -0.102994000
  97   -0.950000000   -0.839999800    1.043494000
  98   -0.950000000   -0.113890000   -0.773063600
  99   -0.950000000    0.941613200    0.589321400
 100   -0.950000000   -0.973042800   -1.052087000
 101    3.857796000    0.799259100   -0.274379700
 102   -0.950000000   -0.194188100   -0.793827200
 103   -0.950000000   -0.867421400   -0.103040100
 104   -0.950000000   -0.459040100    1.622781000
 105   -0.950000000   -0.308297900   -1.588609000
 106   -0.950000000   -0.796438000    0.409301400
 107    3.197400000   -0.037354640   -0.446407100
 108   10.046370000    1.493576000    0.739098500
 109    2.672828000    0.310218800    1.169976000
 110   -0.950000000   -0.630492600   -0.435658200
 111   15.732370000    1.273487000   -1.668083000
 112    4.194662000    0.214965900   -0.983042000
 113    2.497659000   -0.091101180   -0.606427200
 114   -0.950000000    0.074867470    0.588910200
 115    2.759921000    0.405536000    0.239135700
 116   -0.950000000   -0.632765700    1.220358000
 117    5.493292000    0.469214600    0.608180700
 118   -0.950000000   -0.843656700    0.988325500
 119   15.559810000    1.214586000   -0.751358700
 120   11.062370000    0.935367700   -0.761209600
 121    7.892019000    0.444501200   -0.121505700
 122   15.022530000    1.480714000    0.802058600
 123    0.023842700   -0.533791300   -0.657265500
 124   -0.950000000   -0.672913400    1.171239000
 125    2.392059000   -0.181760300   -0.830227800
 126   11.195110000    0.543667200   -0.835162500
 127   11.543440000    1.082803000    0.682388500
 128   -0.950000000   -1.914379000    0.006496059
 129    5.096193000    0.344213400   -0.857835100
 130   10.500920000    0.797138200   -0.746349700
 131   -0.950000000   -0.401258400    1.326632000
 132   10.943230000    0.894277900   -0.304006600
 133    1.778825000   -0.085501140    0.208211600
 134   11.848810000    1.080651000    1.181604000
 135   -0.950000000   -0.601693600    1.039620000
 136   -0.950000000   -1.513129000   -0.230066300
 137   -0.950000000   -0.710763600   -1.646950000
 138   -0.950000000    0.131619800    0.885612900
 139   -0.950000000    0.183629900    1.102985000
 140   11.604300000    1.467485000   -0.634282000
 141   -0.950000000    0.087419070    0.540178200
 142    0.100792700    0.167175500   -1.348345000
 143    2.425777000    0.626374700   -0.643164300
 144   -0.950000000   -1.268533000    0.136578200
 145   -0.950000000   -0.246261000   -1.654308000
 146   -0.950000000   -0.262722300   -0.890931600
 147   -0.950000000   -0.072325900    0.908633300
 148   -0.950000000   -0.823242200   -0.367471100
 149   -0.950000000   -0.982424300   -0.204503300
 150    0.530853200    0.875261200    0.964940400
 151    9.601076000    1.262272000    0.709232400
 152    1.023664000    0.032319490    0.813513900
 153    9.197915000    0.943765200    0.302082200
 154    2.032407000   -0.046348770   -0.788956200
 155    0.571356500   -0.476425300   -1.491092000
 156   12.632980000    1.158284000    0.518639500
 157    1.762871000    0.208564500    0.875325700
 158   21.465750000    1.407503000    0.473245400
 159   -0.950000000   -1.136390000   -0.872590900
 160   -0.950000000   -1.369105000   -1.287441000
 161    9.543626000    0.547118900    0.441734400
 162    8.456344000    0.908877100    1.549274000
 163   17.201860000    1.211468000   -0.909916000
 164    9.357151000    0.528452100    1.555629000
 165   -0.950000000   -0.340058500   -0.390515500
 166   -0.950000000   -0.625202000    1.099691000
 167   -0.950000000    0.589143300    1.203954000
 168   -0.950000000   -0.127400100   -1.304099000
 169   -0.950000000   -0.840048700    0.096326950
 170   -0.950000000   -0.081910450   -0.512999500
 171   -0.950000000   -1.268932000    0.580620200
 172   -0.950000000   -1.079303000   -1.249729000
 173   -0.950000000    0.027723940    0.117015800
 174   -0.950000000    0.285331100    1.373732000
 175    1.976601000    0.548538700    1.160073000
 176   -0.950000000   -0.981528100    0.047028870
 177    6.119476000    0.702622000   -0.512214900
 178   -0.950000000   -1.583817000   -0.075299080
 179   10.203470000    0.996389300   -1.807747000
 180    3.158444000    0.392068400   -0.432749100
 181   -0.950000000   -0.888322400    0.420187900
 182   -0.950000000   -1.449615000    0.143210200
 183   23.396860000    1.924644000    0.117172200
 184    9.043548000    0.430381000   -0.752627200
 185   -0.950000000   -0.642283000   -0.491916100
 186    8.841734000    1.156792000    1.496540000
 187    2.466691000   -0.143602900   -0.420792000
 188   -0.950000000   -0.055925240    1.178342000
 189    2.794166000   -0.210339200   -1.141875000
 190    8.379983000    0.593018300    1.149718000
 191   17.000010000    1.256204000    1.121333000
 192   -0.185939600   -0.115687500    1.115301000
 193    0.439495900   -0.504703600   -0.362387800
 194   19.232160000    1.002502000   -0.502801400
 195   23.141140000    1.901877000    0.125028100
 196    0.454495300   -0.174648200   -0.067574710
 197   -0.950000000   -1.246468000    0.260354500
 198   10.934750000    1.143755000   -0.167285000
 199   -0.950000000   -0.883181200   -0.570316800
 200   14.036350000    1.229698000   -1.030135000
 201    6.727749000    0.695175800    0.044004420
 202   -0.950000000   -1.326975000   -0.439351700
 203    8.334543000    0.858642800   -0.691667100
 204   -0.950000000    0.219260200    1.593357000
 205   -0.950000000   -0.866809900    1.360537000
 206   -0.683776900   -0.189357100   -0.824595900
 207    1.070236000    0.214833700    0.605937300
 208   -0.950000000   -0.301759300   -0.253399900
 209   -0.950000000   -0.496639400    1.257189000
 210   12.641800000    1.452380000   -1.177195000
 211   -0.950000000   -0.132618300    1.396192000
 212   -0.950000000   -1.026064000   -0.107254900
 213   -0.950000000   -1.283204000    0.657381900
 214    4.888512000    0.416769000   -1.538157000
 215    4.935964000    0.592335200   -0.440041600
 216   -0.950000000   -1.500613000    1.028780000
 217    4.861833000    0.549990300    0.931156200
 218   20.708010000    1.673576000   -0.675760100
 219    9.188252000    1.015908000    0.019921150
 220    5.289715000    0.664499700   -0.969035300
 221   -0.950000000   -1.169670000    0.771136300
 222    5.884007000    0.540366100   -1.088080000
 223   -0.950000000   -1.080592000    0.440037600
 224   -0.950000000   -0.829378500    0.267314000
 225   -0.950000000   -0.846751600   -1.242802000
 226    9.241143000    0.850983800    0.727945900
 227   -0.950000000   -0.848327700    0.727525600
 228    5.599413000    0.041236140    1.398969000
 229    0.782603400    0.173414400    0.450800400
 230   10.928060000    1.100603000    0.424150200
 231    4.334408000   -0.055441140   -1.676401000
 232   -0.950000000   -0.504526100    0.307771800
 233   10.014760000    0.749259100   -0.707384900
 234    2.984190000   -0.021328840   -0.590621100
 235   -0.950000000    0.071805250    0.380741900
 236   -0.950000000   -1.364277000   -1.825201000
 237   -0.950000000   -0.150164100    0.889408500
 238   -0.950000000   -1.125359000    1.258510000
 239   -0.950000000   -0.288580000    0.088685490
 240   -0.950000000   -0.628796300    1.684255000
 241   -0.950000000   -0.562047400   -1.027929000
 242   -0.950000000   -0.608759100   -0.777734800
 243    3.615430000    0.393561300    0.542916800
 244   -0.950000000   -0.633958300    0.078026010
 245    4.519640000    0.494625300    0.677476900
 246   -0.950000000   -0.731455500    0.113598800
 247   -0.950000000   -1.621547000    1.380962000
 248    3.978901000    0.388227500   -0.689528200
 249    2.045994000    0.299052200    0.186251700
 250   -0.950000000   -0.800981900    0.657288700
 251    0.674337800   -0.039755760   -0.909176400
 252    2.761403000    0.392879300    0.427456300
 253   14.202500000    1.044369000    0.603395800
 254    9.174745000    0.764598900   -0.014346110
 255   -0.950000000   -0.439717800   -0.192171000
 256    1.208496000    0.115195800   -0.008310946
 257   13.678780000    1.333961000   -0.205799100
 258    8.699598000    1.299200000    0.327393300
 259   -0.950000000   -1.030225000   -1.627628000
 260   -0.950000000   -0.320574200   -0.297586800
 261   -0.950000000   -0.592553600    0.315597700
 262    7.725655000    0.631622800    0.879626200
 263   -0.950000000   -0.260780000   -0.198021100
 264   -0.950000000   -0.925822200    1.501280000
 265   -0.950000000   -0.469492200   -0.611676900
 266   -0.950000000   -1.105702000   -0.447123400
 267    5.418675000    0.485463400    0.359519100
 268    0.779237800    0.007465749   -0.174408300
 269   -0.950000000   -0.657238300   -0.391299200
 270    1.394443000    0.045971550   -1.121903000
 271   -0.950000000   -1.826002000    0.314276000
 272   -0.950000000   -0.330214000    1.316437000
 273   11.454030000    0.810222200   -1.599647000
 274    5.476038000    0.833944600    1.661919000
 275   -0.950000000   -0.714881600   -0.042917670
 276    7.345712000    0.283321600   -1.351326000
 277    3.157967000    0.264128100   -0.141808900
 278    3.783159000    0.315142900   -0.240303000
 279   -0.950000000   -0.366571900   -0.623910400
 280   21.447560000    1.909317000   -0.367766200
 281    7.409684000    0.664615600    0.540358600
 282   -0.950000000   -0.239034300    0.612083700
 283   -0.828812400   -0.143392100   -0.281504200
 284   -0.950000000   -0.325167700    1.262051000
 285   -0.950000000   -0.387755200   -0.591766200
 286   -0.950000000   -1.164059000    0.641842500
 287    2.209872000    0.458802100    0.295575700
 288   -0.950000000   -0.364671600   -0.313056600
 289    3.663526000    0.904341900    0.315042500
 290   -0.950000000   -1.870344000    0.456437200
 291   -0.950000000    0.553257600    0.954387300
 292   -0.848803600    0.254337500   -0.784333500
 293    1.632798000    0.576549800   -1.304240000
 294   -0.950000000   -1.438391000   -1.540360000
 295   -0.950000000    0.163158800    0.662714700
 296   -0.950000000    0.171613000   -0.172623100
 297   -0.950000000    0.350585600    0.728508900
 298   -0.950000000   -0.381521400   -0.403893100
 299   -0.950000000   -1.614146000   -1.433687000
 300   -0.950000000   -0.184146700   -0.299413900
 301   14.609900000    1.018062000    1.447160000
 302   11.551570000    1.344458000    0.516240000
 303    2.832631000   -0.095478800   -0.161047800
 304   11.120770000    1.076535000    0.640523200
 305   -0.950000000   -0.718143400   -0.137707800
 306   13.541100000    0.600497600   -1.417048000
 307   -0.950000000   -1.329664000   -0.561930700
 308   -0.950000000   -0.865915900    0.299121200
 309   11.580610000    0.775667300   -1.742282000
 310   12.872930000    0.778368700   -0.745245700
 311    4.928334000    0.277704500    0.518620200
 312   11.557710000    1.051653000    0.160120900
 313   -0.950000000    0.186336900    1.094003000
 314   -0.950000000   -0.379603700    1.343027000
 315   -0.420218000   -0.522541100   -0.979264400
 316    4.133290000    0.435566500    0.200733200
 317   -0.950000000   -0.815332300    0.619952000
 318   15.659760000    1.653357000    0.330584800
 319    9.570256000    0.866630900   -0.302420500
 320    2.802352000    0.032803400   -1.064138000
 321    4.320403000    0.332374100    0.598797100
 322   -0.950000000   -1.263994000   -1.244135000
 323    8.990461000    0.655797800   -0.611439600
 324   -0.950000000   -1.717670000   -1.311826000
 325   12.372370000    1.076851000   -0.382018300
 326    1.961305000    0.054089640   -0.578480700
 327   -0.950000000   -1.461282000   -0.186441400
 328   10.689180000    0.680293100   -1.790510000
 329   11.498660000    0.713781700    0.331099800
 330    1.844596000    0.626765200    1.342361000
 331   -0.950000000   -1.346597000   -1.595829000
 332    4.271937000    0.810043800    1.400644000
 333   -0.950000000   -1.034750000   -0.163846700
 334    1.550270000    0.103179900    0.203312000
 335   -0.950000000   -1.952728000    1.616625000
 336   -0.950000000    0.160949600    1.122515000
 337    4.014465000    0.206244800   -0.489375700
 338   -0.950000000   -1.456582000   -0.566739000
 339   -0.950000000   -1.266532000   -0.546720500
 340   -0.599019600   -0.010170360    0.860031900
 341    3.958385000    0.063219290    1.362370000
 342    2.936708000    0.432603100    0.454746800
 343   -0.950000000   -0.911488100    1.457533000
 344    1.684744000    0.015024320    0.705833000
 345    3.879337000    0.912112000    0.886802400
 346   -0.950000000   -0.260889800    0.444926100
 347   11.610960000    1.004045000   -0.190749500
 348   12.324630000    1.647584000    1.539985000
 349   -0.950000000   -1.187233000    0.889243500
 350   -0.950000000   -1.508444000    0.816920100
 351   -0.950000000   -0.262569900    0.187390400
 352    2.370766000   -0.207124100   -1.232736000
 353   -0.950000000   -0.587468600   -0.392414900
 354   -0.950000000   -0.168485800    0.034569760
 355   16.679840000    1.435552000    0.547601500
 356    3.433949000    0.173129600    0.071944000
 357    9.114823000    0.673570700   -1.051062000
 358   -0.950000000   -0.352313500   -0.876373400
 359   -0.950000000   -0.361133600    0.541046700
 360    2.449011000   -0.038483060   -1.417047000
 361    4.696843000    0.175810100   -1.835011000
 362   -0.950000000    0.170060000    1.876041000
 363    5.004858000    0.418190600    0.024322780
 364   -0.950000000   -1.055988000   -0.835478800
 365   -0.950000000   -0.523573800   -0.893780200
 366    6.025892000    0.508959300    0.473773900
 367   -0.297961700   -0.065984760   -0.641191100
 368   10.234010000    0.778075700    0.059330540
 369   -0.950000000   -0.907029600   -0.316358900
 370    2.316314000    0.871253600    1.479326000
 371   -0.950000000   -0.702470600   -0.070231630
 372    0.859689700    0.227886200    0.153321400
 373   -0.950000000   -0.824624200   -1.020011000
 374    7.437178000    0.872420300    0.102956700
 375    2.956398000    0.914329900    1.686073000
 376   -0.950000000   -1.965111000   -0.281097200
 377   -0.950000000   -0.000536765    0.594581200
 378   10.278840000    1.609333000    0.440019900
 379   -0.950000000   -0.505373800   -0.430885500
 380   -0.950000000   -0.666737400   -0.334555300
 381   -0.950000000   -0.421609700    0.658908300
 382   -0.950000000    0.181040800    1.883906000
 383   -0.950000000   -1.433926000   -0.078928010
 384   -0.950000000   -0.718157400    1.402388000
 385    3.392966000    0.846829400    1.061882000
 386   -0.950000000   -0.997651400    1.090557000
 387   -0.950000000   -0.710405000    0.059210710
 388   14.181550000    1.267000000    0.370956400
 389    2.542760000   -0.062323600   -1.431057000
 390   -0.950000000   -0.989546100    1.118985000
 391   -0.950000000   -1.617285000    0.798006200
 392   15.289840000    0.932520100   -0.645224800
 393   -0.950000000   -1.050132000    0.016767900
 394   -0.950000000   -0.589265700    0.258165000
 395    9.558117000    0.722723300   -0.120067300
 396    0.512162100   -0.381817300   -0.720102100
 397    5.146081000    0.384942800   -0.073798300
 398    8.159779000    0.535562900   -0.089791000
 399   16.263490000    1.521482000    0.304649300
 400    2.464494000   -0.124809900   -0.763348300
 401    6.012788000    0.670420100    0.374004900
 402   19.340780000    1.647645000   -0.070512130
 403    5.448263000    0.336181000   -0.525328300
 404   13.161270000    1.115277000    0.031800370
 405   20.975770000    1.928434000    1.193890000
 406   -0.950000000   -1.780392000   -0.717703800
 407    7.667945000    0.985452900   -0.558486700
 408    2.633548000    0.645861200   -0.814206300
 409   -0.950000000   -1.220175000   -1.208304000
 410   -0.950000000    0.058186900   -0.024000110
 411    1.932706000    0.562650900   -1.948281000
 412   -0.950000000   -0.804813600   -0.289505300
 413   -0.950000000   -0.838978100    0.209681400
 414   -0.950000000   -1.266532000   -0.867804700
 415   -0.950000000   -0.841293500    0.723836400
 416    6.189677000    0.870886100   -1.697842000
 417   -0.950000000   -1.423799000    0.477765800
 418   -0.950000000   -0.754345300    0.760162500
 419   -0.769288000    0.402638900    0.068112160
 420   -0.950000000   -0.402501800   -1.286401000
 421    7.270838000    0.860460700   -0.178045700
 422   -0.950000000   -1.586601000    0.437420800
 423    9.925775000    0.835234400   -0.010135400
 424    0.991057500   -0.108237100    0.990148000
 425    4.447102000    0.166563900   -0.606148900
 426    1.190256000    0.551335500    0.284924900
 427    4.409403000    0.376357900   -0.813766400
 428   -0.950000000   -1.989455000    0.206555500
 429   -0.950000000   -0.285257700    0.510088300
 430   -0.950000000   -0.457802200    0.561572300
 431    2.645865000    0.446721200    0.836888300
 432   -0.950000000   -1.136740000    0.100736100
 433    4.893453000    0.770463100    1.450679000
 434   -0.950000000   -0.819448200    0.674640400
 435   12.282750000    0.764600100   -0.532428200
 436    7.418607000    0.599722600   -0.796282000
 437    7.169799000    0.621493900    0.436842600
 438    6.220351000    0.854136800    1.481564000
 439    3.336073000    0.214293200    0.418296100
 440   -0.950000000   -0.478092200   -0.995819700
 441    5.917482000    0.353512000    0.028897050
 442    2.621699000    0.364907200    0.860233400
 443    0.624224900   -0.200727500   -0.496272600
 444    0.446065800   -0.043521030    0.388086500
 445    7.379988000    0.637826300    0.235839500
 446    1.069377000   -0.178559500   -0.081450260
 447   -0.950000000   -0.588586800   -0.250122100
 448    9.609096000    0.395932900   -0.864099000
 449    7.308768000    0.480024000    0.176009100
 450   10.163900000    0.472180400   -1.278617000
 451   -0.950000000   -0.535949700   -0.558660300
 452   -0.950000000   -0.534498300   -0.511890300
 453    7.696015000    0.687333900    0.077717720
 454   -0.950000000   -1.804049000    0.294266500
 455   11.063110000    1.442976000    1.565080000
 456   -0.950000000   -0.210412200    1.565356000
 457    6.937898000    0.601346700    1.046027000
 458   -0.950000000   -1.010227000    0.791545000
 459   -0.950000000   -0.269870500    0.259876500
 460   -0.950000000   -0.423017400    0.706381200
 461   -0.950000000   -1.223810000    0.524971800
 462   -0.950000000   -0.432756300   -1.186216000
 463   15.462890000    1.192055000    0.582589900
 464   -0.950000000   -0.318330300    0.392554700
 465   -0.950000000   -0.872281100   -0.268742900
 466   -0.950000000   -0.672683900    1.096599000
 467   -0.950000000   -1.090294000   -0.275486400
 468    3.527047000    1.049176000    0.594434400
 469    0.734116800    0.458338500   -0.618878300
 470   -0.950000000   -0.441756900   -0.148093200
 471   -0.018439790    0.238334500   -0.847795600
 472   -0.382353900    0.397645500    0.013013310
 473    0.844240300    0.496274200   -0.887243600
 474   -0.950000000   -1.198771000   -1.608127000
 475   -0.950000000   -1.284408000   -0.682961600
 476   -0.950000000   -0.523769300   -1.317390000
 477   -0.950000000    0.451043600    0.775652600
 478   -0.950000000   -0.293565200    0.173723300
 479   -0.950000000    0.228925400    0.188323200
 480   -0.950000000   -0.720981800   -1.042629000
 481   -0.950000000   -0.916623900    0.382302500
 482    6.757806000    0.822113300    0.271742400
 483   -0.950000000   -0.344238100    0.207986500
 484   -0.950000000   -1.492089000   -0.786063200
 485    3.332567000    0.020344560   -1.506191000
 486   -0.950000000   -1.282746000   -1.964722000
 487    3.135082000    0.641137400    0.758395600
 488   -0.950000000   -0.492059900    1.216950000
 489   12.001360000    1.539173000    0.514593100
 490   11.318670000    1.310555000   -0.307865300
 491    3.312506000    0.902980500    0.654558300
 492    8.036336000    1.066133000    1.434896000
 493   -0.950000000   -1.445310000    0.292633200
 494   -0.950000000   -0.127954300    1.151596000
 495    0.708159000    0.123157700    0.277271000
 496   -0.950000000   -0.265786300    0.585680400
 497   10.441020000    1.068357000    0.633697200
 498   10.309540000    0.938091500    1.115127000
 499   -0.950000000   -0.288167800   -0.254795700
 500   -0.950000000   -0.737642800    0.608138800
 501   11.505750000    1.182445000   -1.000590000
 502    1.489681000    0.753177300    0.644672900
 503   10.957080000    1.054629000   -0.561433700
 504    9.743054000    0.956503900   -1.102447000
 505   -0.950000000   -0.461545600   -1.717162000
 506   10.009950000    0.594543000   -1.260028000
 507   -0.518440100   -0.257942300   -1.240703000
 508   -0.950000000   -0.503579000   -1.713148000
 509   -0.950000000    0.015262730    0.194970100
 510   -0.665810100    0.031924900   -0.864221300
 511   -0.950000000    0.243737700    1.149059000
 512   -0.950000000   -0.678360600   -0.282171500
 513   -0.950000000   -0.205198900    0.641997400
 514   19.678280000    1.689071000   -0.590798600
 515   14.555840000    1.283206000   -0.899340300
 516    6.432286000    0.990304600    0.641591000
 517   -0.950000000    0.101852500    0.685051900
 518   -0.950000000    0.011638910    0.250370000
 519   -0.950000000   -0.581009000   -0.575223700
 520   -0.950000000   -1.425000000    0.097104900
 521    3.321184000    0.716858400   -0.300461300
 522    4.965114000    0.380508700   -0.420566200
 523    3.129370000    0.230849900    1.349402000
 524   -0.950000000   -1.280314000   -0.992206500
 525    0.817879500   -0.391725300   -1.969751000
 526   11.674090000    1.327701000    0.507522600
 527   -0.950000000   -0.295993900   -0.623997300
 528   -0.950000000   -1.093393000   -0.527939700
 529    3.602310000    0.308554200    0.143220100
 530   16.113660000    1.763276000    1.124523000
 531   -0.131510000   -0.323540200   -0.995368300
 532    0.627012300    0.001276354    0.292976400
 533    8.331667000    0.610563100   -0.718594500
 534    6.721706000    0.476495400   -0.493731700
 535    6.416060000    0.286516000   -1.441912000
 536   15.905930000    1.311636000   -0.065371140
 537   -0.950000000   -0.213712900    1.441432000
 538    1.552562000   -0.197933900   -1.534925000
 539    3.181543000    0.430168400    0.672602700
 540   14.099640000    1.232991000    0.225723000
 541   -0.950000000   -1.035274000    0.563560900
 542    0.866357700    0.020003150    0.524732300
 543    4.985342000    0.187835000   -0.961228400
 544    4.002379000    0.324067200   -0.407186600
 545   -0.950000000    0.067594900    0.751840200
 546   -0.950000000   -0.325105600    0.819806400
 547   14.354130000    1.169788000   -0.668346500
 548   -0.950000000   -1.104337000   -0.519662100
 549   -0.950000000   -1.256832000   -0.278675400
 550   -0.950000000   -0.380945200   -0.994427400
 551    1.857750000    0.320867500    0.465848400
 552   -0.950000000   -0.156081100    0.770493700
 553    5.322328000    0.743701200    0.527094100
 554    8.374683000    1.305088000    1.175831000
 555    1.100323000    0.025502450   -0.697977700
 556   -0.950000000   -0.300977200    0.301595000
 557   -0.610484300   -0.185808600   -0.748492300
 558    4.169443000    0.297776600   -0.307271300
 559   -0.950000000   -0.169187300   -0.150733100
 560   -0.950000000   -0.372781400    0.508149700
 561   -0.950000000   -1.096603000    0.079234430
 562   -0.950000000   -0.658545400   -0.032166610
 563   -0.950000000   -0.946951300    0.652784800
 564    2.866955000    0.205761000   -1.426302000
 565   14.083340000    1.717203000    0.772374000
 566   12.342060000    1.319008000    1.089523000
 567    9.794088000    0.927731700   -0.627676200
 568   -0.950000000   -0.515590000   -0.576502800
 569   -0.950000000   -1.131385000   -1.607395000
 570   17.006850000    1.539842000    0.404858200
 571    2.286343000   -0.324559100   -0.800873600
 572    3.681472000   -0.036229340    0.483997000
 573    7.615177000    0.343235100    0.202767700
 574    5.749211000    0.070217140   -0.023106030
 575   -0.950000000   -0.885044500    1.539352000
 576   -0.950000000   -0.817022700   -0.465831500
 577    3.477890000   -0.252213300   -0.774397900
 578    1.104040000    0.240470300    1.744560000
 579   -0.950000000   -1.302700000   -1.504574000
 580   -0.950000000   -1.924508000    1.385052000
 581   -0.950000000   -0.487224500    1.988669000
 582    7.764039000    0.394631100    0.082415790
 583   17.066710000    1.489599000    1.592574000
 584   11.181420000    0.768257000   -0.422388800
 585   -0.950000000   -0.336083600    1.089174000
 586    3.696877000    0.359516300   -0.165685000
 587   -0.950000000   -1.128808000   -0.777087400
 588    3.998365000    0.054286590   -0.872395100
 589   -0.950000000   -1.301239000   -0.673724600
 590   10.324770000    0.882755900   -0.934477100
 591   -0.950000000   -0.454484100   -0.155010100
 592    1.182121000    0.648367900    1.757080000
 593   -0.950000000   -0.933900600    0.645198200
 594   -0.950000000   -1.229701000   -0.077147800
 595   17.215460000    1.476061000    0.466523300
 596   -0.950000000   -0.516708700    0.567369900
 597    2.895364000    0.373747200   -0.006452747
 598    8.421596000    1.104108000    1.023098000
 599   -0.950000000   -0.760476800   -0.182216800
 600    0.743342600   -0.108977400   -1.182703000
 601    5.434402000    0.670884500   -0.185018000
 602   -0.950000000   -0.452602300    1.300945000
 603    2.026417000   -0.062670640   -1.626351000
 604   17.155330000    1.094537000   -1.444750000
 605    5.777897000    0.617495200   -0.076954050
 606   12.901570000    1.326137000    0.267921300
 607   -0.950000000   -0.217562800   -0.771829200
 608    7.355412000    0.788459200   -1.257423000
 609   -0.950000000   -0.350280000    0.971900500
 610    7.182129000    0.893678700    0.182887000
 611    4.016690000    0.229061600   -0.692576200
 612    7.017618000    0.797785100   -1.205788000
 613   10.618080000    0.820479900   -0.667038500
 614   -0.950000000   -0.523948400    0.380518600
 615   -0.950000000   -1.229469000   -0.431592400
 616    6.767224000    0.463443000   -0.190150100
 617    7.238033000    0.307612500   -0.937776200
 618    5.916197000    0.570510400   -0.035205960
 619    9.538434000    1.108984000    1.429507000
 620   -0.950000000   -0.881754100   -1.268178000
 621    4.231186000    0.227635600    0.399190800
 622    5.333172000    0.439113100   -0.780047300
 623   -0.950000000   -0.076550410    0.520827200
 624    9.067974000    0.522888700   -0.837577600
 625   -0.950000000   -0.796608500    0.015012180
 626    0.608556300   -0.069415440   -0.651066800
 627   -0.950000000   -0.570740200    0.601244300
 628   -0.396488500    0.012151240    0.120419300
 629   13.970220000    1.472572000   -0.094657200
 630    0.352151300   -0.184900300   -0.217758200
 631   -0.950000000   -0.686565000   -0.071362060
 632    8.686426000    0.308388300   -0.858578300
 633    6.385549000    0.959579700    1.890067000
 634   27.829380000    1.549308000   -0.238433900
 635   19.268000000    1.441881000   -1.413542000
 636    9.130701000    0.731896800    0.097940840
 637   11.372380000    1.015382000    0.664560300
 638   -0.950000000   -0.970177000    0.970846700
 639    7.264086000    0.398247100    0.032721390
 640   -0.950000000   -0.629924500    0.418803000
 641   10.176810000    0.707370600    0.055813650
 642    9.990723000    0.689298200   -1.067153000
 643   21.976590000    1.615057000   -0.375454500
 644   -0.322122600   -0.355262200    0.063124140
 645   -0.950000000   -0.395436300    0.769444600
 646    6.969376000    0.448200600   -1.748864000
 647    9.482740000    0.650773900   -1.027206000
 648   -0.950000000   -0.325029100   -0.947859200
 649    2.224508000    0.084924960   -0.843917400
 650   -0.400770800   -0.313072900   -1.871909000
 651    0.247327900   -0.058299880   -0.356498100
 652    2.429601000    0.476351200    0.936746400
 653    8.315588000    1.003328000    0.649746200
 654   -0.950000000   -0.987605800   -0.879273400
 655    3.530670000    0.563475000    1.304172000
 656    1.701810000    1.022643000    0.698062500
 657   -0.950000000   -1.252579000    0.089800590
 658   -0.950000000   -0.661318200   -0.162061800
 659   -0.950000000   -0.726455200    0.180961400
 660    4.805548000    0.686671800    0.394853300
 661   -0.950000000    0.047283430    1.720211000
 662   12.078280000    0.880673300   -1.989265000
 663   -0.950000000   -0.487513700    0.088968490
 664   11.977680000    1.390420000    0.055622480
 665    1.981286000    0.223579700    0.420503800
 666   -0.950000000   -0.328688900   -0.902122400
 667   11.573900000    1.450553000   -1.017363000
 668   18.269920000    1.679371000    0.521997900
 669   -0.950000000   -1.936053000    0.263460400
 670   -0.950000000   -0.717341600    0.406075200
 671   12.986210000    1.406627000    0.793998000
 672    3.515440000    0.522284400    0.555465300
 673   -0.950000000   -0.674374500   -0.265641200
 674   -0.950000000   -0.187146900   -0.310517300
 675    5.137396000    0.525345300   -1.071857000
 676    1.600112000   -0.382006000    0.868363500
 677    7.179073000    0.424563600   -0.103191600
 678   -0.105361000   -0.651508800    0.090179510
 679   24.006410000    1.944964000    1.378646000
 680   14.461630000    0.956554000    0.278023500
 681   14.281750000    1.245128000    0.485411400
 682   -0.950000000   -1.499232000    0.951275400
 683   20.895750000    1.569827000    1.001590000
 684   -0.950000000   -1.099561000    0.305930200
 685   16.416270000    1.329822000   -0.822478300
 686   10.496000000    0.432971800   -0.598156600
 687    6.321596000    0.363142800    0.656726300
 688    7.275172000    0.141317500    0.087897060
 689   -0.950000000   -1.175194000   -0.053122170
 690   21.346600000    1.433472000   -0.399136900
 691   12.280500000    0.984893200   -0.776660000
 692    9.464929000    1.325213000    1.279855000
 693   -0.950000000   -0.816100900    1.140067000
 694   -0.950000000   -0.028413880    1.878584000
 695   -0.094441360   -0.053306830   -0.328286500
 696   -0.950000000   -1.943120000   -0.768255400
 697   -0.950000000   -0.397718200    0.721248100
 698   -0.950000000   -0.338035200    0.862021300
 699    3.364725000    0.333508400   -0.511344000
 700   -0.950000000   -0.400505900    1.538131000
 701    3.535590000    0.212530200   -0.324144900
 702   -0.950000000   -0.968156900    0.335697600
 703   -0.950000000   -0.969787300   -1.803795000
 704   14.233780000    1.551427000   -1.037442000
 705    3.187911000    0.498469700    0.241854600
 706    9.965427000    0.978140900    0.667551600
 707    2.590971000   -0.197213600   -0.506525400
 708   -0.950000000   -0.574702700    0.851008800
 709   21.563330000    1.564887000    1.229778000
 710   -0.950000000   -0.857447200    0.348752600
 711    4.735745000   -0.117052700   -0.536587800
 712   -0.950000000   -0.624975200    0.833280100
 713   12.513570000    0.864017300   -1.694811000
 714    2.514491000    0.006678312    0.147451600
 715    2.657798000   -0.444003400   -1.146481000
 716   21.675640000    1.401859000    0.625033300
 717    2.262798000   -0.033874630    0.764693400
 718   14.761190000    1.294470000    0.598446000
 719   15.121420000    1.090164000   -1.494853000
 720    1.596851000   -0.277382900   -0.221926900
 721   -0.950000000   -0.390489300   -0.811786600
 722   11.441970000    1.033338000   -0.441019200
 723    6.709407000    0.490217200   -0.017100760
 724   19.702800000    1.417343000   -0.674284000
 725   -0.950000000   -0.903280000    0.618618000
 726    8.070019000    0.503192600   -0.558822700
 727   -0.950000000   -0.850139200   -0.246569300
 728   -0.950000000   -0.262380700    1.971005000
 729    4.797160000    0.698703200    1.470106000
 730   -0.950000000   -1.551820000   -0.541714200
 731    1.588670000    0.010890830    0.133943400
 732    2.677431000   -0.072307880   -0.431628500
 733    8.283265000    0.545395200    0.114470800
 734    6.830213000    0.636181000    0.066010170
 735   14.056690000    1.154660000    0.702350500
 736   -0.346254500   -0.412685600    0.598260300
 737    2.011108000   -0.123687500    0.092943250
 738   -0.950000000   -0.562963600    1.563526000
 739   13.917340000    1.138395000    0.010154290
 740   -0.950000000   -0.192795900    1.618438000
 741   -0.950000000   -0.627079900    0.959619900
 742   -0.950000000   -0.317467500    0.064877080
 743   -0.950000000   -0.441291000    1.485565000
 744   24.739410000    1.807169000   -0.054667280
 745   -0.950000000   -0.526141500   -0.246443100
 746    0.232518700   -0.304370900    0.502870800
 747    0.796216300   -0.234752800    0.383934000
 748    6.966516000    0.416812300    0.375953400
 749    2.590584000   -0.221404600   -0.965519700
 750   10.989850000    0.741212900   -0.284460100
 751   -0.950000000   -0.748265600    0.409430900
 752   -0.950000000   -0.838859200    0.265339100
 753   -0.950000000   -1.155946000   -0.446750400
 754   -0.950000000   -0.630842300   -0.044892760
 755   12.177440000    0.996528500   -0.517685600
 756    6.685786000    0.932517800    0.191980700
 757    3.620535000    0.239623600    0.403715000
 758    5.513786000    0.221321200   -0.965142200
 759   -0.950000000   -1.311700000   -0.119017600
 760    4.452265000    0.507304100   -0.545595300
 761   -0.950000000   -0.907280700    0.292203200
 762    9.377976000    0.680076000    1.705095000
 763    2.668622000    0.788772400    1.457064000
 764   -0.950000000   -0.464905300    0.804731700
 765    6.368874000    0.976194500    0.722364700
 766    3.725999000    0.629901000    0.329140800
 767   -0.950000000   -1.059485000   -0.323875500
 768   -0.950000000   -0.275714800    0.087897850
 769    2.656321000   -0.152379000   -1.596819000
 770   -0.950000000   -0.289194700    1.071056000
 771   -0.950000000   -0.318387000    0.597119300
 772   -0.950000000   -0.531754500    0.492868100
 773   -0.950000000   -1.372577000    0.384598600
 774    2.572599000    0.234649600    0.409742100
 775   -0.950000000    0.052529990    0.083940900
 776   -0.950000000    0.049495920    1.878262000
 777   -0.950000000   -0.526283600    0.331315200
 778   -0.950000000   -0.909403600    1.237469000
 779   -0.950000000   -1.849552000   -0.027989220
 780   -0.370527600    0.037569970   -0.129921700
 781   -0.950000000   -0.283176200    0.921432200
 782   -0.950000000   -1.335353000    0.424237800
 783   -0.950000000   -0.394554000    1.345604000
 784   -0.950000000   -0.766354200    0.184626500
 785   -0.950000000    0.121207300   -0.633509100
 786    8.609936000    0.889513000   -1.104744000
 787   -0.950000000   -0.358999500    0.590587200
 788    0.955948100    0.367973500   -1.006704000
 789   -0.950000000   -0.779274600   -1.461939000
 790   -0.950000000   -0.549227400   -1.513224000
 791   -0.950000000   -0.906635500    0.660707500
 792   -0.950000000   -1.896742000    0.531897400
 793   -0.950000000   -0.855583900    0.493689400
 794    1.055910000    0.833897800   -0.507071200
 795   -0.950000000   -1.174192000   -0.266521000
 796   -0.717449000   -0.630735700    1.090003000
 797   -0.950000000   -1.614883000   -0.259335100
 798    1.001601000   -0.044695170    0.961934300
 799    2.327994000   -0.221818600   -0.110399000
 800   -0.950000000   -1.047282000    0.955909100
 801   10.325260000    1.109907000    0.739329400
 802    9.066884000    0.296070500   -0.139255600
 803   -0.950000000   -1.462280000    1.228055000
 804   13.037230000    0.195425200   -1.899814000
 805    4.080071000    0.085373740    0.465757200
 806    8.303698000    0.867761900    0.320467600
 807   -0.950000000   -0.577892400   -0.067601710
 808    7.985167000    0.172883500    0.207721200
 809    8.685733000    0.464485300   -0.285742700
 810   11.888290000    1.012235000    1.649012000
 811   -0.950000000   -0.794393800   -0.325537200
 812    1.221231000    0.246684200    0.204647300
 813   -0.950000000   -1.614715000    0.432109700
 814   -0.950000000   -1.590025000    0.721344300
 815   17.569350000    1.421674000   -0.133487800
 816   24.110930000    1.731848000   -0.459992400
 817   -0.950000000   -0.497279500    1.199710000
 818   -0.950000000   -0.088369350   -0.344833500
 819    3.363267000    0.508708400   -0.135387500
 820   -0.950000000   -0.899968000    1.464645000
 821   -0.950000000   -0.641628600   -1.176534000
 822    9.472764000    1.989235000   -0.098739510
 823   -0.950000000   -1.579322000    0.443263100
 824   -0.950000000   -0.420312900    0.181473100
 825   -0.950000000   -0.728968000   -0.776611700
 826   -0.950000000   -1.094846000   -0.752579400
 827    3.847976000    0.464174800    1.324677000
 828    2.502514000   -0.099544980    0.877334800
 829   15.045400000    0.951556900    0.443771200
 830   10.135510000    0.614649100    0.999283600
 831    6.249446000    0.536023100    1.209951000
 832   -0.950000000   -0.062760450    0.964773500
 833   -0.950000000   -1.235328000    0.013740680
 834   15.662010000    1.317388000    0.902402100
 835   -0.950000000   -0.902353900    0.620567400
 836    4.794549000    0.186542900   -0.633420900
 837   21.067420000    1.547176000   -0.491329500
 838   10.776690000    0.495930500   -0.425699300
 839   26.174290000    1.937485000   -0.111445800
 840   18.258540000    1.199855000   -0.957917600
 841    9.049360000    0.556326400    0.892168300
 842    6.543623000    0.594137000    0.807980900
 843   -0.950000000   -0.877674400   -1.125829000
 844   -0.037469460   -0.406330100    0.256821800
 845    0.434494800   -0.444948600   -0.774464300
 846   18.752730000    1.613892000    0.167687500
 847    6.767657000    0.335418500    0.444595300
 848   -0.950000000   -0.545145200   -0.782353900
 849   13.896240000    1.184949000   -0.790936100
 850   10.951180000    1.029919000    1.738282000
 851   -0.008834860    0.138194300    1.376422000
 852   15.609750000    0.859538000   -1.165024000
 853    3.480442000    0.190922200    0.306541200
 854   25.332990000    1.830803000    0.280282900
 855    5.373378000   -0.066787250   -1.847143000
 856   16.162560000    1.804057000    0.068100440
 857    4.722806000    0.573455300    0.309227900
 858    0.180245600    0.143793800    0.939116600
 859   23.131690000    1.906075000    0.162799400
 860   13.175960000    1.174405000   -0.979891800
 861   -0.950000000   -0.915822500   -1.137812000
 862   -0.950000000   -1.087146000    1.705330000
 863   -0.950000000   -0.869730100   -1.492963000
 864   -0.950000000   -1.096796000   -0.369466100
 865   -0.950000000   -0.453738500   -1.404530000
 866   -0.950000000   -1.024044000    0.042170370
 867    0.105933400   -0.124442800   -0.933427100
 868    2.947930000    0.707937800    0.370762200
 869   14.881460000    1.329424000    0.887876700
 870    3.921882000    0.324118900   -0.347423300
 871   -0.469966400   -0.201873300   -0.256498800
 872   -0.008848822    0.102328800    0.554913500
 873   -0.950000000   -1.753724000    0.884328900
 874   -0.950000000   -0.773956300   -1.364569000
 875   -0.950000000   -0.945819900    0.708345600
 876    5.258398000    0.558323200   -0.537749600
 877   -0.950000000   -0.677349300    0.279842000
 878    9.687057000    0.918208700   -0.920650500
 879    7.858039000    1.168223000   -0.148646500
 880    0.232923200   -0.176040900   -0.949082600
 881    2.197828000    0.546815100    1.175252000
 882    2.505077000    0.888998200    0.801582500
 883    7.275151000    0.666283900   -0.613007200
 884   21.259040000    1.661291000   -0.612589900
 885    1.757050000    0.369351700   -0.084629290
 886   -0.950000000   -0.875705000   -0.330926100
 887   -0.950000000   -0.574010200   -0.954566500
 888   -0.950000000   -0.444769700    0.812910300
 889   13.502830000    1.531544000   -1.009411000
 890   -0.950000000   -0.005476137   -0.104896400
 891   -0.950000000   -1.783279000   -0.357303200
 892   -0.950000000   -0.046177420   -0.641846500
 893   -0.950000000   -0.418142800   -1.630581000
 894    6.737975000    1.045286000    0.628778500
 895   -0.950000000   -0.059100030    0.317982200
 896    6.408443000    0.663344600   -1.416652000
 897   -0.950000000   -0.002061306    0.379559200
 898   -0.950000000   -0.426982100   -0.376615400
 899    4.435586000    0.481326400   -1.627211000
 900   -0.950000000   -1.660434000   -0.599735800
 901   16.754550000    1.155126000   -0.201117600
 902   11.667250000    1.124849000    0.064322260
 903   -0.950000000   -0.013207810    0.477445300
 904    4.819205000    0.324169300   -0.220142000
 905   -0.950000000   -0.966840500   -0.693022800
 906   -0.950000000   -0.568926300   -0.035265490
 907    6.611731000   -0.097864980   -1.293759000
 908    3.217282000    0.369470600    0.692910300
 909    1.983789000    0.634399000    1.424533000
 910   -0.950000000   -1.228218000   -0.522367200
 911   -0.950000000   -1.473809000   -0.921744200
 912   -0.950000000   -1.474682000    0.071328560
 913    0.577081600    1.360972000    1.904287000
 914   -0.950000000   -1.700466000    1.770557000
 915   -0.950000000   -0.467128900    0.176328400
 916    4.068173000    0.831106900    0.452408300
 917   -0.950000000   -1.143464000    0.252819000
 918   -0.950000000   -1.631923000   -0.915849700
 919    0.425715000    0.201834800   -1.004636000
 920   -0.950000000    0.035314150   -0.536238500
 921    9.764420000    1.722025000    0.334414700
 922   -0.950000000    0.005235616   -0.938166800
 923    2.724949000    0.314725000   -0.437313100
 924   -0.950000000   -0.411923400   -0.989721600
 925   -0.950000000   -0.176672600    0.182327700
 926   -0.950000000   -1.889884000   -0.762257800
 927   -0.950000000   -0.306237100    0.038867800
 928   -0.950000000    0.095686280   -0.500945300
 929   -0.950000000    0.311928800   -1.996084000
 930   -0.950000000   -0.762034100   -0.044747930
 931   -0.950000000   -0.570490100    0.030598100
 932   -0.950000000   -0.227466700   -0.878663900
 933    1.724219000    0.253215700    0.129130600
 934   -0.950000000   -0.943256600    1.352563000
 935    0.859092300    0.345638400    0.191869900
 936   -0.950000000   -0.158131900    0.482161800
 937    1.168274000    0.101300500   -0.058362880
 938   -0.950000000   -0.998224200   -1.751171000
 939    8.241837000    0.744318900    0.139952200
 940    6.972619000    1.466133000    1.103710000
 941   -0.950000000   -0.894152200    0.296082400
 942    4.924875000    0.619832600   -0.594691700
 943   -0.950000000   -0.322586200    0.539939400
 944   -0.950000000   -0.136133200    0.541738800
 945   12.671770000    1.180962000   -0.532838900
 946   -0.950000000   -1.437391000   -0.160427700
 947   -0.950000000   -0.496510100   -0.209971900
 948   -0.950000000   -1.902616000   -0.602844900
 949   -0.950000000   -0.691519000   -0.925431700
 950   -0.950000000    0.751380600    0.065759900
 951   -0.950000000    0.936492100    1.280292000
 952   -0.950000000   -0.691150600   -0.673373900
 953    5.210679000    0.632748900   -1.613849000
 954   -0.950000000    0.037880940   -1.866306000
 955   -0.950000000   -1.073401000   -1.569285000
 956   -0.950000000   -1.943342000   -1.041609000
 957   -0.950000000   -0.433432100    0.076228160
 958   -0.950000000    0.416260100    0.715251100
 959   -0.950000000   -0.475962600   -0.238708900
 960   -0.950000000    0.177259600   -1.165271000
 961   -0.950000000    0.018920110    0.490808700
 962   -0.950000000   -0.290121200    1.081384000
 963    1.291442000    0.348780900   -0.566191200
 964    5.355830000    0.777960200   -0.386578300
 965   -0.950000000    0.028997100   -0.342936600
 966    9.694961000    1.406012000   -0.138528400
 967   -0.950000000   -1.647283000   -1.298925000
 968    3.374651000    0.852547500   -0.038213740
 969    4.665697000    0.499269500   -1.697994000
 970   -0.950000000   -1.598654000   -1.190788000
 971    3.716194000    0.227080900   -1.701560000
 972   13.621410000    1.497376000   -0.310887400
 973   -0.950000000    0.069483370    1.447033000
 974   -0.950000000   -0.749100500    0.462358200
 975   -0.950000000   -1.848350000   -1.585892000
 976    5.733481000    0.233231400   -1.047970000
 977   -0.950000000   -1.606746000   -0.631981400
 978   -0.950000000    0.301613300    0.924652200
 979   -0.950000000   -1.774773000    1.508270000
 980   10.195330000    0.933894100   -0.317940800
 981   -0.849880000   -0.058218990    1.435942000
 982   -0.950000000   -0.266898300    0.586398900
 983   -0.950000000   -1.263640000    1.202841000
 984   -0.950000000   -1.591599000   -0.232530600
 985   -0.950000000   -1.708173000    1.056215000
 986   -0.950000000   -0.330541700    0.229096300
 987   13.278020000    1.361331000   -0.670625800
 988   -0.950000000   -1.113266000   -1.108735000
 989   13.323990000    0.957828200    1.563545000
 990    8.433816000    1.013206000    1.249780000
 991    7.246905000    0.405832500   -1.708486000
 992   -0.950000000   -0.570716500   -0.575320200
 993    2.845226000   -0.022223500   -1.260588000
 994    9.377853000    0.912718600   -0.239308500
 995   18.900220000    1.714871000    1.453183000
 996   14.017860000    1.332601000    0.118552000
 997   16.291140000    1.596471000    1.449277000
 998   12.868620000    1.057340000   -0.782918900
 999   -0.950000000   -0.861106900   -1.648526000
1000   10.214150000    0.999178400    0.492954100
1001   10.760900000    0.992230000   -0.390239400
1002   -0.950000000   -1.507546000    1.030081000
1003   13.078230000    1.218827000   -0.451586000
1004   -0.950000000   -0.598104700   -0.828181000
1005    1.494731000    0.051444270    0.615319600
1006   12.790870000    1.613119000    1.186529000
1007   14.515330000    0.927143000    0.658669700
1008    8.154241000    0.923716300    1.153969000
1009   -0.950000000   -1.787700000    0.501388300
1010    2.972707000   -0.056667180    0.081968450
1011    1.911624000    0.374815900    1.383078000
1012   -0.950000000   -1.117809000    0.523283500
1013   -0.950000000   -1.270693000    1.921654000
1014   -0.950000000   -0.723479200   -0.690631800
1015   -0.950000000   -1.753759000    1.005370000
1016   -0.950000000   -0.406582600    1.097730000
1017    1.214003000   -0.153135300   -0.233617400
1018    4.889068000   -0.076518000   -1.628600000
1019    9.198965000    0.704724100    0.887804800
1020    3.547291000   -0.081970420   -1.170350000
1021   -0.950000000   -0.638679400    0.658070800
1022    5.868193000    0.657007900    0.135241900
1023   -0.950000000   -1.302475000    0.036970960
1024   14.867870000    1.339796000    1.086955000
1025    4.144081000    0.060327750    1.534411000
1026   16.242330000    1.045162000    0.969609500
1027   -0.950000000   -0.461629200    0.397128900
1028   -0.950000000   -0.494554700    0.462065500
1029   13.063360000    0.858126700   -0.739978700
1030    0.687701200   -0.258944800   -0.753835400
1031   -0.950000000   -0.348624300    0.736249400
1032   -0.950000000   -0.909179600    0.261841000
1033   10.963980000    0.753642000   -1.183704000
1034   11.440900000    0.703676100   -0.486649600
1035   22.216620000    1.577015000   -0.005384695
1036    1.684960000    0.105240900   -0.521275000
1037   -0.950000000   -0.624959900    1.497123000
1038   -0.950000000   -1.499675000   -0.691176600
1039   -0.950000000   -1.543262000    1.128450000
1040   12.913630000    1.196080000   -0.561218400
1041   16.644820000    1.439010000    0.455641200
1042   14.237510000    1.127580000   -0.561941300
1043   11.604510000    1.395096000   -0.132036400
1044   -0.950000000   -1.459449000   -0.298917600
1045   -0.950000000   -0.586173600   -0.653529100
1046    0.249791800    0.035734820   -0.171757200
1047   -0.950000000   -0.954447400    0.236134300
1048    3.951994000    0.699882100    0.170435000
1049   -0.950000000   -0.156007800   -1.054119000
1050    9.294670000    1.124564000    0.404395400
1051   -0.950000000   -0.827105100   -0.281375900
1052   -0.950000000   -0.205465200    1.223996000
1053    0.626130200    0.585033300    0.659510900
1054    1.996971000    0.495374600    0.586015900
1055   -0.950000000   -0.827393900   -0.896784200
1056   12.943270000    1.392084000    0.196167600
1057    8.727772000    0.666741200    1.826916000
1058   -0.950000000   -0.928019600   -1.226756000
1059   -0.950000000   -0.531331400   -1.391855000
1060    3.896668000    0.127581600   -0.462221400
1061   -0.950000000   -0.295676100   -0.169823100
1062   -0.950000000   -0.535874200    1.338894000
1063   -0.896358600   -0.082237380    0.679562200
1064   -0.950000000   -0.664409000    0.261588800
1065    1.218327000   -0.290536600   -1.524941000
1066   -0.950000000   -0.969915600    0.953894300
1067   -0.950000000   -0.923995600   -1.473170000
1068   -0.950000000   -0.459954600    0.877846700
1069   13.102320000    0.980316100    0.017357820
1070    3.050258000    0.487205200    1.030272000
1071    7.189514000    0.470160800    0.148830100
1072   -0.950000000   -0.893428700    1.589657000
1073    9.616776000    0.870770300    1.152451000
1074   16.043550000    1.310281000   -0.514278300
1075   -0.950000000   -1.277979000    0.406968500
1076    6.202196000    0.442492800    0.373852400
1077   -0.950000000   -1.056159000   -1.258407000
1078   12.345930000    1.092787000    0.286537900
1079   20.474400000    1.587264000   -0.347317600
1080   -0.950000000   -1.533732000   -0.065478860
1081   -0.950000000   -0.676582200   -0.113055300
1082   -0.950000000   -0.778410000   -1.377958000
1083   -0.067699120    0.080484830   -0.023492990
1084   -0.950000000   -0.593740500    0.838958700
1085    6.204636000    0.648966700   -1.063515000
1086   -0.950000000    0.503081800    1.005173000
1087    2.194256000    0.623615800    0.387662900
1088   -0.950000000   -0.603811700    1.858080000
1089    0.921287200    0.060501080   -0.851807100
1090    7.963080000    1.169982000    0.406720300
1091   -0.950000000   -1.425406000   -1.346645000
1092   12.509750000    1.483259000   -1.007571000
1093   -0.950000000   -0.705726200   -0.250079800
1094   -0.950000000   -0.360644600   -1.780158000
1095   -0.950000000   -1.360426000   -1.012086000
1096   -0.950000000    0.396740400    1.386050000
1097   15.513390000    1.884564000   -0.140033600
1098   -0.950000000   -0.269638800   -1.146091000
1099   -0.950000000   -1.772096000   -0.713382000
1100   -0.950000000   -0.128899300   -0.581923500
1101   11.054850000    0.934321700   -0.851498900
1102    7.286925000    0.824373100   -1.126945000
1103    0.653152100    0.292165800   -0.587236300
1104   -0.950000000   -0.452407900   -0.038671460
1105   -0.950000000   -0.926485500   -1.009838000
1106   -0.950000000   -0.788512300    0.452524100
1107   -0.950000000   -0.719977700    1.143845000
1108    6.043998000    0.739689800   -0.624536800
1109   -0.950000000   -0.780655100   -0.792002100
1110   -0.950000000   -0.206680500   -1.185753000
1111   -0.950000000   -0.762489700    0.349511400
1112    5.298758000    0.524614400    0.782001600
1113    5.435042000    0.518033100   -0.373986900
1114    3.314897000    0.151478600   -0.664541400
1115    5.099797000    0.509941700   -0.980001500
1116   -0.950000000   -0.364098700   -0.821325000
1117    6.411105000    0.648733900   -0.504220900
1118   -0.950000000   -0.809513500    1.096041000
1119   10.400230000    0.922781500    0.461272600
1120    3.448122000    0.138896600    0.542532400
1121    7.907292000    0.524109300   -0.558061700
1122   -0.950000000   -0.290172400   -0.943144100
1123   -0.950000000   -0.278861100   -0.565476000
1124   -0.950000000   -0.187319300   -0.111378300
1125    1.821447000    0.697314400    1.445057000
1126   17.716700000    1.036966000    0.130646500
1127   19.865870000    1.259617000    0.433076900
1128   21.853490000    1.350123000    0.605339700
1129   16.555880000    1.317530000    0.645758100
1130    2.775298000   -0.145225200    1.021352000
1131   13.715230000    0.646094800    1.182041000
1132   22.704170000    1.249911000    0.357241600
1133   16.611190000    0.739879700   -0.580488300
1134   16.526480000    1.818710000    0.915925100
1135   14.244510000    0.369336600   -1.371168000
1136   -0.459497800   -0.586712100    0.934444000
1137   15.792930000    0.887982400    0.280157400
1138    1.947160000   -0.628159300   -0.643805400
1139    5.027863000    0.047245800    0.944612300
1140    2.751136000   -0.366869700    0.225628500
1141    8.216716000   -0.186152800   -0.983950300
1142   12.334960000    0.586397700   -0.949242600
1143   -0.950000000   -0.581205300    1.774190000
1144   17.624410000    1.418071000    1.933486000
1145   24.189190000    1.625570000    1.468790000
1146    8.785308000    0.226193400    0.126770400
1147   20.384600000    1.558827000    0.419131300
1148    3.007541000    0.155242200    1.436671000
1149   22.973940000    1.283802000    1.100292000
1150   -0.950000000   -0.877497800    0.941877900
1151    2.458396000   -0.508520200   -0.389796600
1152    4.322729000   -0.221028000    0.385677400
1153    2.839398000   -0.221019900    1.346479000
1154   14.019450000    0.500444700   -1.247283000
1155   12.700570000    0.473410200   -0.692183100
1156    5.420518000    0.909112500    0.648918200
1157   -0.950000000    0.123299600    0.637268400
1158   -0.950000000   -1.018128000    0.065222040
1159   -0.950000000   -0.209477700   -0.582592400
1160   13.654550000    1.065983000   -1.789152000
1161    1.469723000    0.774211600    0.476324500
1162   -0.798061300    0.016518560   -0.283904000
1163   -0.950000000   -0.958069800   -0.848828400
1164   -0.950000000   -1.191768000   -0.407492500
1165   -0.950000000   -0.166179000   -1.390805000
1166   -0.434181500   -0.143436400    0.139489600
1167   11.021360000    1.134471000   -1.477214000
1168   -0.950000000   -0.137344100    0.380636600
1169   -0.950000000   -0.645209400   -0.127540700
1170   -0.950000000   -0.674281800    0.749821200
1171   11.173160000    1.268778000    0.168179500
1172   -0.950000000   -1.573793000    1.548565000
1173    0.423417400    0.635532400    0.403293200
1174   -0.950000000   -0.890531600   -1.687510000
1175   -0.950000000   -0.591903100    0.084226760
1176   -0.950000000   -0.907987900   -1.982401000
1177   14.281160000    1.629342000    1.387719000
1178   -0.950000000   -0.603414600    1.122196000
1179   -0.950000000   -0.480709100   -1.199136000
1180   -0.950000000   -0.484716900   -0.459202400
1181   -0.950000000    0.247065800   -0.506269000
1182   -0.950000000   -1.165251000   -0.936938300
1183   -0.950000000   -0.358816700   -1.230787000
1184   -0.950000000   -0.003604582    1.017911000
1185   -0.950000000   -1.419016000   -0.845004200
1186   -0.950000000   -1.561278000    0.381560400
1187    0.557706100    0.012181920   -0.060842410
1188   -0.950000000   -1.223938000    0.545760100
1189   -0.950000000   -0.878639800    0.276012700
1190   14.180300000    1.561677000   -0.028102340
1191    1.029780000    0.579704700    1.734432000
1192    0.607412200    0.105059000    0.114756200
1193    4.960060000    0.376992200   -1.215130000
1194    0.663613300    0.372803900    1.109068000
1195   -0.950000000   -0.360031900    0.351376600
1196    3.916801000    0.129137200   -1.047720000
1197   16.587660000    1.164612000   -0.517013500
1198   -0.950000000   -0.280390400    1.119008000
1199    2.687495000    0.249022300   -0.273778200
1200    5.378855000    0.082710290   -1.622908000
1201   -0.950000000   -0.361787300   -1.331642000
1202   13.720750000    1.478355000    0.059347100
1203   -0.950000000   -1.264419000    0.272539800
1204    4.852503000    0.646080000   -0.762440200
1205    0.609893600    0.508313500   -0.413032700
1206   13.998090000    1.484485000   -1.120478000
1207    0.062085930    1.760939000    1.959093000
1208   -0.950000000   -0.486195400   -0.373184100
1209   -0.950000000   -1.206676000   -0.770260500
1210   -0.716877100    0.297221100   -0.216377500
1211    8.295170000    1.209971000    1.198757000
1212   -0.950000000   -1.664318000   -1.132522000
1213   -0.950000000   -0.735262200    0.553169800
1214   -0.950000000   -1.153855000   -0.173699700
1215   -0.950000000   -0.981516000   -1.489404000
1216   -0.950000000   -1.110388000   -1.827596000
1217   -0.950000000   -1.913874000    1.649323000
1218    6.413454000    0.380853200   -0.486178600
1219    3.877970000   -0.048106560    0.450561400
1220    8.634326000    1.135543000    0.818452200
1221    8.082999000    0.557385600   -0.643708600
1222   -0.950000000    0.013448720    0.745232900
1223   -0.950000000   -0.688938500    0.853332400
1224    7.149362000    0.665659100   -0.654882200
1225    0.803880400   -0.334469800   -0.668205500
1226    1.108090000   -0.101700900    0.535426300
1227   -0.950000000   -0.772892300   -0.134294000
1228    7.306253000    0.635759500    0.512353300
1229    9.777244000    1.392090000    1.260261000
1230    7.604004000    0.463320200   -0.948026300
1231    3.256444000    0.893461100    0.495647800
1232   -0.950000000   -0.860614400    0.039297700
1233   -0.950000000   -0.940867900    1.057699000
1234   -0.950000000   -1.481433000   -0.024103110
1235   -0.950000000    0.195836800    1.082629000
1236    9.111815000    0.848866700   -0.722465400
1237   -0.950000000   -0.429489500   -1.910708000
1238   -0.950000000   -1.546205000    0.206865200
1239   -0.950000000   -0.677665300   -0.801226500
1240    6.973313000    1.101882000    0.442835700
1241    1.771058000    0.442184700    1.525985000
1242   -0.950000000   -0.392611600   -1.380552000
1243    4.595611000    0.299251500   -0.423047100
1244   -0.950000000   -1.167528000    0.363521000
1245   -0.950000000   -0.768891200   -0.334365000
1246   -0.950000000   -0.190274500   -0.388778400
1247    9.102736000    1.635300000    0.107753100
1248   -0.950000000   -0.132148100   -0.883976900
1249   -0.950000000   -1.105064000    0.207218900
1250   12.279810000    0.915997800   -1.546418000
1251    5.264982000    0.572678700   -1.728119000
1252    6.642441000    0.673866700   -0.453082800
1253    7.467507000    1.164942000    1.101598000
1254   -0.950000000   -1.469063000    0.857406700
1255    5.021590000    0.445866700   -0.839280700
1256   18.799040000    1.676935000   -0.854339400
1257   -0.950000000   -1.526872000   -0.462082600
1258   -0.950000000   -0.250953900   -0.434798500
1259    7.600703000    0.784726800   -1.184801000
1260   -0.950000000   -0.656352200   -0.439556600
1261   -0.950000000   -0.167144900    0.393851100
1262    8.060814000    0.793709700   -1.225767000
1263    4.398588000    0.211009000   -1.089797000
1264   -0.950000000    0.356288700    1.250041000
1265    0.384119700    0.532190000    1.017853000
1266   -0.940925300   -0.083219800   -0.978227200
1267   -0.950000000    0.049309990    0.255027600
1268    2.669854000    0.443215300   -0.506851800
1269   -0.950000000   -1.023005000   -0.122404600
1270    4.028076000    0.424005800   -0.774460100
1271   14.937470000    1.390374000   -1.691932000
1272   -0.950000000   -0.916404800    1.055024000
1273    5.854849000    0.417853300   -1.277672000
1274   -0.950000000   -0.075573200   -0.752249100
1275   -0.505396800    0.062552180    0.130594800
1276    8.684254000    0.869394500   -0.594021500
1277   -0.950000000   -0.856595300   -0.859731500
1278   -0.950000000   -1.671484000    0.744077300
1279   12.402940000    1.216984000   -0.207094100
1280    2.603375000    0.453690300    0.626231700
1281   -0.950000000   -1.239459000    1.060455000
1282    0.607919200   -0.206389300   -1.181471000
1283   -0.950000000   -1.232060000   -1.055327000
1284   -0.950000000   -0.406307800   -0.875581400
1285   -0.950000000   -1.568422000   -0.939858300
1286   -0.950000000   -0.882097000    0.421169100
1287    4.540718000    0.706317200    0.336855100
1288    0.408870200    0.308358300    0.310375800
1289   11.770060000    1.028213000    0.291622100
1290    0.616749000    0.024564750    0.029771670
1291    8.638389000    0.611396500   -0.642376500
1292   -0.950000000   -1.080829000    0.498041700
1293    3.201778000    0.075474000    0.097789260
1294   -0.950000000   -0.673760200    0.233463400
1295   10.059450000    1.051206000   -0.146484400
1296    5.042523000    0.236823000   -0.753446100
1297   -0.950000000   -1.766611000    0.214889800
1298    6.355504000    0.310677400   -0.946054600
1299    4.942694000    0.590828000   -0.592314300
1300   -0.950000000   -0.580940700   -0.189451300
1301    6.659657000    0.691869600   -0.502765700
1302   17.229090000    1.658733000    0.241015500
1303    4.134425000    0.155616800   -0.375488600
1304   10.603210000    1.203102000    0.871452700
1305    3.889911000    0.562233900    0.428453600
1306    0.620831800    0.176669400    0.661599600
1307   -0.950000000   -1.415406000   -0.153759100
1308   -0.950000000   -0.490478900    0.740080000
1309   -0.950000000   -0.727232200    1.139988000
1310   19.312840000    1.421473000   -0.430249900
1311   -0.950000000   -0.492932900   -0.244245500
1312   -0.950000000   -0.319681400    0.675566500
1313   11.655280000    0.974204700   -0.485119000
1314   -0.950000000   -0.182154400    0.645022300
1315    8.705441000    0.278367000   -1.009167000
1316   -0.950000000   -1.236720000    0.013311490
1317   -0.950000000   -1.412646000    0.732579200
1318   15.047710000    1.358884000    0.066673710
1319   17.053050000    1.723351000   -0.436140800
1320   13.862640000    1.322762000   -0.183136400
1321   -0.950000000   -0.588193800   -0.711883200
1322    6.498594000    1.059902000    1.099436000
1323   -0.950000000   -0.885088700   -0.043931000
1324    5.024666000    0.959491000    0.304435600
1325    2.991739000    0.683334100    0.977784000
1326   -0.950000000   -0.290377500   -0.226569500
1327   -0.950000000   -1.279617000   -0.110382900
1328   -0.950000000   -0.781476800   -0.748968000
1329   -0.950000000    0.018821550    1.023464000
1330    1.149056000    0.236551000   -0.403124000
1331    1.444227000   -0.169779800    1.388210000
1332   -0.950000000   -1.019696000   -0.383238000
1333   -0.950000000   -1.796957000   -1.495260000
1334   -0.950000000   -0.370223400    1.246727000
1335   -0.866646700    0.046517570    0.010939540
1336   -0.950000000   -0.987424700    1.300050000
1337   -0.950000000   -0.469234900    0.483963200
1338   -0.950000000   -0.409043900   -0.736307300
1339    7.868611000    0.632662100   -0.487277200
1340    7.618515000    0.617234200   -1.440485000
1341   -0.950000000   -1.825135000   -0.619057400
1342   -0.950000000   -0.235381600   -0.067271950
1343   -0.950000000    0.092101840    1.578079000
1344   -0.950000000   -0.102924800    1.268420000
1345   -0.950000000    0.380262900    1.043401000
1346   15.528010000    1.387008000   -0.733358300
1347   -0.950000000   -0.992256100    1.504747000
1348    1.320575000    0.627443600    0.769406700
1349   -0.584227900    0.088350040    0.711135400
1350   -0.950000000   -0.532725800   -1.477921000
1351   12.730930000    1.169825000   -0.608214100
1352   13.498940000    0.854346700   -0.662117100
1353   -0.950000000   -0.939679500   -0.928280000
1354    3.856941000    0.078831470    0.012935650
1355    1.639377000    0.027409480    1.000174000
1356    6.822618000    0.640515000   -0.293852800
1357   -0.950000000   -0.218488600    1.196483000
1358   13.770520000    0.915247300    1.521393000
1359    6.881770000    0.304263900    0.680414300
1360   -0.950000000   -1.593451000    1.058510000
1361   -0.950000000   -0.598848700    1.271512000
1362   -0.950000000   -1.605264000    1.140802000
1363   -0.950000000   -0.290977500    0.428443200
1364   14.040620000    1.113201000   -0.569484500
1365   -0.950000000   -0.456693300   -0.414897300
1366   16.162090000    1.338689000    1.070479000
1367   19.185610000    1.690116000   -0.001415121
1368   -0.950000000   -0.563899200    0.393656000
1369   -0.950000000   -0.624984000   -0.341460200
1370   -0.950000000   -0.589207700   -1.604141000
1371   -0.470167700   -0.235124100    0.374085600
1372    6.949703000    0.256946800   -0.416170000
1373    9.435344000    0.434953400   -0.658022300
1374   11.507800000    1.202457000    0.610397600
1375   -0.950000000   -1.858648000    0.110534800
1376    7.795679000    0.291892000    0.117153300
1377   11.652140000    0.699716500   -0.699027800
1378   -0.950000000   -1.317142000    0.476907300
1379   23.246990000    1.540345000    0.710575500
1380   24.188760000    1.462758000   -1.372283000
1381   -0.950000000   -1.235117000    0.876724100
1382    6.932871000    0.913505600    1.548236000
1383    1.099632000    0.241482400   -0.309620700
1384   -0.950000000   -1.655036000   -0.916012700
1385   -0.950000000    0.090667180    0.351566900
1386   13.108960000    1.222511000   -0.254754200
1387   -0.950000000   -1.110853000   -0.164024200
1388   11.324260000    1.255196000    0.222541100
1389    1.561565000    0.061837130   -1.034239000
1390   -0.950000000   -0.221924600   -0.344058500
1391   23.212020000    1.983055000   -1.491440000
1392    5.588749000    0.516860700   -0.020411780
1393   -0.950000000   -0.127317800    1.653846000
1394   -0.950000000   -0.564562300   -0.682107300
1395   -0.950000000   -0.325128500    0.233947000
1396    0.201874600    0.400463600    0.412636800
1397   -0.950000000   -0.806996400   -1.589376000
1398   -0.950000000    0.426242800    0.408223000
1399   -0.950000000   -0.048767220   -0.540518900
1400   -0.950000000   -1.393406000   -0.181618300
1401    6.742452000    1.234424000    0.532814600
1402   16.053900000    1.438051000    1.118049000
1403   -0.950000000   -0.585746300    0.424348100
1404   -0.950000000   -1.463008000    0.723922200
1405   -0.950000000   -1.771056000    0.861798700
1406   -0.733221300    0.085960890   -0.434334600
1407   -0.950000000   -1.401274000    0.975293900
1408   -0.950000000   -0.218052300   -0.453810200
1409   -0.950000000   -0.888987400   -0.222595900
1410   10.239610000    0.898778400   -1.253893000
1411   13.460620000    1.179780000    0.517463700
1412   -0.950000000   -1.460443000    1.259356000
1413   -0.950000000   -0.277716900    0.341179000
1414   -0.950000000   -0.374503300   -0.338112900
1415   -0.950000000   -1.652054000    1.502721000
1416   -0.950000000   -1.118583000   -1.740332000
1417   19.464510000    1.725960000   -0.590195300
1418   -0.950000000    0.266850900    0.793468800
1419   -0.950000000    0.207172000    0.450525200
1420   -0.950000000   -1.303854000    0.420101400
1421   16.976030000    1.717196000   -0.740692900
1422   -0.950000000   -0.947644000    0.288782000
1423   -0.950000000   -1.208116000   -1.941416000
1424   -0.950000000   -1.982419000   -0.596689100
1425    0.716691400    0.672208400    1.304576000
1426    5.951007000    0.546390200   -0.609363300
1427    9.336302000    0.728231300   -1.113334000
1428   10.674830000    0.647151700   -1.716421000
1429   -0.950000000   -0.120802000    1.008047000
1430    4.850202000    0.478348200   -0.777755500
1431    3.225030000    0.436981500    0.948672900
1432   -0.950000000    0.009879995    1.546358000
1433    1.669171000    0.334125900    0.466589300
1434    6.194438000    0.767215700   -1.695397000
1435    7.149964000    0.781226100    0.861148000
1436   -0.950000000   -1.604478000   -0.156761200
1437   17.053360000    1.621832000   -1.111070000
1438   11.333560000    0.891151200   -0.221451900
1439   -0.950000000   -0.909187400    0.191692500
1440   -0.950000000   -0.897918300   -0.100946200
1441    3.160823000   -0.210494700   -1.082237000
1442    4.647856000    0.275323600    0.582916800
1443   -0.950000000   -0.625957000    0.150760500
1444   11.107040000    1.274386000    0.709086500
1445    6.196192000    0.936679600    0.899642100
1446    6.744738000    0.219196300    0.892640600
1447   -0.950000000   -0.320425800    0.893723400
1448    2.068189000   -0.095515640   -0.418054900
1449    3.564479000   -0.239816300   -1.596420000
1450   -0.950000000    0.517842500    1.250669000
1451   11.439260000    0.660222100   -1.531120000
1452    6.862252000    0.452487000   -0.255737200
1453    8.634866000    0.583083600    1.127261000
1454   21.185680000    1.198288000   -1.617899000
1455    7.782929000    0.344353500   -0.934263800
1456    1.931911000    0.101173700   -0.005186871
1457   19.062710000    1.392228000   -0.580468300
1458   12.123000000    0.784794300    0.568271700
1459    4.335472000    0.177967000   -0.419579700
1460    9.682797000    0.604362100   -1.165674000
1461    4.469472000    0.377341000   -0.412170500
1462    6.702524000    0.604454900    0.155409500
1463   18.359600000    1.659177000   -0.810489800
1464    9.088832000    0.548766400   -0.851595800
1465   -0.950000000   -1.220468000    0.861056200
1466   13.387240000    0.848453500   -0.496422700
1467   -0.950000000   -0.635277000   -0.519133800
1468    0.489069800   -0.260570400   -0.535328600
1469    1.746591000   -0.058378960   -0.291217600
1470   13.842360000    1.146304000   -1.084732000
1471    9.236573000    0.545656900   -0.905680500
1472    5.192550000    0.240373400    0.794045000
1473   -0.950000000   -0.879410400    0.671082400
1474    5.679943000    0.402901700    0.125566800
1475   16.644850000    1.350954000   -1.614952000
1476   23.552170000    1.883249000    1.022622000
1477   -0.950000000   -0.642313700    1.019068000
1478   -0.950000000   -0.764536100   -0.335150400
1479    5.592294000    0.772617800    0.693344000
1480   -0.950000000   -0.196873300    0.981763100
1481   13.516250000    0.886286900    0.202635600
1482   -0.950000000   -0.436200300   -0.299549900
1483   10.549560000    0.637336700   -0.682262700
1484   12.114120000    0.680301100   -1.281124000
1485   -0.950000000   -1.116197000    0.536392400
1486   -0.950000000   -0.627360600    0.645482400
1487   20.704530000    1.782656000    0.977098100
1488   12.971750000    0.714192000   -1.179981000
1489    4.240362000    0.234395300   -0.714769800
1490    1.161293000   -0.140547000   -0.009328924
1491    4.956104000    0.051653470   -0.620764800
1492   -0.019583690   -0.248761400   -0.509477000
1493   11.591560000    1.541257000   -0.166639500
1494   -0.950000000   -0.634390500    1.856350000
1495   -0.950000000   -1.571511000    0.738230200
1496    2.134992000    0.153560000   -0.190761400
1497    7.457419000    0.578239300    0.158274500
1498   -0.950000000   -0.513724600    0.943768300
1499   14.630180000    1.151215000    0.310114700
1500   -0.950000000   -0.925022300    0.291297800
