*y  x1  x2
   1    0.988260200    0.576821400    1.152447000
   2    0.216558100   -0.032208180   -0.050971830
   3   -0.950000000   -1.003927000   -0.678592100
   4   -0.950000000   -0.313270200   -0.859680500
   5   -0.950000000   -1.057923000   -0.574394100
   6    6.420159000    1.215393000    0.076416670
   7   -0.950000000   -0.058659820    0.424532600
   8    1.735926000    0.231089700    0.307426900
   9    7.440626000    0.573437000   -0.291934300
  10   -0.950000000   -1.108203000   -1.519234000
  11   -0.950000000   -0.922164200   -0.973361100
  12   11.083570000    1.274810000   -1.526321000
  13    3.713484000    0.280773400   -0.851907100
  14    7.965538000    0.778600000   -0.052877270
  15   -0.950000000    0.107568300    0.786042000
  16    7.571521000    0.387495900   -0.558765700
  17    8.473056000    1.733425000    1.001374000
  18    6.332161000    1.287094000    0.437169400
  19    8.458409000    0.852748400    0.734254700
  20   20.980880000    1.311965000   -1.973989000
  21   -0.950000000   -0.921160900   -1.272965000
  22   -0.950000000   -0.824096300   -1.417866000
  23   -0.901525900   -0.374353900    0.183427000
  24    3.092379000    0.151869300    1.303496000
  25   -0.950000000   -1.387768000    0.162783700
  26   -0.950000000   -1.394466000    0.716043700
  27   -0.950000000   -0.196187600    1.121070000
  28   -0.950000000   -0.967061300    0.557659800
  29   -0.950000000   -1.436668000   -0.450976700
  30   -0.950000000   -0.306257900    0.797547400
  31    5.205936000    0.380375700    1.924575000
  32   -0.950000000   -1.943853000   -0.033223890
  33   14.341530000    1.076103000    1.469136000
  34   -0.950000000   -0.756154300    0.132984000
  35   13.287580000    0.778658500   -0.509764400
  36    3.766411000    0.146217200    0.574836400
  37   16.762790000    1.145742000   -0.498286300
  38   13.533410000    0.734401300   -1.323687000
  39   -0.950000000   -0.646506300   -0.251607000
  40   10.211180000    0.609603200    0.667028500
  41    8.877856000    0.032760840   -1.698319000
  42   17.226990000    1.495102000    1.038481000
  43   -0.950000000   -0.301350800    1.431640000
  44   -0.950000000   -1.450504000    0.494214500
  45   10.017180000    0.761221500    0.716525600
  46   -0.950000000   -0.189507100    0.939478800
  47   -0.950000000   -0.414648000    0.832399600
  48   -0.950000000   -1.291671000    0.037786970
  49   -0.950000000   -0.614366000    1.198325000
  50   -0.950000000   -0.861691200   -1.241382000
  51    0.043457780    0.661136100    0.502442100
  52   -0.950000000   -1.568011000   -0.631265000
  53   -0.950000000   -0.107977200    1.528638000
  54   -0.950000000   -1.625015000   -1.996418000
  55   -0.950000000   -0.490265900   -0.073782830
  56   -0.950000000   -0.108603600    0.309114700
  57   -0.950000000   -1.844625000   -0.570750400
  58    6.130281000    0.766365800   -0.819178100
  59   -0.950000000   -0.408143300   -0.635058000
  60   -0.950000000   -0.273875800   -0.002210347
  61   -0.950000000   -0.408642600   -1.138181000
  62   -0.950000000    0.155883000    0.786509300
  63    3.897768000    0.544188700    0.584790000
  64   -0.950000000   -0.438022300   -0.853138600
  65   -0.950000000   -0.876300500   -0.593232100
  66    1.775309000    0.122598000   -0.536554600
  67   -0.950000000   -0.854660000   -0.565487500
  68   -0.950000000   -0.489186100    0.610364300
  69    1.895669000    0.349015000    1.898451000
  70   -0.950000000   -0.274747900    0.142044500
  71    9.774458000    0.709199900   -0.957638400
  72   12.789190000    1.580089000   -0.267824000
  73    9.460814000    1.029776000    0.709446700
  74   -0.950000000   -1.274288000   -0.351684400
  75   -0.950000000   -0.883079100    0.487712700
  76    8.985345000    0.502250100   -0.090682670
  77    9.096821000    1.395357000    1.702290000
  78    5.695706000    0.138930500   -0.579691900
  79   -0.950000000   -1.159897000    0.878147300
  80   -0.950000000   -0.883616400    0.211837200
  81   -0.950000000   -1.450440000    0.616553300
  82   10.033750000    0.201726600   -1.639549000
  83   10.679230000    0.698233200   -0.612517700
  84   -0.950000000   -0.805547800    1.581261000
  85   -0.950000000   -0.042532360    0.829749700
  86   13.522690000    1.356996000   -1.289533000
  87    2.110446000   -0.055067560    0.976893800
  88    9.898571000    1.195778000    0.919189900
  89   11.078300000    0.913392400   -1.022466000
  90    4.272410000   -0.006515593    1.250735000
  91   -0.950000000   -0.564008300    1.178384000
  92   -0.950000000   -1.163299000   -0.276339200
  93   12.620370000    0.582733000   -1.957352000
  94   -0.950000000   -0.540293000    0.902677900
  95   -0.950000000    0.115112100    0.896428700
  96    1.381475000    0.362521300    0.337871900
  97   -0.950000000   -0.718143000   -0.753793600
  98    1.252377000    0.261901300   -0.202506400
  99    0.233987600    0.090692490   -0.133999000
 100   11.459880000    1.623448000    0.116783600
 101   -0.950000000   -0.545914200    0.989177400
 102    5.151088000    0.358050000   -0.908708100
 103   -0.950000000   -1.021232000   -0.899195900
 104   -0.841708900    0.345353300    0.786998300
 105   -0.950000000   -0.445329000    0.069507630
 106   18.836170000    1.299047000   -1.055139000
 107   -0.950000000   -0.155144500    0.442929000
 108   14.468410000    1.431261000   -0.741029800
 109   -0.039333280   -0.153960300   -1.251140000
 110    7.102505000    1.254049000    0.032972490
 111   -0.950000000   -0.463131900    0.506804600
 112   -0.044133150   -0.075903290   -0.144094000
 113   -0.950000000   -0.890352100   -0.269841500
 114   -0.950000000   -0.382283300   -0.391146900
 115    4.480246000    0.681767100    1.165558000
 116    1.366842000    0.181606100    0.024235430
 117    0.036324200    0.083218960    0.286188300
 118   -0.950000000   -0.598571500    0.124538300
 119   -0.950000000   -0.227773800   -0.625980100
 120   25.455070000    1.500329000   -1.944923000
 121   -0.950000000   -1.131559000    0.491272100
 122    2.888525000    0.572890400   -0.961397600
 123   -0.950000000   -0.472937000   -1.907132000
 124    6.621771000    0.885039700   -0.741382900
 125    3.355003000    0.134445700   -1.790550000
 126   -0.950000000   -0.571335900   -0.713409200
 127   -0.950000000    0.780901400    1.734579000
 128   -0.950000000    0.007401965   -1.873538000
 129   -0.950000000   -0.375170300   -1.382403000
 130   -0.950000000    0.098039850   -0.451748600
 131   -0.950000000   -0.143374600   -0.205323200
 132   -0.950000000   -0.213418900    0.547293200
 133   -0.950000000   -0.220626000   -0.731935000
 134   -0.950000000   -0.104362200    0.946421100
 135    3.459198000    0.460984100    0.445315300
 136   -0.950000000   -1.597542000    1.274168000
 137   -0.950000000   -1.612622000   -0.314555000
 138   -0.950000000   -0.637664800    1.262333000
 139   -0.950000000   -1.054046000   -1.298682000
 140    4.512724000    1.221278000   -0.688371600
 141   -0.950000000    0.057952690    0.401125400
 142   -0.950000000   -0.773326100    0.309508700
 143   -0.950000000   -0.347383200   -1.894721000
 144    1.346834000    0.295571400   -0.935407900
 145   -0.950000000   -1.052137000   -0.488906200
 146   -0.703174000    0.452040900    0.644407600
 147   -0.950000000   -0.310162400   -0.268919100
 148   -0.950000000    0.306661800    0.175071300
 149   -0.950000000   -0.088318920    0.037013230
 150   -0.950000000   -0.726793300   -0.801659700
 151   -0.950000000   -0.340115300   -1.090751000
 152    3.247753000    0.644293300    0.289885100
 153   -0.950000000   -0.346415600   -1.211447000
 154   -0.950000000   -0.163707100   -0.488511600
 155    5.080771000    0.979957600    0.459003400
 156   -0.950000000   -1.183257000    0.142835600
 157   -0.950000000    0.103541800    0.965265700
 158   -0.950000000   -1.118632000    0.449974900
 159    3.174738000    0.092799670   -0.890693500
 160    3.657549000    0.272581700   -0.581276200
 161   -0.950000000   -0.460848100    1.879540000
 162   -0.950000000   -1.115124000   -0.529219300
 163    2.614599000    0.549423200    0.670941700
 164    0.007024247    0.243493100    0.710533800
 165   -0.950000000   -0.666366000    0.798805100
 166   11.980220000    1.111598000    0.351340300
 167    5.740109000    0.423031900   -0.606258100
 168   -0.950000000   -1.443861000   -0.357529800
 169    5.304487000    0.375645500    0.441452900
 170    5.490989000    0.641984900    0.052537580
 171   -0.950000000   -0.001944802    0.914075500
 172   12.300300000    1.006952000    0.985316300
 173    2.402253000    0.129239300    1.786491000
 174   -0.950000000   -0.410968500    0.193033500
 175    6.548137000    0.410050500   -0.964922400
 176   -0.950000000   -0.980306800   -1.677805000
 177    3.223009000    0.246268400    0.120843500
 178   12.190070000    0.895507300   -0.646425200
 179   -0.950000000   -0.413128000   -0.692502200
 180   -0.252152300    0.084635710    0.549459800
 181    1.344859000   -0.376651600   -1.865986000
 182   -0.950000000   -0.099566440    0.302798700
 183   -0.950000000   -1.200022000    0.863153300
 184   -0.950000000   -0.710234100    0.885383800
 185    3.518708000    0.216546000    0.175671800
 186    9.428967000    0.926494100   -0.806370900
 187   -0.950000000   -1.457043000   -0.806911300
 188   -0.950000000   -0.274230700    0.415700000
 189   -0.950000000   -0.167607200    0.118659600
 190   -0.950000000   -0.287348300    0.389790600
 191   -0.950000000   -0.912714100    1.564720000
 192   -0.950000000   -0.573807100   -0.555994600
 193   -0.950000000   -1.314958000    0.275088400
 194    1.432916000    1.450098000    1.563741000
 195    8.398337000    0.865771000   -0.601551600
 196    7.163340000    1.084196000    0.802323300
 197   -0.950000000    0.005147922    0.151293800
 198   -0.950000000   -0.057614210    0.102300800
 199    1.089270000    0.141822200   -0.333992600
 200   -0.950000000   -1.190654000   -0.857441000
 201   21.044170000    1.585127000   -0.913949200
 202    5.419210000    0.533894200   -0.216666000
 203   -0.950000000   -1.717710000    0.833362800
 204   -0.950000000   -1.378991000    0.419083300
 205   -0.950000000   -0.274493500   -0.730955900
 206    2.653002000    0.225405100   -0.900372000
 207   -0.950000000   -1.426215000   -0.880234300
 208   17.004100000    1.626529000   -0.476839900
 209    5.757442000    0.937892100    0.651307700
 210   -0.950000000   -0.720745100    1.473954000
 211    0.645728700    0.191475200   -0.544109900
 212   10.691480000    1.559240000    0.545291900
 213   -0.950000000   -0.320987800   -1.010444000
 214   -0.950000000   -1.029860000   -0.973840600
 215   -0.755627900    0.080802500   -0.288112000
 216    8.687667000    0.837574800    1.568314000
 217   -0.950000000   -0.844196600   -1.373373000
 218    7.420108000    0.693592500   -0.608063100
 219   -0.950000000   -0.145249700   -0.073064460
 220   -0.950000000   -0.403522900    1.289426000
 221    1.694303000    0.251672200   -1.047360000
 222   -0.950000000   -0.960151700    0.783277300
 223   -0.270644600   -0.197840800   -0.856761700
 224    0.406308300   -0.164862900   -1.129562000
 225    8.673520000    0.404518200   -1.385123000
 226    6.813381000    0.309193900    0.386720300
 227    2.026221000   -0.175620400   -0.593323000
 228   17.352490000    0.913217300   -1.428464000
 229   -0.950000000   -0.407463100    0.228090700
 230   -0.950000000    0.030979530    1.171728000
 231   16.993070000    1.385822000   -0.420061800
 232    8.129758000    0.551922600   -0.981445100
 233   15.257340000    1.098464000   -0.853735500
 234    2.218965000   -0.069591020   -1.202412000
 235   -0.950000000   -0.674241200    0.976882300
 236   -0.950000000   -0.424459900    1.370233000
 237   13.730950000    1.269098000    0.312474800
 238    1.600825000   -0.186078500   -0.346238800
 239   15.775300000    1.308246000   -0.767451400
 240    2.205803000    0.160892800    0.730580400
 241   -0.950000000   -0.942945200    1.003517000
 242   -0.950000000   -0.386030000   -0.293450300
 243    8.693229000    0.715009800   -0.017042870
 244   -0.950000000    0.191631600   -0.062304130
 245   -0.950000000   -0.367980500    0.763884000
 246   -0.950000000   -0.411501000   -0.453105900
 247   -0.950000000   -1.072188000   -0.330566500
 248    2.737101000    0.551042600   -0.336331200
 249    4.348595000    0.451890100   -1.051425000
 250    8.457604000    1.218180000    0.408153700
 251   -0.950000000   -1.144964000    1.372904000
 252    9.171557000    1.121988000   -0.110004600
 253   -0.950000000   -0.488092600    0.578902400
 254   -0.950000000   -1.604840000    0.549130700
 255    4.617291000    0.434552000   -1.307963000
 256   -0.950000000   -0.642136800    0.679424500
 257   -0.672419400   -0.423381200    0.474493300
 258    9.308082000    0.505949900    0.016043770
 259    0.201553100   -0.144327700    1.390823000
 260   14.084690000    1.027450000    0.547145100
 261   12.174040000    0.525324800    1.158710000
 262    4.821505000    0.253881000    1.279183000
 263    7.464045000    0.304287100    0.042860530
 264   -0.950000000   -0.729472800    0.212652800
 265   16.751620000    0.941102200   -0.770975500
 266   10.759190000    0.553225600    0.092212050
 267    4.349140000   -0.246801600   -0.654636400
 268   14.274890000    0.833048300    0.732759100
 269    8.546979000    0.131774100   -0.498317000
 270   -0.950000000   -0.376347500    1.482559000
 271   -0.950000000   -0.063910070    1.675104000
 272   -0.313603400   -0.275621000    1.209010000
 273   -0.950000000   -0.756081500    0.730075200
 274   -0.875315000    0.106904400    0.883301600
 275   -0.950000000   -0.252875500    1.125886000
 276   -0.950000000   -1.031914000   -0.835456800
 277   -0.950000000   -1.953559000   -1.279482000
 278   -0.950000000   -0.493206600    1.775988000
 279    1.797280000   -0.257419900    0.640510000
 280   -0.950000000   -1.091863000    0.465133500
 281    6.811904000    0.479093600    0.202666800
 282   -0.243756500   -0.403923600   -0.211254900
 283   -0.950000000   -0.994912800   -0.112597800
 284   24.897260000    1.721394000    0.966174400
 285    2.580720000    0.184963100    0.682360500
 286    9.305764000    0.506198600   -0.207034700
 287   -0.950000000   -1.296666000    0.149765700
 288    9.918164000    0.741950500    0.229057900
 289    5.627236000    0.162135400    0.260789000
 290    2.193200000   -0.414809000   -0.968789200
 291   13.407790000    0.901115200    0.706660000
 292    7.905911000    0.478094700   -0.497181900
 293   11.069950000    0.620901500    0.386597100
 294    2.498429000    0.003648655    1.068279000
 295    1.814611000    0.288503900    1.029421000
 296    2.314967000   -0.024261720   -0.178028600
 297    2.275537000    0.096641150    0.762593400
 298   23.197580000    1.953280000   -0.725283900
 299   20.813850000    1.317661000   -0.847878000
 300    1.734985000   -0.104349200    0.748077300
 301   -0.950000000   -0.298723800   -0.708431200
 302    4.315391000    0.458553300    1.633046000
 303   -0.950000000   -0.411521200   -0.260582600
 304   -0.950000000   -0.287968800   -0.458905900
 305    9.181103000    0.727198100   -1.067777000
 306   -0.950000000   -0.588202000    0.648446900
 307    1.384123000    0.411353700    1.200511000
 308    9.111769000    1.049205000   -0.642167300
 309   -0.950000000   -0.552198600   -0.912040700
 310   11.948380000    0.931676800   -0.502603200
 311    0.756152400   -0.317274200   -1.898119000
 312    2.880425000    0.105537900   -1.152422000
 313    2.842782000    0.139143400   -0.918966800
 314    6.155624000    0.679815100   -0.602582100
 315   -0.950000000   -0.142450400    1.008544000
 316   -0.950000000   -0.152481200    0.837721600
 317    4.422261000    0.389064800   -0.185973100
 318   -0.950000000   -0.186363700   -0.395986500
 319   11.392170000    1.397069000   -0.407845800
 320   -0.950000000   -1.669177000    0.640256700
 321    4.667739000    0.696158900   -0.531278000
 322   -0.950000000   -0.966636200   -0.895667600
 323    6.624577000    0.895537300    0.220822800
 324    3.212015000    0.536230900   -1.194005000
 325   -0.950000000   -0.586040100   -0.313978000
 326   -0.950000000   -1.362383000   -1.048782000
 327    3.925894000    0.403721100    0.003502018
 328   -0.950000000   -0.460100700   -1.430858000
 329   -0.950000000   -0.529472300   -0.766896600
 330   11.343750000    1.231747000    0.426861100
 331   13.617950000    1.558403000    0.419943000
 332   -0.950000000   -1.263369000   -1.713845000
 333    4.474333000    0.695595700    0.040816360
 334   -0.950000000   -0.301966500    1.880877000
 335   -0.950000000   -0.878760800    1.243291000
 336   -0.950000000   -1.894311000   -0.297272200
 337   -0.950000000   -1.711030000    0.819133300
 338    1.641741000    0.162541900   -0.214030800
 339   -0.950000000   -1.148138000    1.022324000
 340   -0.950000000   -1.595624000    1.207518000
 341   -0.950000000   -0.031766810    0.309657800
 342   -0.950000000   -1.118758000    0.600154200
 343   -0.950000000   -0.787860500   -0.021256480
 344   -0.950000000   -0.457451300    0.011475420
 345   -0.950000000   -1.007171000    1.637469000
 346   10.753510000    0.696538900   -1.697561000
 347    9.058532000    0.759861200   -0.808101300
 348    5.342343000    0.492396400    1.921788000
 349    3.552748000    0.550676400    0.596292100
 350   -0.950000000   -0.259655000    0.126354900
 351   -0.950000000   -0.877163500    0.868620700
 352   -0.950000000   -1.345914000   -0.078876540
 353   -0.950000000   -0.344283400    0.584886700
 354   -0.950000000   -1.281543000    0.366503200
 355   -0.950000000   -1.084414000    0.009274736
 356   -0.950000000   -1.864978000   -0.251231600
 357   -0.950000000   -0.331583500    1.139713000
 358    8.603155000    1.099348000    0.151683300
 359   -0.950000000   -0.568177000   -0.696763200
 360   -0.950000000   -0.912056500   -1.212040000
 361   -0.950000000   -0.578202600   -0.125886400
 362   -0.950000000   -0.781756400    1.388237000
 363   -0.950000000   -0.431882900   -0.768225700
 364    6.201658000    0.586385700   -0.565807600
 365   -0.950000000   -0.190294900    0.639727300
 366   -0.950000000   -0.595310200    0.747673000
 367    3.403294000    0.548925200   -0.013625380
 368    3.635934000    0.405001000   -0.156661200
 369   -0.950000000   -1.517923000   -1.018947000
 370   -0.950000000   -0.724508500   -0.980378800
 371   -0.950000000   -0.187374300   -0.435483000
 372   10.551200000    1.354134000    1.086816000
 373   -0.950000000   -1.812254000    0.934039900
 374    7.449096000    1.450232000    0.103896600
 375   -0.950000000   -0.319665000   -0.703159600
 376   -0.950000000   -0.623685800   -0.299287100
 377   -0.950000000   -0.552485900    0.285008500
 378   -0.950000000   -0.072465180    1.217713000
 379   -0.950000000   -1.164559000   -0.559561500
 380   -0.950000000   -0.698661400   -0.128789300
 381   -0.950000000   -1.016442000   -0.228064700
 382   -0.950000000   -0.942273500    0.656088700
 383   -0.950000000   -1.118516000    0.286168400
 384   -0.950000000   -1.572316000    0.670459600
 385   -0.950000000   -0.697275300    0.131633900
 386    6.536208000    1.012729000    0.769665600
 387   12.742340000    1.402358000   -1.561093000
 388   -0.950000000   -0.860975400    0.955252200
 389    5.135308000    0.822113300   -0.525811400
 390   -0.950000000   -1.313624000   -0.245101800
 391   -0.950000000   -0.607963300   -0.094978240
 392   -0.950000000    0.038583620    0.581798200
 393   -0.950000000   -1.172150000   -0.300575400
 394   -0.950000000   -1.376398000   -1.377535000
 395   -0.950000000   -0.486301200   -1.403513000
 396    0.174457300    0.320673600   -0.289895000
 397   -0.950000000   -1.858188000   -0.908245700
 398   -0.623758100    0.073176250   -1.273894000
 399    0.288828200    0.311923800   -0.386103300
 400    3.645532000    0.732579000    0.274648300
 401    6.853400000    0.898665000    1.083286000
 402    0.307992100    0.352060000    0.391546500
 403   -0.950000000   -0.277713900    0.888399900
 404   -0.950000000   -0.028165100   -1.577707000
 405    0.433473600    0.236858100    0.038397510
 406    6.392279000    0.572350900   -1.272755000
 407   -0.416347200    0.352613600    0.339702900
 408   -0.950000000   -0.321614400    0.797357700
 409   -0.950000000   -1.446016000   -0.362196000
 410   -0.950000000   -1.069885000    0.144601300
 411    2.073737000    0.527894900   -1.477921000
 412   -0.950000000   -1.133849000   -0.464138700
 413    0.258299900    0.216409700    0.644247800
 414   -0.950000000   -0.760803400   -0.657277000
 415   14.531460000    1.135319000   -1.334919000
 416   -0.950000000   -0.528193600   -0.517556800
 417   11.854180000    1.340361000    0.581508000
 418   15.162150000    1.601482000    0.282906900
 419   -0.950000000   -1.833093000    0.350983700
 420    8.814081000    0.837945300   -1.577018000
 421    9.725245000    0.598027000    0.225744300
 422   -0.950000000   -1.337591000   -0.457800300
 423    1.125724000    0.129337000    0.930468600
 424    7.836950000    1.357478000    1.490405000
 425   -0.950000000   -1.293131000    0.700801100
 426   24.604830000    1.934881000    0.829985600
 427    3.722333000    0.724442800    1.804168000
 428    4.472582000    0.294266500    0.964853600
 429    0.493629700   -0.275995300   -0.584927800
 430   -0.950000000   -0.773464500   -1.071772000
 431   14.141580000    0.773285500   -1.573811000
 432    1.144985000   -0.864370500   -1.559033000
 433    5.423071000    0.876203600    1.380754000
 434   -0.950000000   -1.060775000    0.245993100
 435    0.038406940   -0.143698700    0.123186100
 436   -0.950000000   -0.696365800    0.574920400
 437   -0.950000000   -0.531425400    1.712731000
 438    7.770435000    1.074031000   -0.880807600
 439    3.252640000    0.317699800   -0.194354800
 440   -0.950000000   -0.933792100   -0.429537100
 441   -0.950000000   -0.417430700   -0.958767200
 442   -0.950000000    0.043918230    0.562007800
 443   -0.768079500    0.002435362   -0.761742400
 444   22.928370000    1.619799000   -1.907199000
 445   -0.950000000   -0.422048900   -0.446189700
 446   -0.950000000   -0.291623900    0.080060990
 447   -0.950000000   -1.794728000    1.168258000
 448    0.292818600   -0.139522700   -0.793340800
 449   12.700550000    0.967404400    0.684177100
 450    4.784871000    0.233612700   -1.551113000
 451   -0.950000000    0.026808430    0.715909700
 452    4.359476000    0.878099100    0.962374900
 453    0.201065100   -0.042798840   -1.414587000
 454   -0.950000000   -0.962914500   -1.190825000
 455   -0.950000000   -0.495014800   -1.527523000
 456   -0.950000000   -1.137821000    0.060733000
 457    8.128648000    0.721790400   -1.172892000
 458    1.507790000    0.584452900    0.775814900
 459   -0.755051000   -0.043049700   -0.083880910
 460    0.746719000    0.273925600   -0.073400040
 461    7.538392000    0.985097900   -0.298796600
 462   13.008310000    0.806497200   -1.452506000
 463   -0.950000000   -0.840974300   -0.657564700
 464   -0.950000000    0.502226200    1.049515000
 465   -0.950000000    0.195758600    1.609191000
 466   11.050330000    0.745938100   -0.862856500
 467   -0.950000000   -0.872579400   -0.372085100
 468   -0.950000000   -1.377061000    0.085130580
 469    4.411053000    0.330027600   -0.595925500
 470   -0.950000000   -0.880443100   -1.112722000
 471   15.064810000    1.351882000    0.018618120
 472    5.469165000    0.833176100    1.816803000
 473   -0.950000000   -0.689518700   -1.620490000
 474    5.736994000    0.286449800   -0.307255800
 475    0.703009300   -0.051612640    0.332031700
 476   -0.950000000   -0.771657900   -0.112613300
 477   -0.950000000   -0.693838900    0.874769000
 478    5.104326000    0.580038600   -0.116481600
 479   10.936150000    1.021378000   -0.068628010
 480    6.788243000    0.714723400    0.662026300
 481   -0.950000000   -1.718595000   -1.586151000
 482   -0.063387320    0.305016300    1.358549000
 483   -0.950000000   -0.646274700    1.313434000
 484    9.691076000    0.620970700   -0.243457700
 485    5.278586000    0.451764500   -0.928749000
 486   -0.950000000   -0.973549300   -1.455568000
 487   12.714800000    1.748439000    1.485370000
 488   -0.950000000   -0.807812100    0.682242800
 489   -0.950000000   -0.658281900    0.041022330
 490   -0.950000000   -1.189007000   -0.475820100
 491   -0.950000000   -0.183609100   -0.612355300
 492    4.430028000    0.630522500    0.223680000
 493   -0.950000000    0.129703700    0.785193900
 494   -0.950000000   -0.233219000   -0.283421700
 495   -0.950000000   -0.631005600    0.952807500
 496    5.119041000    0.333696900   -0.763607100
 497    6.323791000    0.587752700   -1.770342000
 498    5.188926000    0.349332000    0.383716300
 499   21.211410000    1.323627000   -1.588791000
 500   13.199520000    1.366060000    1.345985000
 501    3.469117000    0.121826700    1.556889000
 502   13.700570000    1.061559000    0.240163800
 503   -0.950000000   -0.825892200   -0.971793600
 504   -0.950000000   -1.954095000   -0.517252300
 505   -0.950000000   -1.134240000   -1.059109000
 506   -0.950000000   -0.300108300    1.578791000
 507    3.726013000   -0.122099300   -1.837257000
 508    4.674727000    0.285494900   -0.545758600
 509   16.966660000    1.449818000   -1.601468000
 510    8.656525000    0.805571000    0.204329600
 511   14.259130000    0.863570000   -1.226844000
 512    5.207795000    0.540368200    1.807090000
 513   -0.950000000   -1.733348000   -0.750875400
 514    3.545717000   -0.424035500    1.168341000
 515   -0.950000000   -1.536365000   -0.222959800
 516   -0.950000000   -0.497325600    1.311823000
 517   17.526580000    1.190264000   -0.817050400
 518   -0.950000000   -1.354442000    0.319623500
 519   15.582720000    1.055768000    1.625734000
 520    8.397315000    0.437689300    1.469689000
 521    1.535434000   -0.612848000   -0.640739800
 522   13.261860000    1.098845000    0.854009400
 523   17.116300000    1.062946000    1.262716000
 524   -0.950000000   -0.622933400    0.664354400
 525    2.651044000    0.217958200    1.059183000
 526    7.936540000    0.803899900    0.232877000
 527   -0.950000000   -0.891145200   -0.153000400
 528   -0.950000000   -1.099413000    0.354747600
 529    2.221191000    0.073896410   -0.763218900
 530   11.773190000    1.613822000   -0.100300600
 531    8.039792000    0.854595000    0.729993100
 532   -0.950000000   -0.458094500    0.850670800
 533   13.398550000    1.324442000    0.123311400
 534   -0.950000000   -1.229886000    0.363048800
 535   -0.950000000   -0.492159200    0.581256000
 536   10.931680000    0.929463700   -0.662513100
 537   13.469840000    1.283765000   -1.217785000
 538    5.433725000    0.433103700   -1.000777000
 539    2.999091000    0.060636480   -0.799009600
 540   -0.950000000   -1.257780000   -0.339364400
 541    8.727185000    0.581646300   -0.696043500
 542    9.890084000    0.566283100   -0.453501000
 543    3.987510000    0.324577700    0.640936000
 544    1.418247000   -0.121866300    0.687156400
 545   12.103730000    1.259363000    0.637295600
 546    9.634594000    0.440138700   -0.475952800
 547    5.829027000    0.594289100    1.620644000
 548   -0.950000000   -0.412846600    0.599213600
 549    9.360763000    0.911542900    0.341420200
 550    3.690785000    0.220225400    0.176730700
 551    8.520144000    1.000831000    0.748454600
 552   -0.950000000   -0.572980700   -0.564685300
 553   -0.159334500    0.232514300    0.682170900
 554   -0.950000000   -0.849545800   -0.689379000
 555   -0.950000000   -0.368727300   -0.636918600
 556   -0.950000000   -0.640834300   -0.298451900
 557    9.128060000    0.888799200    0.557270700
 558    7.685418000    0.370793700   -1.103529000
 559   -0.843013500   -0.340000700   -0.182044900
 560    7.635410000    0.506314300    0.317740300
 561    1.921744000    0.135624000    0.268688300
 562   -0.950000000   -0.302944300    1.542104000
 563   22.403350000    1.750901000   -0.329715200
 564   -0.950000000   -1.578432000   -0.548963800
 565   16.390470000    1.041821000    1.341432000
 566    9.426736000    0.505514500    0.685978700
 567    1.076476000    0.006108450    0.959214500
 568   17.351400000    1.937940000   -0.657523200
 569   -0.950000000   -0.844366400   -0.466988000
 570   -0.950000000   -0.860181900   -0.715603200
 571   -0.609553300    0.629849400    0.305406400
 572   -0.950000000   -1.250141000    0.670558200
 573   -0.950000000   -0.350898300   -0.400560800
 574   -0.950000000   -0.493995300   -0.197379300
 575   -0.950000000   -1.717350000    1.258086000
 576   -0.950000000   -0.702448400    0.390691500
 577   -0.950000000    0.204118300   -0.653971000
 578   -0.950000000   -1.962946000   -0.613099800
 579   -0.950000000   -0.810087700   -1.560785000
 580    6.513349000    0.963411200   -1.066821000
 581    6.112450000    1.189382000    0.280343400
 582   -0.950000000   -0.596046000   -0.626828500
 583   -0.950000000   -0.517966400   -0.941107400
 584   -0.950000000   -0.171367400   -0.228348200
 585    8.379377000    0.897888900   -0.278235600
 586   15.027320000    1.023201000   -0.101058900
 587   13.935270000    0.560398700   -0.353149800
 588    0.809080700   -0.298550800    0.568159700
 589   14.292040000    1.857769000    1.176332000
 590    4.617883000    0.320645800    0.366065200
 591    3.484685000   -0.507194000   -1.190005000
 592    0.616097800   -0.260399300    0.478834400
 593   -0.950000000   -1.146601000    0.994560900
 594   11.154640000    0.983207400    1.052760000
 595    9.113104000    0.681990400    0.819110300
 596   20.948140000    1.238593000   -0.914168300
 597   -0.950000000   -0.743999800    0.225894300
 598   -0.950000000   -0.763223000    1.113833000
 599    2.804586000   -0.181341600    1.419409000
 600   -0.950000000   -1.140465000    0.920228000
 601   11.540070000    0.796436700   -0.358922300
 602   -0.300187600    0.067154120    1.268901000
 603   -0.950000000   -0.919804300    0.168577300
 604   -0.950000000   -1.035011000   -1.267192000
 605   12.998080000    0.679058300    0.797082700
 606    8.787656000    0.397102000    0.041211990
 607   -0.950000000   -1.584652000   -0.286864600
 608   -0.950000000   -1.014964000   -0.945645600
 609    3.038918000    0.083337310    1.328374000
 610    4.022255000    0.486555400    0.687176300
 611    0.719005300   -0.249839800   -0.191738600
 612   16.388550000    1.393001000    1.158138000
 613    2.271184000    0.962645200    1.182485000
 614    8.958273000    0.638772800    0.808095900
 615   10.411630000    1.106016000    0.761859700
 616   -0.950000000   -1.806731000    1.079371000
 617    7.916094000    1.064432000   -0.314778400
 618    0.241351200    0.369416500   -0.002604336
 619   -0.950000000   -1.623850000    0.234571900
 620    0.888145700    0.353936900    0.030774340
 621    5.912631000    0.922666500    0.171873600
 622    9.577719000    0.962096100   -0.407943200
 623    2.285273000    0.090253260   -0.903405800
 624   -0.950000000   -0.693644300   -0.742026400
 625    4.123131000    0.513999000   -0.493039800
 626   -0.950000000    0.224924200    0.386450800
 627   -0.950000000   -0.304224300   -1.220163000
 628   11.129890000    1.546480000   -0.333191500
 629   -0.950000000   -0.694124200   -1.587408000
 630   -0.950000000   -1.246897000    0.495147800
 631   -0.950000000   -0.731800200   -0.073489080
 632    5.099841000    0.156110300    0.171415800
 633    7.228023000    0.623762700    0.927323800
 634   10.566650000    1.169463000    0.345838700
 635   24.174370000    1.802385000    0.855102700
 636    3.310936000    0.106988500    0.790715700
 637   -0.950000000   -0.731439900    0.896850200
 638   19.800590000    1.417758000   -0.971369000
 639   -0.950000000   -1.558080000   -0.497190300
 640    9.341073000    0.357093800   -0.825479200
 641   -0.950000000   -0.092663660    0.431244600
 642   -0.950000000   -0.444064200    0.950190800
 643    3.038647000   -0.154288600    0.334351600
 644    2.490010000    0.210243800    1.708881000
 645   -0.950000000   -1.267916000   -0.778630500
 646   -0.950000000   -1.679215000    0.176226500
 647   19.544390000    1.629561000   -0.035213140
 648    3.643234000    0.122942000   -1.007025000
 649   20.011930000    1.694108000    0.119045200
 650    4.513565000    0.237497700   -0.796708600
 651    6.368543000    0.851592500    1.129487000
 652    0.862376700    0.033355380   -1.112434000
 653   12.254420000    1.241364000   -1.824045000
 654   11.172400000    0.905795500   -0.571216300
 655    8.421520000    0.496945600   -1.634142000
 656   -0.950000000   -1.310141000   -0.328992600
 657   -0.084750540    0.334958100    0.315601100
 658    7.534161000    0.484560300   -1.283769000
 659   -0.950000000   -0.839771800    1.846991000
 660   -0.950000000    0.686711700    1.776202000
 661   -0.950000000   -0.445923600    0.043637890
 662   -0.950000000   -0.537061700    1.439510000
 663    2.502246000   -0.239107100   -0.472052400
 664    4.146348000    0.133396700   -0.074880240
 665    2.300887000    0.429913100    0.756003300
 666   16.071690000    1.263739000   -0.547800500
 667   -0.950000000   -0.653344000   -0.282721400
 668   12.836700000    1.446505000   -1.037628000
 669    6.286943000    0.241099500   -0.466755200
 670    2.689010000   -0.059351560    0.138716700
 671    4.349897000   -0.237538300   -1.670591000
 672   10.887710000    0.782029500   -0.912279800
 673   -0.950000000   -0.921348200    1.605865000
 674   -0.950000000   -0.703133900    0.127141700
 675    0.733225900    0.131965600    1.212636000
 676   13.145280000    0.913250800   -1.718047000
 677    8.556860000    0.531188000   -0.210245100
 678    6.365548000    0.088019460   -1.283399000
 679    3.525875000    0.854461500    0.827758800
 680   -0.950000000   -0.550381300    0.763204000
 681    6.524356000    0.749690300   -0.275024500
 682    5.985474000    0.314882800    1.959672000
 683   -0.950000000   -0.415680600   -0.959842300
 684   14.439250000    1.044575000   -0.887437900
 685   -0.950000000   -0.221387700    0.822539000
 686   -0.950000000   -0.533471800   -0.404205600
 687   11.286300000    0.910975400   -0.657877000
 688   10.131450000    0.639756500   -1.942577000
 689    6.596781000    0.834057300    1.053081000
 690    6.802604000    0.219741400   -1.669633000
 691   -0.950000000   -0.000660719   -0.320195500
 692   -0.950000000   -1.047035000   -1.865735000
 693    3.169785000    0.086713630   -1.839297000
 694    6.633266000    0.519894500   -1.410280000
 695   -0.950000000   -0.563145000    0.027379850
 696   -0.950000000   -0.913808500    0.319470700
 697   12.070000000    1.737060000    0.570676200
 698   -0.950000000   -1.573564000    0.746234200
 699   11.388910000    1.319743000   -0.154487100
 700    3.447792000    0.549750500    0.525647200
 701   -0.950000000   -0.720341200   -1.702759000
 702   -0.950000000   -0.269393800    0.039782410
 703    5.010887000    0.437934800   -0.623590300
 704   -0.950000000   -0.138720900   -1.030536000
 705    7.689740000    1.256254000    1.415262000
 706    3.429928000    0.261695600   -0.026957950
 707    1.888042000   -0.051424740    0.116771600
 708   -0.668982000    0.275143800    1.273571000
 709   -0.950000000   -0.261145800    0.281793000
 710   -0.950000000   -0.976932700    0.639916500
 711   16.022580000    1.265363000    0.555170000
 712   -0.950000000   -0.621574100    0.330576900
 713   -0.950000000   -0.801452300   -0.305899300
 714   -0.360004600    0.213741000    0.962068700
 715   -0.950000000   -0.642750300   -0.067718170
 716    6.207310000    0.186419000   -0.630719300
 717    3.735555000    0.153542400   -0.318819600
 718    1.744302000   -0.028623560    0.900306200
 719    6.125794000    0.338143800    0.912243100
 720   -0.950000000   -0.559515800    1.857667000
 721    0.352163400   -0.139004100   -0.078763140
 722   11.165110000    0.739238200   -1.199014000
 723   -0.950000000   -0.616087900   -1.078415000
 724   -0.950000000   -1.937096000    0.357172400
 725    8.641110000    0.775670100    0.506901700
 726   21.707700000    1.699065000    0.351312100
 727    7.540902000    0.446957900   -1.212995000
 728   -0.950000000   -1.631258000    0.889780100
 729   -0.541584000   -0.332164900    0.914401900
 730   -0.950000000   -0.410371100   -0.196608800
 731    5.789681000    0.338120400   -0.279034300
 732   10.130620000    0.617262800    0.739114300
 733   13.623130000    0.611267600    1.929652000
 734   21.983210000    1.411429000    0.771370500
 735   -0.950000000   -1.765019000    0.311943400
 736   -0.950000000   -0.151895600   -0.202840000
 737   -0.950000000   -1.290034000   -1.059669000
 738   -0.950000000    0.016057660    0.111082000
 739   -0.950000000   -0.510316600   -1.261172000
 740   -0.950000000   -0.028375400   -0.134454800
 741    6.775173000    1.467481000    1.258113000
 742   -0.950000000   -1.992996000    0.035148470
 743    6.008616000    0.629726200   -0.302109000
 744   13.414680000    1.306633000   -0.716485800
 745    9.582559000    1.135778000    0.028938280
 746    5.334288000    0.453301000   -1.387752000
 747   -0.950000000   -0.446531900   -0.896598200
 748    9.892538000    1.140019000    0.332533100
 749   -0.950000000   -0.146454900   -0.218381100
 750    4.805191000    0.326215300   -0.787360000
 751    0.681705800    0.164630200    0.741283900
 752   -0.310568700    0.143847300    0.841992400
 753   -0.950000000   -1.445145000   -1.417133000
 754    3.304302000    0.262273500    0.506953600
 755   10.101930000    1.017171000    0.029005850
 756   -0.950000000   -1.040941000    1.345984000
 757    2.549132000    0.207601200   -0.002653926
 758   -0.135288400    0.320292600    1.251543000
 759    5.221693000    0.244394600   -0.411209500
 760   -0.186336000   -0.120751100   -0.693927100
 761   -0.950000000   -0.690822000    0.273939000
 762   -0.950000000   -0.755805300    0.561041700
 763   -0.950000000   -0.483050100   -1.264134000
 764   -0.950000000   -0.632867300    0.514675300
 765    9.142478000    0.979220100   -0.103954000
 766   -0.950000000   -1.440054000    1.802756000
 767   -0.950000000   -0.690827300   -0.560060200
 768   -0.950000000   -0.637815600   -0.554442200
 769   -0.950000000   -0.769742900   -1.979374000
 770   14.033710000    1.426620000   -0.661424200
 771   -0.950000000   -0.344135200    0.808050000
 772   -0.950000000   -1.280615000   -0.811156700
 773   11.267230000    1.082982000   -1.123762000
 774   -0.950000000   -1.103893000    1.070569000
 775   -0.950000000   -0.185222400    0.799662900
 776    1.582034000    0.874518400   -0.052015920
 777    3.896370000    0.714041000   -0.243961200
 778   -0.950000000   -0.296326100   -1.100606000
 779   12.686010000    1.263876000    0.399657200
 780    6.611576000    0.771764400   -0.495029900
 781    0.218014600    0.328468200    0.059085990
 782   -0.950000000   -0.735394700   -0.358166700
 783   -0.950000000    0.074622130    0.548123000
 784    3.597894000    0.598974300   -1.021380000
 785    1.954178000    0.326990800   -1.642341000
 786   -0.950000000    0.489950300    0.659984600
 787    4.784157000    0.419916900   -1.000972000
 788   -0.950000000   -0.469064000   -0.649311900
 789   15.588640000    1.449566000   -1.227341000
 790    0.138367800    0.383109400    0.308189600
 791    1.600915000    0.667132300    0.346631900
 792   -0.950000000   -0.336113000   -0.567446400
 793   -0.950000000    0.058021090    0.429455400
 794   -0.950000000   -0.761538700   -0.415130700
 795    3.188430000    0.455945400   -1.473138000
 796   16.542660000    1.635925000    0.096020070
 797   -0.950000000   -0.059820890    0.412489900
 798    0.918341100    1.044129000    1.891267000
 799   -0.950000000   -1.637830000   -1.186505000
 800   -0.950000000   -1.052411000   -1.226516000
 801   -0.950000000   -0.108086100   -0.633744600
 802   -0.950000000   -1.183628000   -0.153961800
 803   -0.365866400    0.444302700   -0.093294870
 804    3.344991000    0.267356600   -1.648299000
 805   -0.950000000   -0.746641600   -1.119149000
 806   -0.950000000   -1.033613000    0.858496300
 807   -0.950000000   -0.250900900   -0.153912500
 808   -0.950000000   -0.112828300    1.997246000
 809   -0.950000000    0.057318090    0.004680041
 810   -0.950000000   -1.351538000   -0.407970500
 811   -0.950000000   -0.140694100    0.225790600
 812   -0.950000000   -0.976218500    1.790622000
 813    0.953924700    0.238992900   -1.716483000
 814   -0.950000000   -0.292990900   -0.568169300
 815   -0.950000000   -1.844771000    0.347950200
 816   -0.950000000   -0.499230800   -0.849381600
 817   -0.950000000   -1.115303000    0.429168500
 818    8.792657000    0.921537000    1.177193000
 819    0.718519300    0.159592400    1.835229000
 820    4.557507000    0.795826300    0.565478600
 821   -0.950000000    0.179617800    0.747681400
 822   -0.950000000   -0.638602100    0.668917300
 823    0.315656000   -0.136483900   -1.244548000
 824   -0.950000000   -1.776871000    0.649798900
 825   -0.950000000    0.154473100    0.940643500
 826   -0.950000000   -0.617678900    1.323371000
 827   -0.950000000   -0.077320440    0.046931740
 828   11.852530000    1.294066000    1.034598000
 829   -0.950000000   -0.860497100   -1.467209000
 830    5.791262000    0.522056500   -0.591384800
 831    0.564136800    0.015932420   -0.415742200
 832   13.352220000    1.836902000    1.046998000
 833   13.985260000    1.064761000   -1.324530000
 834   -0.950000000   -0.555459300    0.571383600
 835    7.397153000    0.476219800   -1.802526000
 836   -0.950000000   -0.153465400    0.400940900
 837   -0.950000000   -0.797924400   -0.937175900
 838    7.039744000    1.044720000    1.027703000
 839   -0.950000000   -0.853508200    1.350084000
 840   -0.950000000   -0.577700000   -0.824152500
 841   -0.950000000   -0.752392900    0.603748800
 842   11.973580000    0.954566500   -0.207149200
 843   -0.950000000   -1.666320000    1.922803000
 844   -0.950000000   -0.133473900    0.961860500
 845   -0.950000000   -0.855261400   -1.358648000
 846   10.534880000    1.099173000    0.507176700
 847    0.603194300   -0.118122900   -0.050534310
 848    0.816667200   -0.046042900   -0.055011170
 849   -0.950000000   -0.532757900   -0.650092600
 850    3.592653000   -0.003816011   -0.904410200
 851   15.998730000    1.084546000   -1.086816000
 852   -0.950000000   -0.834445700   -0.523746200
 853   16.471050000    1.088412000   -0.688130700
 854   -0.950000000    0.094312490    1.214171000
 855    1.580771000   -0.147995400   -0.520248500
 856   20.972360000    1.545160000   -1.506305000
 857    6.500609000    0.658048100   -0.620472200
 858   -0.950000000   -0.887908200   -0.346444200
 859   -0.950000000    0.184699900    0.860992500
 860    0.644570900   -0.036942990   -1.597256000
 861   -0.950000000   -0.581671200    0.414577000
 862    2.401364000    0.113083300   -0.462733900
 863   -0.950000000   -0.220973000    0.029961210
 864   -0.950000000    0.267776600    0.869604400
 865    7.985965000    0.747367800   -0.222442100
 866   14.411520000    1.224697000   -1.613675000
 867   14.622380000    1.581931000   -0.643246200
 868   -0.950000000   -1.522622000    0.082138890
 869   13.730430000    1.497915000    0.535049700
 870   -0.950000000   -0.728293700    0.580677600
 871   -0.950000000   -1.250574000    1.418180000
 872   -0.950000000   -0.442002100    0.246467900
 873   -0.709063100    0.021929140   -0.009296248
 874   -0.950000000   -0.540099800    0.339397300
 875   -0.950000000    0.151274600    1.055618000
 876    2.749674000    0.425260400   -0.405824600
 877   -0.900715700    0.569171400    1.104049000
 878    1.843040000    0.100184600   -1.091619000
 879   -0.950000000   -1.181998000   -0.332803300
 880    0.143385100    0.171699600    0.235912200
 881   -0.950000000   -1.800225000   -1.420059000
 882   -0.950000000   -1.170809000    0.625697500
 883   -0.950000000   -1.194614000    0.262052600
 884   13.513560000    1.328573000   -0.584767500
 885   -0.950000000    0.219196700    0.605520900
 886   -0.950000000   -0.790601100   -1.575541000
 887    4.573032000    0.944966400   -0.158216700
 888   -0.950000000   -1.907873000   -0.048007690
 889   11.590310000    1.310993000   -0.354463500
 890    7.298916000    0.988698200    0.674584300
 891    4.348039000    0.433897100   -1.030526000
 892   -0.950000000   -1.849883000   -1.118544000
 893   -0.950000000   -0.477312300    0.473937800
 894    4.399702000    0.587097100   -0.077905170
 895   -0.950000000   -0.673894500   -1.336740000
 896   -0.950000000    0.027116340    1.254004000
 897    7.507455000    0.733981500    0.246760900
 898   -0.950000000   -0.828081000    0.473165300
 899   22.827800000    1.904927000   -1.368731000
 900   -0.660797500   -0.054684250    0.258214000
 901   -0.950000000   -0.110440000    0.735117100
 902    5.670438000    0.996285800    0.989763300
 903    4.381608000    0.438178100   -0.260340100
 904    0.975786100    0.745724500    0.408887700
 905    7.297092000    0.706489500   -1.443274000
 906    3.623507000    0.270859600   -0.957233700
 907   -0.950000000   -0.651759900   -0.234028900
 908   -0.950000000   -0.580701700   -0.092167200
 909   -0.950000000   -1.349688000   -0.565735600
 910   -0.950000000   -1.626886000   -0.028607660
 911    6.154285000    0.767629600   -0.841404800
 912   -0.950000000   -1.026093000    1.008862000
 913    5.893816000    1.078432000    0.023463450
 914    3.578434000    0.259936700   -1.016543000
 915   -0.950000000   -1.106152000    0.137631200
 916    2.172139000   -0.071309420   -0.997162100
 917   -0.950000000    0.254387700    1.611491000
 918   -0.259783900   -0.211539400   -0.810065800
 919   -0.950000000   -0.704369800    1.341845000
 920   14.090240000    1.226582000   -0.448777300
 921    1.449712000   -0.125452700    0.161087400
 922   -0.950000000   -0.975913300    1.740626000
 923    1.437921000    0.220733000    0.266043500
 924   11.352630000    0.901964600    1.059184000
 925   -0.950000000   -1.537334000   -0.612303400
 926    1.661528000    0.145145000    0.910635200
 927    2.631099000    0.025201400   -0.779959100
 928   22.545230000    1.876621000   -0.328757900
 929   -0.950000000   -1.489957000    0.231461200
 930   18.654630000    0.910807600   -1.505438000
 931   21.797460000    1.278314000   -1.441143000
 932   17.769550000    1.165215000   -0.523633600
 933    7.379844000    0.578574700    0.786846400
 934   -0.950000000   -0.678036100   -0.643097700
 935   -0.950000000   -0.476062100    0.208501100
 936   -0.950000000   -1.415688000    0.862695100
 937   -0.146060400    0.653697700    1.956492000
 938    1.733848000    0.024083010    1.235567000
 939   -0.950000000   -0.570745800    1.563837000
 940    9.023497000    0.338222600   -1.283698000
 941   -0.950000000   -0.237952300   -0.010943020
 942    0.157387000   -0.284089700   -0.233202800
 943    7.084610000    0.468681900    1.452191000
 944   -0.950000000   -1.887169000   -0.817697800
 945   21.071540000    1.647983000   -1.499260000
 946   -0.950000000   -0.107713600    0.424019100
 947   -0.950000000   -0.973744100   -0.662542600
 948    1.339751000    0.554644000    1.131104000
 949    4.607872000    0.422792100   -0.460164700
 950   -0.950000000   -0.299076100    0.380647400
 951    9.905857000    1.039297000   -1.175217000
 952   -0.950000000   -1.529511000    0.623910100
 953    6.941853000    0.991429300    0.518493500
 954   -0.950000000    0.057675540    0.137076500
 955    7.349331000    1.000272000   -0.576592600
 956   -0.950000000   -1.183353000   -0.257722600
 957    0.617843200    0.236076900    0.053730540
 958   -0.950000000   -0.866594000   -0.300768500
 959   -0.950000000   -0.603887900   -1.099599000
 960   -0.826556900   -0.057489930   -1.201010000
 961   -0.950000000   -0.547342200   -0.326645600
 962   -0.950000000   -1.517110000    0.717496700
 963   -0.950000000   -0.147548600    0.383062200
 964   12.413070000    1.201216000   -0.179724200
 965   10.729680000    1.634251000   -0.062790910
 966   -0.479524300    0.045986570    0.386354700
 967   -0.950000000   -1.689008000   -0.709739600
 968   -0.950000000   -0.411228800    1.291254000
 969   -0.950000000   -1.811700000   -1.110073000
 970   -0.950000000   -1.308026000    0.083508630
 971   10.730820000    1.616736000    1.004173000
 972    8.163269000    0.641889000   -1.663839000
 973   23.142910000    1.945224000    0.578016900
 974   -0.950000000   -0.269828400    0.213034200
 975   -0.950000000   -1.333597000   -0.459144700
 976   -0.950000000   -0.333965000   -0.195041200
 977   -0.950000000   -0.951707800    0.117224900
 978   -0.950000000   -1.679147000   -1.385869000
 979    6.623037000    0.645325400    0.076142420
 980   -0.950000000   -1.078078000   -0.889264100
 981   -0.950000000   -1.264427000   -0.175518700
 982    9.910253000    1.029643000    0.373794600
 983   -0.950000000   -1.664605000    1.700065000
 984    8.417963000    1.076990000   -0.041082920
 985    5.685428000    0.477421200    0.404194100
 986    8.025572000    1.022582000    0.911332000
 987   -0.950000000   -1.362991000   -1.730954000
 988   -0.950000000   -1.371347000   -0.971106000
 989    2.187405000    0.779516000   -0.086854020
 990    2.151520000    0.397221900   -0.148400200
 991    9.407069000    1.251482000    1.433604000
 992   -0.950000000   -1.077599000    1.654993000
 993    2.148792000    0.538582300    0.865437600
 994    1.082365000    0.296491300    0.650877000
 995    3.944279000    0.201087000   -1.380063000
 996   13.976230000    1.286382000    0.678660600
 997   -0.950000000   -1.169737000    0.898809100
 998   -0.743939400   -0.142963800   -0.977445400
 999   -0.950000000   -0.537003000    1.458629000
1000   -0.950000000   -0.554576100   -0.874200900
1001   -0.950000000   -0.955066200   -0.041292220
1002   -0.950000000   -0.595693800    0.131484900
1003   -0.950000000   -1.456151000    0.898980900
1004   -0.950000000   -1.085759000   -0.470701200
1005   -0.950000000   -0.364554700   -1.211641000
1006   -0.950000000   -0.688979000    0.284716600
1007   -0.950000000   -1.414757000   -1.178561000
1008    9.522297000    0.893591400   -0.238091600
1009    4.814085000    0.457282200    1.254863000
1010    7.384190000    0.279896500   -1.081033000
1011   -0.950000000    0.221243100    0.965122000
1012    6.007044000    0.425180300    0.529861400
1013    1.246647000    0.071926630    0.494430100
1014   -0.950000000   -1.191528000    1.163630000
1015   -0.950000000   -1.588146000    0.647641800
1016    0.634790500    0.088972840    0.323421700
1017   18.654200000    1.470704000    1.023626000
1018   21.842390000    1.379800000   -0.556579700
1019   -0.950000000   -0.487724600   -0.579118500
1020   18.962200000    1.687167000   -0.537444200
1021    2.005938000    0.563008000    0.387788000
1022   -0.950000000   -0.289122900    1.934738000
1023   17.092180000    1.303858000   -0.089430230
1024   15.591560000    1.602026000   -1.239971000
1025   -0.950000000   -1.195340000    0.172888200
1026   -0.950000000   -0.272047100    0.469492900
1027   -0.950000000   -1.102204000    0.624610300
1028    0.040736260   -0.300945300   -1.643252000
1029   13.201490000    1.472135000   -0.088716540
1030   -0.950000000   -0.786636500    0.133069000
1031   -0.950000000   -1.914056000   -1.014626000
1032   -0.950000000   -1.029212000    1.906272000
1033    9.903687000    0.716379900   -0.516140500
1034    5.737123000    0.570760400    0.838173000
1035   12.528910000    0.974994500   -1.337636000
1036   -0.950000000   -0.969632800   -0.205935500
1037   -0.950000000   -1.063501000    1.846312000
1038   -0.781777800   -0.223193100   -1.183629000
1039   -0.950000000   -0.503218300    0.384823100
1040   -0.295903800   -0.085510640   -0.220090500
1041    3.828933000    0.447769600    0.555876500
1042    2.053158000    0.133750000    0.389471900
1043    3.206654000    0.186200600   -0.273294200
1044   -0.950000000   -1.823332000    0.866179700
1045   -0.950000000   -0.659519400    1.006815000
1046    5.080698000    0.360691300   -0.340510200
1047   -0.950000000   -0.802862800    1.056704000
1048   -0.950000000   -0.101123400    0.328694300
1049    2.397613000    0.283335200   -0.397858600
1050    9.007720000    1.008342000   -0.036882280
1051    4.056440000    0.207358800   -0.904513000
1052   -0.950000000   -0.621574100   -0.410202400
1053    4.345115000    0.039654750   -1.178173000
1054   12.658920000    1.248673000    0.102101100
1055   12.017010000    0.296683700   -1.755810000
1056    3.229025000    0.070800000   -0.192281200
1057   -0.950000000   -0.444573700    0.968700800
1058   -0.950000000   -0.913240400   -0.647611900
1059   -0.950000000    0.250596600    0.966500800
1060   13.245100000    0.691055300    1.224692000
1061    7.176819000    0.664596600   -0.435477200
1062    8.255231000    0.421276500   -1.362626000
1063    7.355996000    0.338185900   -0.885107200
1064    2.373314000    0.359480000    1.298176000
1065   12.854420000    1.092228000    0.935746000
1066   16.901780000    1.086080000   -0.389437000
1067   10.305980000    0.849819600    0.103769800
1068    6.060834000    0.452970100    0.209150400
1069   -0.950000000    0.192531400    1.507746000
1070    7.353774000    0.950943700    1.475280000
1071   14.804710000    1.023569000   -0.835493700
1072   -0.950000000   -0.753372200    0.522608800
1073   -0.950000000   -1.429082000   -0.526902900
1074   -0.950000000   -1.322972000    1.051110000
1075   -0.950000000   -0.643475400    0.895573400
1076   -0.950000000   -0.752679000   -0.862452700
1077    4.327769000    0.489951300    1.230226000
1078    8.216692000    0.872609000    0.540460100
1079    8.873062000    0.578749900   -0.850187600
1080   -0.950000000   -0.484371000    0.311237700
1081   -0.950000000   -0.544904600    0.704367000
1082   -0.950000000   -0.208371000   -1.052932000
1083    6.795887000    0.885623700   -0.632647300
1084   -0.950000000   -0.614371500   -0.800236400
1085    4.384933000    1.010281000   -0.936682300
1086   -0.950000000    0.375739400   -0.004778681
1087   -0.950000000   -1.002356000   -0.522178100
1088   -0.950000000   -1.399228000   -0.256374200
1089   -0.950000000   -1.784835000    0.392814400
1090   -0.950000000    0.094206870   -0.308899100
1091   -0.950000000   -0.716431500    0.721910200
1092    1.721125000    0.480277100   -0.242715700
1093   -0.950000000   -0.290462700    0.521681400
1094   -0.950000000   -0.618610000    0.276878300
1095    9.305937000    1.265229000   -0.668592300
1096   -0.950000000   -0.416066900    0.848466500
1097    6.592014000    1.170538000    0.748064700
1098   -0.950000000   -0.039466980    1.725895000
1099   -0.950000000   -0.601635900   -0.897129600
1100    4.802900000    0.519094700   -0.782719400
1101   -0.950000000   -1.202000000    0.315263500
1102   -0.950000000   -0.923820400    0.669241000
1103   -0.950000000   -0.860718900    1.142264000
1104   -0.950000000   -0.780047900   -1.030318000
1105   -0.950000000   -1.033007000   -1.148311000
1106    5.784517000    0.846967000   -1.038355000
1107   -0.950000000   -0.909746300   -0.929133100
1108   -0.950000000   -0.969739300   -0.986972800
1109   -0.950000000   -0.176187700   -1.401124000
1110   13.667980000    1.467774000    0.363257200
1111   -0.950000000   -0.116172500   -0.076347620
1112    0.651972100    0.012721490   -1.567942000
1113    3.416081000    0.770213000    1.471569000
1114   -0.950000000   -0.521291100    1.057676000
1115    7.038362000    0.697148700   -1.450520000
1116    3.909686000    0.828861100    0.232376500
1117   -0.950000000   -1.444779000    0.538254600
1118   -0.950000000   -1.013112000    0.893295700
1119   -0.950000000   -0.424405900    0.609195300
1120   -0.950000000   -0.245863600    1.582530000
1121   -0.950000000   -1.008653000   -0.492622800
1122   -0.950000000   -0.834297200   -0.919201400
1123   -0.950000000   -0.812143400    0.367665600
1124   -0.950000000    0.127321700    0.348548600
1125    1.608642000    0.470709600   -1.350157000
1126   -0.950000000   -0.403728600   -0.445088100
1127   -0.950000000   -0.029388190    0.268435100
1128   -0.950000000   -1.119227000    0.716769600
1129    1.415838000    0.414569600    0.154499900
1130   -0.950000000   -0.524320100    0.460353600
1131    2.526792000    0.835320600    0.992842500
1132   -0.950000000   -1.556637000   -0.377804800
1133   10.545200000    1.223215000    0.044909920
1134   -0.950000000   -0.929791200    0.159041800
1135    3.815686000    0.378124900   -1.575682000
1136   19.849190000    1.984445000   -0.735445500
1137   -0.950000000   -0.965360700   -0.381784000
1138   13.687180000    1.279116000   -0.229874300
1139   -0.950000000   -1.151455000   -0.649139500
1140   -0.950000000   -1.089334000    0.513786100
1141    3.260211000    0.090885500   -0.368421400
1142   14.351590000    1.690968000    0.647731400
1143   -0.950000000   -0.429805100   -0.093816020
1144    6.086831000    0.976674700    1.128522000
1145    2.331872000    0.116153000    0.141441300
1146   -0.950000000    0.048290090    1.202802000
1147    2.597216000   -0.472665500   -1.841449000
1148    9.770943000    1.030666000   -0.842561400
1149    0.493678600   -0.542727700   -1.559956000
1150   -0.950000000   -0.621750300    0.932743700
1151    4.518653000    0.175319200    0.061892460
1152   -0.640485000   -0.219504500    1.607000000
1153   -0.950000000   -0.409634800   -0.157984600
1154    2.389165000    0.073911120    0.260014900
1155    6.707143000    0.777080500   -0.023275390
1156   -0.950000000   -0.794980400   -1.133199000
1157   -0.476628500    0.122946200   -0.736214400
1158    2.938049000    0.823517400   -1.055396000
1159    4.602259000    0.672884600   -0.941946200
1160    8.636130000    0.900871900    0.310614200
1161   -0.950000000   -1.178039000    1.067492000
1162    3.026163000    0.534033000   -1.544070000
1163   -0.950000000   -1.204423000   -0.309288400
1164   -0.950000000    0.172201400   -0.476868600
1165   -0.950000000    0.531422200    1.537790000
1166   -0.950000000   -1.614443000   -0.325518400
1167   -0.950000000   -0.188933600    0.210658000
1168   -0.950000000   -0.518283900    0.634334500
1169   -0.950000000   -0.485892200   -1.194852000
1170   -0.950000000   -0.419594700   -0.170692700
1171   17.530020000    1.197881000   -0.679949900
1172   -0.950000000   -0.424114200    0.221754800
1173   14.162700000    1.484127000    1.312747000
1174    8.635043000    0.424561800   -1.269582000
1175   -0.950000000   -1.346067000   -1.114912000
1176    5.247013000   -0.194601300   -1.023748000
1177   -0.950000000   -0.913992000    1.232798000
1178   -0.950000000   -0.296627800    1.552051000
1179    9.571163000    0.581037400    0.229915200
1180    0.883097100   -0.459566400   -0.315165200
1181   10.661690000    0.572035700    1.460319000
1182    3.802424000    0.308430300    1.187673000
1183    2.119368000    0.208704600    1.106583000
1184   10.574680000    0.502888200   -1.372114000
1185    3.111863000    0.263860200    0.832745700
1186   -0.950000000   -0.267881600   -0.298579200
1187    9.325291000    0.782260100   -0.020116120
1188   -0.950000000   -0.807967300   -0.612119500
1189    1.946449000    0.334209500    0.067322460
1190   13.212020000    1.386758000    0.181925000
1191   -0.950000000   -0.858711600    1.216284000
1192   10.720770000    0.943469800   -1.541240000
1193   -0.950000000   -0.151933700    0.461305800
1194   15.711780000    1.496885000   -0.822199600
1195   -0.950000000    0.137897000    0.645923200
1196   -0.950000000   -0.030891550    0.319119100
1197    3.122572000    0.332634800   -0.247469800
1198   -0.950000000   -0.636246400   -0.800015000
1199    1.221115000    0.480689400    0.531975200
1200   -0.950000000    0.093896390    1.081716000
1201    1.941560000    0.285039300   -0.203750900
1202   -0.950000000   -0.273796600    1.111934000
1203    3.445469000    0.398846400   -0.906712100
1204   -0.950000000   -0.355667600   -0.932397500
1205    0.272009500    0.007506962   -1.068652000
1206   -0.950000000   -0.765766400   -0.858473800
1207   -0.950000000   -0.421665300    0.616239400
1208   11.315300000    1.235679000    0.907235400
1209    1.140226000    0.380339400   -0.531819600
1210   -0.950000000   -0.397790700   -1.200706000
1211   -0.950000000   -0.287809100    0.877167300
1212   -0.950000000   -0.169602800    1.372437000
1213   -0.950000000   -0.130663000   -0.467362200
1214   -0.315286700   -0.007598631   -0.864935400
1215   -0.950000000   -1.142946000   -0.499861300
1216   -0.950000000   -0.901862800   -1.187350000
1217   16.099930000    1.346773000   -0.844489300
1218   -0.950000000    0.047805090    1.411028000
1219   12.343180000    0.927167000   -0.817348200
1220   -0.950000000   -0.703876200   -1.013253000
1221    8.106029000    0.787816900   -0.056299470
1222   -0.950000000   -1.237023000   -0.613306900
1223   -0.950000000   -0.103109100    1.725542000
1224    7.904284000    0.778133700    0.443569300
1225    6.473615000    0.392285300   -0.236912500
1226   -0.950000000   -0.834330100    0.948096500
1227   15.920550000    0.951524000   -1.697048000
1228   -0.569157000   -0.333866600    1.067476000
1229   -0.950000000   -1.145407000    0.189101700
1230   -0.950000000   -0.838193500    1.245193000
1231    2.442843000    0.032109020   -1.535486000
1232   15.575600000    1.134283000   -0.026122130
1233    4.442549000    0.303828800   -0.562778800
1234   -0.950000000   -0.347659500    0.975892700
1235   -0.950000000   -0.375346000   -0.928447600
1236   -0.950000000   -0.330443700   -0.288383500
1237   18.346500000    1.746915000   -0.653677800
1238   11.088930000    1.353607000   -1.739893000
1239    8.974456000    0.888255900   -0.057883590
1240   -0.950000000   -0.745597500   -1.158500000
1241   10.921610000    1.878964000    0.278293100
1242    9.896044000    0.989113900   -0.004890108
1243   -0.950000000   -0.613153800   -0.626235000
1244   -0.950000000   -0.482031100    0.822895500
1245   -0.950000000   -0.803665400   -0.463135100
1246    5.122325000    0.507684800   -1.307160000
1247   -0.950000000   -0.202034400   -0.688336500
1248   -0.950000000   -1.203248000    0.404875900
1249    1.819305000    0.397251700    0.568025900
1250   -0.950000000   -0.741395500   -0.589367100
1251   -0.950000000   -0.083312770    0.906702200
1252   -0.950000000   -1.746733000   -0.227354200
1253   10.108340000    1.000212000    0.651480600
1254   -0.950000000   -1.060760000    0.544030300
1255   -0.950000000   -0.572540600   -1.890355000
1256    1.460281000    0.395296000    0.230573700
1257   -0.950000000   -0.620886500    1.131882000
1258   12.826240000    1.347284000    1.116046000
1259   10.376510000    1.001268000   -0.947137100
1260   -0.950000000   -0.387978300   -0.059024980
1261   10.030750000    1.228470000    0.629673900
1262   -0.950000000   -1.748243000    0.974611400
1263   -0.950000000   -0.332037000   -0.489174900
1264   -0.950000000   -0.698505700    0.177536100
1265    1.269132000    0.566903500   -0.239140000
1266   -0.950000000   -1.101835000   -0.347559600
1267   -0.950000000    0.415171300    1.719645000
1268   -0.950000000   -1.693585000   -1.196015000
1269   -0.950000000   -0.270226500    1.179649000
1270   -0.950000000   -0.666902700   -0.321024100
1271   -0.950000000   -1.305446000    1.019443000
1272    7.774620000    0.625555700   -1.096480000
1273   -0.950000000   -1.061910000    0.200940300
1274   -0.901007900    0.268249500    0.109587700
1275    6.437373000    0.635827500    0.142498800
1276   -0.950000000   -0.431469300   -0.476501000
1277   -0.950000000   -1.110474000    0.183009300
1278    5.157985000    1.068334000    0.274685400
1279   12.704460000    1.219479000   -0.827028000
1280   -0.950000000   -0.356070000    0.241077500
1281   -0.950000000   -1.833096000    0.214457000
1282   -0.950000000   -1.031954000    0.141074000
1283   -0.950000000   -0.040339640   -0.146713700
1284   -0.950000000   -1.183503000   -0.470294000
1285   -0.322853500   -0.006697920   -1.712007000
1286    6.967514000    0.721334400   -0.732012800
1287    4.366176000    0.715638400    1.080472000
1288    5.329241000    0.903115700   -0.391271900
1289   -0.950000000    0.061364730   -1.530577000
1290   -0.950000000   -0.255393800    0.809285900
1291   13.083540000    1.017388000    0.540909700
1292   -0.950000000   -0.982760600    1.147277000
1293   13.747710000    0.821254400    0.038877390
1294   19.086730000    0.853140100   -0.194816700
1295   -0.950000000   -1.080685000    0.954916200
1296   13.783600000    1.346999000    1.191329000
1297   19.948330000    1.652802000   -0.453212500
1298   -0.950000000   -1.097681000    0.327332900
1299   16.642050000    0.922353800    0.454179100
1300    4.338666000    0.010474070    0.618655800
1301   26.846230000    1.922011000   -0.571949100
1302    9.317493000    0.374442400   -0.492475000
1303    3.581145000   -0.094874620    0.209070800
1304   -0.950000000   -1.144239000   -0.120753200
1305    5.855714000    0.128544400   -0.065999040
1306   -0.950000000   -0.810072700   -0.606076300
1307   -0.950000000   -0.956617700   -0.518774800
1308   -0.950000000   -1.183415000   -1.298718000
1309   -0.950000000   -0.353229600    1.688414000
1310   -0.950000000   -1.720856000    1.461899000
1311   -0.950000000   -0.060441950   -0.308892400
1312   -0.950000000   -0.471106800   -0.472938300
1313   -0.950000000   -0.254854800   -0.202236500
1314    7.862560000    0.794491200   -1.108166000
1315   -0.950000000   -0.779732000   -0.631916300
1316   -0.950000000   -0.082767290    1.087983000
1317   -0.950000000   -1.970946000    0.338413300
1318   -0.950000000   -0.147060500   -0.929662200
1319   -0.950000000   -1.302994000   -0.239817700
1320   10.298450000    1.176743000   -1.924484000
1321   -0.950000000   -1.129823000    0.146566200
1322    8.254162000    0.794979600   -0.779785000
1323   -0.294409300   -0.124039800    0.808185100
1324    6.175817000    0.678596000   -0.282243600
1325   21.999930000    1.857128000   -1.267911000
1326    3.573478000    0.025645520   -1.061609000
1327    4.507638000    0.326720600    0.372786900
1328   13.730800000    1.165910000   -0.942126300
1329   27.878970000    1.740586000   -0.682478700
1330   -0.950000000   -0.560209400    1.038929000
1331    4.641007000    0.229439400    0.083669240
1332   -0.950000000   -0.964813200   -0.975169600
1333    0.279831000    0.147615000    1.689828000
1334    9.041719000    0.544562400   -1.238700000
1335    8.865619000    0.782375400    0.949838300
1336    2.264426000    0.234694000    1.883861000
1337   13.080690000    1.287900000    0.266905600
1338   -0.950000000   -0.975766400   -0.877178900
1339    6.523974000    0.383532400    0.711661500
1340   18.230620000    1.668674000    1.578141000
1341   23.668080000    1.417599000    0.588879900
1342   -0.468501500   -0.295063100   -0.049126400
1343   13.299730000    0.832433700   -0.328700500
1344    3.909788000   -0.011546480   -0.759444600
1345   10.634670000    0.540922200   -0.146801000
1346   -0.950000000   -0.762150500   -0.726570900
1347   -0.950000000   -0.717374200   -0.858443000
1348    7.388682000    0.146525400   -0.497693600
1349   16.295870000    1.342716000   -1.639444000
1350    9.606329000    0.956208000    0.868184700
1351   13.771650000    1.168691000   -0.179183100
1352    8.171239000    0.961099400    0.312782500
1353    4.150735000    0.189435500   -0.394860800
1354    3.595921000    0.482684100   -0.038214580
1355    1.839079000    0.204482800    0.263049300
1356   10.656370000    0.517072100   -1.433974000
1357   -0.950000000   -0.201411700   -0.943015100
1358    7.648260000    0.788659800   -0.533244600
1359   10.851510000    1.080244000    1.290224000
1360    6.072131000    0.654041600   -0.445770600
1361    0.376062700    0.020364110   -0.041274460
1362   -0.950000000   -0.261308700   -0.309390000
1363   -0.950000000   -0.294005800    0.032868470
1364   -0.950000000   -0.482787200    0.454368000
1365   -0.950000000   -1.213160000   -0.709495100
1366   15.007010000    1.259747000   -1.081295000
1367   15.791420000    1.514482000    0.120569200
1368    5.332451000    0.531928100    0.730724500
1369    1.796230000   -0.135597700   -0.673514100
1370   11.779940000    1.128719000    0.172525500
1371   -0.950000000   -1.105067000    1.865674000
1372   -0.950000000   -0.226265800   -0.326476800
1373   -0.950000000   -0.773642900   -0.863715400
1374   -0.950000000    0.002181714    1.389531000
1375   -0.950000000   -0.449904400   -1.670943000
1376   -0.567085600   -0.160579600   -0.266389000
1377    4.072738000    0.337047900   -0.188020900
1378   -0.950000000   -0.842824800   -0.960051400
1379   15.454580000    1.552137000   -0.943005200
1380    6.201367000    0.552323800   -0.436446600
1381    6.393286000    0.385636900   -1.129927000
1382   -0.950000000   -0.114462800    0.338130600
1383   -0.950000000    0.063646460    1.495898000
1384   -0.950000000   -0.054238500    0.811058100
1385   -0.950000000   -0.246396200   -0.147696000
1386   -0.950000000   -0.385121400   -1.273856000
1387   -0.950000000   -0.493429300   -1.985810000
1388   -0.950000000   -0.389135500    0.332056700
1389   -0.950000000   -0.281370700   -0.768426900
1390   10.432990000    1.250458000    0.286662500
1391   -0.950000000    0.071635030    0.313011700
1392   -0.950000000   -0.576727100   -0.162339500
1393   -0.950000000   -1.958259000    0.052842580
1394   12.701350000    1.422215000    0.052127360
1395   -0.950000000   -0.185257300    1.039341000
1396    4.246042000    0.539346500   -0.354629800
1397   -0.950000000   -1.312921000   -0.894738600
1398    1.566248000    0.278681300   -0.198141800
1399   18.687450000    1.711392000   -1.601258000
1400   -0.950000000   -1.890341000    1.477284000
1401   -0.950000000    0.115171500    1.239043000
1402    3.371541000    0.202109500   -1.335751000
1403   -0.950000000   -0.469902400   -1.437446000
1404   -0.950000000   -1.623379000   -1.942003000
1405    6.488538000    0.481538600   -1.187462000
1406    6.164454000    0.709674200   -0.681275400
1407    3.272610000    0.511579200    0.059460510
1408   17.762760000    1.724347000    0.039104670
1409    8.022661000    1.113370000   -0.101064100
1410   14.308880000    1.486496000    0.139387400
1411   -0.950000000   -0.454336000   -0.051490420
1412   -0.950000000   -0.240835500   -1.007051000
1413   -0.950000000   -0.831006900   -0.714762400
1414   -0.950000000   -0.251789000   -0.654299600
1415    3.982521000    1.128877000    0.666822300
1416   -0.838809100    0.364542200   -0.610351400
1417   -0.950000000   -1.257325000    0.134037300
1418   -0.950000000   -0.362844900    1.207055000
1419   -0.950000000   -0.297629500   -0.188219200
1420   -0.950000000    0.304007700    0.682574100
1421   -0.950000000   -0.118062800   -1.350722000
1422   -0.950000000   -0.244511400    0.487983600
1423    4.227597000    0.776874300    0.209995800
1424   -0.950000000   -0.295148500    0.260087400
1425   -0.950000000   -0.845998700   -1.027836000
1426    4.639458000    0.138894200   -0.723187400
1427    4.657211000    0.060959820   -0.478424000
1428   -0.950000000   -0.480227000   -1.275985000
1429    2.808640000    0.353331300    0.698348500
1430   -0.948981400   -0.407865400   -0.064187640
1431    5.853953000    0.744405900    0.689222100
1432   -0.950000000   -1.367713000    1.682405000
1433   11.915610000    0.822191900    0.157757200
1434   11.593190000    0.856004000    0.885585500
1435   -0.950000000   -0.273035900    0.569268700
1436   -0.950000000   -0.160764700    1.944446000
1437   -0.950000000   -0.284075900    1.196028000
1438   -0.950000000   -0.775640100   -0.141303500
1439    1.256172000    0.148200600    0.675913800
1440    7.834579000    0.269525600   -0.697803300
1441    8.866818000    0.276032800    0.497433100
1442   -0.950000000   -0.991889000   -0.735805900
1443   19.134670000    1.534128000   -0.098912630
1444   -0.950000000   -0.976972500   -0.282329900
1445    6.131887000    0.186190700    1.216444000
1446   16.893380000    1.454508000    0.545145700
1447   -0.950000000   -0.894861400    0.547542600
1448   12.800200000    1.278482000    0.920429500
1449   10.223060000    0.210059600    1.317217000
1450   15.729840000    1.065028000    1.360207000
1451    2.793655000   -0.020266050    1.066680000
1452   15.092570000    0.261166400   -1.956755000
1453   11.749820000    0.421809500   -0.141579600
1454   -0.950000000   -0.310439600    1.477781000
1455   14.215310000    1.039894000    0.301625300
1456   16.996530000    1.334133000    0.319233000
1457   -0.950000000   -1.120902000    1.399635000
1458    2.296527000    0.677802500    1.580718000
1459   -0.950000000   -1.334319000    1.677006000
1460   15.378940000    1.192045000    1.728057000
1461   16.117110000    1.146572000   -0.675702300
1462   -0.688083200   -0.131668900    0.732293200
1463   -0.073503450   -0.408615100    1.199175000
1464    9.648299000    0.538727600    0.591662500
1465   -0.950000000   -0.993647000    0.343681000
1466   14.386900000    0.732903200   -1.074945000
1467    0.967909100   -0.191348200   -0.067978900
1468   21.103970000    1.944291000   -1.889505000
1469   -0.950000000   -0.416754000    1.450524000
1470    3.970564000    0.205388300    0.334917000
1471    3.909423000    0.080051340    0.278455700
1472    3.071263000   -0.106018800    0.108089600
1473   -0.950000000   -0.891726700   -0.672164500
1474   18.494630000    1.425445000    0.949793800
1475   18.497310000    1.198165000   -0.688054300
1476   -0.950000000   -0.932215300    1.465556000
1477   14.086210000    1.333930000    1.377299000
1478    7.659617000    0.330518700    0.807895800
1479   17.148080000    1.141602000    0.136018100
1480   -0.950000000   -0.858187700    0.642340400
1481   -0.950000000   -0.646288600    1.711129000
1482   15.299400000    1.351897000    0.703398300
1483   -0.913110800   -0.547006300   -0.333402100
1484   21.387880000    1.621462000   -0.762516000
1485   12.867910000    0.499643300    0.865872600
1486   -0.950000000   -1.896858000    1.364999000
1487   11.842830000    1.321412000    0.363629700
1488    0.990183400   -0.078942320    0.717342200
1489    4.223668000    0.371612200    0.877092600
1490    1.163571000   -0.235615800   -0.815572700
1491   -0.159309100   -0.510178600   -0.656309300
1492   -0.950000000   -0.592996700    0.166260100
1493   19.087280000    1.668210000   -0.292125500
1494   18.266390000    1.008407000   -0.794478800
1495   15.257500000    1.112090000   -0.655778500
1496    2.365045000   -0.053544180    0.932695400
1497    8.547680000    0.857816700    1.196338000
1498    0.685202000    0.019928970    0.604510000
1499    7.793710000    0.379806400   -0.586874000
1500   -0.950000000   -0.620020700    0.406433800
