*y  x1  x2
   1    0.525785100    0.322647400    0.214499100
   2   -0.508740600    0.172566600   -0.178961700
   3   14.144930000    1.699617000    0.628906100
   4   -0.950000000   -1.040152000    1.967785000
   5   -0.950000000   -0.579770900    0.515174300
   6   -0.950000000   -0.535332200   -0.656068800
   7   -0.950000000   -0.554004400   -0.653708300
   8    9.412545000    0.805224400   -0.371199200
   9   -0.950000000   -0.058294520   -0.030752600
  10    2.439520000    0.480721200    0.579935900
  11   -0.950000000   -0.346864800    0.192146200
  12   -0.950000000   -0.289258000   -1.336966000
  13   -0.950000000   -1.136725000   -0.142791100
  14   -0.950000000   -1.445864000   -0.237779800
  15    0.170887500    0.158870300   -0.954647900
  16   -0.950000000   -1.048625000   -0.289901200
  17    9.625187000    0.448400100    1.415101000
  18    9.191574000    0.679503100    0.062201380
  19   -0.950000000   -1.831035000   -1.940775000
  20   -0.950000000   -0.357275200    1.080003000
  21   18.967370000    1.469686000    1.616974000
  22    6.680505000    0.108802600   -0.538664600
  23    0.370671500    0.048255850    0.792971600
  24   16.972060000    1.363916000   -0.323401400
  25    9.598892000    0.282902600   -1.487644000
  26   15.199260000    1.083095000    1.127923000
  27    3.327878000   -0.161559100   -0.325498900
  28   11.617050000    0.936053700    0.798559300
  29   21.701210000    1.883639000   -0.152203600
  30   16.791840000    1.733577000   -0.413759800
  31   -0.320638500    0.058240340   -0.962265000
  32    2.278263000    0.300068100   -0.232376200
  33    3.830796000    0.162335600   -1.043096000
  34    3.432407000    1.094708000    1.237027000
  35   -0.950000000   -0.078722000    0.942496000
  36   -0.950000000   -0.728547700   -0.794210800
  37    1.869363000    0.185470200    0.112785300
  38   -0.950000000   -1.279695000   -0.437480000
  39   -0.950000000   -0.170859600    1.281074000
  40   15.010230000    1.469357000    0.334390800
  41   -0.950000000   -0.741486700    0.665105900
  42   -0.395104500    0.035042770    0.109857000
  43   -0.950000000   -1.862404000    0.911054200
  44    3.604982000    0.505360200   -0.309933200
  45   -0.950000000   -1.056378000   -0.150966100
  46   -0.950000000   -0.537566000    0.042738500
  47   -0.950000000   -0.697361400   -0.186930400
  48   -0.950000000   -1.355264000    0.298363300
  49    4.748017000    1.453968000    1.481712000
  50   -0.950000000   -1.539814000   -0.271124400
  51    2.533887000    0.293064000    0.950910000
  52    1.707552000    0.292024200   -0.703205600
  53    3.823412000    0.818973800    0.476907200
  54   -0.950000000   -0.650445200    0.837576200
  55   -0.950000000   -0.669991200    0.631185800
  56    1.466028000    0.133685700   -0.505557200
  57   -0.950000000   -0.426081000   -0.063716240
  58   -0.950000000   -0.292575200    0.023105160
  59   18.531880000    1.538484000   -0.766946300
  60   -0.950000000   -1.519658000    0.002283102
  61   10.680810000    0.968306800   -0.159271900
  62   -0.950000000   -0.789277000   -1.109439000
  63   -0.950000000   -0.291384700    1.503344000
  64   -0.950000000   -0.056930050    0.491593000
  65   -0.950000000   -0.042500340   -0.000600221
  66   26.305360000    1.980434000   -0.436505200
  67   12.629190000    1.092393000   -0.137717900
  68   -0.950000000   -0.778990500    0.406485000
  69    4.648258000    0.986545400    0.013996460
  70   -0.950000000   -0.662150000   -0.177383900
  71   -0.950000000   -0.458818700   -0.013480510
  72   -0.950000000   -1.474434000   -0.210267500
  73   19.266510000    1.686034000   -1.232290000
  74    1.563137000    0.431590400   -0.277231100
  75   -0.840003600   -0.019067550   -0.491835400
  76   -0.950000000   -0.911516400    0.075603100
  77   -0.950000000   -0.348584000   -0.877841100
  78   -0.950000000   -1.949733000   -0.166241800
  79    6.614211000    1.003766000   -1.057187000
  80   -0.950000000   -1.300106000    0.172895400
  81   -0.950000000    0.048478340    0.763987400
  82   -0.950000000   -0.605335700    0.137197200
  83   -0.950000000    0.022518720    0.781962400
  84   -0.950000000   -0.814166200   -0.268441200
  85   -0.950000000   -0.454555200    1.552564000
  86    3.370895000    0.317316600   -1.829257000
  87   -0.950000000   -0.112537600    0.974085000
  88    0.389454700   -0.041062480   -1.192953000
  89    3.571244000    0.420157200   -0.704220900
  90    0.329567500    0.120791200   -0.550983700
  91   -0.950000000   -0.588940200   -0.971558200
  92   20.139490000    1.937840000    0.073226960
  93   -0.950000000   -0.552234300    1.343083000
  94    2.918407000    0.510510400    1.218169000
  95   -0.950000000    0.004573768   -0.200881500
  96   -0.950000000   -0.864511000    1.116264000
  97    3.859764000    0.549180300    1.154041000
  98   -0.885667000   -0.146900400   -0.704996200
  99    1.458217000    0.215773900   -0.654500600
 100   13.222430000    1.536277000   -0.307621800
 101    6.278332000    0.664458800    0.398759000
 102   -0.950000000   -0.079377230    0.556303700
 103    1.743543000    0.055630180   -1.214818000
 104   -0.950000000   -0.230579000   -0.125259800
 105   -0.950000000   -1.552821000   -1.405644000
 106   16.040780000    1.811276000    0.768498600
 107   24.696410000    1.599223000   -0.243810400
 108   -0.950000000   -0.813998000    0.353081100
 109   10.768710000    0.810776600   -0.659382400
 110   -0.950000000   -0.424062600   -0.036091540
 111   -0.950000000   -1.438579000    0.359966000
 112   10.725020000    0.873834400    0.053493700
 113   11.100180000    1.884805000    1.715229000
 114    5.646764000    0.286240500    0.795783700
 115    2.468910000   -0.176743500   -0.854989200
 116    7.549292000    0.314827900    0.254974100
 117    7.041391000    0.267521200   -0.615430500
 118   -0.950000000   -1.173934000   -0.893116600
 119   -0.950000000   -0.599418800   -1.052796000
 120    6.803301000    0.252004900    0.534730900
 121   15.300130000    1.102540000   -1.082274000
 122    6.523210000    0.655928900   -0.736803400
 123   13.123820000    1.375248000   -0.550402300
 124    0.754725400   -0.008938265   -0.000092725
 125   -0.950000000   -1.801062000    1.088445000
 126   -0.950000000   -0.299381000   -0.464545100
 127   17.995110000    1.920276000    0.730269500
 128   -0.950000000   -1.873025000    0.827345600
 129    0.272126600   -0.025040000   -0.302757300
 130   15.689150000    1.356382000   -0.349776400
 131   -0.950000000    0.114250300    0.959899900
 132   -0.950000000   -0.281230900   -0.163920400
 133   -0.950000000   -1.828852000   -0.176387100
 134   -0.950000000   -1.322003000   -0.026065540
 135    0.334852400    0.219095400    1.346146000
 136    6.657812000    0.193401100   -0.401181700
 137   -0.950000000   -0.523114800    1.564553000
 138    8.292560000    0.737433300    0.309408000
 139   -0.657512500   -0.399796800    0.363629800
 140   10.196250000    0.833512700    0.105712000
 141   -0.950000000   -0.781381800    0.582079600
 142    8.869469000    0.750758800    0.065911010
 143   -0.950000000   -0.930973400    1.474827000
 144   17.806040000    1.570694000   -0.084440880
 145    7.947216000    1.148581000    1.308057000
 146   -0.950000000   -1.826511000   -0.035065750
 147    2.524583000   -0.178106500   -0.434695100
 148   -0.507106000   -0.443464500   -0.593197800
 149    7.705708000    0.626007700    0.599280800
 150   -0.950000000   -1.759086000   -0.316366600
 151   10.191230000    0.899931900   -1.183003000
 152   -0.950000000   -0.563086800   -1.513865000
 153    2.892487000   -0.083028400   -1.831636000
 154   14.111050000    1.430570000    0.096073920
 155   16.020830000    1.592465000   -0.506847900
 156   15.358810000    1.457044000    1.633128000
 157    6.110452000    0.876082100   -1.097593000
 158   11.974810000    1.097482000   -0.462305000
 159   20.462330000    1.659262000   -1.301608000
 160   -0.950000000   -0.783849900   -0.384949500
 161   -0.950000000   -1.612857000    1.662573000
 162   -0.950000000   -0.471446900   -0.290376900
 163    3.305258000    0.079347220   -1.843147000
 164   -0.950000000   -1.601421000   -1.499161000
 165   -0.950000000   -0.348325400   -1.145160000
 166    2.476408000    0.650937900   -0.124488700
 167    1.017739000   -0.046592790   -0.778656000
 168    5.984436000    0.767326100   -0.197087200
 169   -0.950000000   -0.017368070    0.269762600
 170   -0.950000000   -0.919876800    0.992283000
 171    0.424759200   -0.055122040   -0.458851400
 172   -0.950000000   -1.261268000   -1.299199000
 173   14.269970000    1.297055000   -0.416658800
 174   -0.950000000   -0.743267000    0.898194700
 175   -0.950000000   -1.744087000    0.217376500
 176    2.839722000    0.325104200   -0.650581300
 177   -0.950000000   -0.339509800    0.222327500
 178   -0.879619500   -0.220495200   -1.492672000
 179    2.317769000    0.153995800   -1.188913000
 180   -0.950000000   -0.145564700    0.367198700
 181    3.497016000    0.574972500    1.075012000
 182   -0.366009200    0.020491730   -1.873594000
 183   -0.950000000   -0.287166400   -0.635016600
 184    3.486797000    0.354483500    0.256808900
 185   -0.950000000   -1.569678000    1.095270000
 186    3.087289000    0.252888100   -0.530055300
 187   -0.950000000   -0.607984700   -0.093196920
 188   -0.950000000   -0.534632600    0.301032600
 189   -0.950000000   -0.613138500    1.347361000
 190   15.947500000    1.629670000    1.683253000
 191   -0.950000000   -0.642146700    0.769408700
 192   -0.950000000   -0.379124800   -0.938671300
 193   -0.950000000   -0.591760700    0.408004600
 194    5.103953000    0.294619100   -1.389923000
 195   -0.950000000   -0.630090400   -0.197727000
 196   -0.820855900    0.306198800    1.605764000
 197    7.772550000    0.630180200   -1.139319000
 198    1.597722000    0.138088300   -0.805326500
 199   -0.950000000   -1.211433000   -0.002050464
 200    2.928669000    0.085934950    0.038779110
 201   -0.950000000   -0.897145500    1.172009000
 202    5.152659000    0.842457900    0.694752000
 203    7.594958000    0.922828700   -0.032457080
 204   -0.950000000   -0.073872770    1.038039000
 205    6.874482000    0.381115800   -1.258397000
 206   -0.950000000   -0.067813760    0.482683100
 207   -0.950000000   -1.121952000   -0.495065200
 208   -0.950000000   -0.808947000    0.297892900
 209   -0.950000000   -0.531180000    0.257731100
 210   18.409420000    1.592752000   -0.426744000
 211   -0.950000000   -1.020694000   -1.294718000
 212   -0.023987170   -0.309683800    1.110855000
 213   -0.950000000   -0.436385600   -0.499883600
 214    2.335344000    0.309400300   -0.038398430
 215   11.642140000    1.057936000    0.888994400
 216    7.583031000    0.967510600    0.942408300
 217   -0.950000000   -0.633793100    0.759246600
 218   11.702220000    0.755284900   -0.421054600
 219    2.400171000    0.180587800    1.726638000
 220   -0.950000000   -0.258684900   -0.191912300
 221   17.161740000    0.988096400   -1.147866000
 222   -0.950000000   -1.956386000   -1.245817000
 223   -0.950000000   -0.901910600    0.740422300
 224    4.931281000    0.233463000    0.781993300
 225   14.835820000    1.481900000    0.044445640
 226   -0.950000000   -1.072632000    0.523341700
 227   -0.950000000   -0.928993600   -0.641970600
 228    9.731900000    0.726982400    0.912471500
 229    1.699061000    0.235527200   -0.261319200
 230    0.536830100    0.199762200    0.375790900
 231    5.358598000    0.318091200   -1.240112000
 232   -0.950000000    0.127535500    0.744260200
 233    1.036799000    0.373942400    1.082619000
 234    6.106871000    0.355446600   -0.683005600
 235    7.148781000    0.487739300   -0.611863600
 236   10.015410000    1.508406000    0.053784490
 237   -0.950000000   -0.561355400   -0.271529100
 238   -0.950000000   -0.650075400   -1.369234000
 239   -0.950000000   -1.259744000    0.489653600
 240   -0.950000000   -1.123475000    0.740675000
 241    4.910178000    1.222335000    1.058061000
 242   -0.950000000   -0.553246600   -1.188664000
 243   -0.950000000   -0.189930800   -0.238424700
 244   -0.950000000   -0.510522300   -1.723688000
 245    1.079524000    0.533183900   -0.419897100
 246    9.266431000    1.635119000   -0.553619800
 247   -0.950000000   -0.245147300   -0.463030800
 248   -0.950000000   -0.247172000    0.261240300
 249   -0.950000000   -0.902405500   -1.101187000
 250   -0.950000000    0.093009030   -1.569219000
 251   -0.950000000   -0.541572400    0.503894900
 252   -0.950000000   -0.593665600   -0.644241500
 253   -0.950000000   -1.036372000    0.367605100
 254   -0.950000000   -0.557231100   -1.329327000
 255   -0.950000000    0.081350830   -1.282990000
 256   -0.950000000   -0.401576200    0.735223000
 257   15.322090000    1.231339000   -1.386768000
 258   -0.950000000   -0.629335500    0.171325800
 259   -0.950000000   -0.691036900    0.774841000
 260   -0.950000000    0.340259100    0.552665600
 261   -0.950000000   -1.483518000   -1.064130000
 262    5.019317000    0.769561200    0.277074700
 263   -0.950000000   -1.084753000    0.005293727
 264   -0.950000000   -1.481013000   -0.483965100
 265   -0.950000000   -0.337775900    1.330485000
 266    6.107051000    0.514522000    0.439888400
 267   -0.950000000    0.048894480    1.722543000
 268    0.710744600    0.245929200   -0.343224200
 269    0.013277220    0.123674600   -1.219112000
 270   -0.950000000   -0.339488500   -0.428661100
 271   -0.950000000   -0.433435300    1.439510000
 272   -0.950000000   -1.689797000   -0.665745100
 273   14.519680000    1.028566000   -0.269357800
 274   20.095700000    1.636358000    0.689377600
 275    1.633065000    0.439626100    1.288104000
 276    0.050862870   -0.101522300   -1.250548000
 277    4.289373000    0.476326100    0.159300600
 278   -0.950000000   -1.790210000   -0.335146000
 279    3.202557000    0.156470000   -1.286220000
 280   -0.950000000   -0.484035000    0.949215800
 281   -0.950000000   -0.134084800    1.202555000
 282   -0.950000000   -0.651575100   -1.029681000
 283   -0.950000000   -0.750429900   -0.487339700
 284   -0.950000000   -1.903838000    0.657325600
 285    3.842929000    0.648615600    0.283562000
 286    6.758108000    0.234205600    0.883009400
 287   13.124490000    0.669073000   -0.805032200
 288   -0.950000000   -1.546529000    1.582757000
 289   -0.950000000   -0.446622200    1.438023000
 290    9.729679000    1.244415000    0.518785400
 291   -0.718774400    0.270080900    1.922116000
 292   10.561850000    0.770452900   -0.265604900
 293   -0.950000000   -1.788833000   -0.570064600
 294   -0.950000000   -1.284618000   -0.113840600
 295   16.787490000    1.109344000   -0.217899500
 296   -0.950000000   -0.963769800    0.162592500
 297   13.121740000    0.844122400    0.411079400
 298    6.286950000    0.354210000   -0.209114200
 299   -0.950000000   -0.358401800    0.869475900
 300   13.059790000    1.349509000    0.997937700
 301   -0.551229100    0.154680400    0.403582200
 302    4.196573000    0.999258300    1.627062000
 303   -0.950000000    0.245153400    0.104962400
 304   -0.950000000   -1.564384000   -0.746716700
 305   -0.950000000   -0.265507100   -1.430759000
 306   -0.950000000   -0.521499100   -1.625405000
 307   -0.950000000   -1.048781000   -0.501203500
 308    8.801926000    1.404058000   -0.374862300
 309   -0.950000000   -0.815700400    0.466439200
 310   -0.950000000    0.121457100    0.271573600
 311   -0.950000000   -1.469364000    1.045311000
 312    0.086191330    0.065767020   -1.384698000
 313   -0.950000000   -1.446481000   -1.162375000
 314   -0.950000000   -0.074047650    0.488644600
 315    2.133268000    0.564790800    1.222617000
 316   16.587710000    1.379748000   -0.143205100
 317   -0.950000000   -0.416157600    0.982520200
 318   -0.950000000   -0.731812700   -0.821537600
 319   -0.950000000   -0.775964800   -1.020355000
 320   10.184300000    1.696654000   -0.122278800
 321   -0.950000000   -1.095309000    0.632326500
 322   -0.950000000   -0.158711300   -0.599584500
 323   10.977400000    1.186215000   -0.145957900
 324   -0.950000000    0.209419200    0.398431700
 325   -0.157032400    0.043263610   -1.244000000
 326    2.191063000    0.429023200   -0.489535800
 327   -0.950000000   -0.787544200   -0.525226000
 328   -0.950000000   -0.383475000    0.623142800
 329    4.112854000    0.480354500   -0.096323920
 330   -0.950000000   -0.616290300   -0.156727700
 331   -0.950000000   -0.489888800   -1.145137000
 332   -0.950000000   -1.044179000    1.378162000
 333    5.340822000    0.474057700    1.325396000
 334   -0.950000000   -0.153145900   -0.320982800
 335    5.546966000    0.678653900   -0.339527200
 336    5.134580000    0.717284900    1.269985000
 337   -0.950000000   -1.007039000   -0.174033700
 338   -0.061379730    0.630081000    0.831086200
 339   -0.950000000   -1.528650000    0.268855300
 340   -0.950000000   -0.096924370   -0.069947920
 341   -0.498370000    0.248534500    1.437013000
 342   -0.950000000   -1.039712000    0.427532600
 343   -0.950000000   -0.742553800    0.667811900
 344    3.244551000    0.079549690   -1.034279000
 345   -0.950000000   -0.356826700    0.331553400
 346    6.424129000    1.125830000    1.582953000
 347   -0.950000000   -1.234751000    1.243689000
 348    4.514756000    0.269655200   -0.340510100
 349    1.487404000   -0.238867100   -0.978257300
 350   -0.950000000   -0.193035000    0.077336550
 351    1.620510000    0.767145700    0.585776800
 352   -0.950000000   -1.758020000    0.845848800
 353   -0.950000000   -0.747165000   -0.816634500
 354    2.406656000   -0.282120800   -1.843262000
 355   -0.950000000   -0.351794500   -0.586320800
 356   -0.950000000   -0.928426200    0.961993400
 357    0.098781400   -0.129767600   -0.118460800
 358    9.971179000    1.761900000    1.358291000
 359    3.718165000    0.482435300    0.483131000
 360   -0.591775300    0.112113000    0.248310000
 361   17.343190000    1.801429000    1.515321000
 362   10.115210000    0.224267500   -0.502068900
 363    2.859666000   -0.256712600    0.908700500
 364   -0.950000000    0.009409844    1.970248000
 365   -0.950000000   -0.872909800    0.325094400
 366   -0.950000000   -0.562308000    1.278025000
 367   -0.950000000   -0.368323000    0.802055100
 368    5.255525000    0.014672240    0.040078480
 369    4.152027000   -0.390401200   -0.693900900
 370    8.227479000    0.350413500    0.344397000
 371   17.904750000    0.952272100   -0.052969640
 372   15.030210000    1.095704000    1.259410000
 373   18.724730000    0.836256700    1.436861000
 374   -0.950000000   -1.111575000    1.384966000
 375   -0.950000000   -1.274286000   -0.541372400
 376    7.459876000    0.859816900    0.311877300
 377   11.676950000    1.426345000   -1.076182000
 378    0.868919100    0.331145900   -0.143871600
 379   -0.950000000   -1.410421000    0.469664600
 380    8.315575000    0.980041800   -0.053429650
 381   -0.950000000   -0.446977100   -0.444520300
 382    0.720879300    0.057793440   -0.706363200
 383   -0.950000000   -0.568687500    0.319941600
 384   -0.950000000   -0.195545100   -1.215499000
 385   12.148580000    1.199314000   -0.387888800
 386    2.145306000    0.658668600    0.112704500
 387   -0.950000000   -0.116476600    0.813446400
 388   -0.950000000   -0.336144400    0.612079500
 389   -0.950000000   -0.488941700    0.154282400
 390    2.182546000    0.042389840   -1.869271000
 391   -0.950000000   -0.265096300    0.788751400
 392   -0.950000000   -0.383212400    1.047353000
 393   -0.135186800   -0.221443500    1.186383000
 394   -0.950000000   -0.685184800   -0.081276410
 395   16.515860000    1.147017000   -1.117676000
 396   -0.950000000   -0.358121100    0.251548600
 397   15.605120000    1.569135000    1.122550000
 398   -0.950000000   -0.890377500    0.720935500
 399   -0.950000000   -0.928778300   -1.278031000
 400    4.444355000    0.442333900    0.309456800
 401   -0.950000000   -1.222533000    0.927283200
 402   -0.950000000   -1.199400000   -0.557667900
 403   -0.950000000   -0.658435600    0.508891600
 404   -0.950000000   -0.650019300    0.902430200
 405   25.236880000    1.943947000   -0.674102700
 406    2.648983000    0.179704300   -1.820581000
 407    3.756321000    0.590713000   -1.162221000
 408    7.041076000    0.386625700   -1.629465000
 409   -0.950000000   -0.670864200   -1.196112000
 410   -0.950000000    0.008250514    0.660249100
 411   -0.950000000   -0.591653500   -1.052767000
 412   -0.950000000   -0.612770400   -0.272292400
 413   -0.950000000    0.055126160    0.124008400
 414   -0.950000000   -1.062970000    1.762628000
 415    0.125914900    0.523284500    0.934546800
 416   -0.950000000   -0.547120800    0.373861700
 417   -0.950000000   -1.899903000   -0.786956300
 418   -0.950000000   -0.487139000    0.698368900
 419   -0.950000000   -1.487313000    0.148671200
 420   -0.950000000   -1.186667000    0.487627700
 421   -0.950000000   -1.076016000    0.470352300
 422    2.331350000    0.444301400   -0.469120100
 423   -0.950000000   -0.304980700   -1.246963000
 424   -0.950000000    0.116725200    0.569901600
 425   15.892030000    1.614882000   -1.071061000
 426    1.081125000    0.413678500   -0.213646700
 427   -0.950000000    0.079227250    1.105726000
 428    2.231819000    0.544645000    0.081566100
 429   -0.950000000   -1.046946000    1.568558000
 430   -0.950000000   -0.967714100   -0.098799270
 431   -0.950000000    0.248223700   -0.130458800
 432    2.958302000    0.790586100    0.228692300
 433   -0.950000000   -0.647507900   -1.939850000
 434   -0.950000000   -0.109476400   -0.236010900
 435    6.660277000    0.532717200   -1.468498000
 436   17.314150000    1.468621000    0.863230000
 437   -0.950000000   -1.281143000    0.407905300
 438   14.800740000    1.181898000   -0.066884120
 439    2.690284000    0.133679900    0.668189500
 440   12.322780000    1.101188000    0.385054600
 441   16.965070000    1.160192000    0.248973500
 442    5.131759000   -0.024084990   -0.531656900
 443   -0.950000000   -0.495763300    1.233258000
 444   -0.950000000   -0.988067100   -0.157488400
 445    3.985082000   -0.028939700   -0.207692100
 446   -0.950000000   -0.748240300    0.193845000
 447    4.023011000   -0.187264600   -0.859513100
 448   16.931340000    1.622969000    1.711567000
 449   12.125120000    0.682160800   -0.698895500
 450   -0.950000000   -0.692607200    0.036493200
 451   -0.950000000   -1.425410000    0.376893700
 452   -0.950000000   -0.325347900   -1.411184000
 453   -0.950000000   -0.535301000   -0.406933100
 454    3.866483000    0.857628700   -1.616733000
 455   -0.950000000   -1.414680000   -1.972647000
 456   -0.950000000   -0.270024900   -0.228403400
 457   -0.950000000   -0.452664500   -1.459828000
 458    4.054306000    0.827359500    0.418138200
 459   -0.950000000   -1.230634000    0.528664600
 460   -0.950000000    0.195745500   -0.509153100
 461   -0.950000000    0.434175900    1.298457000
 462   -0.950000000   -0.191301800    0.772457900
 463   -0.950000000   -1.376622000   -0.845295400
 464    1.255806000    0.606791700   -0.734252000
 465    6.948194000    1.045739000    0.052407750
 466   -0.950000000   -1.189010000    0.588675100
 467   -0.950000000   -1.304744000   -0.122494200
 468    1.651677000    0.422444300    1.935864000
 469    5.033616000    0.662932300   -0.427126600
 470    1.651619000    0.353244900    0.963515900
 471   -0.950000000   -1.405583000    0.065360330
 472   -0.950000000   -0.376191500   -0.438047100
 473   -0.950000000   -0.546356000    0.451984300
 474   -0.950000000   -0.707525700   -1.383300000
 475   -0.950000000   -0.733067700    0.043855900
 476   -0.950000000   -0.748352800   -1.193267000
 477   16.517410000    1.844907000    1.071689000
 478    3.094988000    0.437206000   -0.599779600
 479    2.298210000    0.457025200   -0.333563000
 480    6.887001000    0.613455900   -1.185172000
 481    5.883201000    0.816442300   -0.393519000
 482    2.268178000    0.379853400   -1.215894000
 483    5.043679000    1.027446000    0.873064700
 484    1.190990000    0.258499700   -1.052992000
 485   -0.950000000   -1.116366000   -1.014461000
 486   -0.950000000    0.041258060    0.152798900
 487   -0.776284800    0.190319600   -0.997707700
 488   -0.950000000   -1.142969000    0.116265100
 489   -0.950000000   -0.077472760   -0.221988300
 490   -0.950000000   -0.938588400   -0.036682600
 491    0.364052000    0.318042600   -0.043715170
 492   -0.950000000   -0.368681800   -0.062460140
 493   14.887760000    1.867198000   -0.636788000
 494   -0.950000000   -0.994151000    1.070831000
 495   -0.950000000   -1.004972000   -1.071545000
 496    7.173618000    0.754022300   -1.219555000
 497   -0.950000000    0.065147160   -0.744593600
 498   -0.950000000    0.389545400    0.595495800
 499   -0.950000000   -0.202679100    0.080786450
 500   -0.950000000   -0.217650000    1.103990000
 501   -0.950000000   -0.961687500   -1.932927000
 502   -0.950000000   -0.060214590    1.310890000
 503   -0.950000000   -1.487602000   -0.610461100
 504   -0.950000000   -1.398622000   -0.099537960
 505   -0.950000000   -0.908652500    0.417703600
 506   -0.950000000   -1.217257000    0.338639600
 507    6.240487000    0.859858000    0.362950900
 508   -0.950000000   -0.145024700   -1.579815000
 509   -0.950000000   -0.232569700   -0.871600800
 510   -0.299738000    0.321813000    0.071709760
 511    0.114265000    0.006294253    0.860770300
 512   -0.950000000   -0.925730100   -0.076952600
 513    6.356768000    0.340968500   -1.419577000
 514    5.927688000    0.783085400   -0.496850100
 515   -0.950000000   -0.799810400    0.179890800
 516   21.082760000    1.442676000    1.188062000
 517    5.309590000    0.359351300   -0.530856900
 518   -0.950000000   -0.803495500   -1.068847000
 519    5.237281000    0.477334100   -0.266842000
 520   -0.950000000   -1.686213000    1.275698000
 521   16.408640000    1.193052000   -1.042922000
 522   -0.950000000   -1.024052000    0.639061000
 523   -0.950000000    0.054782530    1.254029000
 524    1.345068000   -0.093336590   -1.332225000
 525   -0.950000000   -0.492392300    0.940956000
 526   -0.950000000   -0.463757200    0.054362150
 527   -0.950000000   -0.217114700   -0.984388700
 528   -0.950000000   -0.341348800    0.133953200
 529    0.791110000    0.254478900   -0.482972500
 530   -0.950000000   -0.398947400   -1.716268000
 531   -0.950000000   -0.501101600    1.765188000
 532    4.687880000    0.726540500   -1.485166000
 533   -0.950000000   -1.108022000   -1.478304000
 534   -0.950000000   -1.669963000    0.218400300
 535   10.540130000    1.391535000    0.685197100
 536    3.017750000    0.760336500    0.719998700
 537   -0.950000000   -0.100268100   -1.240844000
 538   -0.950000000   -0.833537800   -0.770349400
 539   -0.950000000   -0.378543700    0.209302800
 540   -0.950000000    0.241821700    0.267780900
 541   12.890060000    0.721827900   -1.030344000
 542   -0.950000000   -0.836511500   -0.028540160
 543   -0.950000000   -0.038126860    1.508438000
 544   15.297350000    0.978944100   -1.412792000
 545   15.955230000    1.216488000   -1.533627000
 546    7.908113000    0.833306400    0.373749400
 547    2.290999000    0.178080400   -0.186500800
 548   -0.950000000   -0.559447900   -0.802524900
 549   -0.950000000   -0.598484900    0.349996000
 550   11.725830000    1.125530000    0.207094500
 551    4.714478000    0.452247000    1.026153000
 552    8.536026000    0.431737800   -0.290720000
 553   11.156340000    0.971724200   -0.805727100
 554   -0.950000000   -1.682228000    0.905310700
 555   -0.950000000   -0.898933700    0.546925500
 556   -0.950000000   -0.123034300   -0.869059900
 557   -0.950000000   -0.542351600   -1.193952000
 558   -0.950000000   -0.559090900   -1.327146000
 559   -0.950000000   -1.647079000    1.353337000
 560    4.395884000    0.702369300   -1.531664000
 561    1.312535000    0.590344800   -0.188537500
 562   -0.950000000    0.054893980    0.957950900
 563   -0.950000000   -0.429836800    0.202683700
 564   -0.950000000   -0.951880100    0.127384600
 565   -0.950000000   -0.062758250    0.590153900
 566    4.845302000    0.763012000   -1.105303000
 567   -0.950000000   -1.452883000   -0.505600100
 568   -0.950000000    0.162523000    0.780758100
 569   -0.950000000   -0.641502700    1.829833000
 570   -0.950000000   -0.927095400   -0.694549400
 571   -0.950000000   -0.478506100    0.849910900
 572   -0.950000000   -1.296776000   -0.076581500
 573   -0.190316300   -0.161668400   -1.154594000
 574    7.084876000    0.919917100    0.316809100
 575    2.439143000    0.385460300    0.387316300
 576   18.375840000    1.710580000   -0.558198400
 577    0.579784700    0.124027200    0.068663440
 578   -0.950000000   -0.662458000    0.222319400
 579    3.893144000    0.300629000   -0.666163900
 580   17.243360000    1.517163000    1.232784000
 581   14.921790000    1.058940000   -1.153402000
 582    7.949275000    0.752502000   -0.821828600
 583   -0.950000000   -0.353768700   -0.835402000
 584   -0.950000000   -0.363889400   -1.002375000
 585   -0.950000000   -0.705402200   -0.236523500
 586   -0.950000000   -0.918895600   -0.176591200
 587   -0.950000000   -1.183233000    1.628591000
 588   -0.950000000   -0.068404920    1.051818000
 589    3.688174000    0.255135000    0.846193200
 590   -0.950000000   -0.708953400   -0.688091200
 591   23.258320000    1.787424000    0.213273200
 592   13.490120000    1.689848000    1.704986000
 593   10.624630000    0.562020300    1.274311000
 594    1.079948000   -0.204566700   -0.621179300
 595   -0.950000000   -0.903363400   -0.153546100
 596    5.405344000    0.292686400    0.464335700
 597   -0.950000000   -0.786814200   -0.937832900
 598   -0.950000000   -0.622410800   -0.561511600
 599   -0.950000000   -1.024512000   -1.407750000
 600   18.383900000    1.129651000   -0.234627400
 601   -0.950000000   -0.835487200   -0.765890100
 602    9.245640000    0.744731600    1.007630000
 603   -0.950000000   -0.552657100   -0.056943420
 604   -0.950000000   -1.121756000    0.220086200
 605   10.225730000    1.318237000    0.349467200
 606    3.476588000    0.432318600   -0.113626500
 607   23.819330000    1.993038000   -0.191701000
 608    7.693842000    0.449549100    1.065979000
 609   11.864890000    0.843549700    0.141267500
 610    8.934204000    0.841341700    0.390045000
 611    9.442989000    0.734455100   -0.594294800
 612   21.841360000    1.865889000   -0.104605200
 613    4.839099000    0.147304300   -1.372116000
 614   -0.950000000   -1.116781000   -1.169917000
 615   -0.950000000   -1.192717000   -1.155295000
 616   -0.950000000   -1.133053000   -1.229406000
 617    7.253281000    0.140359400   -0.444736200
 618    5.639934000    0.040259990    0.000209793
 619   16.011670000    1.178817000    0.578671400
 620   -0.950000000   -1.581739000   -0.736258200
 621   16.874100000    1.395048000    0.958422700
 622    0.010530110   -0.231087600    0.759807300
 623    0.121318000   -0.638893100   -0.772024600
 624   -0.888964600   -0.347862000    0.662489900
 625    3.343752000   -0.091251930    0.002387996
 626   10.101370000    0.465999300    1.830899000
 627    1.854687000   -0.281805900    0.800684300
 628   23.276740000    1.125499000    1.174549000
 629   13.633220000    1.037769000    0.697488000
 630    5.442833000    0.012521850    0.243264400
 631   -0.950000000   -0.048712370   -0.421956500
 632    2.094917000    0.687809700    1.300047000
 633   -0.950000000   -0.889538900   -0.290421100
 634    7.218001000    1.079146000   -0.320274300
 635   13.946030000    1.527826000   -0.774743500
 636   15.568390000    1.622943000   -0.381502400
 637   -0.950000000   -1.374017000   -1.759303000
 638   -0.950000000   -1.734742000   -0.690654700
 639   10.070450000    1.169163000   -0.676754100
 640   -0.950000000   -0.991820200   -1.811539000
 641   -0.950000000   -1.009223000    0.438914100
 642   -0.950000000   -0.260865300    1.148594000
 643    0.589900700    0.510494200   -0.853457600
 644   -0.950000000   -0.468844200   -0.510731200
 645    8.192004000    0.887565800    0.931740000
 646   -0.950000000   -1.625759000   -1.104326000
 647    6.015003000    1.459988000    0.911561400
 648    4.816647000    0.475385000   -0.621466800
 649   -0.950000000   -0.487027300   -0.561118200
 650   -0.950000000   -0.643993600   -1.670736000
 651    2.732827000    0.758646700    0.481468000
 652   14.735830000    1.300086000   -0.732785800
 653   -0.950000000   -0.467371800   -1.478301000
 654   -0.950000000   -0.536339900   -0.284303100
 655   -0.950000000   -1.268918000   -0.882769500
 656   -0.950000000   -0.624275400    0.384539800
 657   11.849510000    1.218622000    0.000530149
 658    9.252461000    1.315054000    1.274276000
 659    7.414826000    0.920043400    0.196842600
 660   -0.950000000   -0.390150300   -0.571324700
 661   -0.950000000    0.316890600    1.435923000
 662   -0.950000000   -1.556576000   -0.067198030
 663    5.358207000    0.246704900    0.539280500
 664    3.218650000    0.016756060   -0.764695300
 665    0.277666200    0.395863200    1.477304000
 666    0.672860500   -0.179918700    0.143308500
 667   -0.950000000   -0.987339500    1.442631000
 668   -0.950000000   -0.962335000    0.324024100
 669   -0.950000000   -0.280789900    0.435991200
 670   -0.950000000   -1.102031000    1.107945000
 671   13.033560000    0.380853100   -1.965276000
 672    7.286889000    0.520561100    0.903165100
 673   10.577610000    0.609504000    0.344852100
 674   22.500350000    1.750882000   -0.086664020
 675   -0.950000000   -1.245879000    0.646229200
 676   -0.950000000   -0.445733700   -1.037716000
 677   -0.950000000    0.073090260    1.570067000
 678   -0.950000000   -0.300686400    0.433164600
 679    0.865624200    0.148841600   -0.756970900
 680    3.073151000    0.980208300   -0.121371700
 681   -0.950000000   -0.902849100   -0.703674500
 682    9.504997000    0.858114400   -1.372781000
 683    8.100757000    0.582307600   -1.228697000
 684   -0.950000000   -0.060511880   -0.262213800
 685   -0.950000000   -0.526703500    0.764388600
 686    5.768993000    0.757454900   -1.373243000
 687   -0.950000000   -1.167842000   -0.856244900
 688   14.445820000    1.845357000   -1.013024000
 689   -0.950000000   -1.306380000    1.131300000
 690    4.046281000    0.592105300    0.479679500
 691    6.021025000    1.172131000    0.232681400
 692    3.832069000    0.281932200   -1.067535000
 693    0.160379200    0.095248820   -0.243545700
 694   -0.950000000   -0.354661000   -0.341399000
 695    0.146903900    0.444562100    1.055255000
 696   -0.950000000   -1.346820000    0.193593400
 697   -0.950000000    0.022904700    0.077160490
 698   -0.950000000    0.027382400    1.018796000
 699   -0.950000000   -0.361818200    0.167291400
 700   -0.950000000   -0.729324000   -1.849457000
 701   -0.950000000   -0.134845300    0.748233200
 702   -0.950000000   -0.128160200    1.024641000
 703    3.536853000    0.287709600    0.160643700
 704   -0.950000000   -0.059181330    0.525283900
 705   -0.950000000   -0.262418100   -0.452965400
 706    4.891832000   -0.016160190   -1.640066000
 707    7.252829000    0.326165200   -1.133807000
 708    4.925568000    0.261743500   -0.713969400
 709   17.572290000    1.223182000   -1.004362000
 710   -0.950000000   -1.562889000   -1.258502000
 711    1.563653000    0.074018550    0.204216500
 712    3.714225000    0.326859800    1.539027000
 713   17.437560000    1.282711000   -1.525706000
 714    2.436623000   -0.047605350   -0.529964300
 715   -0.950000000   -0.285267800    1.927494000
 716    8.451322000    0.581958800    0.882494900
 717   10.459720000    1.078195000    1.501831000
 718   12.717120000    1.178044000    0.611963400
 719    1.503015000    0.088556450    0.120868900
 720   -0.950000000   -0.386199800   -0.577898100
 721   -0.950000000   -0.853161300    0.282520100
 722   -0.950000000   -0.736736000    0.964859000
 723    4.429546000    0.008860292   -0.372086800
 724    5.032333000    0.048715480   -0.995397200
 725    4.289390000    0.386044400    0.365330200
 726   -0.950000000   -0.866247100    0.517766500
 727   14.956900000    0.739941400   -0.534469300
 728   21.246180000    1.687055000   -1.155346000
 729   18.030820000    1.541735000   -0.278550800
 730    4.567306000    0.133197500    0.632250600
 731   -0.950000000   -1.777821000   -1.380951000
 732   17.369920000    1.572403000    1.376017000
 733   -0.950000000    0.456967700    1.117603000
 734    2.809476000    0.014462150    0.366985000
 735    5.828332000    1.013604000    1.160515000
 736    2.476751000    0.189173800    0.026766330
 737   -0.950000000   -0.943371900   -0.429284500
 738   -0.785978700    0.090134810    0.115851700
 739    3.513111000    0.673838900    0.766071000
 740   -0.950000000   -1.634970000   -1.418362000
 741   -0.950000000   -0.068579530    0.281314700
 742   -0.356357100   -0.061486550   -0.638575200
 743    6.157359000    0.440023300   -0.431808400
 744   -0.950000000   -1.397163000    0.221934400
 745   -0.950000000   -0.911441200    0.122828400
 746    4.275810000    0.375670700   -0.038661780
 747    4.604125000    0.319571500   -0.163738600
 748    1.623895000    0.418450600   -0.355674300
 749    3.516848000    0.256290300   -0.521265400
 750    4.877576000    0.617267900    0.383079000
 751   12.418850000    1.238501000    0.447750000
 752    5.352032000    0.219650900    0.617730200
 753    4.474243000    0.125465000   -0.112905600
 754   10.069300000    0.942202100    0.628926300
 755   -0.950000000   -0.439439300    1.005792000
 756   10.147790000    0.342614100   -1.661582000
 757   -0.167396500   -0.054078200    0.906035700
 758   -0.950000000   -1.342355000    1.111242000
 759    4.596631000   -0.119667600   -1.283261000
 760   -0.950000000   -0.861273800   -0.293683400
 761   14.158400000    1.222068000    1.290143000
 762   -0.950000000   -1.721729000    0.601429000
 763   12.708660000    1.069123000    0.286053500
 764    0.624371000    0.240056700    1.870150000
 765    6.150043000    0.055234670   -0.770631000
 766   -0.950000000   -1.391809000    0.445362600
 767    2.354646000    0.393874500   -0.290335100
 768    0.346230200   -0.177312200   -1.768414000
 769   -0.950000000   -0.858542800    0.147671800
 770   19.380400000    1.622340000   -0.143244700
 771   -0.950000000   -0.995075300   -0.162469000
 772   -0.950000000   -0.638970600    0.193196400
 773   -0.950000000   -0.330619800    0.117771500
 774   -0.950000000   -0.858418300    0.723396600
 775   -0.950000000   -0.625257100   -1.020847000
 776    6.544972000    0.832835200    0.706797700
 777   -0.950000000    0.320636300    0.892941800
 778   -0.950000000   -0.480171200    0.992665200
 779   -0.950000000   -1.509274000    0.167770300
 780    7.020112000    0.383584100    0.768379700
 781   -0.950000000   -0.152349400    0.759122200
 782    8.214302000    0.819175700   -0.102895000
 783   -0.950000000   -0.858258300    0.233602500
 784   -0.950000000   -1.253441000    0.789370100
 785    6.496056000    0.188511000   -0.577625300
 786   -0.950000000   -0.546927700    0.267306700
 787    4.914473000    0.914351900    1.118837000
 788   12.109190000    1.153444000   -0.239388900
 789   16.962650000    1.643857000    0.771765600
 790    9.889320000    0.136223400    1.620903000
 791    4.684496000    0.187733900   -0.120234200
 792    1.909169000    0.047569080    0.736153800
 793   -0.950000000   -0.539370700   -0.619857600
 794   -0.950000000   -1.574047000   -0.017340690
 795    3.848469000   -0.050946590   -1.111982000
 796   18.809440000    1.619490000    0.998175700
 797   -0.950000000   -0.971094300   -1.372400000
 798   -0.950000000   -0.658841300    0.426582900
 799   -0.950000000   -1.916791000   -1.362515000
 800    4.244865000    0.166696700    0.253131200
 801   10.141070000    0.987094700    1.453258000
 802   12.347010000    0.787223800   -0.478388800
 803   -0.950000000   -0.774432700   -0.957631900
 804   14.108300000    1.080269000    0.412637500
 805   14.648630000    0.693776200   -0.709468900
 806   11.454970000    0.570949500   -0.832272400
 807   13.690360000    1.178647000    0.624291600
 808   -0.950000000   -0.784462600    1.849559000
 809    0.887738300   -0.063339830    0.652766100
 810   -0.950000000   -0.864853400    0.013683820
 811   -0.950000000   -1.023944000   -0.825618800
 812    7.207373000    0.681300800   -0.550659300
 813    3.810231000    1.240011000    1.579713000
 814    0.471426000    0.173909100    0.462962000
 815   18.863040000    1.430596000   -1.152281000
 816   10.171690000    0.752020600   -0.901246100
 817   -0.950000000   -1.310883000   -0.767189800
 818   -0.950000000   -0.640198000    0.727603800
 819   13.489160000    0.988983900   -1.236428000
 820   -0.950000000   -1.575514000    1.722492000
 821   14.510360000    1.305991000    1.743068000
 822    5.207698000    0.098073970   -1.398271000
 823   -0.950000000   -0.685882200   -1.553021000
 824   -0.950000000   -1.063747000   -0.544822900
 825    6.599329000    0.626284500    1.292260000
 826   -0.950000000   -0.945396400    0.360372800
 827    6.503818000    0.434023500   -0.404676900
 828   -0.334422300   -0.454083600   -1.126572000
 829   18.545580000    1.465076000    0.922455500
 830    1.427256000    0.174631100    0.381292200
 831    0.899610900   -0.070494880    0.144841500
 832    1.326437000   -0.068949150    0.137172900
 833   -0.950000000    0.100029600    1.244394000
 834   -0.950000000   -0.247564800    1.075350000
 835   -0.950000000   -0.502317300    0.178940000
 836    4.589569000    0.509309500    0.349370300
 837   -0.950000000   -1.018376000    0.177819300
 838   -0.455193200   -0.625153600   -1.754478000
 839   -0.950000000    0.022040720    1.005460000
 840    2.333242000   -0.044500150    0.293853300
 841   -0.510910800   -0.240023400    1.827479000
 842    3.272548000    0.026964050   -1.036813000
 843   -0.950000000   -0.252080000    0.306624300
 844    4.050964000    0.354469500    1.023434000
 845   -0.755475500    0.203521500    1.504415000
 846   -0.950000000   -0.551905900    0.046977040
 847   -0.950000000   -0.760836100   -1.727676000
 848    6.607955000    0.190602900   -0.896339300
 849   -0.950000000   -0.536431400   -1.765967000
 850   -0.950000000   -0.001051887    0.835769300
 851   -0.950000000   -0.801848000   -1.134608000
 852    8.943027000    0.678231100   -0.384669300
 853    3.988609000    0.495242700    1.617223000
 854   -0.950000000   -0.719518100    1.057007000
 855   -0.950000000   -0.300798100    0.639941300
 856   -0.950000000   -1.761211000   -1.073733000
 857    7.786277000    0.817278200   -1.445608000
 858   -0.950000000   -1.609480000   -0.271336700
 859   11.397050000    1.735351000    0.477815500
 860    0.004658711    0.177112500    1.332453000
 861    4.087483000    0.518714200   -0.443314200
 862   -0.950000000   -0.265613000   -0.325286300
 863    4.028910000    0.564894600   -0.256688500
 864    7.243029000    1.087796000   -1.077207000
 865    0.448699800    0.157661200   -0.654898800
 866   -0.950000000   -0.209958200   -0.632510700
 867    7.489652000    0.789014900    0.162559400
 868   -0.950000000   -0.088651460   -1.252441000
 869   -0.950000000   -0.177300100    0.211928400
 870   -0.950000000   -1.883247000   -0.344230100
 871   -0.950000000   -1.749477000    0.867320800
 872    2.607664000    0.206393900    0.064907600
 873   -0.950000000   -0.632713500    0.292702400
 874   -0.368567000    0.382711100    1.314393000
 875   -0.950000000   -0.417094400   -0.173938700
 876   -0.950000000   -0.494295900   -1.240374000
 877   -0.950000000   -0.785834300   -0.346107100
 878   -0.950000000   -0.715593300    0.257111700
 879   -0.950000000   -0.545817600    1.249371000
 880    9.216448000    0.756693300    0.341474600
 881   -0.950000000   -0.548332100   -1.050324000
 882    5.355842000    0.640381800    0.088035200
 883   -0.950000000   -0.453842900    1.086103000
 884    6.966468000    0.832443800    0.607668500
 885    6.641496000    0.390125300   -0.250562200
 886    6.354854000    0.572262700   -0.951850800
 887   -0.950000000   -1.979263000   -0.959966300
 888   11.686120000    1.090238000    0.831354800
 889   -0.950000000   -0.335982100   -0.783519200
 890   -0.950000000   -1.346978000   -0.354910900
 891   -0.950000000   -1.810304000   -1.533774000
 892   -0.950000000   -0.882988800    0.786870100
 893    2.952735000    0.378450000   -0.072949960
 894   -0.950000000   -0.888954200    0.743048100
 895    0.785011300    0.268524600    1.340134000
 896   -0.950000000   -0.597907700    1.089956000
 897   -0.950000000   -0.541517300   -0.354435800
 898   12.993220000    1.287833000   -0.327747600
 899   10.885420000    1.413496000    1.055391000
 900   11.008830000    0.937821000    0.191038000
 901   -0.950000000   -0.091813540    0.750628100
 902   -0.950000000   -1.658943000    0.833547700
 903   -0.950000000   -0.129586300    0.069546240
 904    6.809708000    0.682726800   -1.385912000
 905   -0.950000000   -1.796127000   -0.348339700
 906   -0.950000000    0.190164000    0.655222000
 907   -0.950000000   -1.984989000   -1.394593000
 908   11.654110000    1.323337000   -1.308178000
 909    0.910646400    0.229927700    0.887977900
 910   -0.950000000   -1.204493000   -0.085829530
 911   -0.950000000   -0.997003500    1.332915000
 912   -0.950000000   -0.533333800   -1.245910000
 913   -0.950000000   -1.350248000   -0.112714500
 914   19.240200000    1.359693000   -0.530024100
 915   11.266100000    0.965996900    1.968226000
 916    6.684599000    0.970222400    0.602469300
 917   -0.950000000   -0.583632200    0.156713200
 918   -0.950000000   -0.767415300   -0.982728300
 919   -0.950000000   -1.854639000   -0.126899300
 920   -0.950000000   -1.375463000    1.896221000
 921   -0.950000000   -1.234005000   -1.283682000
 922    8.653059000    0.804147200   -0.567811800
 923    0.917326200    0.053192040    0.042645320
 924   -0.950000000   -0.103131200    1.283722000
 925   -0.647153500    0.057770330    0.490642800
 926   -0.950000000   -0.090508930    0.404960400
 927    5.849610000    0.437600800   -0.076392610
 928    9.444140000    0.784626100   -0.439002400
 929    7.970611000    0.737443500    0.270689900
 930    2.510343000    0.226123400   -1.132443000
 931    6.998174000    1.107515000   -0.255707400
 932    3.837818000    0.417338000    0.021295390
 933    5.122994000    0.783787200   -1.142660000
 934   -0.950000000   -1.482712000   -0.652804000
 935   -0.950000000    0.282660100   -0.052731620
 936    3.049541000    0.686845600    0.075325380
 937   -0.950000000   -0.147850200    0.288144200
 938   -0.950000000   -1.122121000   -0.281386100
 939   -0.950000000   -1.297287000   -1.043004000
 940   -0.950000000   -0.843683200    0.643696500
 941    1.105343000    0.398712900   -0.648397900
 942   -0.950000000   -0.674000600    1.278980000
 943    2.203947000    0.405985200    0.604096100
 944   -0.950000000   -0.521529800    0.022650560
 945    1.781172000    0.311915200   -1.130786000
 946   17.904410000    1.171177000   -0.967531400
 947    7.662763000    0.817785400    0.663182800
 948   -0.950000000   -1.818376000    0.112915300
 949   -0.900469700   -0.097276090    0.618506000
 950   10.961260000    0.880372000    0.799439400
 951    1.923559000   -0.003083086    0.006107396
 952    1.750824000    0.280863800    0.448729500
 953   -0.950000000   -0.932641900   -1.646432000
 954   11.385490000    0.911542200    0.311414900
 955   -0.950000000   -0.472576700    0.395704100
 956   -0.950000000   -0.690705600    0.743681600
 957    1.601804000    0.441014400    0.361502500
 958    1.441729000   -0.153404400   -0.604520300
 959   11.354970000    1.413712000    1.096184000
 960    1.609799000   -0.143154000   -0.923412500
 961   14.965650000    1.329547000    1.678195000
 962    9.441144000    1.038680000    0.799929200
 963   -0.950000000   -1.593840000    0.105495700
 964    7.917169000    0.548238400    0.782184500
 965   -0.950000000   -0.534910700    1.009578000
 966   -0.950000000   -0.714099800   -0.182592200
 967   -0.950000000   -1.168068000   -0.771494900
 968    6.563026000    0.719381400    1.328581000
 969   -0.950000000   -0.658529700    0.812517700
 970    0.837379200    0.127311200    1.708867000
 971   -0.950000000   -0.827957300    1.776281000
 972   14.981960000    1.068505000    1.079949000
 973    5.817764000   -0.170147800   -0.740274700
 974   -0.950000000   -0.766462000    0.455586900
 975   15.343460000    0.874887900   -0.002507577
 976    7.064522000    1.008291000    0.674811700
 977    6.177299000    0.554617400   -0.407674500
 978   -0.950000000   -0.408627400   -0.010492320
 979   15.394180000    0.763652600   -1.724095000
 980    7.953582000    0.465150500   -0.074205280
 981    3.955439000    0.178488200   -1.262407000
 982   20.279790000    1.798432000    0.421935300
 983   21.989390000    1.880265000   -1.640139000
 984    3.007132000   -0.230701000   -1.449945000
 985   -0.950000000   -0.433448900   -0.090527040
 986    4.400466000    0.571920400    1.516705000
 987   -0.950000000   -1.746172000    0.406965200
 988   13.143720000    1.122829000   -0.342138500
 989    6.180739000    0.680917800    0.551900700
 990   13.606640000    1.594169000   -1.102443000
 991    8.429956000    0.902138900   -0.538894100
 992   16.227190000    1.719524000    1.780879000
 993   -0.950000000   -0.176880500   -0.522588400
 994   -0.950000000   -0.759671000    1.007523000
 995    8.170865000    0.552950100   -1.558790000
 996   -0.950000000   -0.299655600    0.041003320
 997    0.116559900   -0.122826800   -0.622793200
 998    1.445323000    0.375012900    0.819488600
 999   -0.950000000    0.521760200    1.237778000
1000    2.566561000   -0.040002580   -1.263197000
1001   -0.950000000   -0.402479400    0.368363300
1002   -0.950000000   -1.197320000    0.470499500
1003    8.371536000    0.990072600   -1.390567000
1004   -0.950000000   -0.170520100    0.362131500
1005   -0.950000000   -0.348280500    0.467648400
1006    8.065554000    1.222806000    0.672567900
1007   -0.950000000   -1.718609000    0.072432370
1008   -0.950000000   -0.293176100   -0.410168200
1009   -0.950000000   -1.757341000    0.520810400
1010   -0.950000000   -1.281488000   -0.193290900
1011    2.507890000    0.283368900   -0.108106500
1012    7.262065000    0.474795400   -0.535493800
1013   -0.950000000    0.010731490    1.729020000
1014    1.599481000    0.033937840    0.015594000
1015   12.894250000    1.674816000   -0.427869800
1016   -0.283279300   -0.163361800    0.023928900
1017    0.012765860   -0.079774830    0.935274100
1018   -0.950000000   -0.462277900   -0.437604700
1019    4.456630000    0.147891900   -1.418704000
1020    1.842651000    0.117263500   -0.627333300
1021   -0.950000000   -0.195261400    0.205479300
1022    1.935401000    0.168171300   -1.343677000
1023    4.848454000    1.539720000    1.866546000
1024    7.526291000    1.031171000    0.543251800
1025   -0.950000000    0.364005300    0.766787500
1026   -0.950000000   -0.426396500   -0.572416100
1027   -0.950000000   -0.200528300    0.133232100
1028   -0.950000000   -1.656644000   -1.869626000
1029   -0.950000000   -1.339379000    1.583378000
1030    6.343443000    0.481040100   -0.548508200
1031    6.255691000    0.908662900    0.672671300
1032   -0.950000000   -1.267125000    0.004576302
1033    5.430752000    0.521777500    0.508887100
1034   -0.950000000   -1.663592000    0.709400300
1035    2.607059000    0.202708400   -0.907688900
1036   -0.950000000   -0.708995400   -0.009739459
1037   -0.241862900    0.131989000   -1.670421000
1038   -0.950000000   -0.488090700   -1.430132000
1039   -0.950000000    0.274417800    1.142937000
1040   -0.950000000   -0.061357730   -0.264524600
1041   -0.950000000   -0.388525600   -1.284689000
1042   -0.950000000   -0.176183700   -1.165296000
1043   -0.950000000   -0.738225000    0.762012700
1044    2.057691000    0.693295900   -0.706084800
1045   -0.950000000   -0.677165000   -0.598789500
1046   -0.950000000    0.614213500   -0.138284000
1047   -0.950000000    0.021288520   -0.782334200
1048    8.573321000    1.397463000   -0.311749600
1049   -0.950000000   -0.547594400   -0.169266800
1050   -0.950000000   -1.654345000   -1.501034000
1051    6.296026000    1.171891000   -1.395105000
1052   -0.950000000   -0.523419000   -1.526815000
1053   -0.950000000   -0.274420200   -0.760672100
1054   -0.950000000   -0.115885800    0.221896500
1055    3.668222000    0.558669800   -0.378402400
1056   -0.950000000   -1.113532000   -0.691563600
1057   -0.950000000   -0.541506900    1.301618000
1058   -0.950000000   -1.264474000   -0.245913200
1059   -0.950000000   -0.526938500   -0.382580900
1060   -0.950000000    0.042989200   -0.780625000
1061    5.147509000    0.808256900    1.114159000
1062   -0.950000000   -0.704415800   -1.030444000
1063   -0.950000000   -0.480332900   -0.407509700
1064   10.781790000    1.280873000   -0.224689100
1065   -0.950000000    0.320479100    0.212108000
1066   -0.950000000   -1.348574000    0.135643400
1067   -0.950000000   -0.245209100   -1.300246000
1068    2.768893000    0.322659700   -0.903828100
1069   -0.950000000   -0.198634700   -1.295726000
1070   -0.950000000   -0.013853030    0.093842260
1071   -0.950000000   -0.564632700   -1.302877000
1072   -0.950000000   -0.082152990    1.185083000
1073   -0.950000000   -0.788700100   -1.227607000
1074    9.474941000    1.134459000    1.267364000
1075    7.476206000    0.855679600   -0.837772000
1076    3.254535000    0.534539800    0.099962280
1077   -0.950000000   -0.011959770    0.725936300
1078   -0.501027600   -0.163721500   -1.424250000
1079    3.664711000    0.650051400   -0.412630700
1080   -0.828023900   -0.076583950   -0.286644900
1081    0.593579600   -0.172216500   -0.667614000
1082   -0.950000000   -0.368566700   -0.200744600
1083    6.973099000    0.565983400    0.951612200
1084   11.480240000    0.460778900   -1.137807000
1085    0.095039720   -0.216399300    0.753192700
1086    1.260794000   -0.067700000    0.234784800
1087    8.936912000    0.516584000   -1.700334000
1088    0.406053300   -0.198048100    0.587407500
1089   13.541420000    1.876497000   -0.260393000
1090   12.308040000    0.914979000    0.365502800
1091   -0.950000000   -1.064350000    0.077413960
1092    4.874706000   -0.119549500   -1.622911000
1093   20.431220000    1.745139000    0.583052400
1094    8.115522000    0.502170300   -0.601815800
1095    4.279605000    0.220897200   -0.088445230
1096   -0.950000000   -0.692678500   -0.023465730
1097   -0.950000000    0.718748400    0.916772800
1098   -0.950000000   -0.741954900   -0.726271000
1099   -0.950000000   -1.316641000    0.530904000
1100    1.119305000    0.446785200   -0.496910100
1101   -0.235561300    0.212317700   -0.636501000
1102   -0.950000000   -0.267877700    0.169820700
1103   13.351450000    1.742193000   -0.652282800
1104   -0.950000000   -0.232341000   -1.777520000
1105   13.020560000    1.339552000    0.125436300
1106   -0.950000000   -0.801241800    0.324491000
1107   -0.857988900    0.667105500    0.862574200
1108   -0.950000000   -1.147226000   -0.541338100
1109   -0.950000000   -1.724019000   -0.264324600
1110   -0.950000000   -0.061334010   -0.105014100
1111   -0.950000000   -1.092975000   -0.616521100
1112   -0.950000000   -0.659118400    0.202547300
1113    5.567150000    0.512184800   -0.490005000
1114   -0.950000000   -0.479359300   -1.222883000
1115   -0.950000000   -0.133026600    1.808763000
1116    9.044767000    1.221792000   -0.027645090
1117   -0.950000000   -0.451025100    1.336275000
1118   14.190640000    1.648290000   -0.298879300
1119   -0.950000000   -0.968014800    0.106125000
1120   -0.950000000   -0.512368100    0.694727500
1121   -0.950000000   -0.246985300    1.880425000
1122    6.311165000    0.609072200   -1.805558000
1123   -0.950000000   -0.639979800   -1.113703000
1124   -0.950000000   -0.328637200   -1.581539000
1125   -0.950000000   -0.817886000    0.795667400
1126   21.554920000    1.551295000    1.443043000
1127   -0.950000000   -0.222899400    0.809058300
1128   -0.950000000   -0.572878100   -1.201892000
1129   -0.950000000   -0.289122200    0.543759300
1130   -0.950000000   -1.147308000   -0.018485220
1131   13.614670000    1.000367000   -1.286360000
1132   -0.950000000   -1.312244000   -0.582961400
1133   -0.950000000   -0.868348000    1.444252000
1134   -0.950000000   -0.468014500   -0.538509000
1135   -0.950000000   -0.167124500    0.435948300
1136   -0.950000000   -1.291787000    0.105905600
1137   -0.950000000   -0.147834900   -0.218419200
1138   -0.950000000   -1.095087000   -0.382469400
1139   -0.054122050    0.309599000    0.180240300
1140    9.583712000    0.994638800    0.305897200
1141    7.042328000    0.037663230   -1.227279000
1142    3.526009000    0.272021800    0.034703330
1143   16.283530000    1.353613000    0.265004200
1144    5.452785000    0.688884400   -0.142714000
1145   -0.950000000   -0.478559500   -0.427250400
1146   -0.950000000   -1.881420000   -0.225390900
1147   -0.950000000   -0.887994900   -1.060621000
1148   -0.950000000   -0.924273500    0.071716270
1149   -0.950000000   -0.704979400    0.135561000
1150    3.957561000    0.130741200   -0.007990625
1151    4.391386000    0.145930600   -0.745256700
1152   24.368840000    1.548079000   -0.598761500
1153   10.453840000    1.019077000    1.748057000
1154    7.498222000    0.757024700   -0.309424800
1155   -0.950000000   -0.261583900    1.329910000
1156   -0.950000000   -0.142935500    0.846840000
1157   -0.950000000   -0.800749300    0.003900670
1158   -0.950000000   -1.343579000    0.239296000
1159   -0.950000000   -1.069731000    1.388754000
1160   15.683930000    1.344967000   -1.286085000
1161   12.795800000    1.149720000    0.449860600
1162   -0.950000000    0.899362400    1.458633000
1163   -0.950000000   -1.752171000    0.342568700
1164    5.045452000    0.622143900   -0.222172700
1165    1.177902000    0.405291400    0.068335540
1166   -0.950000000   -0.417080500    0.709526800
1167   -0.950000000   -0.597932900   -0.232076200
1168   -0.950000000   -1.096848000   -0.599880200
1169   -0.950000000   -1.963250000   -0.496182900
1170   -0.950000000   -0.070863410    0.269357600
1171    3.621048000    0.138635200   -1.013881000
1172    6.427460000    0.779550400   -0.138907800
1173   -0.950000000   -0.461727400   -0.358130000
1174   -0.950000000   -0.531047800   -0.054754530
1175   -0.950000000   -0.429978300    0.041244930
1176    9.323426000    1.658419000   -0.378092400
1177   17.342910000    1.387248000   -1.600556000
1178   -0.950000000   -1.347204000   -0.084156500
1179   -0.950000000   -1.565271000    0.233687400
1180   -0.950000000   -0.008903981   -0.548018300
1181   -0.950000000   -0.501158900    1.412746000
1182   -0.950000000   -0.384955700    1.445555000
1183   -0.950000000   -0.469447200    0.263911600
1184   -0.950000000   -0.324015000   -1.080357000
1185   -0.950000000   -1.033739000    0.498218300
1186   -0.950000000   -0.098775310   -0.716865200
1187   -0.950000000   -1.387924000   -0.548344400
1188   -0.950000000   -1.598518000   -0.251349600
1189   -0.950000000   -0.700588400    1.380702000
1190    1.456758000    1.126801000   -0.133672100
1191   -0.950000000   -0.592499300    0.208665700
1192   -0.950000000   -0.627786200   -1.111975000
1193   -0.950000000   -0.879140300    0.392017100
1194   -0.950000000   -0.293075300    0.204366900
1195   18.262230000    1.705324000   -1.190087000
1196   -0.950000000   -0.826192900    0.545376300
1197   -0.950000000   -0.882020900    0.179477500
1198   -0.950000000    0.004259480   -0.844363300
1199   -0.950000000    0.219311500    0.457564900
1200   -0.950000000   -1.866141000    0.488999300
1201   -0.950000000   -0.634103600   -0.145725700
1202   17.781350000    1.875161000   -0.846680200
1203   -0.950000000   -0.029328230    0.830151700
1204   15.515880000    1.383181000    1.205380000
1205   -0.950000000   -0.738996000   -1.151717000
1206   -0.950000000   -0.168389400   -0.465876300
1207    5.235286000    0.500746200   -0.320271100
1208   -0.950000000   -1.166896000   -1.239357000
1209   -0.950000000   -0.306555100   -0.049610250
1210    3.848721000    0.295088600   -0.672279200
1211    5.650874000    0.643661900   -0.244935300
1212   21.497940000    1.365152000    0.114193300
1213   17.520870000    1.613532000   -0.941247400
1214   -0.950000000   -0.589326100    0.823479000
1215   -0.950000000   -1.082534000    0.950920100
1216   -0.950000000    0.194843200    0.944199800
1217   -0.950000000   -0.158619800   -1.038013000
1218   -0.950000000   -0.687910300   -0.024112620
1219   -0.950000000   -0.329491200    1.411875000
1220   -0.950000000   -1.033428000   -0.511693800
1221    5.438372000    1.236605000    0.514952000
1222   -0.950000000    0.178922100    0.548692500
1223    4.710393000    0.372743000   -0.619368200
1224   -0.950000000   -1.070168000    0.838937500
1225   -0.950000000   -1.400894000    0.324918200
1226    1.550891000    0.228133500   -1.591172000
1227   -0.950000000   -1.304911000    0.599257500
1228   -0.950000000   -1.578985000   -0.362496200
1229    5.876223000    1.125719000    0.186849300
1230   -0.950000000   -0.547272400    0.265457600
1231   12.621490000    1.527863000    0.880345600
1232   -0.950000000    0.029391390    0.643666900
1233   -0.108132800    0.394659200   -0.429690400
1234   -0.950000000   -0.775575700   -0.118496000
1235    5.400114000    0.716028800   -0.101706200
1236   -0.950000000   -0.296324300    0.204436900
1237   -0.950000000   -0.739171900   -0.149044000
1238   -0.950000000    0.425517000    0.692959600
1239   -0.950000000   -0.746837100   -0.325603000
1240   -0.950000000   -0.342224600   -0.249633500
1241   -0.127503000   -0.113674400   -1.709440000
1242    1.072602000    0.118346400   -1.367282000
1243    9.655164000    1.149079000   -0.419390500
1244    5.445117000    1.027010000   -0.342137600
1245   -0.950000000   -0.347496700   -0.406711400
1246   -0.950000000   -0.399181800    1.010324000
1247   26.384100000    1.521518000    0.956709400
1248   10.916120000    0.902619600    0.675190100
1249    0.434437500   -0.383495900    0.728308500
1250   15.649060000    0.938352300    0.582460800
1251   -0.950000000   -1.009347000   -0.551850900
1252    8.901178000    0.625120600   -0.178265200
1253    7.440876000    0.189755300    0.013742310
1254   -0.950000000   -0.877786700    0.520733100
1255    4.332525000    0.148393300    0.753610600
1256   22.694410000    1.489948000   -1.418830000
1257    9.081396000    0.367092200   -0.304637500
1258    0.476589500   -0.549157700   -0.966399800
1259   13.566190000    1.201681000    1.258700000
1260   -0.950000000   -0.771418200   -0.949007600
1261   -0.950000000   -0.823143700    0.588745300
1262   10.553890000    1.118823000    1.904460000
1263   -0.115350300   -0.334423500    1.239311000
1264   21.268880000    1.376323000   -0.413010400
1265   12.188530000    1.266707000    0.682241000
1266   11.237780000    0.457766400   -0.411241400
1267    8.426423000    0.351115800   -0.293956000
1268    2.714990000    0.258738500    1.506224000
1269   12.520640000    1.276949000    0.573268200
1270   -0.950000000   -0.725257600    0.757410600
1271   12.724990000    0.595380900   -1.142829000
1272   16.624240000    1.111397000   -0.330760600
1273   17.291350000    0.831165800   -1.278833000
1274   -0.950000000   -1.193160000   -1.387238000
1275   24.508780000    1.966925000   -0.066599510
1276   19.719700000    1.520935000    0.531893000
1277    6.923825000    0.213451600    0.452410000
1278    0.707488100   -0.170243600   -0.134577900
1279   -0.950000000   -0.339733000    1.468921000
1280    3.967378000   -0.015766680   -0.245328100
1281    8.348827000    0.591139700    0.508676100
1282   10.832850000    0.339046200   -0.956491000
1283   26.708540000    1.690958000   -0.012031910
1284   -0.950000000   -1.876566000   -0.755368900
1285    6.472967000    0.107709000   -0.423202300
1286    4.705469000    0.067397370   -0.165502400
1287   14.999820000    1.327197000   -0.699947100
1288   -0.190581600   -0.017878540    1.196396000
1289    2.010392000   -0.268919800   -0.251987100
1290   16.403880000    0.965557800   -0.973329500
1291    9.315780000    0.745078700    0.070693000
1292   -0.950000000   -0.320062500    1.870779000
1293   -0.950000000   -1.210998000    0.956480700
1294   -0.950000000   -1.187222000    0.125374100
1295   -0.950000000   -1.111564000    0.148461900
1296   -0.950000000   -1.698728000   -0.807662000
1297    0.754387800    0.014611560   -1.378187000
1298   -0.950000000   -0.973559400   -0.267144400
1299   11.842260000    1.422460000    0.518671800
1300    9.068518000    1.104597000    0.437043600
1301   -0.950000000   -0.840285000    0.796184100
1302   11.953090000    0.779192300   -0.691060200
1303   -0.950000000   -1.575119000    1.489103000
1304   -0.950000000   -0.846259800   -1.907727000
1305   -0.950000000    0.085266980    0.859311900
1306    7.570609000    1.049842000    0.751515900
1307    5.461232000   -0.067207670   -0.879925700
1308    9.382242000    0.906337300    0.383120400
1309   -0.950000000   -0.593461100    1.470745000
1310   17.913570000    1.789118000    0.007667839
1311   14.765710000    0.711989700   -0.543200400
1312    2.002170000   -0.120829300   -0.085506120
1313    3.409783000    0.075805890   -0.034226380
1314   15.718450000    1.336474000    0.166538700
1315    9.288217000    0.868079200    0.409776800
1316    9.058669000    0.425564100   -0.354750500
1317   -0.950000000   -1.633975000    0.521818500
1318   -0.950000000   -0.553828800    0.063770840
1319   -0.950000000   -0.659678300   -0.143987900
1320   11.388350000    0.574433600    1.875792000
1321   -0.950000000   -0.141507200   -0.318126300
1322   -0.950000000    0.469531200    0.562812400
1323   -0.950000000   -0.621919500   -1.235306000
1324   -0.950000000   -1.025129000    0.243589300
1325   -0.950000000   -1.226120000   -1.211660000
1326   -0.950000000   -1.238959000    0.588613900
1327   -0.950000000   -0.003365917   -0.375633700
1328   -0.950000000   -1.445083000   -0.913680200
1329   -0.950000000   -0.588992400   -0.274587000
1330    5.260340000    0.791905200    0.785591300
1331    0.659266200    0.811008300    0.578438000
1332   -0.950000000   -0.066440440   -0.105263100
1333   -0.950000000   -1.360500000   -1.636302000
1334    7.628217000    1.066953000   -0.866491400
1335   18.548020000    1.892452000   -0.400983000
1336    8.633198000    0.640910600   -0.902826600
1337    6.267281000    0.497356900   -0.120467200
1338   -0.336547900    0.031054490    0.813629100
1339   -0.950000000   -1.200651000   -1.631248000
1340   -0.950000000   -1.789578000   -1.382705000
1341    5.393782000    0.467382300    1.584366000
1342    4.004532000   -0.116732300   -1.472092000
1343   13.161830000    1.262836000   -0.877516300
1344    3.071320000    0.284412500    0.099832740
1345    6.460227000    0.496995000   -0.799226600
1346   12.807550000    1.186306000   -0.039475390
1347    5.211843000    0.541171000   -0.536498400
1348   -0.950000000   -0.713545500    1.902135000
1349   -0.950000000   -0.370661700    0.357510500
1350    7.382295000    0.447862300   -0.690168000
1351   -0.950000000   -0.223418300    1.087349000
1352    2.844147000    0.138502400   -0.720603700
1353   -0.950000000   -0.254856200   -0.138202900
1354   16.126520000    1.692417000    1.856541000
1355   -0.950000000   -0.300614700    0.695956300
1356   -0.950000000   -0.625789800   -0.602337900
1357    9.175899000    1.131949000   -0.984991000
1358   -0.950000000   -1.474016000   -1.072053000
1359   -0.241658000   -0.247141600   -0.296768500
1360   -0.950000000   -0.565891700    0.589479600
1361    7.683374000    0.493960100   -1.545690000
1362   -0.950000000   -1.014176000    1.142660000
1363   -0.950000000   -0.238142700   -1.158612000
1364   13.646520000    1.411226000    0.294349300
1365   -0.950000000   -0.936359000   -0.368049700
1366   -0.190045900   -0.220937100    0.111116800
1367   11.173920000    0.679546900   -1.068154000
1368    3.384475000    0.076216660   -0.448203200
1369    7.633859000    0.633954300   -1.040814000
1370   11.284970000    0.750575400    0.057299960
1371   -0.950000000   -0.935963200   -0.478616800
1372   -0.950000000   -0.594775900   -0.222762500
1373    2.761400000    0.264222900    0.799749200
1374   14.516610000    1.779592000   -0.525398400
1375    8.657836000    0.415252500    1.928239000
1376    1.869418000   -0.181203000   -0.455622300
1377   -0.950000000   -0.606003800    1.666245000
1378   18.593120000    1.343274000   -0.462253400
1379   -0.950000000   -1.605137000    1.870047000
1380    3.194293000    0.144775500   -0.090452190
1381   12.445440000    1.125581000    0.015322280
1382   -0.950000000   -1.136485000   -0.043827250
1383    5.158430000    0.341920400    0.652319000
1384   10.479450000    0.979071300    0.023755760
1385    0.084319960    0.195084600    0.824541000
1386    2.386162000    0.118996900    0.641236700
1387   -0.950000000   -0.339805200    0.858346300
1388   -0.950000000    0.045942360    1.345404000
1389   13.556310000    1.111396000   -1.035755000
1390    5.787566000    0.452666600   -0.454809600
1391    3.430165000    0.314932000   -0.038949020
1392    4.413824000    0.373898100    0.001484130
1393   -0.950000000   -0.726715700   -0.084339840
1394    1.559795000   -0.120864200   -0.311921800
1395    7.682316000    0.295440200    1.018899000
1396   -0.950000000   -0.932994300   -0.866963400
1397    4.407799000    0.434967500    0.068861970
1398   -0.950000000   -1.282196000    0.239117200
1399    7.608406000    1.594799000    1.445130000
1400    0.487600700   -0.094264820    0.136892100
1401   -0.950000000   -1.841158000   -0.392461800
1402   16.656850000    1.351966000    0.538221900
1403    6.591156000    0.321595900   -1.036992000
1404   -0.950000000   -1.153892000    0.492920500
1405    2.576876000    0.631528800    0.003897154
1406   -0.950000000   -0.180702400    0.210089300
1407    7.387167000    1.171717000   -0.059075180
1408   -0.950000000   -0.998673700    1.742126000
1409    2.935898000   -0.308393600   -1.425332000
1410    0.939881400    0.359638700    0.066423960
1411   11.894600000    1.045000000    0.307090200
1412    8.978207000    0.734589800    1.516635000
1413   -0.160294900    0.414646200    1.784132000
1414    4.123642000    0.192065600   -0.569219700
1415   12.450360000    1.540470000    0.745762700
1416   -0.950000000   -0.605048800   -0.093171150
1417   -0.950000000   -1.497528000    1.328580000
1418   16.727770000    1.601643000    0.427634200
1419   -0.950000000   -0.420845000    0.072647150
1420   -0.950000000   -1.248065000   -0.436392200
1421    3.421402000    0.011865410   -0.886439200
1422   -0.950000000   -0.297064200    0.032261520
1423   -0.950000000   -0.843940900   -0.967695000
1424   -0.950000000   -0.013143670    0.285539700
1425   15.474900000    1.194617000   -0.232541800
1426   -0.950000000   -0.311924200    0.022309320
1427   -0.950000000   -0.399729800   -0.441600500
1428   -0.950000000   -0.697825300   -0.826038000
1429   23.549550000    1.945108000   -0.583031200
1430   -0.950000000   -1.577080000   -0.783272700
1431   -0.950000000   -0.525315600   -0.370633200
1432    9.792171000    0.801867100   -1.397089000
1433   -0.950000000   -0.792361400   -1.708933000
1434   -0.950000000   -0.385849300    0.631006800
1435    0.975902700    0.093547260   -1.097573000
1436    2.048988000    0.383367300    0.483290200
1437   10.602310000    0.766835200   -1.545365000
1438   -0.950000000    0.176114600    0.500704100
1439   12.303270000    1.485159000    1.160171000
1440   19.391980000    1.654655000   -0.658924700
1441    1.467697000    0.279993200    0.209204100
1442   -0.950000000    0.334560800    1.161849000
1443   -0.950000000   -0.453695500   -0.125149400
1444   -0.950000000   -0.104692500   -0.799644000
1445   -0.950000000   -1.053509000    0.745743500
1446    7.567084000    0.868099400   -0.479538100
1447   -0.950000000   -0.297248900   -0.321996100
1448   12.878940000    1.296594000    0.403318500
1449   -0.950000000   -1.685475000   -0.922805200
1450   -0.950000000   -0.165084900   -0.719556900
1451   -0.950000000    0.258770700    0.158144700
1452   -0.950000000   -0.585444500    0.415821300
1453   -0.950000000   -0.810369300    0.691347800
1454   -0.950000000   -1.386532000   -0.889144400
1455   -0.950000000   -1.453106000    1.904746000
1456   10.979390000    1.112857000   -0.770555800
1457    6.410716000    0.539454100   -1.175340000
1458    5.966017000    0.791245300    0.065455480
1459   -0.950000000   -0.271393000   -1.087859000
1460   -0.950000000   -0.938136900    0.779462600
1461   19.104330000    1.922947000   -1.233332000
1462   -0.950000000   -1.391548000   -0.858492300
1463   11.185890000    1.219078000    0.576035100
1464   -0.950000000   -0.728415600    0.443163700
1465   10.658340000    0.988166800   -1.112298000
1466    6.181580000    0.361091300   -0.860555900
1467    0.702319900    0.264593500    0.002362748
1468   -0.950000000   -1.024690000    0.169804600
1469    7.963963000    0.660455100   -0.416901700
1470   -0.950000000   -0.072423010    0.114896600
1471   -0.387570900    0.389001100    0.931248200
1472    9.016879000    0.919451900    0.458495200
1473   10.320910000    1.007982000   -0.886361300
1474    0.942499500    0.093315740   -0.136098700
1475   -0.950000000   -1.203840000    0.233807100
1476    6.253380000    0.723884500   -0.511008100
1477    3.564572000    0.357924800   -0.188679700
1478    9.022676000    0.784155600   -0.676570900
1479    6.059092000    0.362261200   -1.932101000
1480   -0.950000000   -0.710832200    1.942169000
1481   -0.950000000   -1.514451000    0.383190700
1482    2.685748000    0.132086700   -0.217082600
1483   -0.950000000   -0.553235300   -0.521266900
1484    2.891472000    0.595538200    1.147687000
1485   -0.950000000   -0.599348100    0.150676300
1486   -0.950000000   -0.705026400   -0.531673300
1487    6.387246000    0.466529700   -0.872094600
1488   -0.950000000   -1.037228000    1.058546000
1489   -0.950000000   -0.770031300    0.044902140
1490   -0.950000000   -0.414455100   -0.308952600
1491   -0.950000000   -0.439129700   -1.611161000
1492    8.535309000    0.799664500   -0.803941100
1493    3.688321000    0.964299100    0.871102100
1494    0.103939700    0.190301700    1.277151000
1495   -0.950000000   -1.755449000    0.104506800
1496    7.890806000    1.161484000    0.584626900
1497   10.346830000    0.814748400   -1.875405000
1498   13.402110000    1.260841000   -1.444918000
1499   11.643980000    1.172630000   -1.544062000
1500    1.439004000    0.385420500    0.252741800
