*y  x1  x2
   1   -0.950000000   -1.144689000   -1.408620000
   2   -0.950000000   -0.579805500   -1.738635000
   3    2.642740000    0.640169300   -1.017271000
   4   -0.950000000   -0.184061000   -0.087621020
   5    3.652176000    0.624197200   -0.369531800
   6   -0.950000000   -1.608023000   -0.646796900
   7   -0.950000000    1.032857000    1.668683000
   8   -0.950000000    0.136901000   -0.783520300
   9   -0.950000000   -0.889830800    0.159609100
  10   -0.950000000   -0.628754600    0.390120000
  11    8.007677000    1.369892000    0.346554200
  12    3.014827000    0.926033700   -1.232877000
  13   -0.950000000   -0.524135200   -1.948392000
  14   -0.950000000   -0.393986500   -1.591678000
  15   -0.950000000   -0.916976800    1.847975000
  16    9.599488000    0.475322600    1.630827000
  17   -0.950000000   -1.868894000    0.312535700
  18    5.783758000    0.368135700    1.701869000
  19   18.893480000    1.311654000   -0.085463300
  20   13.036890000    0.472236000   -1.190495000
  21   -0.950000000   -0.913080700    1.272920000
  22   13.978140000    1.079860000    0.081194180
  23   17.680950000    1.084486000    1.090092000
  24    4.577201000   -0.104997000    0.160782000
  25    6.304912000    0.227091700    0.500570200
  26   -0.950000000   -1.151940000    1.278768000
  27    0.749108400   -0.431923000    0.735086400
  28    0.598068800   -0.502941600    0.437829000
  29   17.752710000    1.464368000    0.562161500
  30   10.259550000    0.480416400   -0.208726300
  31    1.509670000    0.088852870    0.301933900
  32    3.165804000    0.185491500    0.069355160
  33    2.061041000    0.370542000    0.082415220
  34   -0.950000000   -0.292485200   -0.801624800
  35    7.907717000    1.175246000    1.835302000
  36    6.633192000    0.486546700   -0.500953800
  37    2.111213000   -0.164907100   -1.463347000
  38    7.873379000    0.780743300    0.064520760
  39    4.896250000    0.747198400    0.102974200
  40   -0.950000000   -0.153025400    0.466304700
  41   14.796600000    1.126027000   -0.579061200
  42    5.077048000    0.551519500    0.723486300
  43    9.207640000    0.761755300   -0.727090800
  44    1.315177000   -0.035314170   -0.431806000
  45   -0.950000000   -0.466220000    0.450445300
  46   13.030230000    1.054120000    0.300141600
  47   18.455220000    1.645374000   -1.542687000
  48   11.534580000    1.317350000   -0.212525800
  49   15.120520000    1.131969000   -1.287397000
  50    7.401648000    0.371195200   -0.538002700
  51    5.462868000    0.620234400    0.248750300
  52   -0.950000000   -0.712369900    1.047008000
  53   13.438010000    1.536363000   -0.509044300
  54   -0.950000000   -1.021238000   -1.064282000
  55   -0.950000000   -0.960636400   -1.988456000
  56   -0.950000000   -0.473355300    0.107842500
  57   10.844740000    0.774322200    0.106587000
  58   12.206390000    0.850170000   -0.990905400
  59    1.320275000   -0.224301000    0.898471700
  60    6.310329000    0.174745700   -1.534254000
  61    5.414946000    0.346707400   -0.378442900
  62   -0.950000000   -0.227222200   -0.187965300
  63    0.956690000    0.254902700    0.137879800
  64   -0.950000000   -0.117615300    0.905853800
  65   -0.384517100   -0.367376200   -1.070203000
  66    2.894270000    0.290189900    0.300950600
  67    2.440119000    0.190806800    0.801885800
  68   -0.950000000   -1.015938000    0.385276000
  69    5.625164000    1.287489000    1.331492000
  70    1.438748000    0.273672200    1.007214000
  71   -0.950000000   -1.285670000   -1.411059000
  72   14.529420000    1.862839000    0.392003400
  73   -0.950000000   -0.367056600   -0.016976280
  74   -0.950000000   -0.756985700    0.251405900
  75   -0.950000000   -0.111461200    0.446945000
  76   -0.950000000   -0.964631100   -0.083544450
  77   -0.950000000   -0.531589100   -0.051938780
  78   -0.950000000   -1.763456000    1.310937000
  79   12.229330000    0.977796800    0.625698700
  80   -0.950000000   -0.482662500   -0.492187000
  81   20.193930000    1.346570000   -0.613927900
  82   -0.950000000   -0.343413600    1.028441000
  83    0.032090960   -0.290352600   -0.751873000
  84   -0.950000000   -0.323545100    1.971096000
  85    9.974289000    0.705815400   -0.790667600
  86   -0.950000000   -1.034114000    0.417404700
  87    4.678957000    0.490438900    0.310688800
  88   12.680000000    1.137574000   -0.473952900
  89    5.945541000    0.810988400    0.007439210
  90   -0.950000000   -1.010387000    0.062874980
  91   -0.950000000   -0.707151500   -0.621007400
  92   -0.950000000   -1.159511000    0.294521500
  93   -0.950000000   -0.827907600    0.040103200
  94   13.870450000    1.284503000    1.530398000
  95   10.556180000    0.765117400   -1.079815000
  96    6.685137000    0.613241900    1.677068000
  97   -0.950000000   -1.043410000    0.714786900
  98   15.466010000    1.007550000    0.053040180
  99   -0.950000000   -0.820488900   -1.219162000
 100   -0.950000000   -0.283777700    1.552481000
 101   -0.950000000   -0.744103700   -0.069637970
 102   -0.950000000   -0.803208200   -0.924459100
 103   -0.950000000   -0.083715870    0.273255700
 104    1.850671000    0.089264350   -0.416746900
 105    8.154956000    0.963273600    1.162816000
 106    8.546093000    0.617584000   -0.952916000
 107   25.565980000    1.729283000   -0.966896800
 108   -0.950000000   -0.686008900   -0.332851000
 109   -0.950000000   -0.516322500    1.260535000
 110   14.060430000    0.943910100    0.253284400
 111   -0.520967100   -0.125745000   -0.514144800
 112    6.290480000    0.758912500   -0.467253900
 113   21.723890000    1.779819000   -0.327093500
 114    4.887873000    0.354469000   -0.437942500
 115    1.293755000    0.657408700    1.715300000
 116    4.416336000    0.158871300   -0.905221600
 117   -0.950000000   -0.833127000   -0.254821800
 118    2.198100000    0.251792000    0.073364190
 119   -0.950000000   -0.429380700    0.206447200
 120   -0.950000000   -0.833072700   -0.379654000
 121   -0.950000000   -0.944754000    0.417649900
 122   13.409280000    0.957435500    0.007199751
 123    1.595696000    0.044416610    1.094199000
 124    8.130170000    0.461848000   -0.435346700
 125    5.604290000    0.335764800   -0.013731680
 126   -0.950000000   -0.869264700    0.667854500
 127    0.442839200   -0.049513570    0.414372400
 128   -0.950000000   -1.132246000   -0.787861400
 129   -0.950000000   -0.667984300   -0.557990400
 130   13.401990000    1.197928000    1.164480000
 131   -0.950000000   -0.318858200    0.791591000
 132    7.238172000    1.103684000    1.261755000
 133   -0.950000000   -1.167979000    0.484469700
 134   -0.950000000   -0.462689900    1.177640000
 135   -0.950000000   -0.914238100   -0.262292100
 136   -0.950000000   -1.362462000    1.425618000
 137   -0.950000000   -1.040952000   -0.384324300
 138   -0.950000000   -1.033984000   -0.098521480
 139    6.640751000    0.988764000    0.568287000
 140   -0.950000000   -0.122877400    1.210401000
 141   -0.584566000   -0.111076800   -0.798602200
 142   -0.950000000   -1.264614000   -1.707674000
 143   -0.950000000   -0.124063800   -1.115643000
 144   -0.950000000   -1.366292000   -0.445424400
 145   -0.950000000   -0.162688500    1.566472000
 146   -0.950000000   -1.342102000   -1.635103000
 147    3.350871000    0.394890200   -0.537078700
 148   15.927600000    1.999403000    1.127338000
 149   -0.950000000    0.491964100    1.270795000
 150    2.442237000    0.216491900   -1.794847000
 151   -0.950000000   -0.195877900   -0.188602400
 152   -0.950000000   -0.633760200    1.617190000
 153    7.795673000    0.596155000   -0.718816800
 154   -0.950000000   -0.475123300   -1.475555000
 155   18.471540000    1.497709000    0.116811300
 156   -0.950000000   -1.465258000   -1.517937000
 157    6.317055000    0.865734200   -1.019549000
 158   16.669870000    1.681900000    0.161360600
 159   -0.950000000    0.148316000    0.385559100
 160    6.424547000    0.788877200   -0.671039100
 161    5.890767000    0.495132900   -1.755725000
 162    4.627364000    0.566057800   -1.377494000
 163   -0.950000000   -1.553891000    1.650655000
 164   -0.950000000   -0.442650500    1.017448000
 165   -0.950000000   -0.374602800   -0.657943100
 166   10.987450000    1.052719000   -0.181345400
 167    1.401759000   -0.168170600    0.456796200
 168   16.873560000    1.776774000   -0.117590000
 169   -0.950000000   -1.351434000    0.780827600
 170   -0.950000000   -0.649167900   -0.113773800
 171   -0.950000000   -0.458597000   -1.010630000
 172   -0.950000000   -0.417634700    0.127614900
 173   10.893790000    1.417403000    0.963827800
 174   -0.306663000   -0.291458500    0.040795030
 175   -0.950000000   -0.142290400    0.222920600
 176   20.885750000    1.986404000   -0.592021300
 177   -0.950000000   -1.484670000   -0.738266400
 178   12.138290000    1.261427000    0.797793800
 179   -0.950000000   -0.639167800    0.432092600
 180   -0.950000000   -0.742963800   -0.315267600
 181   -0.950000000   -0.405423700    0.142410500
 182   21.011010000    1.989109000    0.185635800
 183   -0.950000000   -0.318219400    0.824942700
 184   -0.950000000   -1.176488000   -0.691117300
 185   -0.950000000   -1.041071000   -1.065359000
 186    3.621391000    0.107641600   -0.033115230
 187    8.989008000    0.611125300   -0.810172100
 188    9.688309000    0.778667200    0.518573800
 189    1.374813000   -0.116255200    0.279385600
 190   12.346120000    0.961382600    0.470870100
 191   -0.184547400   -0.169028000    0.731275200
 192   -0.950000000   -0.351958600    0.207177000
 193   -0.950000000   -0.894882300    0.186331300
 194   17.739110000    1.279475000   -0.938896800
 195    1.429470000   -0.147583600    0.973608700
 196   19.165320000    1.444558000   -1.249874000
 197    5.003572000    0.291129100   -0.424264900
 198   -0.950000000    0.346332900    1.649098000
 199   -0.950000000   -1.724615000    0.522832500
 200   -0.950000000   -1.124519000    0.982879000
 201   -0.950000000   -0.395535300   -0.841829300
 202    2.391845000    0.263318200   -0.233754700
 203   -0.950000000   -0.773332100   -0.752877500
 204    2.155121000    0.245473400    0.254666100
 205   -0.950000000   -1.250093000    1.518483000
 206   -0.950000000   -0.588812800    0.527274000
 207    1.732307000    0.573445300    1.320426000
 208   -0.950000000   -0.058145880   -0.153236300
 209    2.348104000    0.568592200    1.591164000
 210   -0.950000000   -0.934122300    1.713010000
 211   -0.950000000   -0.463204100    0.716929100
 212    5.137164000    0.229495900   -1.034851000
 213   -0.950000000   -0.653775800    1.568114000
 214    2.919206000    0.055508850    1.345045000
 215   -0.950000000   -0.057889710    1.750802000
 216    1.451992000   -0.318321400   -0.573086400
 217    9.361223000    0.596258100    1.085330000
 218    3.431821000   -0.001045477   -0.380291700
 219    8.569629000    0.870844000   -0.059244300
 220   -0.950000000   -1.759835000    0.050243460
 221   -0.950000000   -0.312964500    0.641629400
 222    7.786726000    0.524957800    0.377724000
 223   -0.531482400    0.177445000    1.705606000
 224    3.841554000    0.102754300   -0.328911800
 225   -0.950000000   -0.345293300    0.068572690
 226   -0.950000000   -1.403318000    0.110304300
 227   -0.950000000   -1.911702000   -0.326672200
 228   -0.950000000    0.148842100    0.056970870
 229   -0.950000000   -0.060301420   -0.832067600
 230   -0.950000000   -1.589764000    0.272612600
 231   -0.950000000   -1.205470000    0.748756300
 232   -0.950000000   -0.159319200   -0.062536800
 233   -0.950000000   -0.096766310    0.405077800
 234   -0.950000000   -0.102638500   -0.486197700
 235   -0.950000000    0.486967700   -0.060211010
 236   -0.950000000   -1.852458000    0.370863900
 237   -0.950000000   -1.727215000   -0.177310000
 238   -0.950000000   -1.024674000   -1.614145000
 239   -0.950000000    0.487253700   -0.263585000
 240   -0.950000000   -0.558431100   -0.044095370
 241   -0.950000000   -1.842239000   -0.766129400
 242   -0.950000000   -0.592696200    0.268213400
 243   -0.950000000   -1.273444000   -0.890966800
 244   -0.950000000   -0.543700600    0.027911460
 245   -0.950000000   -0.687633200    0.610166600
 246   14.080070000    1.500696000   -1.120469000
 247   -0.950000000   -0.234478400    0.681154600
 248    0.396784700    0.494318800    0.187352700
 249   -0.950000000   -0.832856300    0.585230500
 250    7.489704000    0.775151600   -0.953293700
 251   -0.950000000   -0.275586300   -1.704484000
 252   14.138860000    1.653869000   -0.482925400
 253   11.048650000    1.033203000   -1.616334000
 254   -0.950000000   -0.570569800    0.926879800
 255   -0.950000000    0.027816690    0.445695000
 256    7.118695000    0.745687600   -0.514345000
 257   -0.950000000   -0.512223800    0.618997800
 258    5.924474000    1.090294000    0.567803000
 259   -0.950000000   -1.571964000   -0.309169000
 260   -0.950000000   -0.835609700   -0.301807600
 261    1.457396000    0.299646100    0.762768600
 262   -0.950000000   -0.265084900    0.109245000
 263    2.048648000    0.346953000    0.511402700
 264   -0.950000000    0.139921100    0.971708100
 265   -0.950000000   -0.913117200   -1.930421000
 266   -0.950000000   -0.991813900    0.510688200
 267    7.855019000    0.883804400    0.606838700
 268    7.141589000    0.740450400   -0.801532000
 269   -0.950000000   -0.612147000    0.866534100
 270   -0.950000000   -0.629770200    0.668624900
 271    3.162562000    0.535790600   -0.380962800
 272    1.227933000    0.976070700    0.950570800
 273   -0.950000000    0.518741700    1.063227000
 274   11.808640000    0.930392900   -1.958725000
 275   -0.950000000   -1.948434000   -0.720972400
 276    0.454888100    0.548196800    0.836047200
 277    0.542822100    0.583313000    1.066321000
 278    4.109720000    0.448383200   -1.196023000
 279   -0.950000000   -0.503999700   -0.381257900
 280    1.131200000    0.686915700    0.750594500
 281   -0.950000000   -0.512498700    0.605059900
 282   -0.950000000   -0.379354800   -1.285393000
 283   15.066080000    1.662130000   -1.022636000
 284   -0.950000000   -1.393973000   -0.331727200
 285    0.861951000    0.157854600   -1.797147000
 286   -0.950000000   -0.623893900    1.456738000
 287   -0.950000000   -0.829679900   -0.132073400
 288   13.220730000    1.011564000    1.043751000
 289   16.721910000    1.277386000    1.797337000
 290   -0.950000000   -0.714801200    1.463170000
 291   11.469320000    0.598741800   -0.430344500
 292   -0.950000000   -0.901879200    1.003216000
 293   10.919280000    1.568784000    1.030774000
 294   -0.950000000   -1.553362000   -1.473076000
 295   -0.950000000   -0.906742600    1.151283000
 296    6.243376000    0.217000100    1.206641000
 297   -0.950000000   -1.369544000    0.992645100
 298    3.382915000   -0.249518600   -0.449460200
 299   17.786660000    0.902140900   -1.012520000
 300   15.280680000    1.081147000   -0.083169830
 301   20.484240000    1.734821000   -0.929770100
 302   -0.950000000   -0.222883400    1.243026000
 303   -0.950000000   -0.572171300    0.582118300
 304    4.576386000   -0.116302000   -0.218900700
 305   18.560180000    1.051700000    0.918885400
 306   -0.950000000   -0.984030700    0.270085200
 307    9.922552000    0.895625200    0.696998700
 308   10.114100000    0.373664800   -0.589348800
 309   11.185550000    0.656315100    0.873403800
 310   19.634830000    1.618553000    0.499840500
 311   16.202250000    0.921029600    0.036241760
 312    6.092840000   -0.148967600   -0.141740500
 313   11.067820000    0.396687400    0.165462000
 314   10.719840000    0.495154900    0.748587500
 315   -0.950000000   -1.710317000    0.994680400
 316   -0.950000000   -0.678168200    0.250344300
 317    2.957649000    0.372122400    0.641024200
 318   -0.950000000   -1.371873000    1.481672000
 319   -0.950000000   -1.576462000   -0.003064145
 320   -0.950000000   -0.614083100    0.421516800
 321   -0.340455600   -0.101610200   -0.578699100
 322    1.299470000   -0.067071580   -1.284397000
 323   18.601770000    1.498342000    0.824173900
 324   -0.950000000   -0.303179700    1.576606000
 325    7.003731000    0.478813900   -0.362740400
 326   12.792160000    0.831531900   -1.120682000
 327   -0.950000000   -1.060014000    0.384447500
 328   -0.950000000   -0.153878700    0.328368000
 329    4.251245000    0.404179600    0.229947300
 330   -0.950000000    0.108413700    0.503778500
 331   -0.950000000   -0.612327400   -1.548865000
 332   -0.950000000   -0.592709500   -1.002027000
 333   -0.950000000   -1.460425000    0.082736040
 334    2.107700000    0.389595800    0.666120100
 335   -0.293537300   -0.046311160   -0.821011300
 336   -0.950000000   -1.102936000   -1.911535000
 337   -0.950000000   -0.609677400    0.322684200
 338    0.324210100    0.367736100    1.070831000
 339    8.192124000    0.927898000    0.421374500
 340   -0.950000000   -0.511344500    1.471110000
 341    0.101751400    0.074624990   -0.545901500
 342   -0.950000000    0.702452100    1.883927000
 343   -0.950000000   -1.867793000    0.638559400
 344   -0.950000000   -1.282381000   -1.287144000
 345    7.822108000    0.878152600    1.575171000
 346   -0.950000000   -1.061525000    0.272394500
 347   -0.950000000   -1.429553000   -0.846070100
 348   -0.950000000   -0.211226200    0.621669600
 349    2.291024000    0.237984200   -1.437992000
 350    8.579237000    0.811380600   -0.843635200
 351   12.545570000    1.549026000   -0.744959400
 352   -0.950000000    0.059156640    0.532341200
 353   -0.950000000    0.157952700    1.027224000
 354    4.683554000    0.684507800   -0.393930000
 355   -0.950000000   -0.249282300    1.539062000
 356   -0.950000000    0.029159200   -0.242861100
 357    0.129998100    0.192060500   -0.807826000
 358   -0.950000000   -0.674501300    0.034368650
 359   -0.950000000   -0.060044010    0.208208400
 360    6.602703000    0.678659600   -0.700445200
 361    7.003315000    0.126233200   -1.094272000
 362   -0.950000000   -0.211787900    1.271940000
 363   18.468640000    1.327507000   -1.010871000
 364   -0.950000000   -0.581859600    0.855067100
 365    5.713297000    0.002413641   -1.777514000
 366    8.882944000    0.733219900    1.670556000
 367    5.993261000    0.176300000    0.109425300
 368    7.131538000    0.310085600   -0.798947300
 369    9.220351000    0.445523500   -0.140312900
 370    8.245249000    0.327169200   -0.647475900
 371    8.491683000    0.769084200    1.229458000
 372    0.094285300   -0.297706900    0.480741500
 373   -0.950000000   -0.957487400   -0.449542600
 374   13.816360000    0.902584100   -0.590133800
 375   -0.950000000    0.227111200    1.562190000
 376   -0.950000000   -1.847369000   -0.744965500
 377    2.534777000    0.072371760    0.866970800
 378    6.347462000    0.425027500    1.255873000
 379    0.906530600   -0.271137300    0.679077600
 380    2.171604000    0.374077200    0.688391900
 381   -0.950000000   -0.526488000    1.034591000
 382    6.303602000    0.146558800    1.314631000
 383    8.543559000    0.218583300    0.383764300
 384   -0.950000000   -0.991996000    0.088794200
 385   14.584880000    0.856468900   -0.240190500
 386    2.543255000    0.041911780    0.709969300
 387   12.278600000    0.803917900   -0.267352200
 388    4.479384000   -0.245090300   -0.898787700
 389    8.271757000    0.374214800    0.187126500
 390   16.080050000    1.171243000   -0.162983100
 391   -0.950000000   -1.485381000    0.103001600
 392    1.956489000   -0.131957400   -0.289860000
 393    2.059093000   -0.046409230   -0.408552500
 394   17.301640000    1.623246000   -0.418580000
 395    7.849670000    0.429143500   -0.497122300
 396   -0.950000000   -0.663568000    0.329787800
 397   -0.950000000   -0.556220300   -0.982398100
 398    5.676839000    0.963767300    1.093556000
 399    3.812523000    0.716836800    1.545246000
 400   -0.950000000   -0.471580200   -0.282773900
 401   -0.950000000   -0.384938600    0.410021400
 402   10.124280000    0.779160700   -0.423316700
 403   -0.950000000   -0.966805000   -0.002316111
 404    8.453117000    0.916881000    0.517722700
 405    0.574378200    0.523519200    1.356690000
 406   -0.950000000   -0.990066500   -0.237300500
 407   13.614160000    1.605324000   -0.141174800
 408   -0.950000000   -0.192195600    1.548190000
 409   27.880230000    1.867439000    0.238703600
 410   16.087190000    1.092921000   -0.917771100
 411   12.705850000    1.276864000    0.773117000
 412   17.708710000    1.605918000    0.916425400
 413    0.821187500   -0.321860100   -0.696223800
 414    6.761728000    0.336432000    0.273976800
 415   -0.950000000   -0.930943600   -0.965204900
 416   17.211570000    1.934750000    1.276304000
 417   -0.950000000   -0.880061100   -1.108901000
 418   20.420810000    1.574817000    0.182989200
 419    7.753626000    0.292901600   -0.778889000
 420   -0.950000000   -0.722163000   -0.235620600
 421   10.203800000    0.646883700   -0.221618600
 422   21.642950000    1.805766000   -0.791468200
 423    2.954829000   -0.032263290    0.554591500
 424   -0.950000000   -0.883102600   -0.502536400
 425   15.751310000    1.478462000   -0.324025300
 426    4.920461000    0.300987000   -0.574749400
 427   -0.950000000   -1.135064000   -0.408674200
 428   19.588360000    1.257187000   -1.565201000
 429   13.565870000    1.335097000   -1.642637000
 430    7.163022000    0.760663900    0.031138450
 431    9.989207000    0.905709200   -0.362893200
 432    5.368507000    0.447909700    0.942885800
 433   -0.950000000   -0.724517400   -0.885648100
 434    6.878791000    0.409940300    0.122455100
 435    8.734214000    0.493553000   -1.117081000
 436   12.149600000    0.744956300   -0.385257700
 437   -0.382223300   -0.043474700    0.426087400
 438   -0.950000000   -1.542885000    1.515406000
 439   13.075620000    1.013037000   -0.880559400
 440   -0.950000000   -1.046831000    1.101785000
 441    0.407971300   -0.122584700   -0.313755400
 442   19.745690000    1.700979000   -1.330671000
 443   -0.950000000   -0.381670600    0.451299200
 444   -0.950000000   -1.224997000    0.099956730
 445   16.640240000    1.475929000   -0.566246500
 446   13.691340000    1.516034000   -1.102572000
 447   -0.146451600   -0.226190300    0.042105760
 448    0.213021500   -0.209000100    0.465073400
 449   20.180440000    1.392829000   -1.017024000
 450    4.990256000    0.410448300    0.769424100
 451   23.414540000    1.730451000    0.589182800
 452   -0.950000000   -1.351230000   -0.761230900
 453   -0.950000000   -0.968904100   -0.417513600
 454    4.349715000    0.357400300    0.035286710
 455    7.220093000    0.773631000   -1.146184000
 456   -0.950000000   -1.934382000   -0.240970900
 457   -0.950000000   -0.381712200    0.455912400
 458   -0.950000000   -0.442596700    0.423055100
 459   -0.950000000   -0.775335200   -0.422417100
 460    2.518966000    0.516244500    1.231808000
 461   -0.950000000   -0.476092300    1.572455000
 462    3.165149000    0.218374400   -0.436680300
 463    6.793400000    0.444407100   -0.845323800
 464   -0.950000000    0.189674800    0.826368400
 465    3.299338000    0.329435700    0.099837100
 466    4.954273000    0.199922600    0.129281200
 467    2.867799000    0.340756300    0.023432560
 468   -0.950000000   -0.318083000   -0.264155700
 469   11.590420000    0.856245800   -0.096814880
 470   -0.950000000   -0.796724800   -0.427241200
 471   -0.950000000   -1.014408000   -0.825298600
 472    6.574194000    0.316161800    0.610483400
 473   -0.923814000   -0.276910100    0.502338900
 474    9.108055000    0.766320000    0.525331500
 475    6.787968000    0.290084500   -0.597549500
 476   -0.950000000   -1.891265000    1.223631000
 477   -0.950000000   -1.488823000    0.917969300
 478    4.522776000    0.677451600    0.497035000
 479   19.566370000    1.671391000   -0.111997600
 480    9.281327000    0.590796400   -0.323267600
 481    4.024501000    0.442882100   -0.273682900
 482   -0.229171500   -0.077308040   -0.845668200
 483   -0.950000000   -1.248859000    0.485616300
 484   -0.950000000   -0.884785300   -1.563742000
 485   12.682690000    1.648013000    0.196968100
 486   -0.788427400    0.077405540    0.593829000
 487    5.278890000    0.765668700   -0.389245700
 488   -0.950000000   -0.464753800    0.348476700
 489   -0.950000000   -0.554547700    0.388769000
 490   11.533460000    1.496903000   -0.753080500
 491   -0.950000000   -0.535152900   -0.683621700
 492   -0.440445600    0.278797100    0.523033800
 493   -0.950000000   -1.550105000    1.978573000
 494   -0.950000000   -0.183913200    0.804749200
 495   -0.950000000   -1.843319000   -0.298472700
 496    8.896098000    0.820386900   -0.071927080
 497   -0.398529100    0.278414700    1.152591000
 498   -0.950000000   -1.094887000   -0.142050100
 499   -0.950000000   -0.161765500   -0.645797300
 500   -0.950000000   -0.135954700    0.504902900
 501   22.003820000    1.415206000   -1.388332000
 502   -0.950000000   -0.322230900   -0.618723300
 503   -0.950000000   -0.716951700   -0.542274700
 504   -0.950000000    0.006198420   -1.021513000
 505    2.010202000    0.187120000   -0.566471400
 506   -0.950000000   -0.120813000    0.283252100
 507    6.712845000    0.785816100   -0.830273100
 508   12.577370000    1.481946000   -0.020445230
 509   -0.950000000   -0.676385700   -0.733826900
 510   -0.950000000    0.413986100    0.658766400
 511   10.602390000    1.291363000    1.237142000
 512   -0.950000000   -0.409772400   -0.098658850
 513    0.903812000   -0.148564400    0.379467200
 514    1.748994000    0.123688800    0.137594200
 515   -0.950000000   -0.613663300    0.219982300
 516   -0.950000000   -0.173529200    1.247438000
 517   15.277640000    1.121684000   -0.532044500
 518    0.528715000   -0.394893300   -0.727321400
 519   25.542440000    1.869510000    0.854814400
 520   16.026720000    1.446381000   -0.480673800
 521   -0.429919200   -0.455391200   -1.354101000
 522   -0.950000000   -0.475952900    0.714499200
 523    4.114542000   -0.030206390   -0.510723100
 524    2.393016000   -0.309838200    1.874381000
 525   18.288090000    1.439126000   -1.059701000
 526   -0.950000000   -0.738155700    1.334309000
 527   -0.950000000   -1.198763000    0.162796800
 528   -0.950000000   -1.534823000    0.571504300
 529    4.750841000    0.357783100    1.012856000
 530   -0.950000000   -0.974282000    0.791324500
 531   15.131600000    1.076746000   -0.574665200
 532   -0.950000000   -1.308282000    1.267229000
 533   -0.950000000   -1.039722000    0.490228400
 534    0.240273100    0.169668600    1.063763000
 535    4.629878000    1.273103000    1.816198000
 536    5.700818000    0.025395190   -1.059730000
 537   10.734340000    0.862928700   -1.314252000
 538    2.320457000   -0.141551000   -0.865903300
 539   13.193140000    1.062038000    0.308715600
 540   17.607460000    1.459635000    0.146733800
 541   -0.950000000   -0.771753400   -0.411948000
 542   -0.950000000   -0.342284600   -0.667493800
 543    7.055555000    1.227500000   -1.299638000
 544   -0.950000000   -1.294620000   -0.389295900
 545   -0.950000000   -1.820760000    0.499313200
 546   -0.950000000   -1.521277000    0.753967100
 547   -0.950000000    0.646426000   -0.208091700
 548   -0.950000000   -0.307663800   -0.294083700
 549   -0.950000000   -0.320857700   -1.652023000
 550   -0.950000000    0.314343100   -1.267975000
 551   -0.950000000    0.357949600   -0.559466700
 552   -0.950000000   -0.234336200   -0.272263600
 553   -0.950000000   -1.278724000   -1.068591000
 554    5.280217000    1.205576000   -0.974552900
 555   -0.950000000    0.463011200    0.899479900
 556    1.193520000    0.267553600    0.181220500
 557   -0.950000000   -0.699215800   -0.466713700
 558    6.735664000    0.587095000   -0.920859600
 559   -0.950000000   -0.108099300   -0.243554800
 560   -0.950000000   -0.762613800   -1.228317000
 561   -0.950000000   -1.491851000   -0.098880140
 562    3.598673000    0.387213700    0.215091400
 563    7.808445000    0.787075600   -1.031406000
 564   -0.950000000    0.076103220    0.448273200
 565    2.266710000    0.740178500    1.051669000
 566   -0.950000000   -0.907939800   -0.465588300
 567   -0.950000000   -0.536022800    0.604401900
 568   -0.950000000   -1.238016000    0.356019900
 569   15.932270000    1.209251000    0.241776100
 570   10.535620000    1.401179000   -0.446281800
 571   -0.950000000   -0.379550500   -0.540284900
 572   -0.950000000   -0.570464700   -0.193201400
 573   -0.950000000   -0.069221670   -1.214851000
 574   -0.950000000   -0.313802800   -0.557450300
 575   -0.950000000   -0.095743050    1.025797000
 576   -0.950000000   -0.523568700   -1.324382000
 577   -0.950000000   -0.297091700   -0.274850600
 578    3.653609000    1.050740000   -0.848210000
 579    1.669744000    0.528241200   -1.501365000
 580   -0.950000000   -1.517841000   -0.939468300
 581    1.562989000    0.675688000   -1.331290000
 582    0.807920800    0.806925400   -0.265444700
 583   -0.950000000   -1.580863000    0.136651300
 584   -0.950000000   -1.516921000    0.433427500
 585   10.542760000    1.534879000    0.176821300
 586    1.330552000    0.068023660   -0.150370300
 587   -0.950000000   -0.567318100   -0.727045500
 588    4.969631000    0.097213040   -1.007235000
 589    4.839602000    0.554328900    0.522883500
 590   11.921410000    1.105580000    0.346193000
 591   11.777100000    0.853780000    0.142099400
 592   -0.950000000   -0.576409400    0.766761800
 593   22.290130000    1.804052000   -0.522684100
 594    2.488584000    0.163108000   -0.331099600
 595   -0.950000000   -0.683145100    0.104762300
 596   18.131670000    1.529504000   -0.492342200
 597   15.349900000    1.366804000   -0.818289800
 598   -0.950000000   -0.726105100   -1.275935000
 599   -0.950000000   -0.105164600    0.250157500
 600    0.262741400   -0.104468400   -0.314555400
 601   -0.950000000   -0.841098000    0.552450300
 602    2.713406000    0.249669800    0.269756800
 603    2.923576000    0.144732300    0.821301000
 604   -0.950000000   -0.382762200   -0.102115300
 605   -0.950000000   -0.292360600    0.439157000
 606   19.272800000    1.661680000   -0.844560100
 607    0.156168800   -0.312858800   -1.328493000
 608   13.134470000    0.901407900   -1.076107000
 609    8.391931000    1.115648000    1.413108000
 610    6.931476000    0.426858300   -0.856441500
 611   -0.950000000   -1.057433000   -0.402763200
 612    4.901018000    0.188778700   -1.049866000
 613    8.778107000    0.372256700   -1.824358000
 614   16.331170000    1.543218000    0.472988900
 615   -0.950000000   -0.880751800   -1.264661000
 616   -0.950000000   -0.624791900    0.688843800
 617    9.630532000    1.619967000    1.238254000
 618   15.035750000    1.209288000    0.483971400
 619    9.221396000    0.573898200    0.088077090
 620   -0.950000000   -0.716028800    1.531979000
 621   -0.950000000   -0.445367600    0.630754200
 622    2.633045000    0.090088160    0.564662200
 623    2.043916000   -0.259370900   -0.454851100
 624   -0.950000000   -1.898060000    1.702895000
 625    1.632945000    0.088760950    0.256131500
 626    9.359623000    0.459425500   -0.755421000
 627   15.247890000    0.960038200   -1.471506000
 628    2.207745000    0.010583580    0.116760100
 629   -0.950000000   -1.400054000   -0.190181500
 630    3.017740000    0.157294300    0.752639300
 631    2.877355000    0.336446700    0.557374200
 632    9.515542000    0.518213900   -1.592366000
 633   -0.950000000   -1.565717000    0.229675600
 634   13.366700000    1.390910000    0.323023800
 635   -0.950000000   -0.533970300   -0.029685200
 636    3.725996000    0.866206900    0.547800800
 637   -0.950000000   -1.703445000   -0.605885500
 638   -0.950000000   -0.268485500    0.121021800
 639   -0.950000000   -0.286228400    1.868370000
 640    2.165913000    0.594108200    0.034010370
 641   -0.950000000   -1.382205000   -0.499307000
 642   -0.950000000   -0.526347500   -0.986197800
 643   -0.950000000   -0.039621870    0.055969350
 644   -0.950000000   -0.207772800    0.585751500
 645   -0.950000000   -0.770623000    1.212983000
 646   -0.950000000   -0.860761000   -1.120423000
 647   -0.249517500   -0.045236350    0.069210180
 648   20.580890000    1.672692000   -0.729768700
 649    5.242985000    0.609647100    1.156299000
 650    9.460083000    0.783108800   -0.252169400
 651   -0.950000000   -1.251612000   -0.216254300
 652   -0.950000000   -1.164953000   -0.664778300
 653    6.861535000    0.733970400    0.499672800
 654   -0.789605200   -0.280595100   -0.050601960
 655    8.069057000    0.806063600    1.295904000
 656   -0.950000000   -1.168452000    1.381236000
 657    0.960049600   -0.186563200   -0.660701500
 658    3.503468000    0.169012700   -0.758036500
 659   -0.950000000   -1.475362000    0.695632400
 660   10.594250000    0.905157100   -0.080798750
 661    0.890749700    0.262759000    0.395800300
 662    0.030843670    0.150337900    0.069701650
 663    2.178267000    1.235109000    0.735896000
 664    4.703532000    0.828838200    0.841300800
 665    2.217088000    0.444633500   -0.593372500
 666   -0.950000000   -0.227188200    0.720606400
 667   -0.950000000    0.132887900   -0.475959200
 668    3.291041000    0.286206300   -1.786225000
 669   -0.950000000   -0.581083300   -0.135152400
 670   -0.950000000   -0.209283400   -0.003480562
 671   -0.950000000   -1.401187000    1.068791000
 672   -0.950000000   -0.279953800   -1.859382000
 673   -0.950000000   -0.404901600   -0.317123500
 674    0.570731700   -0.007309432   -1.136335000
 675   15.156380000    1.202114000   -0.791464400
 676   -0.950000000   -0.193008100   -0.034063430
 677   -0.950000000   -0.727380500   -0.787061600
 678    0.672199000    0.473825400    1.273333000
 679   -0.950000000   -1.216283000   -0.936562400
 680    2.074822000    0.567584800   -0.015199710
 681   -0.030687500    0.216101100   -0.081483280
 682   -0.950000000   -0.738623100   -0.397220300
 683   -0.950000000   -0.914398100   -0.605757300
 684   -0.950000000   -0.422199900   -0.059439200
 685   -0.950000000    0.099958190   -0.191604600
 686   -0.950000000   -0.650027200   -1.749761000
 687   16.507440000    1.787875000   -0.836871900
 688   10.730530000    1.255407000   -0.789004600
 689    3.951952000    0.728144400    0.215978600
 690    3.583957000    0.512257500   -0.376201600
 691   -0.950000000   -0.860005600   -0.499908800
 692    3.393220000    0.041066370   -1.305507000
 693    0.933369100   -0.028008200   -0.677867300
 694   -0.950000000   -1.104497000   -1.738746000
 695    7.829405000    0.587182200   -0.246883300
 696   21.887130000    1.442238000   -0.616828800
 697    3.260424000    0.898415400    0.877414900
 698   10.751870000    1.189202000   -0.748397300
 699   -0.529047700    0.162379600    1.115209000
 700   10.859130000    0.981048100   -1.063967000
 701   -0.950000000   -1.268916000    0.176893500
 702   -0.950000000   -1.418333000    0.664743300
 703   19.752270000    1.414041000    0.139106900
 704    1.726857000   -0.111795100    1.475297000
 705   17.864710000    1.767592000   -1.981832000
 706    2.986753000   -0.082838390    0.126533400
 707   12.070600000    0.673468700   -0.070866150
 708   13.940440000    1.046632000   -0.574259800
 709   19.533550000    1.088931000   -1.365925000
 710    8.438687000    0.688544700    0.359903200
 711   -0.950000000   -1.213352000   -0.000471219
 712   11.529850000    0.832951000    0.595160600
 713   -0.950000000   -1.367908000    0.056921620
 714   17.555500000    1.367772000    0.063057850
 715   -0.950000000   -0.751646600    1.251324000
 716   -0.950000000   -0.510420700    0.911865500
 717    2.265299000   -0.050985700   -0.583505900
 718   15.767100000    0.941929400    0.592873600
 719    3.437622000    0.357428000    0.616690700
 720    7.908171000    0.715489400    1.001547000
 721   -0.950000000   -0.355032600    0.880972700
 722    3.364756000    0.387807500    0.338053800
 723    4.269048000    0.601009400    0.443015900
 724    5.919207000    0.419474700   -0.280360300
 725   13.260810000    1.482733000   -0.334986600
 726   -0.950000000   -1.689403000    0.416065100
 727    5.523187000    0.604777300    0.478198200
 728   -0.950000000   -1.028428000    0.705820900
 729   -0.950000000   -0.924829000   -0.493172900
 730    2.530125000    0.030377760   -0.515281400
 731   -0.950000000   -0.991687700    1.852548000
 732   -0.950000000   -0.140613200    0.632044000
 733   -0.607467900   -0.100722200    0.314778000
 734   22.109970000    1.956752000   -1.014952000
 735   10.052290000    0.659302400   -0.318791300
 736    3.876988000    0.501959900   -0.005032962
 737   16.136990000    1.151708000   -0.349812400
 738   -0.950000000   -0.676445600    0.667099800
 739    6.622217000    0.660342000    0.214319200
 740    3.469406000    0.409828400   -0.483050300
 741    9.260592000    1.032171000   -0.128924300
 742    5.071013000    0.396845700   -0.880416900
 743   17.029830000    1.186300000   -0.251716500
 744   -0.950000000   -0.309760500   -0.120514500
 745   -0.950000000   -0.327851800   -0.152754300
 746   -0.950000000   -0.650279200    0.746096200
 747    0.396920000   -0.121863600    0.192724200
 748   -0.776474400   -0.243563100   -1.098559000
 749   -0.950000000   -1.056084000   -0.072294240
 750   -0.950000000   -0.006172577    0.110253700
 751   -0.950000000    0.000951071    0.039086460
 752   -0.950000000   -0.374410100   -0.460505900
 753    9.987198000    1.106770000   -0.245855000
 754    4.972798000    0.488789100   -0.370020800
 755   -0.950000000    0.060063120    0.629172200
 756   -0.950000000   -0.657309600    0.661573100
 757   -0.950000000   -1.683801000   -0.394498600
 758    3.766176000    0.514579800    1.323600000
 759   13.673300000    1.382788000    1.223872000
 760   -0.950000000   -0.249319800   -1.347623000
 761   -0.950000000   -0.776380500   -1.861043000
 762   -0.950000000   -0.199211200   -0.161715600
 763   -0.950000000   -0.175726900   -1.556963000
 764   -0.950000000   -0.249508700   -0.118711800
 765   -0.950000000   -0.202519300   -0.444386300
 766   -0.950000000   -1.589074000    1.066547000
 767    3.473809000    0.431124200    1.027525000
 768   18.247950000    1.446584000   -0.431684300
 769   -0.950000000   -0.296069000    0.332236700
 770    3.367914000    0.319578400   -0.102026400
 771   -0.950000000   -1.074814000   -0.795883200
 772    0.547063200    0.024166910   -0.018400530
 773    0.239046900   -0.115085500   -0.934846200
 774   -0.950000000   -0.382856800    0.273698000
 775   -0.950000000   -0.638852700   -0.385470200
 776   -0.950000000   -0.758655300   -0.766717700
 777   24.443250000    1.672135000   -0.863526000
 778   10.528970000    1.019734000    0.028212660
 779   10.433680000    1.034567000   -0.275999100
 780    7.761135000    0.669716600    0.170193900
 781   -0.950000000   -1.281586000   -0.414138900
 782   -0.950000000    0.027592310    0.204331900
 783   -0.950000000   -0.417454000    0.174424600
 784   12.598730000    1.166288000   -1.432636000
 785    9.631202000    0.806589300   -1.514581000
 786   -0.950000000   -0.644999700    0.033213370
 787   -0.950000000    0.102425600   -0.927072800
 788   -0.950000000    0.082324660   -0.242204000
 789   -0.950000000   -0.643005700   -0.955932900
 790    2.004760000    0.330961900   -1.024159000
 791    5.786750000    0.705332400    0.730613500
 792   -0.950000000   -0.676522500   -0.504985000
 793    9.815468000    1.046941000   -0.552375200
 794   -0.950000000   -1.882653000    0.078865050
 795   13.188070000    1.377556000   -0.250296600
 796    9.033422000    0.876379800   -0.020339780
 797   -0.950000000   -0.560568100    0.903859900
 798   -0.516960800    0.321476200    0.303533700
 799   -0.950000000   -0.538988800   -0.238396000
 800   -0.950000000   -0.428575100    0.576201300
 801   -0.950000000   -1.250489000   -1.164182000
 802    2.591695000    0.161128400   -1.181003000
 803    3.516313000    0.723062600    0.719336300
 804    4.402675000    0.462011400   -1.758500000
 805    0.707135800    0.171458000   -0.433333200
 806    6.795781000    1.032368000    1.137457000
 807   -0.950000000   -1.370511000    0.810015000
 808   -0.950000000   -0.161609000    0.742881200
 809   13.515770000    1.372900000    0.147670900
 810    5.955019000    0.605293900   -0.360089500
 811    8.687286000    0.920250300   -0.259631800
 812    7.686789000    1.292971000    1.405447000
 813   -0.950000000   -0.012064740    0.150828900
 814    1.165214000    0.094502110   -0.998910500
 815   14.644030000    0.868300300   -1.414536000
 816    1.241447000    0.071472280   -0.870691500
 817    3.391296000    0.414154900   -0.203925800
 818    3.098328000    0.380511600    0.047403360
 819   10.694100000    0.684746400   -1.486083000
 820   12.073960000    1.404988000   -1.041417000
 821   -0.950000000   -0.092763450    0.301904600
 822    3.608500000    0.792791000    0.541201200
 823    0.055736860    0.292390200   -0.057443140
 824   -0.950000000   -0.623151400   -1.846110000
 825   -0.950000000   -1.597795000   -1.180466000
 826    5.117928000    0.296817300    0.137372700
 827   11.381640000    0.635660600   -1.155285000
 828   13.289740000    0.963723500   -0.023505940
 829   19.106190000    1.103974000   -1.431288000
 830    6.641522000    0.394930700   -0.885752300
 831    7.060689000    0.493473900   -0.128818100
 832    7.176582000    0.647461900    0.221834600
 833    4.109981000   -0.087122530   -1.541275000
 834    3.090978000    0.041306270    0.040169570
 835    0.319972800   -0.319562900   -0.104841500
 836   -0.950000000   -1.654545000    0.411126000
 837   12.956950000    0.797128000   -0.430237400
 838   -0.337710800   -0.364298900   -0.276314900
 839   12.639630000    0.751866200   -0.166374000
 840   -0.950000000   -0.991786800   -0.369323700
 841   -0.950000000   -0.430005600   -1.848915000
 842   -0.950000000   -0.702021100    0.088011750
 843   -0.950000000    0.343615600    1.569760000
 844    2.306865000    0.296019200   -0.149374800
 845   -0.950000000   -1.370683000    1.123597000
 846   -0.950000000   -0.864384700    0.517730700
 847    4.378712000    0.982669900    0.552818300
 848   -0.950000000   -1.085735000   -0.600543300
 849    8.728171000    0.950369500    0.551072700
 850   -0.950000000   -0.895309500   -0.331053900
 851   11.560880000    1.190493000   -0.544838500
 852    7.785249000    0.818251100    0.453156400
 853   -0.950000000   -0.338298500   -1.194434000
 854   -0.950000000   -0.302032900   -1.866853000
 855   -0.950000000   -0.586533100    1.301760000
 856   -0.950000000   -0.214378300   -1.769427000
 857    1.158203000    0.295452200    0.406421700
 858   11.963050000    1.299138000   -0.847701800
 859    3.130684000    0.765356800    0.518828100
 860   -0.950000000   -1.184868000   -1.164046000
 861   -0.950000000    0.064414150    0.857597700
 862   -0.532298100   -0.034648220   -1.108620000
 863    5.650119000    0.735770200    0.575829800
 864   -0.950000000   -0.087151980    0.111835600
 865   -0.950000000   -0.218915200   -1.802540000
 866   -0.950000000   -0.154574700   -0.546308100
 867   -0.950000000   -0.732455800    0.776128900
 868   -0.950000000   -1.253874000    0.226863300
 869   -0.950000000   -0.432209300    0.723061900
 870   -0.950000000   -1.097796000    1.368518000
 871   -0.950000000   -0.365725700   -0.493777500
 872   -0.950000000   -0.603323600   -1.291090000
 873    5.902814000    0.764658100    1.287186000
 874   -0.950000000   -0.248045200    0.556942200
 875    0.096921240    0.158535400   -0.015370920
 876   -0.950000000   -0.837872300    0.444170600
 877   -0.950000000   -0.396786500    0.949835400
 878    2.285976000    0.072609980    0.947754400
 879   14.161090000    1.648928000   -1.005230000
 880    9.904788000    0.983657600    0.362103700
 881   -0.950000000   -0.716534600   -0.743358000
 882    6.083852000    0.384853800   -1.770797000
 883    9.592844000    1.425264000   -0.878116500
 884   -0.950000000   -0.864984700   -1.765879000
 885   16.430690000    1.198856000   -1.531587000
 886   -0.950000000   -1.577319000   -0.113830100
 887   -0.950000000   -0.518491600   -0.617002300
 888   -0.950000000    0.098979910   -0.799311200
 889   -0.950000000   -0.021827250   -0.815109300
 890   -0.950000000   -0.142530300   -0.488544700
 891   -0.950000000    0.534563100    1.281751000
 892   -0.950000000   -0.142237300   -0.872401200
 893   -0.950000000   -0.380611200    0.706774500
 894    0.903458700    0.841880500    0.037371920
 895   -0.950000000   -0.655239900   -1.201741000
 896   -0.950000000   -0.536476100   -0.831830700
 897   -0.950000000    0.021713960   -0.968113500
 898   -0.950000000   -0.134318700   -1.667970000
 899   -0.950000000    0.000637524    0.068206430
 900   -0.950000000   -1.224988000    0.554011000
 901   11.617150000    1.098762000    0.361476900
 902   17.536720000    1.281009000   -0.430078200
 903   -0.950000000   -1.016286000    0.869159600
 904    5.167684000    0.369109800   -0.776407500
 905   12.020960000    1.107122000    0.836696900
 906    7.121213000    0.331137800   -0.818083700
 907   -0.950000000   -1.589124000    1.827868000
 908   -0.950000000   -0.689179400    0.290119500
 909   15.588960000    1.597939000   -0.680464800
 910   -0.950000000   -0.615393200   -1.279884000
 911   18.345700000    1.757031000   -0.133325300
 912    0.469900600   -0.153334300   -0.340015100
 913   -0.950000000    0.117058400    0.913318100
 914   -0.946001800   -0.052398800    0.285557400
 915   13.287040000    1.048249000   -1.452984000
 916    5.590501000    0.865148000    1.030234000
 917   15.187990000    1.187619000   -1.233207000
 918    0.080756250    0.109626100    0.518317600
 919    2.941467000    0.113193200    0.106908200
 920   14.338840000    1.479206000   -1.823907000
 921    1.512130000   -0.256078100   -0.792984800
 922    2.562224000    0.338918200    0.344951800
 923   -0.950000000   -1.535726000    0.391070500
 924   -0.950000000   -0.565802500    0.325707900
 925   -0.950000000   -0.029046640    1.222684000
 926   20.965700000    1.928347000    0.507999400
 927    1.651427000   -0.060511770   -0.395749300
 928   10.157070000    0.530407700   -1.254136000
 929    7.751691000    0.436964200   -1.153861000
 930   11.773820000    1.590910000   -0.391447100
 931   -0.231758900   -0.304971800   -1.214072000
 932    3.765977000    0.371556600   -0.202396600
 933    8.981956000    1.405045000   -0.019847230
 934    9.107691000    0.731346600   -0.702256500
 935   -0.950000000   -0.558678700   -0.110900000
 936   -0.950000000   -1.567382000    0.309297300
 937   -0.950000000   -0.109307500    0.376982300
 938    6.499295000    0.656047500   -0.281552900
 939   -0.950000000   -0.264108400    0.929632700
 940   16.432730000    1.464521000    0.596112900
 941   -0.950000000   -0.927639100   -1.722492000
 942   -0.108067200    0.083612880   -0.656316800
 943   -0.950000000   -0.164689400   -0.291403700
 944   26.733100000    1.969334000    1.119041000
 945   -0.950000000   -0.757923700   -1.046382000
 946    5.390236000    0.976677300   -0.486826700
 947   -0.950000000   -0.067353720   -0.844900400
 948   -0.950000000   -0.028505980    0.012614810
 949    3.523687000    0.832240300    0.001540734
 950   -0.950000000   -0.883179900    1.564910000
 951   -0.950000000   -0.291136300   -0.328398000
 952    3.500787000    0.553884600    0.708908200
 953   -0.950000000   -0.009860196    0.906086400
 954   -0.950000000   -1.754534000   -0.493356500
 955   -0.717917900    0.358431300    0.933649000
 956    9.047403000    0.845495400   -0.256553100
 957   -0.950000000   -1.326642000   -0.381914400
 958   -0.950000000   -0.847620700   -0.154205400
 959   -0.950000000   -0.739362100   -1.905212000
 960   -0.950000000   -0.084140000    0.444201400
 961    1.575795000   -0.088664700   -1.615239000
 962   13.243760000    0.730446700   -0.619597800
 963   -0.213862900   -0.333621700   -0.868973000
 964    5.350728000    0.284251000   -0.862116400
 965    9.541944000    0.858294100   -0.362918300
 966    3.475163000   -0.067850310   -1.568854000
 967    6.576307000    1.562033000    1.570922000
 968    5.655513000    0.469159800   -0.094924450
 969   -0.950000000   -0.611523800   -0.642184300
 970   -0.950000000   -0.919336800    0.421554400
 971   -0.950000000   -1.652577000   -0.220124200
 972   11.736710000    0.886881100   -0.357219800
 973    5.062348000    0.702393700    0.929675400
 974   -0.950000000   -0.679187100    0.179678900
 975   -0.950000000   -0.231430000    1.209226000
 976    9.286295000    1.135429000    0.591118400
 977   -0.950000000   -0.347743600   -1.110146000
 978   -0.950000000   -0.755180900    0.532609800
 979    8.534901000    0.948745200    1.191297000
 980   -0.950000000   -0.860360400    1.848817000
 981   -0.950000000   -0.319047400   -1.116391000
 982    1.635367000    0.329501400   -0.487349700
 983   -0.950000000   -0.083715710    1.686371000
 984   -0.950000000   -0.032650950   -0.587447400
 985   -0.950000000   -0.272087100   -0.793552000
 986   -0.950000000   -0.176745700   -0.762384000
 987    4.410636000    0.479235500   -0.603562900
 988   -0.950000000   -0.986319400    1.183976000
 989   -0.950000000   -1.084879000   -1.077749000
 990   -0.950000000   -1.537880000   -1.551773000
 991   -0.950000000   -1.623561000    0.760262500
 992    1.236144000   -0.144931700   -1.165856000
 993   -0.950000000   -0.025617480    0.873492200
 994    2.880149000    0.182455600   -0.899286500
 995    9.510803000    1.251063000    0.552492000
 996   -0.950000000   -0.661727800   -0.305009100
 997    1.530899000    0.139453500   -0.092021010
 998    2.606921000    0.339720100    0.014535750
 999   15.721340000    1.910571000    0.364009800
1000   -0.950000000   -0.344884000   -1.287081000
1001    2.723844000    0.330809800   -0.872943900
1002   -0.950000000   -0.164190500    0.464085600
1003   -0.950000000    0.251360000    0.954200300
1004   -0.950000000   -0.424504800    0.659268100
1005   -0.950000000   -1.162876000    0.074976270
1006   -0.023851700    0.103834300    1.034302000
1007    0.138685100   -0.085686440    0.160250100
1008   10.344730000    0.953760700   -0.381584900
1009    8.317116000    0.528494400   -0.799011500
1010   -0.950000000   -0.897274900    1.486465000
1011    4.048706000    0.266017500   -0.098333070
1012    2.377585000    0.010758750   -0.220575500
1013   -0.950000000   -0.318556800    1.522226000
1014   -0.038348460    0.240027800    0.812376400
1015    0.233882400    0.056573920    0.664833300
1016   -0.950000000   -0.720488700    0.968230900
1017   16.074680000    1.559636000   -0.090705390
1018   -0.950000000   -1.666984000   -0.160667700
1019   -0.950000000   -0.522820200   -1.181598000
1020    3.282331000    0.162921500   -0.482418500
1021    6.047123000    0.372076100   -0.609270700
1022   -0.950000000   -0.516596500    1.313279000
1023   -0.950000000   -0.398739800    0.969722300
1024   11.114970000    0.594575700   -0.844702100
1025    8.664145000    0.597116500   -0.557607400
1026   -0.950000000    0.315885300    1.470897000
1027   13.059760000    1.168216000    0.578809800
1028   -0.950000000   -0.994542200   -1.108147000
1029   -0.950000000    0.020319090    1.626680000
1030    8.384972000    0.714772000   -0.373627900
1031    7.409261000    0.650906500    0.870994600
1032   -0.950000000   -1.247881000   -1.266138000
1033   10.949730000    0.939977200   -0.382341700
1034   -0.950000000   -1.154670000    0.811515800
1035   -0.950000000   -1.366247000   -1.525411000
1036   -0.950000000   -1.090747000    0.899275700
1037   -0.950000000   -0.268032700    0.091844460
1038    1.476352000   -0.162132500   -0.757190100
1039   -0.950000000   -0.393915800   -0.588004600
1040   10.424720000    0.813645100    0.599669500
1041   -0.950000000   -1.218201000   -0.009607639
1042    1.780099000    0.077500490    0.144030600
1043    6.633544000    0.435964900   -0.771655500
1044    4.491672000    0.396287800    0.731300900
1045    0.739780000   -0.315140300   -0.665778600
1046   -0.950000000   -0.510490300    0.799957500
1047   17.801420000    1.759981000   -0.386801200
1048    8.188228000    0.822092000   -0.204453100
1049    6.227612000    0.658855200    0.002102906
1050    7.395227000    0.770881000    0.019872490
1051    8.118871000    0.697902600    0.190599100
1052   -0.950000000   -0.055278820    0.865343400
1053    5.189984000    0.556711300   -0.327207000
1054   -0.950000000   -1.483696000   -1.609342000
1055   -0.950000000   -0.235485900   -0.100236200
1056    9.325486000    0.811015900   -1.129737000
1057   -0.950000000   -0.209912400    0.871485500
1058   16.708550000    1.676920000   -1.072076000
1059   -0.950000000   -0.731013300   -0.869357900
1060   -0.950000000   -1.011049000    0.117850300
1061   -0.950000000    0.414054300    0.513033200
1062   -0.950000000    0.587322900    1.181680000
1063   -0.950000000   -0.744641500   -0.618815700
1064   -0.950000000   -1.191724000    0.179638400
1065    3.818963000    0.517118600    0.381422900
1066   10.379800000    1.038085000    0.306045100
1067   -0.950000000   -1.712094000    0.964477500
1068   -0.950000000   -0.824803600   -0.973099800
1069   -0.950000000   -1.132364000    0.005214577
1070    4.661149000    0.684743600   -1.132183000
1071    6.198379000    0.715439500   -1.015446000
1072    7.127492000    1.010796000   -0.909818800
1073   -0.950000000    0.026098770    0.936404600
1074   -0.950000000   -1.345226000   -0.034759360
1075   11.706540000    1.681220000   -0.233116100
1076   -0.950000000   -0.370562100    0.633322500
1077   -0.950000000   -0.287195700   -0.739040800
1078   -0.950000000   -1.162344000   -1.804667000
1079   -0.950000000   -1.195210000    0.893666300
1080   -0.950000000   -0.170822200    0.784300000
1081   -0.950000000   -0.566865000   -1.706084000
1082   -0.950000000   -0.983649900    0.175593500
1083   -0.950000000   -1.313799000    0.529471300
1084   20.188570000    1.347941000   -1.488848000
1085    0.192760200   -0.045114280    1.847375000
1086   15.668560000    1.102486000   -0.156399900
1087    2.244286000   -0.192435600   -1.280899000
1088   -0.950000000   -0.416179300   -0.240997600
1089    5.367522000    0.109749900   -0.975252500
1090    1.511531000    0.251290000    0.044294250
1091   -0.950000000    0.071959660    1.650387000
1092   -0.950000000   -0.225674800    1.400835000
1093   12.566640000    0.991450500    0.225952400
1094   -0.950000000    0.330488000    1.298349000
1095   -0.950000000   -0.586037800    0.232094600
1096    6.738931000    0.505478300   -0.839620200
1097    5.780567000    0.268060600   -1.299630000
1098    9.051738000    0.929382900   -0.247322600
1099    7.981752000    1.079012000   -0.657961500
1100   -0.950000000   -0.761191400   -0.010353770
1101   -0.950000000   -1.638249000    1.163866000
1102   -0.146981700    0.149811500    0.040368010
1103   -0.950000000   -0.308651600    0.932314300
1104    8.753508000    0.673165600    0.044342330
1105   -0.950000000   -0.885374900   -0.109168700
1106   -0.950000000   -1.961289000   -0.235383400
1107    4.094829000    0.189191900   -1.462365000
1108   -0.950000000   -1.072780000   -0.037937760
1109    1.785274000    0.811797500    1.290995000
1110   -0.950000000   -0.481404100    0.163218200
1111   -0.079042280   -0.109214300   -1.689555000
1112   -0.024509390   -0.044979220    0.153632400
1113   13.745270000    1.167260000   -0.894317800
1114   -0.950000000   -0.920821300    0.158628800
1115   -0.950000000   -0.528708600    0.842026800
1116    5.502716000    0.547384800    0.191295200
1117    4.457736000    0.551192400   -0.836351400
1118    2.502898000    0.159467300   -0.409019400
1119   -0.141085200   -0.196113700   -0.756539000
1120    7.435618000    0.816428600    0.026393680
1121   -0.950000000   -0.373166100    0.539468000
1122   14.585220000    0.989304400    0.161260100
1123    6.730802000    0.535449900    0.554202000
1124    4.467863000    0.359474100    0.256310600
1125    2.529814000    0.087384090    0.457167000
1126   24.875960000    1.775228000   -0.745737700
1127   10.602960000    0.575325700   -1.112344000
1128   -0.950000000   -0.297384500    0.260551800
1129   -0.950000000   -1.301485000   -0.561602500
1130   20.223210000    1.491782000   -0.228781700
1131   -0.950000000   -0.920902600   -1.478197000
1132   18.368860000    1.705598000    0.116504800
1133   24.640950000    1.929500000    0.211012900
1134    0.407360200   -0.256094400   -0.203916300
1135    5.490701000   -0.286063800   -1.818697000
1136    3.250494000    0.583254200    0.997213400
1137   15.827840000    1.084323000   -1.593036000
1138   -0.950000000   -0.131358000    1.505426000
1139   15.736890000    1.202480000    0.029123750
1140   -0.950000000   -1.696108000    1.023266000
1141   -0.950000000   -0.001338774    0.644771700
1142    3.471018000    0.311454200   -1.204813000
1143    1.096556000    0.722390200    0.855314800
1144    2.050337000    0.419678000   -0.353284800
1145   -0.170344200    0.337534700    0.147322200
1146   -0.950000000   -0.299122700   -0.819511800
1147   -0.950000000   -0.776544400   -0.335667800
1148   -0.950000000   -1.663771000   -0.181793500
1149   -0.950000000   -0.466196100   -0.198591300
1150   -0.950000000   -0.212882200   -1.405456000
1151   -0.950000000   -0.446350500   -1.106317000
1152   -0.950000000   -0.734382800   -0.671982500
1153   -0.950000000   -0.271881400    0.029570960
1154   -0.950000000   -0.363593300   -0.452624500
1155   -0.583073900    0.192370800   -0.575837400
1156    6.984295000    0.639857500   -1.525153000
1157   -0.950000000   -0.577903500    0.120141200
1158   13.045030000    1.286549000   -1.170834000
1159    5.472270000    0.628759600   -0.680034800
1160    1.441771000    0.229933300   -0.404271100
1161    5.559377000    1.946063000    0.369900300
1162   14.990200000    1.780706000   -1.577538000
1163   -0.950000000   -0.700700100   -0.105310700
1164   -0.950000000   -0.300170200   -1.417953000
1165   12.944740000    1.565928000    0.408550000
1166   -0.950000000   -1.424910000   -1.763710000
1167   -0.950000000   -0.586379500   -1.665298000
1168   12.137510000    0.956811600   -1.477764000
1169    8.954161000    0.826441900   -0.934653800
1170   10.583730000    1.276244000    0.791817500
1171    4.898469000    0.765610800    1.337029000
1172    2.145255000    0.055120600   -1.369497000
1173    4.409677000    0.498435800   -0.244894700
1174   -0.950000000   -1.507750000   -0.685217200
1175    9.355517000    0.850421900   -0.714261000
1176    9.911524000    0.887820400   -0.747045400
1177   -0.950000000   -0.325512500   -1.026765000
1178   19.300720000    1.775975000   -0.639544100
1179   11.364150000    0.738312300   -0.375404600
1180   10.631240000    0.603768300   -1.067301000
1181   -0.950000000   -0.095572290   -0.349970900
1182   11.605230000    1.156429000   -0.697060000
1183    6.824207000    0.719831400   -1.045299000
1184    2.889869000    0.451058400   -0.504127700
1185   -0.950000000   -0.562771600   -1.030422000
1186    3.461047000    0.165037000   -0.739157600
1187    6.161604000    0.794302800    0.202130200
1188   -0.950000000   -0.779817900   -1.929371000
1189    0.509073700    0.000326467    0.961872600
1190    6.076994000    1.080334000    1.041820000
1191   -0.950000000   -0.516458300   -1.502991000
1192    7.494554000    0.936369700   -0.155933500
1193   -0.950000000   -0.155053700    0.373127700
1194    1.866885000   -0.051501850   -1.289371000
1195   14.520170000    1.181384000   -0.249604600
1196   -0.950000000    0.295428700    0.920250200
1197    7.896029000    0.552635800   -0.540038400
1198   -0.950000000   -1.968983000   -0.719880800
1199    6.697341000    0.439286200    0.428332900
1200    3.508382000    0.183274500   -1.062317000
1201    7.536336000    0.570571800   -0.217999500
1202    5.386260000    0.274169500   -0.632732000
1203    7.377118000    0.447802100   -1.800125000
1204    2.193661000    0.143870500   -0.154183700
1205    3.309416000    0.274566200    0.146430000
1206    1.730721000    0.174346300    0.041787170
1207    5.671784000    0.424333400   -0.618194200
1208   -0.950000000   -0.660507900   -0.039325920
1209   -0.950000000   -1.239224000   -0.436694400
1210   -0.950000000   -0.055228960    1.109043000
1211    6.761105000    0.493803500    1.118040000
1212   13.668490000    1.491752000    1.103822000
1213    5.229753000    0.982734600    1.489747000
1214    3.969086000    0.530231600    0.536874100
1215   -0.950000000   -0.074456010    0.805390700
1216   -0.950000000   -0.585365800    0.027573970
1217    3.312786000    1.076675000    1.374348000
1218   -0.950000000   -0.604305400   -0.642168700
1219   -0.501585700    0.078317640    0.486279200
1220   -0.950000000   -1.286757000    1.220753000
1221   -0.950000000   -0.294703900   -0.274603300
1222    6.403958000    0.292560200   -1.305543000
1223    7.491764000    0.679868900   -0.062917890
1224   -0.950000000   -0.356612000   -0.394465600
1225    1.433595000    0.237626200    0.944330100
1226    2.555052000    0.251321600   -0.508790400
1227    3.967694000    0.449533300    0.206376100
1228   -0.243527000    0.291074400    0.762542400
1229   -0.950000000   -1.261497000    1.475741000
1230   18.676450000    1.515832000    0.562608400
1231    4.027987000    0.458020000    1.513039000
1232   -0.950000000   -1.238816000   -1.586584000
1233   -0.030000850    0.427652000    1.166347000
1234    2.320148000    0.074509050   -1.519431000
1235   -0.783635900    0.188133200    0.609920300
1236    1.168068000    0.284603700    0.640970000
1237   -0.781397100   -0.120944600    0.493561000
1238    7.203332000    0.433933400   -1.410164000
1239   -0.950000000    0.111248900    1.129276000
1240   -0.950000000   -0.012265280    0.443426700
1241    3.302978000    0.430983200   -0.604623000
1242   -0.950000000   -1.401640000   -0.194268500
1243   -0.950000000   -1.038282000    0.967848200
1244    7.319361000    1.008512000   -0.024758780
1245   14.955900000    1.389840000   -1.574920000
1246    1.532978000    0.299236500    0.696699900
1247   -0.950000000   -0.071134040   -0.093511840
1248   -0.950000000    0.228116400    0.791580600
1249    6.101334000    0.797104300    0.335521100
1250   -0.950000000   -1.088455000   -0.077252800
1251   -0.950000000   -0.652852400   -0.105137300
1252   -0.950000000   -0.649770800    1.587702000
1253   -0.950000000   -0.170382200   -0.203086800
1254    4.496721000    0.407754100   -0.548802300
1255   -0.950000000   -0.597745900   -0.605776100
1256   -0.614894300   -0.183946500   -0.691217300
1257   -0.001090538   -0.102102900   -1.317005000
1258   -0.950000000   -0.522411600    1.432548000
1259    7.518703000    0.907274800    0.545054200
1260   -0.950000000   -1.391824000    0.290071600
1261   -0.950000000   -0.962211200    1.471031000
1262   -0.950000000   -0.726576500   -0.294432000
1263   -0.950000000    0.042141740   -0.149460000
1264   -0.950000000   -0.141623900    0.739627100
1265   -0.950000000   -1.853828000   -0.833460400
1266   -0.950000000   -0.887980700    0.260565400
1267    2.014562000    0.450119600    0.220388500
1268   -0.950000000   -0.122239800    0.330492400
1269   -0.950000000    0.208292400    1.750024000
1270    2.282751000    0.492162500   -0.592273500
1271    3.645414000    0.551409100   -1.305803000
1272    3.459056000    0.361853000   -0.393742800
1273   -0.950000000   -1.830817000    0.966905400
1274    3.388573000    0.570442600   -0.615567500
1275    5.255464000    0.502279400   -0.652514800
1276    5.031380000    0.714479800    0.454189400
1277   -0.950000000    0.008232679    0.766686900
1278    1.366551000   -0.107114900   -1.511265000
1279   -0.950000000   -0.035580540    0.619381600
1280   -0.950000000   -1.795076000    0.502970200
1281    6.050660000    0.696704500    1.268233000
1282    2.657147000    0.242503800   -0.220116900
1283   15.492000000    1.404925000    0.109723700
1284   16.769580000    1.296009000   -1.177650000
1285   -0.950000000   -1.344528000    0.021278790
1286    2.763460000    0.076097970   -0.829305900
1287   -0.950000000   -1.031857000   -0.505339900
1288   11.171950000    1.149689000    0.257581200
1289   -0.950000000   -1.449202000   -0.462306700
1290   12.618180000    1.123677000    1.099025000
1291   18.694060000    0.818955600    0.094572190
1292    2.899712000   -0.217618400   -0.062055590
1293    6.955486000    0.542744000    0.335763000
1294    7.761039000    0.237387100    1.185439000
1295   17.301060000    1.754376000    1.680830000
1296   -0.151811600   -0.134559600    1.300948000
1297   11.569290000    0.575492800   -0.230950600
1298    5.601549000    0.064850610    0.646406200
1299   13.688920000    0.547449500   -0.528111200
1300    2.347077000   -0.154729100    1.262323000
1301   12.434110000    0.524782100   -0.932829200
1302    1.334512000   -0.530708900    0.050508540
1303    6.865014000    0.189138100    0.293668500
1304   -0.467825100   -0.563823100    0.900475600
1305   12.948730000    1.178596000    0.400006800
1306    0.430726200   -0.297917100   -1.224293000
1307    2.267705000    0.393860700    0.668629500
1308    4.348207000    0.744806200    1.347929000
1309   -0.950000000   -0.497554900    1.290456000
1310   -0.950000000   -0.488209000    0.831998400
1311   -0.950000000   -0.395703200   -0.325951400
1312    7.022696000    0.250227800   -0.433160100
1313    0.486071900   -0.307200200   -0.246445900
1314   -0.830312500   -0.194349000    0.307585600
1315   16.059300000    1.330723000    0.887258700
1316    0.372866400   -0.289483000   -0.712522900
1317   -0.950000000   -0.569904400    1.230902000
1318   -0.950000000   -0.306611400    0.856498700
1319   -0.950000000   -0.336320300    0.258735200
1320   -0.950000000   -1.344184000   -0.240993900
1321   -0.950000000   -1.189603000    1.850020000
1322   -0.950000000   -1.050524000   -0.542658100
1323    1.674049000    0.528405800   -0.574362400
1324   -0.950000000   -0.268548900    0.746016600
1325   -0.950000000   -0.426788500   -1.134128000
1326    2.935391000    0.634182400   -0.581662400
1327   -0.950000000   -0.202134300   -0.027570480
1328   -0.950000000   -0.990848800   -0.604110500
1329   -0.950000000   -0.549950700   -0.108802400
1330    7.211552000    1.014963000   -0.213026300
1331   -0.950000000    0.121506100   -0.454617100
1332   -0.950000000   -0.490343000   -0.240665800
1333   -0.950000000   -1.361427000    0.763310400
1334   -0.950000000    0.251891700   -0.168487200
1335   -0.309747600   -0.010421250   -1.862603000
1336    5.979843000    0.345168400    0.647513700
1337   -0.950000000   -0.529169900   -0.742770800
1338   10.945640000    0.975449900   -0.598960200
1339   -0.950000000   -0.371198300   -0.684269200
1340   12.824230000    1.003530000    1.290086000
1341   -0.950000000   -1.695482000    0.569632300
1342   -0.950000000   -0.910724300   -0.142955000
1343    1.950946000   -0.107296100   -0.729858900
1344   10.628860000    0.799966900    1.098769000
1345   12.941720000    1.051939000    0.186949700
1346   -0.950000000   -1.653465000    1.659669000
1347    0.965658200   -0.146044500   -0.056324890
1348    4.496429000    0.277818100    0.629506100
1349   10.349360000    0.625521800   -0.440438000
1350   11.792390000    0.740465500   -0.565454300
1351   -0.950000000   -0.923364000   -0.213442800
1352   -0.950000000   -0.726955000   -0.944958300
1353   -0.950000000   -0.974907800   -1.715352000
1354    0.686981700    0.111608400   -0.450514400
1355    3.171854000    0.174175000    0.159116600
1356   19.670260000    1.405504000    0.073777770
1357   -0.950000000   -0.355788500   -1.834198000
1358    3.887410000    0.494607300    1.494644000
1359    9.498686000    0.691378700   -0.192308600
1360   10.031680000    1.286973000    0.803978900
1361   -0.950000000    0.038978030    1.792100000
1362   12.492550000    1.800678000    0.956581500
1363   -0.914356200   -0.339775000   -1.002215000
1364   -0.950000000   -0.579992800    0.254564600
1365   -0.950000000   -1.507298000   -0.625018500
1366    1.486872000    0.295388400   -0.466965500
1367    8.719868000    1.300423000    0.011681470
1368   -0.950000000   -0.299923800   -0.290299800
1369   -0.950000000   -0.448487400    1.197892000
1370   -0.950000000   -1.121810000    0.437457500
1371   -0.950000000    0.026477020    0.872881600
1372   16.613610000    1.416784000   -0.384475900
1373   -0.950000000   -0.208863300   -1.011928000
1374   -0.950000000   -0.879150700   -0.888259700
1375    8.590765000    0.791133800   -0.091379070
1376   -0.950000000    0.057924690   -0.250050300
1377   -0.950000000   -0.303704300   -0.881322800
1378   -0.950000000   -1.933359000    0.120517500
1379   -0.950000000   -0.446587600   -0.417149200
1380   -0.950000000   -1.171326000   -0.537606900
1381   14.383720000    1.487359000   -0.036002320
1382    9.770934000    1.039598000   -0.354794000
1383   -0.950000000   -0.042758480   -0.273818400
1384    1.719742000    0.153055400   -1.035290000
1385   10.493870000    0.996149300   -0.143034500
1386    6.625769000    0.614877600    0.670192300
1387    1.253643000    0.791816500    1.399025000
1388   -0.950000000   -0.834724100   -1.191108000
1389    1.124427000    0.111115700   -1.439669000
1390   -0.950000000   -0.857971100   -0.324999600
1391    2.688301000    0.082765230   -1.089679000
1392   -0.950000000   -0.389734600    0.657616000
1393   -0.950000000   -0.344694000    1.096120000
1394   -0.950000000    0.540924800    1.085142000
1395   -0.950000000   -0.631075800   -1.190829000
1396    5.601942000    0.509048900   -1.302341000
1397   -0.950000000   -0.266656900    0.314544200
1398   22.587530000    1.858893000   -0.753669600
1399   -0.950000000   -1.392360000   -0.000257619
1400   -0.950000000   -0.254918100    0.728080500
1401   -0.568820000    0.028532610   -1.047522000
1402   -0.950000000   -0.865437500   -0.646426600
1403   -0.950000000   -0.827676600   -0.359895300
1404   -0.950000000   -0.166688900   -0.953744500
1405   -0.950000000   -0.899248400    0.476105900
1406   -0.950000000    0.153393700    0.446562000
1407   -0.950000000   -1.111443000   -1.282054000
1408   -0.950000000   -1.241062000    0.260852300
1409   -0.950000000   -0.904442200    0.468107800
1410    4.860636000    1.135448000    1.594206000
1411   -0.950000000   -1.713403000   -0.948969000
1412   24.508530000    1.805393000    1.267775000
1413   -0.950000000    0.730552900    1.364771000
1414    8.395912000    0.915106500    1.421944000
1415    9.563824000    0.767510500   -0.869195100
1416   -0.950000000   -0.159206200   -0.914682500
1417   -0.950000000   -1.221299000    0.461312300
1418   16.693580000    1.296373000   -0.559255700
1419   -0.950000000   -0.837383200   -0.177287900
1420   -0.950000000   -1.842802000    0.258380500
1421   -0.950000000   -0.224664100    0.617754500
1422   -0.950000000   -1.007940000    0.459822400
1423   -0.010654480   -0.029143790   -0.864422700
1424   12.076370000    0.835789100    0.884961800
1425   -0.950000000   -0.386824700   -1.287831000
1426   -0.950000000   -0.691871500    0.778274000
1427   -0.950000000   -0.709548100    0.623937100
1428   -0.950000000   -0.864694400   -0.794166600
1429    9.037859000    1.092026000    1.173722000
1430    3.709241000   -0.055199860    0.524185500
1431   11.781130000    0.470935300   -0.966376600
1432   18.474740000    1.453164000   -0.498464600
1433   15.368090000    0.882842900    0.103728200
1434   -0.950000000   -0.439982300    1.913118000
1435    7.912781000    0.410717500    0.294815300
1436   15.495120000    1.208565000    1.179069000
1437   -0.583154900   -0.221085000    0.343466400
1438    0.335276100   -0.485741100    0.082044720
1439   -0.950000000   -0.748007600    0.399645400
1440   16.618910000    1.780688000    1.579914000
1441   -0.950000000   -0.727803200    1.524644000
1442   -0.950000000   -0.575358000    0.664010000
1443   15.283540000    1.563607000    0.691937200
1444    9.344653000    0.781473800   -0.986209300
1445   -0.950000000   -0.577625600   -0.585653800
1446   -0.950000000   -1.905418000    0.398347000
1447   19.321880000    1.905607000   -0.171861800
1448    7.359359000    0.276586100   -1.376465000
1449   -0.950000000   -1.254722000   -0.091335650
1450   -0.950000000   -0.224024100    1.050327000
1451    4.963961000    0.289714600   -0.531786300
1452   19.386770000    1.268995000   -0.351414800
1453    9.393749000    0.605539700   -1.809248000
1454    7.264273000    0.687256200    0.912051800
1455    5.198891000    0.350971300   -0.354286900
1456    1.165588000    0.074211150    0.204074300
1457   -0.950000000   -0.293822500   -0.101913500
1458   -0.950000000   -1.058683000    0.010874910
1459    0.883816400   -0.134847800   -0.983991100
1460   -0.928970300   -0.188207200    0.310275100
1461   -0.950000000   -0.931531800   -1.144486000
1462   -0.950000000   -0.765643900    0.312883100
1463   -0.950000000    0.166273600    0.181808500
1464   -0.950000000    0.919604800    1.609093000
1465    5.872814000    0.614101500    0.236532500
1466   -0.950000000   -0.743198000   -1.428557000
1467   11.453670000    0.982234900    0.613084400
1468   13.887980000    1.300511000   -0.181198200
1469   -0.950000000   -0.179190600    0.646787200
1470   -0.950000000   -0.489934400   -0.413661800
1471   -0.950000000   -1.469311000    1.214012000
1472   15.394340000    0.886871500    0.985142300
1473    9.653340000    0.533942700   -0.358371000
1474   21.339240000    1.208017000   -1.255582000
1475    8.650938000    0.335268400   -0.397033300
1476   -0.950000000   -0.467060100   -0.483020900
1477    6.628650000    0.012970550   -1.536078000
1478    4.614435000    0.217248300    0.265030300
1479    4.511453000    0.370022800   -0.328954200
1480   -0.950000000   -0.781941700    0.252181100
1481    8.153915000    0.788857100    0.766727600
1482    6.504165000    0.333308300    0.120110000
1483   -0.950000000   -0.757458700   -0.403239000
1484   -0.950000000   -0.630293000    1.451296000
1485   -0.575692400   -0.315131900   -0.354774000
1486   17.044160000    0.862544700   -1.161401000
1487    2.937641000   -0.062453350    0.580870200
1488   11.040590000    0.616406400   -1.292097000
1489   -0.116457900   -0.346997700   -0.181634500
1490   -0.950000000   -0.956095000   -0.211445700
1491    6.958953000    0.333029500    1.835609000
1492   -0.950000000   -1.012329000    0.172844500
1493    5.835476000    0.529059700    1.047068000
1494   11.978320000    1.132533000    0.357123900
1495    5.893403000    0.293099500   -1.095912000
1496    5.039030000    0.115397100    0.015072730
1497    4.721702000    0.229027900    1.680569000
1498   11.687770000    0.746033700   -0.582250100
1499    9.923678000    0.529079700   -0.803625200
1500   20.242230000    1.617945000   -0.451506600
