*y  x1  x2
   1   20.093680000    1.473263000    0.005931141
   2   13.490370000    0.852525700    0.937081700
   3    3.681978000   -0.182050200   -0.496799000
   4    2.481973000   -0.052115420   -0.364450700
   5   -0.950000000   -0.453364300    0.518093600
   6   13.620010000    1.070938000   -0.229574700
   7   -0.950000000   -0.683810300   -0.545516600
   8    9.491064000    0.802205100    0.252446300
   9   12.683090000    0.983477400   -0.168019000
  10    9.905642000    0.938275500    0.988153800
  11   -0.950000000   -0.538441200    0.700009900
  12   -0.018787380   -0.328531700   -0.208326400
  13   -0.950000000   -0.580377500    0.324446300
  14   -0.950000000   -0.473961300    0.320079200
  15   10.991000000    0.689992300   -0.694358700
  16    1.367266000    0.274376100   -0.011445620
  17   -0.950000000   -0.511990700    1.031637000
  18   -0.950000000   -1.097554000    0.099307340
  19   -0.950000000   -0.792910700   -1.165224000
  20   -0.950000000   -0.343090400    0.006012807
  21   10.558400000    0.998727400   -1.289806000
  22    3.462964000    0.579741300    0.371156800
  23   -0.195652100    0.231435300    0.980399600
  24   -0.950000000   -0.078845810    0.683883700
  25   -0.950000000   -1.149990000   -0.783238500
  26   -0.950000000   -0.480104300    0.381856300
  27   -0.950000000   -1.668440000   -0.769460200
  28    0.651790700   -0.021237900   -0.886261300
  29    0.711919900    0.288107200    0.381439700
  30   -0.950000000    0.344169500    0.682365900
  31   -0.950000000   -1.060807000    1.312815000
  32   -0.950000000   -1.448487000    0.517451400
  33   -0.338366400    0.329165300    1.415834000
  34   22.192030000    1.742125000    0.372376200
  35    7.497298000    0.289522900   -0.531742500
  36   -0.950000000   -1.176286000   -1.174610000
  37   -0.950000000   -1.259168000    1.768833000
  38    9.064590000    0.364387200   -1.002060000
  39   -0.950000000   -0.983389300   -0.042365750
  40    0.312008000    0.439500300    1.053953000
  41   -0.950000000   -0.124395700    1.378114000
  42    6.705633000    0.464345500    1.453983000
  43    3.254403000    0.045101910   -0.091066680
  44    4.727175000    0.203321300    0.636322500
  45   -0.063669920   -0.023255190    0.683505200
  46   -0.950000000   -0.794826500   -0.307703400
  47   -0.950000000   -0.818631800    1.973284000
  48   -0.950000000   -1.495128000   -0.203543900
  49   -0.950000000    0.224048200    1.535580000
  50   -0.950000000   -1.015169000    0.708622000
  51   -0.950000000   -0.835556400    0.909218800
  52   12.058020000    0.775872200    0.142741400
  53   -0.950000000    0.013552200    1.297969000
  54    5.069054000    0.265587000   -0.126002900
  55   -0.950000000   -0.715700400   -0.906360100
  56   16.044440000    0.850973200   -1.876103000
  57   -0.557572200   -0.139025500   -1.443484000
  58   -0.950000000    0.126685500    1.159211000
  59    1.502365000    0.539109000    1.745189000
  60   -0.950000000   -0.278601100    0.305659100
  61   -0.950000000   -1.264432000   -0.933118600
  62   -0.950000000   -0.020053830    0.064303060
  63   -0.749406100    0.478437300   -0.359151600
  64    2.208346000    0.735806800   -0.359612200
  65    6.094120000    0.634237700   -1.918109000
  66   -0.950000000   -0.683313400   -0.034534150
  67    4.382416000    1.113263000    0.164175400
  68   -0.950000000    0.131841900   -0.474672600
  69   -0.950000000   -0.692396300   -1.527701000
  70   -0.950000000   -1.391813000   -0.754833200
  71   -0.950000000   -1.857100000    0.023646650
  72   -0.950000000   -0.146886400   -0.245995500
  73   -0.950000000   -1.583677000   -0.779980300
  74   -0.950000000   -1.016648000    0.237623800
  75   -0.950000000    0.088383570   -0.533993400
  76    6.737353000    0.473892000   -1.806012000
  77    2.014244000    0.620695300    0.936715100
  78   -0.950000000   -1.600567000    0.114593900
  79   -0.950000000   -0.706237900    0.961336400
  80   -0.950000000   -1.091883000    0.703697600
  81   -0.950000000    0.352119600    0.613536000
  82   -0.950000000   -0.426167200    0.494381600
  83   -0.950000000    0.004257608   -0.191943100
  84    3.273641000    0.654495300    0.071583080
  85   -0.950000000   -1.464584000   -1.830886000
  86   -0.950000000   -0.920930600   -0.091167240
  87   -0.950000000   -0.097726900    0.991249900
  88    2.263982000    0.646609700   -1.515061000
  89   -0.950000000   -1.293999000    0.215931900
  90   -0.617031500    0.072595170   -0.621343700
  91    3.799033000    0.344741900    1.102700000
  92   -0.950000000   -0.509051400   -1.293205000
  93   -0.950000000   -0.142264200    0.293362000
  94    3.867983000    0.484457900    0.028167780
  95   -0.950000000   -0.430884300   -0.375242400
  96   -0.424016200   -0.055766750    1.277995000
  97   -0.950000000   -0.519362200    1.369226000
  98    1.345536000   -0.037498810   -0.346711600
  99    3.557635000    0.161280800   -0.380386600
 100    5.665239000    0.746132500    0.756037700
 101    7.735247000    1.274695000    1.735984000
 102   -0.950000000   -0.908235100   -1.671824000
 103   -0.950000000   -0.716469600   -1.838721000
 104    5.614241000    0.360014400    0.168998600
 105   -0.555176700   -0.302829600   -0.408750500
 106   -0.950000000   -0.237233300    0.917713500
 107    4.112646000    0.435855100   -0.442349700
 108    9.777445000    1.255636000   -0.488754500
 109   -0.950000000   -0.703352500   -1.217602000
 110    7.897383000    0.853969700    0.136990500
 111   10.836100000    0.979175200   -0.289498900
 112   -0.950000000   -0.564611700   -0.393235900
 113    1.957462000    0.129696800   -1.746034000
 114   -0.950000000   -0.825229600    1.089289000
 115   -0.950000000   -0.658906800    0.920667400
 116   -0.950000000    0.501013900    0.793564300
 117   -0.950000000    0.027013630   -1.484610000
 118    3.293584000    0.641710300   -0.585307200
 119   -0.950000000   -0.335278700    0.286300600
 120   -0.950000000   -1.304046000    0.240091500
 121   -0.950000000   -0.885811800    0.948789000
 122   -0.950000000   -0.516803400   -0.628873200
 123   -0.950000000   -0.436265800   -0.176092000
 124    4.355269000    0.378576600    0.449598300
 125   -0.950000000   -0.828872400   -0.078919340
 126    6.677777000    0.577219200   -0.162824600
 127   -0.631975200   -0.249395200   -0.014663400
 128    0.278488500   -0.219404400   -0.808286900
 129    2.894257000    0.194759900    0.430376200
 130   -0.612671200   -0.240221300    0.781869300
 131   12.872330000    1.248778000   -0.481465300
 132   -0.163572800   -0.047427500    0.206956800
 133   14.312780000    1.311491000    0.918197200
 134    4.907012000    0.272648900   -0.700527400
 135   11.287690000    0.716131500   -0.736580900
 136    9.217275000    0.968333400   -1.244928000
 137   -0.950000000   -0.235947300   -1.907427000
 138   -0.950000000   -0.584241800   -0.502210300
 139   -0.950000000   -0.020022010    0.680689100
 140   -0.950000000   -0.769114500    1.546673000
 141   15.463690000    1.427277000   -0.083310820
 142   -0.950000000    0.244142900    0.776873300
 143   -0.950000000   -0.294628100   -0.748072000
 144   -0.950000000   -0.702627000    0.754838600
 145   -0.950000000    0.244349700    0.835718700
 146   -0.153128500    0.224511300    0.332885800
 147   -0.950000000   -0.815399200   -0.297609700
 148   -0.950000000   -1.523474000    0.190423100
 149   -0.950000000   -0.409236500   -1.255558000
 150    1.315410000    0.151412200   -0.643813500
 151   -0.950000000   -1.501439000    0.368371400
 152   -0.950000000   -1.389321000    1.121639000
 153    2.193329000    1.232939000    1.460143000
 154   -0.950000000   -0.863357200   -0.044583520
 155   12.694880000    1.000439000   -0.495967700
 156   -0.950000000   -0.605657700   -0.063136750
 157    6.656325000    0.410538100   -0.706380200
 158   -0.950000000   -1.629275000    0.602834600
 159    9.725376000    1.046236000    0.286617500
 160   16.419010000    1.885818000    0.218336100
 161    1.817433000    0.505017800   -0.074216590
 162   -0.950000000   -0.026128940    1.737831000
 163    2.420327000    0.282839100    0.322370300
 164   -0.950000000   -0.583458600   -0.250531800
 165   -0.378495900   -0.086792700    0.424809300
 166   -0.950000000   -0.594202300    0.460176000
 167   -0.950000000   -1.408205000    1.108734000
 168   -0.950000000   -1.435543000    0.504343200
 169   -0.950000000   -1.021186000    1.639599000
 170   -0.950000000    0.131081400    1.347509000
 171    3.638249000    0.292557000   -0.400349500
 172   -0.950000000   -0.317479500    1.996172000
 173   10.225720000    1.142921000    0.316407800
 174   -0.950000000   -0.635518700   -1.103307000
 175    4.347531000    0.121180000   -0.966365900
 176   -0.950000000   -0.680307000   -0.239533200
 177    0.329943800   -0.148745200   -0.241201700
 178   -0.950000000   -1.137283000   -0.187122000
 179   -0.924765400   -0.203611400   -0.548729700
 180    7.720714000    0.677143800   -0.838684600
 181    3.518355000    0.578465700    0.199585900
 182   -0.950000000   -0.789979100    0.082044840
 183    6.956811000    0.720751300   -0.212673300
 184   -0.950000000   -0.264820700   -0.424849300
 185    0.071810750    0.303449600   -0.193172800
 186   -0.567718900    0.008682227   -0.449620200
 187   -0.950000000   -0.523812800   -1.138799000
 188    2.914696000    0.535489100    0.351984900
 189    0.221982100    0.291142100   -0.884608700
 190   -0.950000000   -0.131548100   -0.744619500
 191    1.699482000    0.531767500    0.050217910
 192   -0.950000000   -1.266649000    0.544138500
 193   -0.950000000   -1.077407000   -0.839318900
 194   -0.950000000   -0.493586100   -1.004301000
 195   -0.950000000   -0.891177100    0.976544500
 196   -0.950000000   -0.494696400    0.989888400
 197   11.799560000    0.882542200   -0.535211500
 198   11.600160000    1.260392000    0.440824500
 199    9.327356000    0.816551700   -0.083533640
 200   -0.820433600   -0.329024300    1.001124000
 201   10.196700000    1.200542000    0.646796400
 202   -0.950000000   -0.576930700    1.054116000
 203   -0.950000000   -0.972880400   -1.473510000
 204   -0.661425900   -0.137179400   -0.238424700
 205    1.692125000   -0.235037700   -0.919018400
 206   -0.294621500   -0.239047200    0.967267400
 207   -0.466706600   -0.411673700   -1.020962000
 208   -0.950000000   -1.478291000    1.809142000
 209   18.778150000    1.472025000   -0.920675100
 210   -0.950000000   -0.862246200    0.411550800
 211   14.716170000    1.360390000    0.494572400
 212    1.657536000   -0.280515700   -0.692834200
 213   11.014270000    0.992863800    1.374640000
 214   -0.950000000   -0.606166100   -0.172873200
 215    9.871344000    0.588703000   -0.226611500
 216   11.930300000    1.023998000    0.091499540
 217    9.765828000    0.777869900    0.388845700
 218   11.550970000    0.383021200   -1.586208000
 219   12.699460000    0.843358000   -0.233005700
 220   -0.950000000   -0.197610800    1.062740000
 221   -0.203229300   -0.602293200    0.161618900
 222    4.920548000    0.167110400   -0.635125800
 223   -0.950000000   -0.655623300    1.043601000
 224   10.559360000    1.353466000    1.334228000
 225   12.071800000    0.658807200   -1.440815000
 226   -0.950000000   -1.147905000   -1.461607000
 227    5.457124000    0.721435300    0.402668600
 228   -0.047221050   -0.188676300   -0.824289100
 229   -0.950000000   -0.245399500    0.181765200
 230   -0.950000000   -0.512629400   -1.290535000
 231   -0.950000000   -1.954514000    1.454537000
 232   -0.950000000   -0.076255220    0.212825300
 233   18.029410000    1.320867000   -1.660834000
 234   -0.014650350    0.007780223   -0.157546000
 235   -0.950000000   -0.630778800   -0.635556000
 236    2.723445000    0.292520800    1.095231000
 237   15.054130000    1.176109000    1.833262000
 238   10.167220000    1.236199000    0.728568100
 239   -0.689986500   -0.009144222   -0.182517100
 240   -0.950000000   -1.092603000   -0.051498910
 241   -0.950000000   -0.990049700   -1.783880000
 242    3.985023000    0.813841200    1.202079000
 243   -0.950000000   -0.970353100    0.281537600
 244   -0.950000000   -0.613880700    0.688517200
 245    5.931894000    1.277303000    0.465539500
 246    5.719511000    0.892720900   -1.515904000
 247    3.690440000    0.297834300   -1.111513000
 248   -0.950000000   -0.592016600    1.077313000
 249   -0.950000000   -0.715139000   -1.018380000
 250   -0.950000000   -0.621518200   -0.302894200
 251   -0.950000000   -0.678832300   -1.364518000
 252    1.743721000    0.132118400   -1.756045000
 253    5.635714000    0.800949000    1.089522000
 254   21.274730000    1.897520000    0.062049070
 255   -0.950000000    0.047888250   -0.750493800
 256   -0.950000000   -1.149832000    0.922546800
 257    0.339060600    0.285156400    0.529355600
 258   -0.950000000   -0.656228800   -0.140761500
 259   -0.950000000   -0.408090600   -0.245054500
 260    9.017312000    0.943468800   -0.264792900
 261   10.928490000    1.463943000    0.330184300
 262    8.578505000    0.757020700    0.307181200
 263    5.911336000    0.425106300   -0.266033700
 264    6.733804000    0.746189000    0.293506300
 265    5.066363000    0.052615320   -0.687693300
 266    5.880788000    0.157978700   -1.131381000
 267    5.295877000    0.354014300    0.692222100
 268    1.957119000   -0.000804218   -0.336994300
 269   14.941400000    1.521130000    0.320053500
 270   -0.333101900   -0.115600100    0.367680800
 271   -0.950000000   -0.347501400    0.209540300
 272   -0.950000000   -0.935649200    0.787958400
 273    1.565239000    0.536168900    0.029529680
 274    0.755743800   -0.012758260   -0.940903100
 275   -0.950000000   -1.146030000    0.525456500
 276   -0.950000000    0.059168850   -0.231596400
 277    3.415593000    0.397785600    0.347318000
 278   -0.950000000   -1.543073000   -0.887420200
 279   -0.950000000    0.601314300    1.107174000
 280   -0.950000000   -1.581990000   -1.206495000
 281   -0.950000000   -0.589238200    0.177128600
 282   -0.950000000   -0.832601000    0.338207400
 283   -0.950000000   -0.194459500   -0.339942400
 284    8.255036000    0.824088800   -0.830385200
 285   10.637580000    1.225024000    0.099915790
 286   -0.950000000   -0.738314400   -1.562769000
 287   19.314650000    1.417423000   -0.528316900
 288    4.409061000    0.125730600    0.110736100
 289   10.648650000    0.999229200    1.054990000
 290   11.420670000    0.626083900   -0.867001400
 291   -0.950000000   -1.231413000   -0.305190600
 292    5.062481000    0.082490850   -0.044144420
 293    5.671229000   -0.164296400   -1.476367000
 294    8.711650000    0.646520100   -0.562015700
 295   14.615060000    0.855625000    1.191016000
 296    8.551865000    0.670970300    0.251761000
 297    8.347948000    0.595614600    1.974620000
 298   11.841450000    1.023282000    0.564574700
 299   -0.950000000   -0.649773700   -0.203953300
 300    5.356464000    0.452682500    1.682645000
 301   -0.950000000   -1.757065000   -0.500023400
 302   -0.950000000   -0.922989800    0.317567200
 303   -0.950000000   -0.358338100    0.341156100
 304   -0.950000000   -1.131053000    1.225049000
 305    0.580790800    0.163760200   -1.983123000
 306   -0.950000000   -0.089066220    0.524747100
 307   -0.794683500    0.512585700    0.582875300
 308   -0.950000000   -0.305829500   -0.753625400
 309   -0.950000000   -0.272292300    0.847777600
 310   -0.950000000   -1.265761000    0.314760200
 311   -0.950000000   -1.163330000    0.154680200
 312   -0.950000000   -1.772209000    0.460504300
 313   -0.950000000   -1.046554000   -0.993889600
 314    2.721670000    0.288253100   -1.052912000
 315   -0.950000000   -0.006171406   -0.142665100
 316   -0.950000000   -0.783271000   -0.921261000
 317   -0.950000000    0.387667000    1.513185000
 318   12.176330000    1.063900000   -1.070439000
 319   -0.950000000   -1.676307000    0.674086200
 320   -0.950000000   -0.159390000    1.316497000
 321   -0.950000000   -1.292239000    0.724139600
 322    7.327750000    0.660029900    0.596464300
 323    0.620594500   -0.175338500   -0.661415000
 324   -0.576875000   -0.326660400   -1.148143000
 325   -0.950000000   -1.972024000    0.670066700
 326   -0.950000000   -0.004652334   -0.082444040
 327    7.168658000    0.571246900    0.675192200
 328    3.333738000    0.101592900   -0.250132800
 329    9.015161000    0.703466200   -0.145087600
 330    4.811999000    0.665811000    1.645319000
 331   13.296020000    1.212336000   -0.525672600
 332    2.669061000   -0.090434240   -0.874780600
 333   -0.950000000   -0.932694900    0.634488000
 334   -0.950000000   -0.348959500    0.694556600
 335   -0.122200500   -0.134874300   -0.507785600
 336    2.986532000    0.429176300   -0.154495300
 337    3.888461000    0.223563000   -0.275772000
 338   -0.950000000   -0.803044700    0.052497210
 339    2.648904000    0.291624900    0.740680200
 340   -0.950000000   -1.780354000    0.578930400
 341   -0.950000000   -0.626953500    0.559275500
 342    3.000510000    0.021839820    0.030203130
 343   -0.450470100   -0.455969900    1.057390000
 344    3.596175000    0.813356000    1.903387000
 345    5.434818000    0.255187000   -0.270783000
 346   -0.950000000   -1.170977000    0.107325000
 347   -0.950000000   -0.372618300    0.838573100
 348   -0.950000000   -0.664115500   -0.900896000
 349   -0.950000000   -0.842874900    0.825859400
 350    3.554881000    0.589329800    0.431502100
 351   -0.950000000   -1.215935000    0.361771100
 352   -0.950000000   -1.675981000    1.025464000
 353   13.046270000    1.776358000   -0.273329200
 354   -0.950000000   -0.214489200    0.505410600
 355    2.300573000    0.052091410   -0.182117800
 356    5.441285000    0.390521100   -0.596277700
 357    0.765549300    0.227995900    1.001598000
 358   -0.950000000   -0.642301000    0.197711400
 359    0.283934300    0.582894200    1.340410000
 360   -0.950000000   -0.671620800    0.357642500
 361   -0.950000000    0.018687710    0.919054500
 362   -0.950000000   -0.136409600   -0.276949700
 363   -0.950000000   -1.040824000    0.064378690
 364   -0.950000000   -0.218142200    0.328148100
 365   -0.060953200    0.507077800    0.305236500
 366   -0.775453500   -0.006766278   -1.655152000
 367   -0.950000000   -1.354959000   -0.695679800
 368   -0.950000000   -1.798711000    1.393019000
 369    7.118448000    0.987543500    1.293656000
 370    0.420864300    0.196090700   -1.579542000
 371   -0.950000000   -0.728222700    0.079220820
 372   -0.950000000   -0.982904200    0.247480300
 373   -0.950000000   -1.189934000   -1.290373000
 374   -0.950000000   -0.776988100   -0.246869700
 375    4.127493000    0.540410600   -0.225243100
 376    3.429577000    0.137280900   -0.930617700
 377   12.382210000    1.125118000    0.333208100
 378    4.587254000    1.155744000    1.289005000
 379   11.792530000    0.865436800   -1.805959000
 380   -0.950000000    0.033697400    1.104194000
 381   -0.519121800   -0.339691100   -0.872434600
 382    4.717081000    0.171902100   -0.765182900
 383   -0.950000000    0.101057400    1.002376000
 384    9.438683000    1.371419000    0.359416000
 385   -0.950000000   -1.423108000    0.925030600
 386   -0.950000000   -0.660725800   -0.176359400
 387   -0.950000000   -0.411477000   -1.046077000
 388   10.860520000    0.538423800   -1.786463000
 389   -0.950000000    0.084469460    1.993454000
 390    3.112559000   -0.007912332   -0.305882300
 391   -0.950000000   -0.285082400    1.705784000
 392    0.726447400    0.326579100    1.848965000
 393   13.124170000    0.504922500   -0.198973300
 394   10.413880000    0.041673700   -1.585363000
 395   16.597470000    1.076682000    0.157347900
 396   25.619030000    1.446032000   -1.032121000
 397   20.212990000    1.448138000   -0.191848300
 398   17.216530000    1.376718000    0.141420200
 399    9.583017000    0.528425100    0.726753400
 400   11.311160000    0.481313700    0.887827600
 401   24.792250000    1.681953000    0.059285550
 402   -0.492807400   -0.674898600   -0.296206600
 403   -0.950000000   -0.999534700   -0.969636600
 404   -0.502717000   -0.596464800    1.052146000
 405   14.996500000    0.864527200   -0.080489550
 406   -0.950000000   -0.367712200   -0.514211200
 407   14.535380000    1.718050000   -0.116214700
 408    4.220135000    0.505064900   -0.903012300
 409   -0.950000000   -1.262897000   -0.871188700
 410   -0.950000000   -0.385486700   -0.861741600
 411   -0.950000000   -1.162176000   -0.359928200
 412   -0.950000000   -1.038056000   -0.136325900
 413    5.201470000    0.603477400   -1.213730000
 414    0.359738900    0.501029200    0.737788400
 415   -0.950000000   -0.765429600   -0.304903300
 416    3.099894000    0.594075200   -0.437165600
 417    6.968292000    0.742897200   -0.115860100
 418   -0.950000000   -0.053870380    0.366997400
 419    7.786204000    1.057827000   -0.071792840
 420   -0.950000000    0.113929100   -0.341117800
 421   -0.950000000   -0.433973800    0.916079900
 422   -0.950000000   -0.648141600    0.387443500
 423   -0.950000000   -0.243877700   -0.203001600
 424   -0.950000000   -0.565681200    0.761295500
 425    2.976705000    0.465979200    0.158308500
 426   -0.950000000   -0.623183200   -0.746646900
 427   -0.950000000   -1.333822000   -0.312747800
 428   11.242390000    1.059672000   -1.288103000
 429   -0.950000000   -0.269261900   -0.142747400
 430   -0.950000000   -1.345388000    0.720481700
 431   -0.950000000   -0.429479800   -0.628187200
 432   14.508570000    1.667517000    0.407935400
 433   -0.950000000    0.068938980   -0.015340580
 434    6.074239000    0.570545600   -0.218737500
 435   -0.950000000   -0.298709000    0.545248800
 436    4.017124000    0.270444300   -0.770152100
 437    9.380181000    0.965107200    0.569403700
 438   -0.950000000   -0.551348900   -1.350296000
 439   -0.950000000   -1.731216000    0.850006600
 440   -0.950000000   -1.019396000    0.277900000
 441    9.437847000    1.214687000   -0.247680900
 442   -0.950000000   -0.363795600   -1.745443000
 443    7.752875000    0.555427700   -0.039795520
 444   -0.950000000   -0.882931000    0.161549900
 445   12.218910000    1.277925000   -1.201159000
 446   11.308200000    1.554141000    0.748440900
 447    1.146482000    0.176521400   -0.461965700
 448   -0.950000000   -0.119026200   -0.082042680
 449    6.771335000    0.601527700   -0.600232600
 450   -0.950000000   -0.794270600   -0.463024300
 451   11.253170000    0.684959100   -0.131336900
 452    4.481414000    0.241499000    0.637137400
 453    4.838968000    0.169059300   -0.127539600
 454   -0.950000000   -1.363839000    0.391468700
 455    0.459559600   -0.371329100    0.324225500
 456   11.422260000    0.876589000    0.589139600
 457   19.970270000    1.722913000    0.325906300
 458   16.245690000    1.250134000   -0.540806800
 459   -0.950000000   -1.660632000   -0.761225800
 460   10.988890000    0.756806900    0.589279800
 461   20.888090000    1.992050000    0.286187900
 462    4.980659000    0.123975300    0.014982700
 463   15.038870000    0.711307300   -0.538273700
 464    7.615828000    0.738981300    0.788516700
 465    2.181695000   -0.508703300   -1.677991000
 466   16.290570000    1.203530000   -0.087470120
 467    9.197806000    0.798791400   -0.009365640
 468    8.823675000    1.117331000    0.092840980
 469   -0.633177100   -0.017177590   -0.266880900
 470   -0.950000000   -1.129358000   -0.862719900
 471   -0.950000000   -0.907939900    0.474070400
 472    7.901986000    0.716359400   -0.523944700
 473   -0.950000000    0.194603200    0.484175300
 474    7.450196000    0.776240200    0.119504200
 475    6.055621000    0.642035000   -0.482194700
 476   -0.950000000   -0.459479500    0.539996600
 477   -0.528859900   -0.263520500   -0.813969000
 478   -0.677246500   -0.503880200   -1.849783000
 479   -0.950000000   -0.630713400    1.054807000
 480   -0.950000000   -0.838607500    0.872752300
 481   14.210720000    1.413381000   -0.331099600
 482   15.343440000    1.605145000    0.175500200
 483   -0.950000000   -1.736673000   -0.813176600
 484   -0.057398200   -0.054240570    0.299645900
 485    4.558847000    0.147485100   -0.835048600
 486   15.893970000    1.590572000    1.382213000
 487   -0.950000000   -0.467162700    0.136635600
 488   22.958600000    1.694292000   -0.608587800
 489   17.791470000    1.272082000   -0.494003900
 490    5.141752000    0.650412100    0.054699110
 491   -0.950000000   -0.718526300    0.963904500
 492   14.421570000    1.280657000   -0.047617400
 493   -0.950000000   -1.758102000    0.255181400
 494   -0.950000000   -1.965615000   -0.069512700
 495   -0.950000000   -1.003138000    0.651169400
 496   -0.950000000    0.172880500    1.544913000
 497   -0.950000000   -1.267893000   -1.199943000
 498   -0.950000000   -1.373238000    1.268452000
 499   -0.950000000   -0.361890100    0.980197300
 500   -0.950000000   -0.698866700   -0.870252900
 501   -0.950000000   -0.076788240    0.080184700
 502   -0.950000000    0.154373600    0.087596840
 503   -0.950000000   -1.101373000    1.187579000
 504   -0.950000000   -0.943051300   -1.294509000
 505   -0.950000000   -0.298997800   -0.562692600
 506   -0.950000000   -0.630740800   -1.492765000
 507   -0.950000000   -0.471664300   -0.110416700
 508   -0.950000000    0.248802800    0.478300100
 509   -0.950000000    0.635703600    0.226232500
 510    7.958354000    0.862814500   -0.449549300
 511   -0.950000000   -0.662556300   -0.344941500
 512   12.101730000    1.471179000    1.550698000
 513   -0.950000000   -0.838206500    0.939075100
 514   -0.950000000   -0.786975000   -1.308997000
 515    0.109358400    0.143410700    0.342056100
 516    7.056685000    0.679317400   -0.480739400
 517   -0.950000000   -0.699799600   -1.454696000
 518   -0.950000000   -0.653357200    0.142387800
 519    2.402368000    0.267250000   -0.690309500
 520    3.111549000    0.463480400   -0.150390200
 521    3.854516000    0.359790200   -0.015472010
 522   -0.950000000   -1.121281000    0.674571500
 523    3.305947000    0.094843600   -1.948939000
 524    2.885240000    0.100023000   -1.118755000
 525   -0.737333600    0.013104090   -0.415574200
 526   14.788640000    1.580472000    0.153207700
 527   -0.950000000   -1.718363000   -0.038785610
 528    9.126105000    1.173255000    0.829460400
 529   -0.950000000   -0.686483600    0.090066590
 530   -0.950000000   -0.690526100   -1.211244000
 531   20.617420000    1.772857000    0.390205500
 532   12.933820000    1.142274000   -0.459659300
 533   -0.600869300   -0.023207980   -0.401647700
 534    0.236189600    0.003346496   -1.487119000
 535   -0.950000000   -0.305801600   -1.197282000
 536   10.382650000    0.914150400   -1.561361000
 537   -0.950000000   -0.272840900    0.258592400
 538   -0.950000000   -0.181832300    0.390942300
 539   -0.639593600   -0.160061000   -1.296022000
 540   -0.950000000   -0.939529700   -0.313708700
 541   14.472870000    0.977494500    0.220563100
 542   12.328180000    0.989064100   -1.355190000
 543    7.857381000    0.553992900   -0.803936600
 544   -0.950000000   -1.726844000   -0.139346400
 545   -0.950000000   -0.901912400    0.094540590
 546   12.547330000    0.987757700   -0.173370800
 547   -0.950000000   -0.946386700   -1.293614000
 548   11.883870000    1.000378000    1.926765000
 549   27.105820000    1.913359000   -1.999788000
 550    0.792638400   -0.326028500    1.038127000
 551    5.429202000    0.529209400    0.381666900
 552   -0.599235300   -0.461208000   -0.617321800
 553    2.005401000    0.063844590    0.627662100
 554    9.691544000    0.706208900   -0.967037100
 555   13.605910000    1.360608000    0.450571100
 556   -0.950000000   -1.848182000    1.817072000
 557    7.790765000    0.765952200   -1.011885000
 558   12.342000000    1.469514000    0.232395800
 559    9.556694000    1.036946000   -0.243114400
 560   -0.950000000   -0.505991500   -1.005136000
 561   -0.553840300   -0.124387000    0.916740800
 562   -0.950000000   -1.381371000    1.568684000
 563   -0.950000000   -1.061129000   -1.545353000
 564    8.877537000    0.576246700   -0.530358300
 565    1.631658000    0.148142900    0.209736200
 566   -0.950000000    0.055159140    0.694154200
 567   -0.950000000   -0.223954600    0.212178500
 568    0.343724400    0.110103400    0.301733900
 569   18.424130000    1.528679000   -0.610019100
 570   -0.950000000   -0.340573300    0.033510490
 571   -0.950000000   -0.611136200   -1.005752000
 572   17.868870000    1.641795000   -0.155074000
 573   -0.950000000   -0.282592700    0.478105200
 574   -0.950000000   -0.246442100    0.718538000
 575    2.003357000   -0.065502330   -0.923855500
 576   10.944110000    1.216393000    1.611221000
 577   15.405220000    1.457140000   -1.130340000
 578    5.554306000    1.312401000    1.278976000
 579    5.291670000   -0.067654690   -1.457428000
 580   -0.950000000   -1.051979000   -0.272705000
 581    4.996069000    0.233369700   -1.342996000
 582   -0.950000000   -0.822191200    0.788000800
 583   -0.950000000   -1.210129000    1.568218000
 584    3.961553000    0.447302400    0.920270200
 585   -0.950000000   -0.902545000    0.264766700
 586    5.030925000    0.444586300    1.163805000
 587    6.603615000    0.536041300    0.351178400
 588   -0.950000000   -0.775300200   -0.473157000
 589   11.266470000    0.905373000   -0.675299400
 590    1.931632000    0.005920982    0.267429400
 591   13.293460000    0.840020400    0.276471400
 592   -0.950000000   -0.750036300    0.125823000
 593   13.171220000    1.038401000    0.111389000
 594    1.851777000   -0.138589200   -0.228137700
 595   -0.950000000   -0.936364900   -0.419353500
 596   12.915670000    0.708178700   -0.513767500
 597   12.647810000    0.894130000   -1.035504000
 598   19.142080000    1.382322000    0.154187500
 599    9.586877000    0.534052100    1.493495000
 600    9.177388000    0.416829700   -0.693466900
 601   -0.950000000   -0.099275450    1.186669000
 602   22.163220000    1.750712000    0.508892900
 603    1.737785000   -0.081055120    0.963268100
 604   -0.950000000   -0.710600900    0.521657700
 605   -0.879834100   -0.183730400    0.087483390
 606   13.596310000    1.173034000   -0.667734300
 607   -0.950000000   -0.440318000    1.737579000
 608   -0.950000000   -1.084668000    0.177951400
 609   -0.950000000   -0.148116000    0.390840900
 610    2.933544000    0.206479900    0.737402500
 611   -0.950000000   -0.318500000    0.269471200
 612   -0.950000000   -0.347040800    0.277241600
 613    0.702463000   -0.161449000   -0.597106300
 614    7.745524000    0.338215000   -0.476661100
 615   -0.493956600   -0.150433400    0.660391800
 616   -0.950000000   -0.727520700   -0.489986500
 617   15.579310000    1.464823000    0.065160580
 618   -0.950000000    0.189218400   -0.143676500
 619   -0.950000000   -0.646284000    0.578998900
 620   -0.950000000    0.140468800    0.364614700
 621   -0.950000000   -0.347875100   -1.250030000
 622    0.894152300    0.203835000   -0.786545000
 623    7.840899000    1.307616000    0.047988470
 624   -0.950000000   -1.736549000   -0.409363400
 625   -0.950000000   -0.383131500    0.112463400
 626   -0.950000000    0.185410800    0.541098600
 627   -0.950000000   -0.949038900   -0.366570300
 628   24.763920000    1.973616000   -0.435495500
 629   -0.950000000   -0.117585400   -1.062944000
 630   -0.950000000   -0.369225400   -0.872295600
 631    6.209199000    1.555072000    1.093841000
 632   11.570640000    1.090440000   -1.316293000
 633    5.955336000    0.848871800   -0.326856700
 634   -0.950000000   -0.401382700   -0.566414400
 635    3.463469000    0.664525100    0.645788600
 636   -0.950000000   -1.789276000   -0.205327000
 637   -0.950000000   -0.315610700    0.795460800
 638   -0.950000000   -0.988556100   -0.762821200
 639    7.094670000    0.923922300    0.150531000
 640   -0.950000000   -0.762094100   -1.286144000
 641   -0.950000000   -1.865091000   -0.368107400
 642    2.005019000    0.007575816   -1.490524000
 643   -0.950000000   -0.665368800    0.570905300
 644   -0.950000000   -0.149426000   -0.421233300
 645   -0.950000000   -0.113083100   -0.611636500
 646   13.550220000    1.026074000    0.469231400
 647    8.149117000    0.194356300   -0.792784400
 648   15.409490000    1.219298000    1.672031000
 649    6.704168000    0.509690000    0.687613600
 650   12.062880000    0.859209100   -0.798662200
 651    6.417644000    0.059265010   -0.645999000
 652   -0.950000000   -0.701066700    0.023863610
 653   -0.448425100   -0.084419580    1.267398000
 654   -0.312935500   -0.760078900   -1.607820000
 655   -0.950000000   -0.510477800    0.818004700
 656   24.054940000    1.813030000   -1.367692000
 657   -0.950000000   -0.703465600    1.321918000
 658    8.445815000    0.570026000    0.383814200
 659   -0.950000000   -0.774833400    0.323245700
 660   14.323280000    1.016870000    1.736500000
 661   -0.950000000   -0.568351000   -0.204944500
 662   -0.950000000   -0.851416700    1.134238000
 663   13.522090000    1.342377000   -0.667704100
 664    4.122133000    0.656244200   -0.098979670
 665    1.068351000    0.280746100   -1.151796000
 666   -0.950000000   -0.830950700   -0.548946300
 667    1.093331000    0.658994900    0.833561400
 668   -0.950000000   -1.484906000   -0.309161000
 669   -0.950000000   -1.268458000    0.300161000
 670   -0.950000000    0.106965700    0.478190500
 671   -0.950000000   -1.766914000   -0.123173700
 672    9.488392000    0.945621200   -0.863684700
 673    1.488337000    0.666124400    0.439169100
 674   -0.950000000   -1.080622000    0.769654500
 675   -0.950000000   -0.506821900   -1.622765000
 676   17.135800000    1.166479000   -0.299147800
 677    3.033097000    0.304670700   -0.142134300
 678   -0.950000000   -0.176567200   -0.276515600
 679    8.466850000    0.873556600    0.705473000
 680   -0.950000000   -1.022019000   -0.174086700
 681    6.122889000   -0.006412044   -1.798599000
 682   16.274270000    1.899335000   -1.543567000
 683   11.823520000    1.019214000   -0.786723200
 684    6.848236000    0.537973400   -1.474363000
 685    1.130790000    0.511597700    0.794865100
 686   13.424950000    1.525114000   -0.995593300
 687    6.983210000    0.514167900   -1.724625000
 688    5.621924000    0.674688300    0.764259300
 689   -0.950000000   -1.973050000   -0.626861500
 690    6.614381000    1.338932000    0.307275600
 691   -0.950000000   -1.159658000   -0.481607900
 692   11.043570000    1.177536000   -0.172031900
 693    4.587808000    0.043544100   -1.481129000
 694   -0.950000000   -1.346746000   -0.735047600
 695    9.963240000    0.436922200   -1.695225000
 696   -0.950000000   -0.154085200    1.192974000
 697   14.171210000    1.159852000    0.639367200
 698   -0.950000000   -0.761990600    0.208515500
 699   -0.950000000   -0.288273500    0.122513100
 700   11.415240000    0.620057400   -1.748910000
 701    4.059761000    0.275196600   -0.737307100
 702    6.381304000    0.455604800   -0.548658800
 703    3.353531000    0.300435000   -1.296783000
 704    1.882428000    0.631090500    0.425971200
 705    6.213504000    0.502621800    0.931065000
 706   -0.950000000   -0.025340400   -0.017744190
 707   -0.950000000   -1.899143000    0.392654700
 708    7.428415000    1.308626000    0.771028600
 709   -0.950000000   -0.860662300   -0.772668900
 710   -0.950000000   -0.792373700   -1.068391000
 711    4.612017000    0.867202800    0.831710200
 712    2.790362000    0.640264500    0.405859400
 713   -0.950000000   -1.419570000    0.644188500
 714   -0.950000000   -0.887405000   -0.443333000
 715   -0.950000000    0.058481660   -0.562995300
 716   -0.950000000   -0.817658800   -0.590248500
 717    2.624196000    0.579048700   -1.364238000
 718   -0.950000000   -1.739417000   -0.815852200
 719   -0.950000000   -1.567913000    0.326056300
 720    8.873101000    0.946834000   -1.867708000
 721    6.096751000    0.663711800   -0.227726500
 722    5.143756000    0.495137700   -0.705377000
 723    6.105327000    0.556086400   -0.001454473
 724   -0.950000000   -0.776077700    0.634719800
 725   -0.950000000   -0.837289600    0.214739400
 726   -0.950000000   -0.013622310    1.017994000
 727   -0.950000000   -0.491297900   -0.883223300
 728   18.616670000    1.267045000   -0.925865100
 729    3.812044000    0.574678200   -0.421526200
 730    6.051410000    0.647620800    0.598435100
 731    0.612686000    0.059629180   -1.101447000
 732   -0.950000000   -0.407100400   -0.823216800
 733    4.930534000    0.415626100    0.436486000
 734   -0.950000000   -0.450834700    0.278655100
 735    1.156158000    0.181725600   -0.443782500
 736    5.409551000    0.568048100    0.913224600
 737    6.240905000    0.284612700    0.203373700
 738   25.421960000    1.884104000   -0.233644100
 739   15.056470000    0.915222500   -0.655911500
 740   11.414320000    0.688876600    0.320829600
 741   -0.950000000   -1.650508000   -0.987318500
 742   -0.950000000   -1.252659000   -0.285913300
 743   12.440860000    0.752210600    0.773131200
 744    0.511374200   -0.227224800    0.537466000
 745   17.195930000    1.210521000    1.502181000
 746   -0.950000000   -1.142022000    0.946883800
 747   12.659960000    0.870510500    0.688896800
 748   11.491750000    1.078247000    0.544142600
 749   -0.950000000   -1.381072000    1.563873000
 750   -0.950000000   -0.947755500    0.108022200
 751   11.859730000    0.669875200    0.317227800
 752    0.026336750   -0.555335000    1.897765000
 753   10.658690000    0.729151800   -0.917431000
 754    6.260897000    0.200719200    0.234727300
 755    7.705580000    0.454477800   -0.176162600
 756    1.970975000    0.017938710    0.521075600
 757    6.215329000    0.419464800    0.269502200
 758   -0.950000000   -0.457904100    1.038132000
 759    0.449927000   -0.184451400    1.552924000
 760   -0.950000000   -1.060667000    0.107504500
 761   -0.950000000   -0.571712000    0.479083200
 762   -0.950000000   -1.588014000   -0.335017500
 763   21.280450000    1.720900000   -0.207876300
 764   -0.950000000   -1.362852000    0.693568500
 765    3.481000000    0.106372600   -0.149284100
 766    8.640272000    0.504667200    0.488325100
 767    9.958521000    0.500640100   -0.865567600
 768   13.987700000    1.196706000   -0.609245600
 769   15.503190000    0.982587600   -0.130091000
 770   -0.950000000   -0.655315000    0.288961800
 771   -0.950000000   -0.422776000    1.026457000
 772    0.642083900    0.254353900    1.539372000
 773    2.381927000    0.036482590    0.807667400
 774   12.030320000    0.320517800   -1.726393000
 775   -0.950000000   -0.569472900    0.928151300
 776   13.923020000    1.004553000   -0.126321300
 777   -0.950000000   -1.439535000   -0.828124800
 778   17.579850000    1.155500000   -0.109448000
 779    6.521122000    0.368202300    0.269556300
 780    2.176931000   -0.253872500   -0.695935400
 781    4.021174000    0.064015360   -0.140349900
 782   -0.950000000   -1.401040000    0.378058500
 783   -0.950000000   -0.146840800    0.649731300
 784   10.407690000    0.534285500   -0.859604400
 785   -0.950000000   -1.283370000   -1.133683000
 786    5.809333000    0.532799100    0.321878800
 787   11.327740000    0.827798100    0.395235300
 788   23.259260000    1.742556000    0.705875600
 789   -0.950000000    0.129579200    1.632584000
 790   17.776180000    1.302270000   -1.062160000
 791   -0.441433300   -0.058508750    0.363369100
 792    6.008485000    0.413342000    1.045452000
 793   -0.950000000   -0.841270300   -0.147792000
 794   -0.905296500   -0.135274800   -0.213414800
 795   -0.950000000   -0.357599800    0.595912600
 796   13.114300000    0.794322900   -0.576178000
 797    4.014481000   -0.129589700   -0.664292000
 798   17.837280000    0.935425400    0.233097800
 799    3.774446000   -0.005984644    0.391195400
 800    3.932790000    0.050780200   -0.018070630
 801    4.452984000   -0.072725530   -0.840399100
 802   12.212490000    0.811212900   -0.050226420
 803    9.913475000    0.612419600    0.539501400
 804    8.865081000    0.310103100   -0.792419300
 805   -0.950000000   -1.346460000    0.832522200
 806   10.407230000    0.550426500   -0.738395400
 807   -0.950000000   -1.613129000    1.160219000
 808   15.793730000    1.173450000    0.220045100
 809   16.815120000    0.974094700    0.757792000
 810   16.454660000    1.150222000   -0.141421200
 811    6.025198000    1.224322000    1.445177000
 812    7.203981000    0.448165900   -1.019826000
 813    3.706328000    0.146957200   -0.319882700
 814   -0.950000000   -1.233671000    0.346858100
 815   -0.950000000   -0.881489800   -0.366872000
 816    3.257710000    0.230807300    0.551948500
 817   -0.950000000   -1.453578000    0.363153600
 818    9.036905000    1.411247000    0.647785100
 819   11.387530000    0.456449800   -1.691050000
 820    0.315598000   -0.099114300    0.095895520
 821   19.032450000    1.656182000    0.713920400
 822    8.833022000    0.590513100    0.086300020
 823   -0.950000000   -0.941119000   -1.121819000
 824   12.585310000    0.989967500    0.459232300
 825   -0.950000000   -0.009734569    1.715450000
 826    7.265529000    0.741147100   -0.170860600
 827   -0.950000000   -0.759682400   -1.160171000
 828   -0.950000000   -0.305334300    0.696658000
 829   -0.950000000   -1.458586000    0.886542400
 830   18.613870000    1.637157000   -0.145070400
 831   -0.950000000   -1.824326000   -0.105709700
 832   14.801770000    1.424622000   -0.014473590
 833    9.743861000    0.769962000    0.016196640
 834    9.717973000    0.616535700    1.486282000
 835    2.399228000    0.022577850   -0.805548500
 836    7.250710000    0.646189300   -1.382722000
 837    5.160532000    0.676524200    0.442235300
 838    2.611155000    0.067910700   -0.275579300
 839   -0.950000000   -0.436434900    0.507601300
 840   -0.950000000   -0.866271900   -0.759481300
 841   -0.949819900    0.103886400   -0.010430890
 842   -0.950000000   -0.716154000    1.459277000
 843    2.968664000    0.722704600    1.661727000
 844    0.675240000    0.143036100   -0.663489400
 845   13.103360000    1.213819000   -1.538552000
 846   -0.950000000   -1.338114000   -1.268383000
 847    9.621708000    0.646684800   -1.457533000
 848   -0.025276590   -0.181787400   -1.588188000
 849   -0.950000000   -1.456930000    1.210217000
 850   -0.950000000   -0.445729200    0.704430300
 851    2.002372000    0.097683600   -1.771641000
 852   -0.950000000   -1.056875000    0.707400500
 853    9.598693000    1.262691000   -0.360796600
 854   -0.284916200    0.033782430   -0.684808600
 855   12.890070000    1.308312000   -1.563133000
 856   -0.148808000   -0.019148110   -1.342360000
 857   -0.950000000    0.311288200    1.338215000
 858   -0.950000000   -1.164566000    0.067084560
 859   -0.950000000   -1.183522000    0.111688800
 860    2.158875000    0.981905700    1.768199000
 861   -0.950000000    0.165633400    0.549510300
 862   -0.950000000   -0.261228500    0.093739040
 863    6.984060000    0.819105800    0.454456000
 864   -0.950000000   -1.432652000   -1.659355000
 865    1.118826000    0.467797800    1.198043000
 866   -0.950000000    0.071904810    0.287440400
 867   -0.950000000    0.251717000    0.294546900
 868    1.392865000    0.233870600    0.145817300
 869   -0.356225900   -0.192430500   -1.306533000
 870    1.401444000   -0.077579270   -1.969683000
 871   -0.950000000   -0.161448700    1.212349000
 872   16.137920000    1.272953000   -1.505689000
 873   -0.719008500   -0.136653700   -0.630918400
 874    0.086290560   -0.120481400   -0.660746100
 875    6.783068000    0.721375800    0.081460200
 876    2.370583000    0.058610960   -0.121563500
 877   -0.950000000   -1.065072000    1.217789000
 878    9.321474000    0.757466200    0.073505680
 879   -0.950000000    0.046527190    1.338232000
 880   -0.950000000   -1.234736000   -0.150180100
 881   -0.950000000   -0.981523600    1.789956000
 882    3.113137000    0.192390200   -1.428339000
 883    1.229175000   -0.278045600   -1.836329000
 884    3.582206000    0.104528700   -0.526067000
 885   -0.950000000   -0.545938000   -1.474208000
 886   -0.950000000   -0.990680900    0.122812900
 887    1.594084000    0.051031110   -0.459036900
 888   10.668100000    1.085654000    0.105955900
 889    0.216311400   -0.441565900   -1.355966000
 890    8.463915000    0.628188900   -0.501442400
 891   -0.950000000   -0.116365500    0.430992400
 892    5.187800000    0.540007700   -0.498605900
 893   16.044240000    1.237796000   -0.676610700
 894   -0.950000000   -1.895564000    0.396233400
 895   14.357250000    1.786296000   -0.040953170
 896    4.282259000    0.638646000    0.697701000
 897   10.046470000    1.041653000   -0.244439900
 898   -0.950000000   -0.815490000   -0.367967600
 899   -0.950000000   -0.328303000   -0.670159900
 900   -0.950000000   -0.248549400    0.329919400
 901   -0.950000000   -0.835090600    1.311811000
 902   -0.950000000   -1.196390000   -0.550905200
 903   -0.950000000   -0.387183900    0.303233700
 904   -0.950000000   -0.240200400   -0.199945700
 905    9.095331000    0.805605800   -0.161595200
 906    7.344026000    1.074157000   -0.276308700
 907    0.553118900    0.353423200    0.031071150
 908   -0.950000000   -1.101521000   -0.802231900
 909    7.805981000    0.688166700   -1.735825000
 910    4.061112000    0.473385900   -0.392085100
 911   -0.950000000   -0.780371100    0.550647600
 912   -0.950000000   -0.869327500   -0.260201200
 913   -0.950000000   -0.561210600   -0.002948990
 914    8.572654000    0.828463100   -1.706373000
 915    1.368084000    0.503590300    0.468923700
 916   10.599070000    1.016211000   -1.147012000
 917   -0.950000000   -0.337055300   -1.234328000
 918   -0.950000000   -0.324885000    0.450897000
 919   -0.950000000   -0.252889400    0.804855600
 920   -0.950000000   -1.188387000   -0.897092300
 921   -0.950000000   -1.533718000    0.608635800
 922   -0.950000000   -1.207042000    1.380566000
 923   -0.950000000   -1.566025000    0.459762200
 924   -0.950000000   -0.504540600    0.402250100
 925    5.089463000    0.572036100   -0.880031800
 926    4.323628000    0.419923400   -0.611166600
 927   -0.950000000    0.241193200    0.090697430
 928   -0.950000000   -0.466244800   -0.585884300
 929   -0.448526200    0.523483900    0.285922500
 930   -0.950000000   -0.220004200    0.540191300
 931   -0.950000000   -0.673040000   -1.155815000
 932   -0.950000000   -1.686511000    0.568287600
 933    9.988521000    1.196616000    0.172473700
 934   -0.950000000   -1.439785000    0.460835700
 935   -0.950000000   -1.806405000    0.140181100
 936   -0.950000000   -1.247252000   -0.599745100
 937   -0.950000000   -0.306831800    0.386739000
 938   -0.950000000   -0.674313400    0.233919000
 939   -0.687236100    0.045926460   -1.445870000
 940   18.778000000    1.946503000   -0.163187800
 941   -0.950000000   -0.251041300   -0.404588700
 942   -0.950000000   -0.259194500    0.349828600
 943   -0.950000000   -1.446549000   -1.710549000
 944    9.918519000    1.436166000   -0.019380430
 945    1.209599000    0.399814900    0.398485400
 946    1.516911000   -0.141683900   -1.765290000
 947    3.851245000    0.341672100   -1.464606000
 948    0.297805900    0.150776300   -0.185818400
 949   -0.950000000    0.120151400    1.479813000
 950    8.287630000    1.189200000    1.683853000
 951   -0.950000000   -0.936941100   -1.302242000
 952    0.220841000    0.274971000   -0.081800360
 953   -0.950000000    0.071560740    1.498771000
 954   -0.950000000   -1.130538000    0.768549600
 955   -0.347751300   -0.017309660   -0.507903500
 956   -0.950000000   -0.171091900   -0.244202200
 957    6.368476000    0.538097200   -0.583631000
 958   -0.950000000   -0.303909300   -0.025469250
 959   -0.950000000   -0.912818600    0.194890900
 960   -0.166148000    0.197443700    0.244543400
 961   -0.950000000   -1.323298000    1.639990000
 962   -0.950000000   -1.253014000   -0.292420500
 963    0.623577800   -0.438458100   -1.213579000
 964   12.880660000    0.778011500   -0.250992600
 965    2.838095000   -0.259239700   -0.347770700
 966   19.149220000    1.611672000   -0.192640900
 967    3.000151000    0.031359940    1.553777000
 968    3.809872000   -0.051087070    1.311032000
 969    4.243065000   -0.144855800   -1.358692000
 970   12.662840000    1.217153000    0.549833700
 971    6.720309000    0.277831300   -0.088152350
 972   -0.950000000   -0.910132400    0.175460400
 973    5.813459000    0.664915500    1.364482000
 974    7.271224000    0.349046900    0.019903440
 975    5.761603000    0.388175700    0.502002900
 976   -0.950000000   -0.749957100   -0.097786840
 977    5.873100000    0.470291100    0.314622200
 978   -0.950000000   -1.290586000   -1.599515000
 979   -0.950000000   -0.115728800    0.807508900
 980   10.041980000    1.161858000    0.732720700
 981    4.962982000    0.311469400   -1.316106000
 982    0.630176600    0.310697700    0.800029600
 983    4.591943000    0.272555100   -0.277561300
 984    6.756988000    0.409170100    0.002221298
 985   -0.950000000   -1.222883000    0.801229500
 986   12.720450000    0.873698600   -1.287638000
 987   -0.950000000   -0.544740900    0.204982900
 988   19.546360000    1.777368000    0.175278600
 989    3.865178000    0.068908940   -0.968380000
 990   16.656310000    1.218676000   -1.124235000
 991   -0.950000000   -0.371716200   -0.624766000
 992   -0.950000000   -0.863965900   -1.884894000
 993   -0.950000000   -1.839957000   -1.490564000
 994   -0.950000000   -1.207891000   -1.494326000
 995   -0.950000000   -1.105342000    0.171103300
 996   -0.950000000   -1.355610000    0.563021800
 997   -0.950000000    0.330358000    0.751403500
 998   -0.950000000   -0.284182000   -0.265005100
 999   -0.950000000   -1.304043000   -0.130883200
1000   -0.950000000   -1.464253000    0.250827600
1001   -0.950000000    0.613061300    0.262134100
1002   -0.950000000   -0.129511200    0.382399400
1003   -0.950000000    0.556360000    1.034443000
1004   -0.950000000   -0.634519500   -0.879194200
1005   -0.950000000   -0.209031100   -0.149009800
1006   14.697740000    0.930875500   -0.159636200
1007   19.646830000    1.677121000   -0.176065800
1008    3.104834000    0.021344660    0.321801600
1009   -0.950000000    0.143712600    1.483351000
1010   20.035960000    1.446177000   -0.068610720
1011   -0.950000000   -1.004380000    0.077369250
1012   -0.950000000   -1.813134000    0.927546800
1013   24.162000000    1.553768000    1.143494000
1014   11.700090000    0.741351200    1.200350000
1015   -0.950000000   -1.256967000   -1.294829000
1016   14.878140000    1.133076000    0.370979200
1017   -0.950000000   -0.632775100   -0.595175500
1018    0.448686800   -0.614305300   -1.677878000
1019   -0.950000000   -1.325293000    1.365382000
1020   -0.950000000   -0.425191900    0.603768900
1021   11.861790000    1.372344000    1.150145000
1022   -0.950000000   -0.613792000    0.450394900
1023   -0.950000000   -0.092443910   -0.217688000
1024    1.140162000    0.395714500    0.370417300
1025   10.488150000    1.499687000    0.947550400
1026   -0.950000000   -1.134084000   -1.867859000
1027   -0.659330100   -0.185762100   -1.101409000
1028   -0.950000000   -0.877533100    0.333439500
1029    7.958514000    0.702416300   -0.355466800
1030   -0.950000000   -0.889733100    0.697268600
1031   11.029390000    0.960618800   -0.815252700
1032    9.467369000    1.102285000    0.074405120
1033   -0.950000000   -0.309462200   -1.110688000
1034    3.088654000    0.463092300    0.432107000
1035    6.769960000    0.402853100   -1.495226000
1036   -0.950000000   -1.175380000    1.693704000
1037   19.928390000    1.676511000    1.462582000
1038   11.326020000    0.589151000   -1.411427000
1039   -0.950000000   -0.853806700   -0.862213500
1040   -0.950000000   -1.512241000   -1.427137000
1041   12.521740000    0.844871000    1.117197000
1042   -0.950000000   -0.534193200   -0.682608900
1043   12.373330000    0.905319500   -1.075499000
1044   12.063020000    1.168615000    1.187084000
1045   10.759240000    0.555089600   -1.490018000
1046   20.297160000    1.894386000    0.930055900
1047   -0.950000000   -0.724712700    1.081868000
1048   10.507620000    0.552665200   -0.598905300
1049    5.077424000    0.864922300    1.082135000
1050    1.914993000   -0.303957200   -0.710111000
1051   13.310190000    1.817988000    0.193688500
1052   -0.950000000   -0.865118900   -0.266627100
1053   -0.302436600   -0.049210700    0.653284800
1054   -0.950000000   -0.236986300    1.095920000
1055    0.075939280   -0.430615300   -1.694120000
1056    7.681500000    0.672918600   -0.088635970
1057   15.844830000    1.600634000   -0.885338700
1058   -0.950000000   -0.518990300    0.339103700
1059   -0.950000000   -0.155932600    0.840568600
1060    0.909364400    0.073669780    0.672548000
1061   -0.950000000   -1.344147000   -0.500282700
1062    0.723217000   -0.024118390   -0.599032300
1063    6.596806000    0.681664200   -0.333982300
1064   -0.708104500   -0.269587300   -1.349843000
1065    0.724925400    0.145444300    0.167681300
1066   -0.950000000   -0.282553900   -0.020355660
1067    0.509984900    0.056114730    0.549935100
1068    4.717570000    0.292086700   -0.524748700
1069   -0.950000000   -0.341802100    0.701616200
1070    8.834194000    0.854073500    1.450415000
1071    8.666375000    0.671973600    0.671026300
1072    6.522069000    0.590612400   -0.575576300
1073   -0.950000000   -0.653206600   -1.198439000
1074   -0.950000000   -0.280872200   -0.562108200
1075   -0.950000000   -0.225243200   -0.969869700
1076   -0.950000000   -1.497160000   -0.356284200
1077   12.068010000    1.576801000    0.420337200
1078    9.137236000    0.704749400   -0.963363800
1079    5.211034000    0.131202600   -0.948398400
1080   -0.950000000   -0.069528940    0.504669400
1081   -0.950000000   -0.624792300   -0.677379300
1082   -0.950000000   -0.703885500   -0.666618900
1083   -0.950000000   -0.302670400    0.269286000
1084   -0.950000000   -0.508673800   -1.083425000
1085   -0.464873000    0.334222100   -0.781606300
1086   -0.950000000   -1.949703000    0.617723500
1087   -0.950000000   -0.637965200   -0.210476500
1088   -0.950000000   -0.322956300   -1.621905000
1089   -0.950000000   -0.708995700   -1.300285000
1090   -0.950000000   -0.391305700   -0.737980700
1091   -0.950000000   -0.641347600   -0.228108200
1092    4.235261000    1.319292000    0.580892600
1093   -0.950000000    0.035366780   -0.784172300
1094   -0.950000000   -1.227193000    0.059520280
1095   -0.950000000   -0.135955800    1.051120000
1096    4.878556000    0.762192100    1.113391000
1097    1.720894000    0.277181900    0.473277100
1098   -0.950000000    0.148558600    0.251956200
1099   -0.950000000   -0.081743600    0.881312700
1100    5.110410000    1.247811000    0.188269200
1101    3.304672000    0.301567400   -0.298225100
1102   -0.950000000   -0.875819000   -1.382803000
1103   -0.950000000   -0.388378500    0.580049400
1104   -0.950000000   -1.009046000   -0.797549800
1105    7.439486000    0.565120300   -1.152685000
1106   14.080420000    1.003119000   -1.409973000
1107   11.502260000    1.654749000    0.046178310
1108   -0.950000000    0.163779500    0.242217600
1109   21.040200000    1.435638000   -1.525034000
1110   -0.950000000   -1.261204000   -0.106691100
1111    6.493106000    0.275575500   -1.069531000
1112    2.206699000   -0.096950030   -0.773491700
1113   -0.950000000   -0.169681200    1.577900000
1114    9.182154000    1.089664000   -0.034612090
1115   -0.808275400   -0.225374800    0.542087700
1116   13.468820000    1.254350000    0.246116800
1117   -0.633771200    0.059563390    0.604424200
1118    0.862309700   -0.351017000   -0.693123600
1119   13.646780000    1.154587000   -1.122095000
1120   13.896510000    1.201860000    1.067283000
1121    8.397758000    0.715664200   -0.021755940
1122   -0.950000000   -1.229482000    1.739053000
1123    6.987413000    0.477795600    0.125102600
1124   18.232440000    1.369982000   -0.542868100
1125    2.790839000   -0.082000780    0.509060400
1126   -0.950000000   -1.389180000    0.628505600
1127    1.947210000    0.151797800   -0.091789540
1128   -0.950000000    0.173887300    1.250645000
1129   17.600750000    1.438756000   -0.661706900
1130   -0.950000000   -1.349099000    0.112912000
1131   -0.950000000    0.189234300    0.949229700
1132    4.453557000    0.244619000   -1.285623000
1133   -0.950000000   -1.403619000   -0.758279200
1134   -0.950000000   -1.553225000   -0.172932600
1135    2.893079000    0.537134700    0.396365900
1136   -0.950000000   -0.626838100    0.693498400
1137   -0.950000000   -0.363652700   -0.051637540
1138    6.829226000    0.610524300    0.367462400
1139   17.920810000    1.608092000   -0.753131600
1140    6.454388000    0.500278800   -0.730121000
1141   -0.950000000   -0.085028210   -0.386113500
1142    7.924262000    0.546635600   -1.568582000
1143    4.200468000    0.782015800   -0.289226700
1144   -0.950000000    0.043924400    0.504174200
1145   -0.948247900    0.181885900   -0.421396500
1146   -0.950000000   -0.387888000   -0.503791700
1147   -0.950000000   -0.076250710   -0.535897800
1148   -0.080965850    0.042168690   -0.044762350
1149   -0.950000000   -1.337065000    0.343052400
1150   15.039640000    1.525802000   -0.183782600
1151   -0.950000000   -0.270014300    0.570884200
1152    3.969320000    0.688289400    0.119450100
1153   -0.950000000   -1.580648000   -0.977548800
1154   -0.950000000   -0.441683800   -0.808981600
1155   -0.950000000   -1.210320000    1.158543000
1156   -0.929333200   -0.520410300   -0.830044800
1157    7.954632000    0.532887200   -0.250222400
1158    2.526371000    0.519711500    1.328071000
1159    6.393532000    0.501051900    0.043803270
1160    9.547474000    0.983855700    0.530259200
1161   15.942220000    0.697080000   -1.494065000
1162   18.239740000    1.546756000    1.348589000
1163    4.927087000   -0.031551380   -0.710885000
1164   -0.950000000   -1.208582000   -1.417382000
1165   -0.736256800   -0.422577400   -0.350072300
1166   19.082740000    1.276165000   -0.814745800
1167   -0.950000000   -0.805269100   -0.270305600
1168    0.035596120   -0.125558600    0.411216000
1169   13.789350000    1.076296000   -0.177190700
1170    7.485387000    0.523388400    1.915219000
1171   17.769260000    1.621329000   -0.201852800
1172    7.290642000    0.400971300   -0.202372900
1173   -0.950000000   -0.955520000   -1.509581000
1174    0.113276200   -0.036968980    0.294551200
1175   11.652430000    1.029480000    0.912352100
1176    9.238719000    0.647495700   -0.056221080
1177    0.262989900   -0.393082900    0.477240000
1178   -0.950000000   -0.700686800   -1.469303000
1179   -0.950000000   -0.292170400   -0.399379400
1180    4.001477000    0.303067400    0.194099200
1181    7.759915000    0.360364000   -0.628644600
1182   17.991250000    1.307611000   -0.874779000
1183    4.770076000    0.290305100    0.384012400
1184   -0.950000000   -0.187760000    1.936092000
1185   -0.950000000   -1.024871000    1.916482000
1186   -0.950000000   -0.014575670    0.094445050
1187    9.491125000    1.365780000   -1.326597000
1188    0.045716520    0.379780000    0.843309900
1189    2.450987000    0.700556800   -0.348967400
1190    1.384503000    0.322485400   -0.080582150
1191   -0.950000000   -0.580434500   -1.200927000
1192   -0.950000000   -0.581721700   -0.217452200
1193   -0.950000000    0.026867450   -0.100725000
1194    6.823638000    0.991116000   -1.635682000
1195   12.917740000    1.343349000   -0.889624100
1196   -0.950000000   -0.175582100   -0.854086000
1197    4.038009000    1.115137000   -0.255015400
1198   -0.950000000   -0.645932600   -0.930987100
1199   -0.950000000   -0.953070700    0.394661200
1200   -0.950000000   -1.586371000   -1.172545000
1201    2.489768000    0.375014200    0.835419900
1202   -0.950000000    0.189816800    0.392717700
1203   13.940300000    1.334144000   -0.013652230
1204   -0.950000000   -0.610591300   -0.295861200
1205   -0.950000000   -1.108794000    0.688851700
1206   -0.517788000    0.253105200    0.473764900
1207   -0.950000000   -0.911326100    0.612895700
1208    0.989843100    0.229648400   -0.645169200
1209   -0.950000000   -0.273022200    0.027213100
1210   -0.950000000   -1.953839000    0.543987000
1211   -0.950000000   -0.315290400    0.150223400
1212    4.052258000    0.468307000   -0.297493600
1213   19.114560000    1.741669000   -0.439872700
1214   -0.950000000   -1.481888000   -0.131053400
1215   -0.950000000   -0.889678500   -0.636323000
1216    9.744552000    0.922980400   -1.143690000
1217   -0.651416100    0.015378620    0.555431300
1218    2.951759000    0.329605000    0.277966000
1219   -0.950000000   -1.983875000   -1.927807000
1220   -0.950000000   -0.211347000    1.530183000
1221   -0.950000000   -0.366835800   -0.269366300
1222   -0.950000000    0.012614020    1.112451000
1223   -0.950000000   -0.191745800    0.015350020
1224   -0.950000000   -0.953242600    0.854528500
1225   -0.950000000   -1.783860000   -0.580291500
1226   15.367140000    1.311099000    0.971856100
1227   -0.950000000   -0.649974700    1.643860000
1228   -0.950000000   -0.639459700   -1.112538000
1229    2.422314000    0.713713400    0.294290500
1230   -0.950000000   -1.091283000    0.213726600
1231   -0.950000000   -0.579841900   -0.148205800
1232   -0.814812200   -0.076275600   -0.208118600
1233   -0.950000000   -1.053844000    0.725198000
1234   -0.950000000   -0.532133000    0.305007700
1235   13.427320000    1.817920000    0.869106100
1236    4.203874000    0.542357900    0.517358500
1237   -0.950000000   -0.574338400    0.413302500
1238   -0.950000000   -0.170158700   -0.074960110
1239    4.046123000    0.137634200   -0.798630700
1240    5.522161000    0.598466100    0.421615300
1241    3.257331000   -0.318896200   -1.894235000
1242   -0.950000000   -0.425773000    1.165590000
1243    6.388058000    0.426190300    0.569917000
1244   -0.950000000   -0.987551900   -0.696365100
1245   -0.950000000   -0.509935100   -0.535135700
1246   13.706400000    1.624905000   -1.259924000
1247   -0.950000000   -1.982096000   -0.402907100
1248   -0.950000000   -0.780733500   -0.104494600
1249   -0.950000000   -0.724847500   -1.164481000
1250    7.661404000    0.858704100   -1.056072000
1251    7.667305000    0.755514000   -1.613488000
1252    3.245352000    0.460003100    1.143048000
1253   -0.950000000    0.033704760    0.346661100
1254   -0.950000000   -0.004869634    0.636476600
1255   12.833930000    1.907689000    0.023050260
1256   -0.950000000   -0.447285000    0.029688590
1257   -0.950000000   -0.434692200    0.022931350
1258    0.078952560    0.198875100    0.149301700
1259   -0.950000000   -1.307994000   -0.917857000
1260   -0.950000000   -0.094553790    0.071042600
1261   -0.770381600   -0.668043400   -1.334784000
1262   19.817900000    1.993291000    0.833193700
1263   -0.950000000   -0.498474700   -0.368163600
1264   -0.950000000   -0.598788700    0.259083400
1265   -0.950000000   -0.950519100   -0.159611500
1266   -0.950000000   -0.612090900    0.514976400
1267   16.259380000    1.006600000    0.189017300
1268   -0.950000000   -0.658581700   -0.831883000
1269   -0.950000000   -0.781269900    1.211781000
1270    6.575264000    0.191105600   -0.390888700
1271   27.932240000    1.919332000    0.522507100
1272    4.912031000    0.784163500    1.693184000
1273   12.129780000    1.068542000    0.273295400
1274    6.006710000    0.276431200   -0.588839900
1275   22.382860000    1.879991000    1.377528000
1276   -0.950000000   -1.272097000    0.174528800
1277   -0.950000000   -0.301458900   -0.916511700
1278   -0.950000000   -0.924627300    0.133801500
1279   -0.950000000   -1.314456000    0.086260210
1280   -0.809969300    1.036168000    1.479426000
1281    9.401107000    1.343167000    0.058739000
1282   -0.950000000   -0.097582150   -0.253961800
1283   -0.950000000   -0.616606000   -0.160430900
1284   -0.724652600    0.062594080    0.015896800
1285   -0.950000000    0.227243900    0.450383300
1286   -0.950000000   -0.121536200   -0.005527902
1287    1.674411000    0.215076100    0.562979400
1288   -0.950000000   -0.327735900    0.140277600
1289   13.550920000    1.204898000   -0.766249000
1290   -0.950000000   -1.759302000   -0.808218100
1291   10.903530000    1.165313000   -1.497032000
1292   -0.950000000   -0.820587100    0.585570200
1293   -0.950000000   -1.270307000    0.484576200
1294    3.530062000    0.497444100   -0.263460800
1295   -0.950000000   -1.195020000   -0.805295000
1296    0.123654200   -0.074931460   -1.307143000
1297    7.550803000    1.450559000   -0.682931800
1298   -0.950000000   -1.675315000    0.594329200
1299   -0.950000000   -0.396203700   -0.223469600
1300   -0.950000000   -0.410604300   -0.090268270
1301    4.089363000    0.858457800   -0.016175990
1302   -0.950000000   -1.451876000    0.891297800
1303   -0.950000000   -0.216105600   -0.447106500
1304   -0.950000000   -1.145051000    1.398918000
1305   -0.950000000   -0.352156500    1.490940000
1306   -0.950000000   -0.514278200   -0.228213200
1307    5.791191000    0.576353500    0.227395600
1308   -0.950000000   -1.181737000   -0.757031400
1309   -0.950000000   -0.926950800    0.187058700
1310   -0.950000000   -1.007253000    1.533073000
1311   -0.950000000   -0.494356900   -1.208612000
1312    4.457812000    0.525990600    0.055806940
1313   -0.950000000    0.132311800    0.239376000
1314   -0.950000000   -1.092997000    0.832409400
1315    1.162587000    0.339101400    0.016729720
1316   -0.950000000   -0.483043000    0.124068400
1317   -0.950000000   -1.393099000   -1.469926000
1318   11.378690000    1.075486000    0.648883600
1319   12.753040000    1.556409000    0.282567800
1320   12.029480000    1.088838000   -1.189676000
1321    3.010859000    0.285523900    1.874136000
1322   -0.950000000   -0.605802000   -0.857547800
1323   10.561520000    1.177695000    0.251107700
1324   11.490820000    0.834352900    0.624049400
1325    0.679437800   -0.125070800   -0.144463700
1326   -0.950000000   -0.875122800   -0.496473700
1327    1.764911000   -0.127627000    0.168562300
1328   17.296480000    1.246475000   -1.507083000
1329    5.946744000    0.448575100    0.303651700
1330   15.562500000    1.353735000   -0.432879500
1331   18.883890000    1.496135000   -0.121352800
1332    5.342738000    0.173107200   -1.408388000
1333   -0.950000000   -0.356893200    0.217028100
1334   -0.950000000   -1.505669000    0.952532600
1335   -0.950000000   -0.467294400   -0.082034850
1336    5.075235000    0.374370200   -1.435263000
1337    4.652792000    0.586473800    0.572860000
1338   -0.950000000   -1.286929000   -0.112561100
1339   -0.950000000   -0.444754500    0.455262300
1340   -0.632693800    0.448222800    1.688577000
1341   -0.950000000   -1.388292000   -1.373452000
1342   15.189350000    1.622758000    0.826931300
1343    7.006143000    0.293794200   -1.419291000
1344   -0.950000000   -0.032513710    0.603419700
1345    4.961075000    0.400985300   -0.063349790
1346   -0.950000000   -0.235237600    0.585800800
1347    4.812438000    1.422899000    1.330825000
1348   -0.950000000   -1.409417000   -0.402821700
1349   -0.950000000   -0.138194200    0.448168300
1350    4.846379000    0.436506000    0.407617600
1351   -0.950000000   -0.104316200   -0.050083330
1352   -0.950000000   -0.614296300   -0.001851939
1353    6.843521000    0.983588700   -1.084365000
1354    1.863379000    0.474343600    0.201568700
1355   -0.950000000   -1.398054000    0.139427100
1356   -0.950000000   -0.186012800    1.599994000
1357   -0.950000000   -0.517616200   -0.376908700
1358   -0.950000000   -0.729591200   -0.972243500
1359   -0.950000000    0.123029200    0.251922000
1360    1.748654000    0.352025500   -0.623771000
1361   -0.950000000   -0.611718100   -1.125773000
1362   -0.950000000   -0.163805500    1.251309000
1363    3.346576000    0.275717100   -1.485992000
1364   -0.950000000   -1.437713000   -0.094277760
1365    3.580075000    1.228856000   -0.259720500
1366    4.001984000    0.515420200   -1.463349000
1367   -0.950000000   -0.546718400   -0.847383300
1368    5.212393000    0.981136500    0.863109800
1369   -0.950000000   -1.168228000   -1.057682000
1370   -0.950000000   -1.869116000    1.083127000
1371    5.959326000    0.573447000   -0.131663300
1372   -0.950000000   -0.650626100    0.384349900
1373    6.484262000    0.917387900    0.581524400
1374   -0.950000000   -0.875647800    0.545804200
1375   -0.950000000    0.470820200    1.465839000
1376   -0.950000000   -1.835969000    0.048059410
1377    9.635384000    0.803608900   -1.841245000
1378   -0.950000000   -0.633237800    0.033398110
1379   -0.950000000   -1.245919000    1.918983000
1380    5.461155000    1.031209000   -0.609497000
1381    0.250786500    0.974255300    1.921953000
1382   -0.950000000   -0.772013600   -0.665667200
1383    0.570769900   -0.034770610   -1.016267000
1384    9.164135000    1.033408000   -0.128556100
1385   -0.466972400   -0.009261437   -0.306865900
1386   -0.950000000   -0.217878800   -1.845991000
1387   -0.950000000   -1.044629000    0.760902000
1388    6.995193000    0.793751600   -0.926276700
1389   -0.950000000    0.003400451    0.224742700
1390   -0.950000000   -1.126346000   -1.519919000
1391   11.649920000    1.081079000   -1.145388000
1392    2.211634000    0.522583600   -0.191833100
1393    0.203521100    0.055311000   -0.614045500
1394    6.188483000    0.499550300   -0.316009600
1395   -0.950000000   -0.748682600    0.877076400
1396   -0.950000000   -0.478984800    1.148293000
1397    2.775050000   -0.131791000   -1.655902000
1398   -0.950000000   -0.768558900    1.155924000
1399    0.656814500   -0.193004000   -0.375500600
1400   -0.950000000   -1.001230000   -0.025674600
1401   20.108130000    1.568923000    0.206524300
1402    9.306554000    0.780849700    0.462229100
1403   -0.950000000   -1.731571000   -0.018750470
1404   -0.950000000   -0.196458700    1.302553000
1405   -0.950000000   -0.251908400    0.692634000
1406    2.119646000    0.060903710    1.350326000
1407   -0.950000000   -0.994012200    0.336471400
1408    7.324289000   -0.124017500   -1.742495000
1409   -0.950000000    0.098394440    0.962167500
1410    2.791256000    0.149276200   -0.407145100
1411    6.355095000    0.197257900    0.042929600
1412   13.355520000    0.781648900    0.192314800
1413    4.567998000    0.044134540   -1.484756000
1414    4.891635000    0.282299400    0.442594500
1415   -0.950000000   -1.167118000   -0.395248300
1416   14.154240000    1.484428000    1.231517000
1417    9.061640000    1.647959000    1.916763000
1418    8.342833000    0.637074500    0.037463960
1419   -0.950000000   -1.280422000    0.274835600
1420    4.345830000    0.101730600    0.426943300
1421    2.707226000    0.030486600    0.732090400
1422    0.096698050   -0.254105200    1.130467000
1423    8.375358000    0.331299400   -0.120376900
1424   -0.950000000   -1.356716000    1.327560000
1425    5.500165000   -0.001185641   -1.675862000
1426   -0.950000000   -0.964973300   -1.520689000
1427   -0.950000000   -0.649854800    1.504237000
1428    9.812907000    1.009487000   -0.259980500
1429    2.381185000    0.381654600   -0.776568000
1430   -0.950000000   -0.254519800    0.533568400
1431   11.654790000    1.442677000   -0.352895000
1432    1.206379000    0.250660600   -0.902918600
1433    2.014710000    0.448517100    0.715073400
1434   -0.950000000   -0.265182200    1.243204000
1435   -0.950000000   -0.473708800    0.237958300
1436   -0.950000000   -1.066118000   -1.626116000
1437   14.527190000    1.131345000   -1.241895000
1438   17.861350000    1.370235000   -0.962618100
1439    7.816381000    0.654030300   -1.732158000
1440   -0.950000000   -0.283770200   -0.548401000
1441    0.460451300    0.156604200   -0.957440400
1442   -0.950000000   -0.123844100   -0.311310700
1443   -0.950000000   -0.478934700    0.626526600
1444   -0.950000000   -1.218943000   -0.416459300
1445    4.929611000    0.585747200   -0.083540040
1446   -0.950000000   -0.187888600   -1.472576000
1447   -0.950000000   -0.202725700    0.404045600
1448   -0.950000000   -0.408598000    0.982335600
1449    2.568416000    0.289555300   -0.789189300
1450   -0.950000000   -0.912081900   -0.616505300
1451   -0.950000000   -0.254293500    0.507510100
1452   -0.950000000   -0.087743440   -0.912762600
1453   -0.950000000   -0.058055520   -0.352143300
1454    9.180273000    1.039468000   -0.733443600
1455   -0.950000000   -0.106272700    1.088180000
1456   19.633950000    1.166961000   -0.801271000
1457   -0.950000000   -0.548016100    1.561377000
1458   11.632390000    0.827075100   -0.765828900
1459   -0.950000000   -0.613068700    1.397784000
1460    9.931058000    0.708992500   -1.058920000
1461   -0.950000000   -1.598395000   -0.954771500
1462    9.940236000    0.751851600    0.121020400
1463   19.021660000    1.343175000    1.163129000
1464   15.564610000    1.294755000   -1.579131000
1465   -0.950000000   -0.864334500   -0.562720800
1466    6.139607000    0.411626800    0.206081300
1467   13.205600000    0.906850400   -1.447053000
1468   -0.950000000   -0.353971300    0.748177000
1469   -0.950000000   -1.052460000    0.657999000
1470   -0.950000000   -0.609875700   -0.655807300
1471   -0.950000000    0.028103030    0.007808906
1472   -0.950000000   -0.137648800   -0.076450910
1473   -0.950000000   -1.165081000   -1.509964000
1474   -0.950000000   -1.536447000    0.608413600
1475   -0.950000000   -0.884526900   -0.642008200
1476    9.662315000    1.034711000   -0.933706600
1477    0.915924600   -0.078209200   -0.732622300
1478   14.796670000    1.534809000    0.944771600
1479   -0.950000000   -1.147126000    0.448313500
1480    8.393559000    0.966200200   -1.131189000
1481   -0.950000000   -0.917683200    0.402983900
1482   -0.950000000   -1.036576000    1.057862000
1483   -0.950000000   -1.002016000    1.171354000
1484   -0.950000000    0.192082600    0.198948000
1485   -0.950000000   -0.874104000    0.527819900
1486   17.481730000    1.973833000   -0.679718500
1487   -0.950000000   -1.474208000   -0.796001200
1488   12.477670000    1.095441000   -1.103123000
1489   -0.950000000   -0.236642400   -1.525278000
1490   -0.950000000    0.221103400   -0.098883820
1491   -0.046346070    0.503995500    0.220343000
1492   -0.950000000   -0.875184500    0.898981900
1493   -0.950000000   -1.900896000   -0.532440400
1494   -0.950000000   -1.261778000   -1.933276000
1495   -0.950000000    0.093190610   -0.423523700
1496   -0.950000000   -0.485805500    0.625521700
1497   -0.950000000   -1.686272000   -0.132360600
1498    3.711346000    0.621491800    1.134128000
1499   20.893770000    1.845502000    0.852184200
1500   -0.950000000   -0.507180900   -0.846509700
