*y  x1  x2
   1   -0.950000000   -1.608564000   -0.490777000
   2   10.457140000    1.342135000   -0.287919200
   3   -0.950000000   -0.887309200    0.817639400
   4   -0.950000000   -0.866060600    0.047101930
   5   13.375960000    1.232428000    1.179660000
   6    5.165307000    0.287455600    0.937392300
   7    1.829470000   -0.102304800   -0.967197100
   8   -0.950000000   -0.299959400    0.437974500
   9   -0.950000000   -1.386643000    0.071163130
  10    3.104411000    0.117720900   -0.845148900
  11   12.240930000    1.428966000    1.418816000
  12   16.063770000    1.091774000   -0.645058300
  13   -0.950000000   -0.403414000    0.559579400
  14   -0.338583000   -0.019642710   -0.083144540
  15   -0.950000000   -1.569142000    0.409065100
  16    7.690219000    0.816267100    1.219771000
  17   17.916540000    1.318310000   -0.024088350
  18    2.136266000   -0.410531200   -0.555000200
  19   10.972930000    0.619942800    0.881111400
  20    9.291906000    0.541666400    1.233756000
  21   -0.950000000   -0.572901600    0.195550700
  22   11.531790000    0.320608500   -0.687071100
  23    5.290205000    0.292712700    1.538199000
  24    9.512329000    0.192909900   -0.378906000
  25   -0.950000000   -0.752075700    0.883408200
  26   12.966670000    0.829569500    0.199542900
  27   16.892570000    0.973474600    0.731035300
  28   15.343300000    0.663716300   -0.617253200
  29    0.929963500   -0.757229500   -1.758638000
  30    7.854891000    0.490341800    1.282888000
  31   16.798370000    1.285458000    0.461497100
  32    9.876833000    0.743059800    0.348410100
  33   -0.950000000   -1.178551000   -0.250341000
  34   -0.950000000   -0.160991300    0.697034100
  35   10.789240000    0.434789800   -1.030583000
  36   -0.950000000   -1.544773000    0.925907900
  37   -0.950000000   -1.116869000    1.886181000
  38   -0.567605100   -0.508126400   -0.441498400
  39    7.878863000    0.636944200    0.464575500
  40    6.581676000    0.486340800    0.179132800
  41   -0.950000000   -1.146199000   -0.169212900
  42   19.302250000    0.992005300   -1.365361000
  43   -0.950000000   -0.415566400    0.822121200
  44    5.534471000    0.217546100    1.339320000
  45   11.856490000    0.856708400    0.121560100
  46   17.484710000    1.052201000    0.524757900
  47   -0.950000000   -1.395003000    1.594359000
  48    1.322278000   -0.265058800    1.389511000
  49    5.325789000    0.120138800   -0.353850300
  50   10.577000000    0.949322300    1.401705000
  51   14.039440000    1.075802000    0.779684400
  52   -0.950000000   -0.726225900   -0.049806370
  53   -0.290962100   -0.628862900   -0.188115000
  54   10.022050000    0.728729300    0.800831900
  55   10.409590000    0.792171500    0.130059000
  56   17.378770000    1.335207000   -1.280500000
  57   -0.950000000   -0.986749300    0.262295400
  58    6.017376000   -0.024327420    0.208534800
  59   18.359800000    1.294945000    0.693183700
  60    2.134154000   -0.526193300   -1.186224000
  61   -0.950000000   -0.399241700   -0.759829300
  62    5.010025000    0.824359200    0.074433440
  63   -0.950000000   -0.696543800   -0.520532800
  64   -0.950000000    0.043293070    1.000116000
  65   -0.950000000   -0.249314600   -0.259128600
  66   11.940430000    0.885307700    0.521775300
  67    0.120666300    0.021072420   -1.429191000
  68   -0.950000000   -0.727916700    0.515443300
  69    9.168708000    0.933264500   -0.140962200
  70   -0.950000000   -0.368861400    0.391680800
  71   -0.950000000   -1.046829000    0.187415600
  72   -0.950000000   -1.199131000    0.516765100
  73    1.128417000   -0.076906720   -1.099208000
  74    1.735167000    0.124106000   -0.988150100
  75   -0.950000000   -1.084436000   -0.423569800
  76   12.380040000    1.102837000   -0.029912350
  77   18.063280000    1.819015000    0.912495900
  78   -0.950000000   -0.863543400    0.127398600
  79   18.667400000    1.433426000   -0.073780670
  80   11.844180000    0.743611700   -0.615028000
  81    3.542622000   -0.415893000   -1.914065000
  82    3.669978000    0.048255150    0.016652140
  83   12.400840000    0.673179500   -0.118404400
  84   10.023010000    0.091963620   -1.647191000
  85   23.008470000    1.780750000    1.361747000
  86    9.729644000    0.413865400    0.172782200
  87   -0.950000000   -0.499981200    1.217243000
  88   21.241750000    1.652991000   -0.633700400
  89   20.325380000    1.411375000   -1.820701000
  90   -0.950000000   -0.945273300   -0.452786900
  91    7.140684000    0.458356300   -0.289255300
  92   14.329040000    0.972854900   -1.308939000
  93   -0.950000000   -1.678189000    0.002495730
  94   -0.950000000   -0.487794500    1.130403000
  95   -0.145679400   -0.321995400   -1.118518000
  96    4.996739000    1.204222000    1.340619000
  97   -0.460168600   -0.448279700   -0.714758300
  98   14.695510000    1.507201000    0.655650800
  99   19.182590000    1.051206000   -1.937797000
 100   11.686780000    1.415497000    0.951407100
 101   -0.950000000   -1.220986000    0.602172900
 102    2.979423000    0.027569710   -0.246446100
 103    8.568162000    0.585153300    0.431213800
 104    7.519506000    0.795219100    0.522626900
 105   15.215030000    1.895613000    0.287084500
 106   -0.950000000   -1.199619000    0.586768500
 107   -0.950000000   -1.255170000    0.594771900
 108    5.589750000    0.716001800    0.741140100
 109   -0.950000000   -0.481537900    1.583395000
 110   -0.950000000   -0.335701400    0.741558900
 111   -0.950000000   -0.938695300   -0.306288600
 112   -0.950000000   -0.352920600    0.063153870
 113    4.890676000    0.766700100    0.882189300
 114   -0.950000000   -1.333599000    0.423740200
 115   -0.232532000    0.157249500    0.521977600
 116   -0.950000000   -0.346261100    0.436270300
 117   -0.950000000    0.516410200    0.875724400
 118    0.952842900    0.194939400    0.629098900
 119   -0.950000000   -1.391000000    0.304308300
 120   -0.950000000   -0.706420800    1.361399000
 121    8.772418000    0.643568400   -0.016602520
 122   10.145860000    0.970277400   -0.581449600
 123   11.808990000    1.798156000    1.349711000
 124   -0.950000000   -0.390924700   -1.232137000
 125   13.132570000    1.012056000   -0.471394800
 126   12.816420000    1.242177000   -1.318435000
 127   -0.950000000   -0.592010600   -1.943673000
 128    8.937187000    1.166536000    1.663494000
 129   -0.950000000   -1.027414000   -0.022746990
 130   16.864540000    1.508978000   -0.000832113
 131    2.207807000    0.229046600   -0.126750800
 132    8.437727000    0.876707400   -0.537451800
 133    4.563330000    0.324310200   -0.288069300
 134   -0.950000000   -1.149064000   -0.903766500
 135   -0.950000000   -0.512590100   -0.704217800
 136   -0.950000000    0.227534900   -1.383239000
 137   -0.858103200    0.178188100   -0.118599600
 138   -0.950000000   -1.127715000   -0.801558400
 139   -0.950000000   -0.128524200   -1.143578000
 140   -0.950000000   -0.471847800    0.194211500
 141    1.569423000    0.446901100   -0.335767100
 142   15.130590000    1.514007000    0.343699600
 143   -0.675252000    0.576386800    0.499568600
 144   -0.950000000   -0.607085100   -1.743426000
 145   -0.950000000   -0.762065300   -1.680496000
 146    0.374504600    0.271728100    0.859263200
 147    4.608531000    0.570267800   -1.001909000
 148    5.859583000    0.578272200   -0.367762200
 149   -0.950000000   -0.444744500    1.198607000
 150   -0.950000000   -1.546852000   -0.595082400
 151   -0.950000000   -0.137883100    1.035927000
 152    5.342172000    0.470915800   -0.081179930
 153   -0.950000000   -0.874945900    1.787272000
 154   15.297720000    1.366110000   -1.114646000
 155    6.175771000    0.790248400    1.331813000
 156   -0.950000000   -0.522798400   -0.731417800
 157    4.771150000    0.691491700    0.722940600
 158    8.569444000    0.582790100   -0.592801400
 159   -0.950000000   -1.280083000    0.411314200
 160   -0.373794200   -0.281403400   -1.040563000
 161    0.241705100    0.109666200    1.244468000
 162   -0.950000000   -1.518850000   -0.182424000
 163   -0.950000000   -0.217858800    0.727017700
 164   -0.950000000   -0.778520200   -1.978153000
 165   -0.950000000   -0.789725400    1.347303000
 166   -0.950000000   -1.652356000    0.203987600
 167   -0.950000000   -0.495856500    1.295803000
 168    7.537398000    0.880359900   -1.215550000
 169    5.786588000    0.930972500    1.315215000
 170    3.209225000    0.401402800    0.920282800
 171    0.119106700    0.128656800    0.631333600
 172   14.756790000    1.482043000   -0.343707800
 173   -0.950000000   -0.283160200    0.796528900
 174   -0.950000000   -1.003993000   -1.062129000
 175   -0.397682400   -0.156557700    0.190242800
 176    4.381343000    0.317893400    0.898571300
 177   -0.325080700   -0.081429450    1.205454000
 178   -0.950000000   -0.941644000   -0.058739280
 179   -0.950000000   -0.960111000   -0.889109100
 180    1.700494000   -0.025978960   -0.510520900
 181    2.697101000    0.300897800   -0.103829400
 182    7.464760000    0.712219700   -0.455859300
 183    3.678227000    0.110695100   -0.569602700
 184   -0.950000000   -0.799755000   -0.018312000
 185   -0.950000000   -0.242023600   -0.409547500
 186   -0.549192100   -0.046972830    0.211889500
 187   -0.950000000   -0.227769600    0.205962300
 188    6.394963000    0.910697800    0.825502700
 189   -0.950000000   -1.622925000   -0.113339000
 190   -0.950000000   -0.823202700    0.905790400
 191   -0.950000000   -0.779273900    1.654118000
 192   -0.950000000   -1.113991000    0.304218900
 193    7.580946000    0.899912700    1.158739000
 194    9.290598000    0.933921400   -0.297527000
 195   -0.950000000   -0.621864200    0.104935400
 196    9.171457000    0.976101600    0.616667000
 197   14.496800000    1.859505000    0.086181140
 198    9.065298000    0.546151400   -1.414784000
 199    8.953074000    1.311089000   -0.431406500
 200    6.301951000    0.498193700   -0.668553600
 201    0.011418170    0.191335000    0.622190000
 202   -0.950000000   -0.586343800   -0.868437900
 203   -0.950000000   -0.960622900   -1.723812000
 204    5.518422000    0.633557100   -0.445452600
 205    5.444041000    0.436311100    0.539858400
 206   -0.950000000   -1.335320000   -0.524572800
 207    2.367395000    0.130677800   -0.952345300
 208   -0.376809800    0.096889180    1.635033000
 209   -0.950000000   -0.229533100   -0.056770200
 210   -0.950000000   -0.550955900    0.039316140
 211   -0.950000000   -0.299648100   -1.097199000
 212   12.861170000    1.162510000   -0.415502100
 213    2.909911000    0.481368600   -0.054247680
 214   14.081530000    1.649743000    0.958533100
 215    3.513654000    0.455988600   -1.180547000
 216   20.041240000    1.542179000   -1.009842000
 217   -0.950000000   -1.664455000    0.754901400
 218   -0.950000000   -0.854191000   -1.181413000
 219   -0.950000000   -1.685915000   -0.486565300
 220   -0.950000000   -0.268453800    0.558615200
 221   -0.950000000   -0.768206800    1.465545000
 222    8.995882000    1.076645000   -0.420143500
 223    3.940953000    0.269625900    0.471638700
 224    0.711611900    0.183827600    0.397609600
 225    2.015799000    0.046277760   -0.680015100
 226   -0.950000000   -1.406456000    0.210558300
 227   -0.950000000   -0.292271500    1.175521000
 228   -0.950000000   -1.013034000    0.284692400
 229   -0.950000000   -1.542927000    0.166053400
 230    3.047997000    0.037907240   -0.714299100
 231   12.228780000    1.216050000   -1.319131000
 232   -0.950000000   -0.514347200    0.323942700
 233   14.092920000    0.965570200   -0.159812000
 234   -0.950000000   -1.222200000    0.266898100
 235    4.747725000    0.865383000    1.621921000
 236   -0.169024100   -0.033316350    0.714366000
 237   -0.950000000   -0.432865600    1.598402000
 238   21.504220000    1.881134000   -1.009780000
 239    0.761647400   -0.508126800   -1.064106000
 240    3.830294000    0.694682000    1.420677000
 241   -0.950000000   -0.365395800    1.186915000
 242   -0.950000000   -0.320693000   -0.996715000
 243    4.298719000    0.175054900   -0.987699000
 244   -0.950000000   -0.720283400    1.780000000
 245   -0.950000000   -0.591583600    0.678484800
 246   -0.950000000   -0.425176700   -0.893708300
 247    3.608882000    0.230255400    1.538939000
 248    6.932210000    0.668710200   -0.390734900
 249    4.801858000    0.646421100    0.832590100
 250   10.033300000    0.780885200    0.113264900
 251   -0.034922650   -0.182738400   -0.599715800
 252   -0.950000000   -0.587553000   -0.692738200
 253    9.972987000    0.575568000   -0.898415700
 254    3.856600000    0.268608000    0.694168500
 255    5.132663000    0.398376800    1.644812000
 256    2.952711000   -0.232004200   -0.003204333
 257   15.339760000    1.494003000    0.298405100
 258   21.802650000    1.564031000    0.732463600
 259   -0.950000000   -0.898266900    0.103891700
 260   18.387580000    1.192824000    0.612517900
 261   -0.950000000   -0.744335300    0.170415900
 262    4.894641000   -0.127443600   -0.664304700
 263    4.434033000    0.092027160    0.301359100
 264   -0.950000000   -0.379527100    1.266200000
 265    9.270017000    0.515226200    0.651631400
 266    7.895639000    0.461408900    0.570235200
 267    6.976628000    0.181310600    0.621154000
 268    5.010044000    0.111494200   -0.274751500
 269    4.358272000    0.050204560    1.628143000
 270    5.538899000   -0.035094370   -0.094201070
 271    8.265428000    0.935871600   -1.141980000
 272   -0.950000000   -0.210198400    0.252717900
 273   -0.950000000   -0.809790500    0.169733700
 274   -0.950000000   -0.754070900   -0.848447800
 275   -0.950000000   -1.708445000    0.055668640
 276   -0.950000000   -0.700748400   -0.462491300
 277   -0.950000000   -1.252214000   -0.419320500
 278   -0.950000000   -0.678024600    0.367880000
 279   -0.769302400    0.174460400    1.000389000
 280   -0.661495400    0.192520200   -0.199712100
 281    4.448786000    0.556854800    0.675443800
 282   -0.950000000   -0.425080300   -1.481402000
 283    1.219110000    0.487870300    1.040290000
 284    1.003974000    0.752274600    0.570907500
 285   -0.950000000   -0.402438600    0.162353400
 286   -0.950000000   -1.625391000   -0.205350600
 287   12.651190000    0.656572300    0.713081900
 288   -0.950000000   -0.715608100    0.770844200
 289   -0.757054800   -0.734229000    1.174640000
 290    5.690465000    0.024818790    0.312898200
 291   16.107980000    1.007564000    0.880474100
 292   14.208450000    0.804184700    1.051492000
 293   22.925700000    1.733075000    1.314590000
 294    3.121977000   -0.220103400    0.503913000
 295    6.823659000    0.067213070    0.410357500
 296    5.393142000   -0.094087300    0.785582400
 297    2.191996000   -0.292438900    0.201958900
 298    5.713952000   -0.248692800   -0.734946300
 299   -0.950000000   -0.675735600    1.475380000
 300    3.338982000   -0.679493400   -0.785842700
 301    6.116262000    0.619081000    0.710038300
 302    6.054416000    0.534594400    1.423969000
 303    8.376897000    0.235578300   -1.944765000
 304    3.270914000   -0.041932820    0.509718300
 305    7.718577000    0.220351700    0.193445700
 306    4.192992000    0.838424900    0.781965400
 307    3.897486000    0.630178200    1.673803000
 308    1.821921000   -0.137749300   -0.058858380
 309    0.297257400   -0.180081000    0.852990100
 310   12.291050000    0.416135900   -1.504773000
 311    5.621400000   -0.157051400   -0.805829400
 312   -0.950000000   -0.828903800    0.222377300
 313   17.218680000    1.919529000   -0.130348100
 314    9.205430000    0.540787000    0.777173700
 315   -0.950000000   -0.523628700    0.456923300
 316   -0.950000000   -0.936946600   -0.118824400
 317   -0.950000000   -1.278047000   -1.288833000
 318    9.603161000    0.634759200   -1.242849000
 319    8.799800000    1.129582000    0.133576100
 320    4.371628000    0.828717800    1.035046000
 321   -0.950000000   -0.248126500   -0.423362900
 322   15.342730000    1.839046000    0.903545900
 323   -0.896048800   -0.265619300   -0.943037200
 324   -0.950000000   -1.060406000   -0.552834300
 325    8.810210000    0.635951100    0.728385000
 326   -0.950000000   -1.630548000    0.350802400
 327   -0.950000000   -0.248486000    0.415969800
 328   16.881360000    1.306809000   -0.392435100
 329   -0.950000000   -0.149217600    0.574255800
 330   -0.950000000   -0.508789000    1.141872000
 331   -0.950000000   -0.050369560   -0.002798396
 332   -0.950000000   -1.112310000    1.103228000
 333    3.823388000    0.452151100    0.109342100
 334   18.294310000    1.888110000   -0.551814600
 335    4.380851000    0.384025000   -0.629940600
 336   -0.950000000   -0.643200000    0.920979700
 337   19.450600000    1.875550000   -0.772659600
 338    8.217594000    0.728853500   -0.306530400
 339    8.070553000    0.826062200   -0.472830100
 340   -0.950000000   -1.099463000   -0.510406500
 341   11.333400000    0.771006700   -0.188401400
 342   19.118240000    1.897472000   -1.268114000
 343    7.075687000    0.659882100   -0.676503000
 344   -0.950000000   -1.810091000   -0.808474800
 345    6.703714000    0.794260500   -0.541337100
 346    2.374175000   -0.232467000    0.690805000
 347   -0.950000000   -0.302987100    1.087804000
 348    5.034075000    0.113638000   -0.412294800
 349    2.886868000    0.003689571    0.991178100
 350    4.746024000    0.405166200    1.107126000
 351   17.942320000    1.809247000    0.351966700
 352   -0.950000000   -0.657727700    1.570228000
 353   -0.950000000   -1.474566000    0.676068000
 354    5.996226000    0.454601800    0.410843800
 355   21.896890000    1.362820000   -1.290169000
 356    2.374443000    0.289156500    1.842922000
 357   25.457530000    1.332121000   -1.116778000
 358   14.076200000    1.030423000   -0.839471000
 359   12.323010000    0.859792900   -1.854728000
 360   -0.950000000   -1.231226000   -0.422031900
 361    6.493107000    0.535368800    0.009066401
 362   -0.950000000   -1.562884000   -0.755590800
 363   11.425360000    0.635141000   -1.231249000
 364    3.378070000    0.009016976   -1.940544000
 365   18.623810000    1.721267000   -1.022931000
 366   16.291100000    1.895930000    1.367089000
 367    5.771662000    0.123127900   -0.426429100
 368    4.029138000    0.409125900    0.829250000
 369    2.120093000   -0.108530800   -0.456319900
 370   12.160050000    1.356488000    1.143771000
 371   16.392090000    1.947361000    0.520364000
 372   -0.950000000   -0.993212000    0.479657400
 373    8.653515000    0.400430200   -0.925334800
 374    1.216108000    0.323450300    1.113786000
 375    0.262478100   -0.430880100   -0.733694100
 376    4.223229000    0.240413700    0.705476000
 377    4.704309000    0.325913200   -0.676158300
 378   10.607900000    0.663767200    0.877389500
 379    8.136344000    0.827905000   -0.111302900
 380   -0.950000000    0.069159580    1.149661000
 381   11.956180000    1.094392000   -0.000613454
 382    1.421195000   -0.203063800   -0.823789100
 383   12.561870000    1.306225000   -0.914433000
 384   -0.950000000   -0.409870200    0.595504400
 385    8.606886000    0.708542500   -0.300865600
 386    1.451535000   -0.306893600    0.939722000
 387   11.395200000    0.942687000   -0.972037400
 388    4.205027000    0.005587551   -1.003626000
 389    8.599879000    0.752049400    1.129142000
 390   -0.950000000   -0.956597500   -0.187065600
 391    0.514077600   -0.103469400   -1.088194000
 392   -0.950000000   -1.102091000    0.547228100
 393   -0.950000000   -0.559706000   -0.951198200
 394    1.834934000    0.041525580   -0.709364600
 395    4.344804000    0.453171700    1.342948000
 396   -0.950000000   -0.568315200    0.309804200
 397   -0.950000000   -1.247833000    1.291395000
 398   -0.950000000   -0.711064800    1.530164000
 399   15.308070000    1.154935000   -1.051316000
 400    3.626740000    0.405440000   -0.463456200
 401   -0.950000000    0.393000500    1.637836000
 402   -0.341169600   -0.151821900   -0.379107700
 403    1.502458000    0.084899240   -1.321975000
 404   -0.950000000   -1.966963000    0.910648200
 405   -0.950000000   -0.341759800   -0.093852130
 406   -0.950000000   -0.963158300   -0.633133600
 407   -0.010427930    0.073672860   -0.535308200
 408    4.064576000    0.319477200   -0.978350500
 409   10.711020000    1.152817000   -0.919222300
 410   -0.950000000   -0.229023900    0.541419900
 411   -0.950000000   -0.141507600   -1.317360000
 412   -0.950000000   -0.534860400   -0.523856500
 413   -0.950000000   -1.436280000    1.408018000
 414    5.374664000    0.866803900    0.984305100
 415    3.282982000    0.298426900   -0.308829800
 416   -0.950000000   -1.841303000   -0.403480900
 417    1.263666000    0.366432800    0.527787600
 418   -0.950000000   -0.055121530    1.576928000
 419   -0.950000000   -1.101080000   -0.378887800
 420   -0.950000000   -0.382077800   -0.931597200
 421   -0.664744900   -0.016512420    0.694482500
 422    2.565715000    0.500484200    0.755159600
 423    4.403810000    0.643192900   -0.117406700
 424    3.238619000    0.341275000   -0.589735500
 425   19.645030000    1.691973000   -0.672092700
 426   -0.118991100    0.207489000    0.689053000
 427    2.015804000    0.060585070   -0.788644500
 428   -0.950000000    0.182372600    0.466915900
 429   -0.950000000   -0.374507000   -0.432240200
 430   -0.950000000    0.275155000    1.051257000
 431   -0.950000000   -0.894675700    0.365595600
 432   -0.950000000   -1.722871000   -1.172261000
 433    4.575344000    0.568308100    0.881666700
 434   -0.950000000   -1.464914000    0.135613300
 435   -0.950000000   -1.310148000   -0.373389100
 436    1.940246000    0.031825210    0.457259000
 437   -0.950000000   -0.581337000    0.051741470
 438    4.625916000    0.129810400   -0.361365000
 439   -0.950000000   -0.846378500    0.338344700
 440   -0.950000000   -0.627428500   -0.267397500
 441   -0.950000000   -0.956530300    0.542541100
 442   -0.950000000   -0.935601600   -1.882358000
 443   -0.950000000   -1.236632000    0.162140400
 444    9.573609000    0.632718000    1.397605000
 445   14.052160000    0.923040000   -0.052938220
 446    9.667843000    1.293214000    0.710202200
 447    7.021045000    1.103853000    1.261683000
 448   20.631860000    1.643055000    0.275196800
 449   20.498110000    1.610881000    0.286648500
 450    7.230170000    0.226542300   -0.982952100
 451   -0.950000000   -0.186115600    1.224607000
 452   -0.950000000   -1.031114000   -1.782740000
 453   -0.950000000   -1.159610000   -0.013538210
 454   -0.950000000   -0.367410400   -0.188363900
 455   -0.950000000   -1.310744000   -1.661386000
 456   -0.950000000   -0.509189900   -0.120456900
 457   -0.950000000   -0.221269000    1.266719000
 458    2.304745000    0.482607300   -0.591314900
 459   -0.910360400    0.264315900    0.663573600
 460   -0.950000000   -0.658405100   -0.592876800
 461   -0.950000000   -0.907185200    1.327764000
 462   -0.950000000   -0.357908900    0.558532700
 463   -0.950000000   -1.479932000    0.135266800
 464    1.355840000    0.477323500   -0.377766600
 465   -0.950000000   -1.767833000    0.885397400
 466   -0.950000000   -0.338259600    0.073670740
 467   -0.950000000   -0.496769200   -0.103059000
 468   -0.950000000   -0.867738500   -1.888120000
 469    9.300673000    0.759636400   -1.522990000
 470   -0.950000000   -1.111543000   -0.428972500
 471    7.825578000    1.281375000    0.086194170
 472   -0.950000000   -0.683129700   -0.383906300
 473    3.225513000    0.565175800   -0.183853200
 474   -0.950000000   -0.592427500   -0.273984400
 475   -0.950000000   -0.338565800   -1.774839000
 476   -0.950000000   -0.414454500    1.743267000
 477   -0.950000000   -0.221697100    0.331177500
 478    3.868505000    0.567911400   -0.354970200
 479   -0.950000000   -1.016404000    0.608047200
 480   -0.950000000   -0.968545600    1.273483000
 481   11.756830000    1.481268000    0.987804900
 482   -0.950000000   -0.870678900   -0.666660000
 483   -0.950000000   -1.449583000   -1.017590000
 484    6.103626000    0.226210300   -1.745945000
 485   10.923740000    1.109408000   -0.785966400
 486   -0.950000000   -0.236989100    0.274286100
 487   -0.950000000   -0.936430900    0.444465800
 488   -0.836374900   -0.290433600   -1.672871000
 489    3.165828000    0.277154500    1.337739000
 490   -0.950000000   -0.896871100    0.424358100
 491   -0.950000000   -0.131534000   -0.790423700
 492   -0.950000000   -0.491045300    1.575610000
 493   14.779200000    1.195088000   -1.075578000
 494   -0.950000000   -0.733616500    1.604114000
 495   -0.778746200   -0.090061540    0.331828700
 496   -0.950000000   -1.351913000   -0.216475400
 497   -0.950000000   -1.069499000    1.389871000
 498   -0.950000000   -0.522880900   -1.479243000
 499    1.041414000    0.132057600   -1.464786000
 500   -0.950000000    0.134299100    0.710825500
 501   -0.950000000   -1.999947000   -0.146090100
 502   -0.950000000   -0.402247300    0.140349000
 503   -0.950000000   -1.380168000   -0.423482100
 504   -0.950000000   -0.451711300   -0.828467900
 505   -0.950000000   -0.424578000   -0.838605700
 506   -0.950000000    0.160422100   -1.040586000
 507   -0.950000000   -0.021887270   -0.481140000
 508    2.546369000    0.628450700    0.249451800
 509    3.519826000    0.736891700   -0.625963100
 510    0.590137900    0.839239200    1.972086000
 511    7.162281000    0.870637300    0.003887347
 512   10.935280000    1.164963000    0.000906420
 513   -0.950000000   -0.543406200   -0.790337600
 514   -0.950000000   -0.454259900    0.826334300
 515   -0.950000000    0.088677680   -0.624025000
 516   -0.950000000   -0.189082000   -0.169528900
 517   -0.950000000   -0.556431200    0.081285400
 518   -0.950000000   -0.885169800   -0.774667400
 519    0.255839200    0.394528600   -0.145226100
 520    7.497377000    0.551234900   -1.738170000
 521    1.621362000    0.436770700   -0.298364600
 522   -0.950000000   -1.893024000    0.595459400
 523   -0.950000000   -1.073400000    0.845765900
 524   -0.950000000   -0.121105700    0.458312100
 525   -0.950000000   -1.689839000   -0.913815500
 526   -0.950000000   -0.620955900   -1.232535000
 527   -0.950000000    0.253242800    0.398761300
 528   -0.950000000   -0.895826400   -0.546338700
 529    2.543797000    0.684225100    0.199742700
 530   -0.950000000   -0.229427700    0.213429700
 531   -0.950000000   -0.043648450    1.695626000
 532   -0.950000000   -1.858122000   -0.349031400
 533   -0.950000000   -0.530811300   -1.907041000
 534    9.571547000    0.820409200    0.222445900
 535    0.360057900    0.215418600   -0.281958000
 536   -0.950000000   -0.327257200    0.475346900
 537    3.338032000    0.800857100    1.439203000
 538   -0.950000000   -0.568098400   -1.126655000
 539   -0.950000000   -1.096627000    0.316696500
 540   15.102780000    1.529055000    0.625968900
 541   -0.950000000   -1.342048000   -1.552706000
 542    2.666437000    0.033090050   -0.359612900
 543   11.392140000    1.245198000    0.083453090
 544    0.352351300   -0.144800600    0.236398900
 545    9.400255000    0.786557300    0.190590300
 546   17.675670000    1.229598000   -0.059498650
 547    2.765776000    0.362744400    0.384615600
 548   12.039950000    0.692697400   -1.472515000
 549   16.364910000    1.431969000   -1.039091000
 550   15.120740000    1.126809000   -0.304208900
 551    6.707103000    0.559416800    0.593776800
 552   -0.685963000    0.139206400    0.793393400
 553    8.475315000    0.469782000   -1.409820000
 554    2.636070000    0.166162900   -0.064241160
 555    5.772822000    0.216740100    0.439162000
 556    9.152355000    0.403844000    0.644261200
 557    9.510702000    0.241937400   -0.853007800
 558   17.387780000    0.877746600   -0.325255200
 559    6.577592000    0.458006400    1.760058000
 560    2.762094000   -0.106446100    0.741363100
 561   13.648060000    0.493795500    1.524882000
 562   11.576960000    0.391086800   -0.301023300
 563   13.733810000    0.848171600    1.137399000
 564   10.077570000    0.316378700    0.520716400
 565    2.952613000   -0.360152500    0.120404800
 566   12.094650000    0.461365600    1.202152000
 567   12.723400000    0.665781300    1.201399000
 568   -0.950000000   -0.506885800    0.811128300
 569   -0.950000000   -0.896446300    0.481441300
 570   -0.950000000   -1.313887000    0.805660100
 571   13.975270000    1.405877000    0.562833700
 572    6.751865000    1.064749000   -0.111443200
 573    3.719121000    1.620506000    1.213846000
 574   -0.950000000   -1.263558000   -0.050254870
 575   -0.950000000   -1.330163000    0.964465600
 576   -0.950000000    0.191921400    1.090878000
 577    4.752603000    0.501995100   -0.487483900
 578   10.303500000    0.947874800   -0.785846800
 579   -0.950000000   -1.688756000   -0.046438900
 580    6.961645000    0.719723600   -1.541814000
 581   -0.950000000   -1.273178000   -1.432824000
 582   -0.950000000   -0.141616300    0.267675300
 583   -0.950000000   -1.439652000    0.060669340
 584   -0.950000000   -0.561953700   -0.239148800
 585   14.794600000    1.723639000   -1.296361000
 586   10.602140000    1.571943000    0.737107500
 587   -0.950000000   -1.889946000    0.816373800
 588   -0.950000000   -1.068648000    0.604186400
 589   22.087330000    1.787494000   -0.154804000
 590    5.897110000    0.137425400   -0.069128030
 591   14.912110000    0.920343800   -1.143078000
 592   -0.950000000   -0.274158000    1.154611000
 593   -0.950000000   -0.019506300    1.928706000
 594   -0.950000000   -0.897478600   -0.054725510
 595    0.979190800   -0.143334000    0.643338400
 596    5.314698000    0.148937400   -0.245928500
 597   10.124360000    0.559876000    0.807519700
 598   13.731920000    1.152341000   -0.157432100
 599   -0.950000000   -0.991587200   -0.534014600
 600   -0.950000000   -1.366129000    0.163473300
 601    7.018552000    0.957449100   -0.222013900
 602   -0.950000000   -0.442512100   -0.644583600
 603   -0.950000000    0.112667300    0.472681100
 604   -0.950000000    0.012214920   -0.252175200
 605    0.152933900   -0.019200250   -1.015204000
 606   -0.950000000   -1.474006000   -0.579306100
 607   15.570870000    1.284010000   -0.635108400
 608    9.474399000    1.174367000   -0.429043600
 609   -0.183009300    0.147463800   -0.322657400
 610    0.925833000    0.107889100   -0.902287100
 611   -0.950000000    0.046970600    1.768817000
 612   -0.950000000   -0.358725500    0.616982900
 613   -0.950000000   -0.237233700   -0.052600110
 614   -0.950000000   -1.270962000   -0.325435900
 615   -0.950000000    0.145157300    0.313115400
 616   -0.950000000   -0.142571500    0.459898900
 617   -0.950000000   -0.966178300    0.500253300
 618   -0.950000000   -0.941899300    0.742762800
 619    8.993737000    0.757409100   -0.641216800
 620   -0.950000000   -0.491273500   -0.265368400
 621   -0.950000000   -1.473023000    0.448036600
 622    0.120215300   -0.246953900   -1.187908000
 623   -0.950000000   -0.327744800    1.108689000
 624   -0.950000000   -0.683310300    0.031166170
 625    2.666177000    0.208441300   -0.093182490
 626   -0.950000000   -1.856848000    1.012082000
 627   13.553660000    1.336878000    0.145056200
 628    0.759604900    0.626488900    1.743470000
 629   -0.950000000   -0.428302400   -0.226780300
 630    1.993897000    0.067345980   -0.409084100
 631    8.797961000    0.166967000    0.142131000
 632   10.334040000    0.456800500    0.388161100
 633    9.510260000    0.005885624   -0.144751400
 634   12.379340000    0.421046700    0.085736290
 635   26.459150000    1.463451000    0.008386686
 636   25.881140000    1.888029000    0.343960200
 637   25.406650000    1.365043000   -1.120561000
 638   21.644960000    1.626055000   -0.301865000
 639   10.809660000    0.421513800    0.562861000
 640   -0.950000000   -1.122206000    1.121881000
 641   16.073040000    0.489674200   -1.125976000
 642    8.568664000   -0.087534450   -0.446306900
 643   14.968080000    0.592440900   -0.476901600
 644    7.653912000    0.488887900    1.243462000
 645   19.740570000    1.526399000    1.423555000
 646   -0.950000000   -1.441053000    1.876461000
 647   -0.950000000   -0.826421400    1.853719000
 648   -0.950000000   -0.776008600   -1.189120000
 649   -0.950000000   -0.692966200   -1.204673000
 650   -0.950000000   -1.935773000    0.834844200
 651    0.333931700    0.271745700    1.124653000
 652   11.643860000    1.138588000    0.103188400
 653   -0.950000000   -0.479091100   -0.269789300
 654   11.792140000    0.828136800   -0.272775700
 655   -0.547477600   -0.164384700   -0.410644900
 656    8.923252000    0.764453600   -0.392956800
 657   -0.950000000   -0.821910700    0.423734900
 658   14.171220000    1.495196000   -0.866056000
 659    0.738348200    0.043532650    0.877445200
 660   -0.950000000   -0.356229800   -0.720763200
 661   -0.950000000   -1.270071000   -0.272620500
 662   -0.950000000   -1.713215000   -1.126540000
 663    1.512378000    0.273739500   -0.440651300
 664   -0.950000000   -0.095538490   -0.797663600
 665    8.173114000    0.732988800   -1.380829000
 666   -0.950000000   -0.859247000   -1.310506000
 667    3.407367000    0.906883700    1.564845000
 668   -0.950000000    0.013843760   -0.476148500
 669   -0.950000000   -0.078573910    1.187396000
 670   -0.950000000   -0.297030400   -1.145081000
 671    0.347573100    0.200882200   -0.349150800
 672    3.014769000    0.285256300   -1.200444000
 673   10.373080000    1.365786000    0.039364900
 674    8.958401000    1.005328000   -0.199962600
 675    6.576611000    0.899132700   -1.038129000
 676   -0.950000000    0.004501420   -0.875483100
 677   -0.950000000   -0.069753770   -0.468805400
 678   -0.950000000   -1.511078000   -0.035492190
 679   -0.950000000   -0.903517900   -0.292182700
 680   -0.950000000   -1.292818000    1.693838000
 681   -0.950000000   -1.461357000   -1.353702000
 682   -0.950000000   -0.525062400   -0.528126000
 683   -0.950000000   -0.275602600   -1.063181000
 684   -0.950000000   -0.906827300    1.248050000
 685    6.920524000    1.126349000   -0.824735800
 686   -0.950000000   -0.713207900    0.387127100
 687   13.733200000    1.272137000    0.336823500
 688   10.126840000    1.302183000    0.217845200
 689   -0.950000000   -0.553229800   -0.697335600
 690    2.890159000    0.876065000    1.715421000
 691    2.610095000   -0.075558290   -0.693673200
 692   -0.950000000    0.076009850    1.483513000
 693    0.281279800    0.000488915    0.696278800
 694    5.620500000    0.196617400    0.803899700
 695   -0.950000000   -1.175365000   -1.113283000
 696    9.382524000    0.864462400    0.546849200
 697    0.178342900   -0.228105700   -1.014866000
 698   -0.950000000   -0.023722540    1.218308000
 699   -0.950000000   -0.868236000   -1.288343000
 700    5.478772000    0.353868200   -0.029464540
 701    7.392936000    0.437200300   -1.107368000
 702    2.956164000    0.044108950   -0.964395700
 703    2.047407000    0.178794700    0.704099300
 704   10.875880000    1.256283000    0.196139100
 705   -0.950000000   -1.212892000    1.083396000
 706   -0.950000000   -1.638166000   -0.206464900
 707   -0.950000000   -0.924956900    0.928477500
 708   -0.950000000   -0.487491700    0.161359800
 709   23.398600000    1.613856000   -1.170814000
 710   -0.950000000   -0.003085235    0.166709700
 711   -0.950000000   -0.929007200    0.125614900
 712    3.989592000    1.224024000    1.625561000
 713   -0.950000000   -1.586135000    0.044700210
 714   -0.950000000    0.175516800    0.957026500
 715    3.523899000    0.450131600    1.350440000
 716    2.334071000    0.255254700    0.236781700
 717   -0.950000000   -1.045766000   -0.124113400
 718    5.671785000    0.348634300   -0.781736900
 719   -0.950000000   -0.676422500   -0.728940700
 720   -0.950000000   -0.058566380    0.422208500
 721   -0.950000000   -1.483894000    0.766776600
 722   -0.950000000   -0.818552600    0.266387000
 723   -0.950000000   -0.482583400    0.620582100
 724    2.670434000    0.132175600    0.601389500
 725   14.828040000    1.249722000    0.123608400
 726   -0.950000000   -0.462722200   -0.168027800
 727    1.939665000    0.340954900    0.874934000
 728   -0.950000000   -0.781512500   -0.695391200
 729   -0.950000000   -0.402710400    0.809286900
 730    3.646686000   -0.017591810   -0.286252500
 731    4.034434000    0.385883000    1.359328000
 732   -0.950000000   -1.298578000   -0.129710300
 733    0.679537200   -0.171485200    1.465698000
 734   18.183980000    1.492664000   -1.093640000
 735    1.356252000   -0.053670390   -0.405073500
 736   -0.950000000    0.042943690    0.131522300
 737    9.176383000    1.284832000    0.418440400
 738    0.068686600    0.249660200   -0.184953600
 739   -0.950000000   -1.658065000    0.903218000
 740   -0.950000000   -1.514758000   -0.459301900
 741   -0.950000000   -0.763961200   -0.871583900
 742   -0.950000000   -0.066109850   -1.354964000
 743    2.297477000    0.600033400    0.128908400
 744    5.032947000    0.242326700   -1.990608000
 745   -0.950000000   -1.045430000    0.790000300
 746   -0.950000000   -1.238385000    0.774986500
 747    2.192351000    0.499391900   -0.881566200
 748   -0.950000000   -0.627033200    0.036468610
 749    8.822084000    0.854345100   -1.420064000
 750   -0.950000000   -0.327857900    0.204713900
 751   -0.950000000   -0.420117400   -0.003562433
 752   -0.950000000   -1.039144000   -0.191623000
 753   14.558340000    1.171807000    0.640480700
 754   -0.950000000   -0.926077600   -0.957839200
 755    5.028221000   -0.028680440   -0.838566900
 756   11.268190000    1.714991000    1.050570000
 757    9.313970000    0.918266700    0.240563000
 758   17.176110000    1.019408000   -1.519856000
 759   16.085530000    1.233553000    0.214848600
 760   -0.950000000   -0.766576600   -0.710437300
 761    1.176626000   -0.368109700   -0.574731600
 762   13.061160000    1.223632000    0.263218700
 763   12.234900000    0.746616300   -0.398500100
 764    3.861096000   -0.041994390    0.613940300
 765   -0.950000000   -0.947059300    0.514024600
 766   -0.950000000   -0.853996400    0.517855600
 767   -0.950000000   -1.597563000    0.096210250
 768   17.765320000    1.386069000   -0.730999200
 769   -0.950000000   -0.574802000   -0.868224700
 770    3.359998000    0.563684900    0.601311400
 771    2.761018000    0.361257600    1.643768000
 772   -0.950000000   -0.081150520    0.445571000
 773   -0.950000000   -1.519076000   -0.635313200
 774   16.524230000    1.124205000   -0.265560000
 775    2.572980000    0.670831000    1.470620000
 776   15.829910000    1.143205000   -0.852157800
 777   -0.950000000   -0.375277400    0.866150300
 778   -0.950000000   -0.499499100    0.183922800
 779   -0.950000000   -0.783259200    1.613108000
 780    0.483881500   -0.070126510   -0.419703000
 781   -0.950000000   -0.064805770    0.079580880
 782   -0.950000000   -0.310492500   -1.194007000
 783    3.537994000    0.107378700   -1.743059000
 784   -0.950000000   -0.077131650   -0.941445500
 785   -0.950000000   -0.466003600    0.315692000
 786   15.557690000    1.548420000   -0.139521000
 787   -0.950000000   -1.193013000   -0.977430200
 788   -0.950000000    0.210984200    0.377976900
 789   -0.950000000   -1.390911000    0.524820700
 790   -0.402432200    0.171332400    0.739644900
 791   17.516540000    1.450770000   -1.173452000
 792   -0.950000000   -1.812865000   -0.558627100
 793   -0.950000000   -0.356110000   -0.191856700
 794    0.542096500    0.175557900   -0.721898300
 795   14.591390000    1.861345000   -0.952027800
 796   -0.950000000   -0.436328300    0.681304600
 797   -0.950000000   -0.474453400   -0.473236700
 798   11.528350000    1.539351000   -0.103741800
 799    8.802823000    1.071524000   -0.737313200
 800   -0.950000000   -0.476808100    0.704051700
 801   -0.950000000   -1.451713000   -0.109338800
 802    4.746616000    0.735100100   -0.169993200
 803   -0.950000000   -0.243251500   -0.210932300
 804   -0.950000000   -0.115370500    1.270440000
 805    6.403870000    0.800399200   -0.969135000
 806   13.853570000    1.342188000   -0.279515400
 807   -0.950000000   -0.534354800   -1.275535000
 808   -0.950000000    0.094099020    0.385642100
 809   -0.498777200    0.111621300   -0.298688400
 810   -0.950000000   -1.897736000   -1.203002000
 811    8.704470000    0.387037200    0.686916400
 812   -0.950000000   -0.745725600   -1.206009000
 813   -0.950000000   -0.495522400    0.548685600
 814   -0.950000000   -0.957360700   -1.762656000
 815   21.642690000    1.601092000    1.445143000
 816   -0.029427270   -0.377225300    0.362841800
 817    0.174876700    0.390203200    1.134610000
 818    7.265593000    0.151023000   -1.173606000
 819   -0.950000000   -0.900592300   -0.478694600
 820   -0.950000000   -0.222163700    1.790793000
 821   -0.950000000   -0.516394500    0.346964500
 822   10.639480000    0.755907500    0.097429040
 823   20.194360000    1.676034000    0.038046100
 824   -0.635490600   -0.161959300    0.370312400
 825    6.138097000    0.454778100    0.721637500
 826   14.206900000    1.044538000   -0.235961900
 827   -0.950000000   -1.522323000   -0.174022300
 828    8.480960000    0.533391200    0.889881400
 829    2.499170000   -0.310475700   -0.753562400
 830    0.747818800   -0.162104200    0.162883000
 831    2.308206000   -0.314149000   -1.565368000
 832    9.622314000    0.793731800    0.688218200
 833    7.162866000    0.333644400    0.014421760
 834   16.157370000    1.602513000    0.331677800
 835   13.938970000    0.891143000   -0.782293500
 836    7.025869000    0.987068200    1.063926000
 837   -0.950000000    0.058591650    1.133961000
 838    0.389524600   -0.274443300   -0.134130800
 839   -0.950000000   -0.335589300    1.742027000
 840    7.640919000    0.379632000    0.141695200
 841   11.789630000    0.613052900   -1.009111000
 842    7.281309000    0.012095660   -1.037154000
 843   -0.950000000   -0.838522400    0.750214100
 844   -0.950000000   -0.666952400   -0.039577750
 845    0.940093100   -0.413974900   -0.740329800
 846   12.466000000    1.039479000   -0.603561100
 847   14.994040000    1.249468000   -0.028432690
 848   20.058740000    1.188776000    0.392316200
 849    6.229391000    0.224333100   -1.349485000
 850   24.847710000    1.854581000    1.034905000
 851    8.239319000    1.385976000    1.593376000
 852   14.087930000    1.428144000    1.070572000
 853   11.154370000    0.464932800   -0.608837600
 854   -0.426535800   -0.279863100    0.843392100
 855    4.773584000   -0.007882355   -0.760097600
 856    9.495620000    0.677264800   -0.044347210
 857   12.447280000    0.742670900   -0.135860100
 858   18.734240000    1.352732000    0.737493700
 859   11.915650000    0.588262000   -0.427605200
 860    7.360495000    0.299640200    0.202375800
 861    6.921056000    0.779437400    1.310233000
 862   -0.950000000   -0.303610100    0.572872600
 863   11.806220000    0.566856800   -1.726819000
 864   15.107490000    0.828367500   -1.159996000
 865    6.832664000    0.369076500    0.983084000
 866    6.514867000    0.283754400    0.118170000
 867   12.815620000    0.776435600    0.359939200
 868    9.979532000    0.435580400   -0.169368000
 869   10.178110000    0.328536800   -1.797521000
 870   12.736540000    0.626191700    0.049017740
 871   -0.950000000   -0.798107200   -1.238158000
 872   -0.950000000   -0.305310700    0.271467300
 873    4.080628000    0.202937900   -0.020764800
 874    5.178001000    0.105113800   -1.609433000
 875   -0.950000000    0.265831100    1.573743000
 876    5.353815000    0.356087000   -0.132156500
 877    4.688113000    0.491727900    0.139850200
 878    8.334224000    0.831489800    0.274284000
 879   -0.950000000   -0.419680200    1.330915000
 880    2.720505000    0.341123200    0.809636500
 881    6.689084000    0.382078000   -0.906475800
 882    2.999390000   -0.074959150   -0.541592400
 883   -0.673968100   -0.351067700   -0.596106100
 884    2.810437000    0.190371200    0.271521500
 885   10.622290000    0.601641700   -0.488260900
 886    0.853800100    0.295009400    0.521369600
 887   -0.950000000   -1.377711000    0.383771600
 888   -0.950000000   -0.616133700    1.233839000
 889   -0.950000000   -0.494417200    0.115173300
 890    6.214051000    0.265079200   -0.618439400
 891   -0.950000000   -0.289742200    0.010289960
 892   -0.950000000   -0.770290700   -0.118831400
 893   -0.950000000   -0.883005700    0.491200100
 894   -0.950000000   -0.134524500    0.200901300
 895    2.932400000   -0.089212750    0.054772810
 896    0.193668700    0.205877400    1.322048000
 897   -0.950000000    0.365123500    1.727799000
 898    4.828901000    0.378769000    1.381550000
 899   -0.950000000   -1.827058000   -1.379034000
 900   16.103080000    1.019425000    0.534015900
 901   -0.950000000   -0.516755600   -0.054704840
 902    2.045704000    0.347110700    0.586909300
 903   -0.950000000   -0.989230500   -0.464413900
 904    3.760478000    0.175695500   -0.363189400
 905    0.653077100    0.737389200    1.757493000
 906    3.663229000    0.034582690   -0.945357100
 907    4.566302000    0.387937400    0.273816700
 908   -0.950000000   -0.747357900    1.495936000
 909   -0.950000000   -0.399900900    1.467880000
 910    1.430838000    0.025287540   -0.240805600
 911    0.861281600   -0.066922370    0.706037800
 912   -0.950000000   -0.848058600    0.227556000
 913   -0.950000000   -0.250056400   -0.555617300
 914   13.728990000    1.164524000   -1.677902000
 915   -0.950000000   -1.188992000   -1.082839000
 916    5.974859000    0.115407600   -1.595043000
 917    4.253404000    0.216982000   -0.482469700
 918    2.956437000    0.217098000   -0.283437000
 919   -0.363652500   -0.021458960    0.653410900
 920    4.020320000    0.894596200    0.892599500
 921   -0.950000000   -0.451855500   -0.683549400
 922    0.605766800   -0.134237600    0.100921300
 923   -0.950000000   -0.894734000    0.216721800
 924   -0.950000000   -1.146632000    0.917803500
 925   -0.950000000   -0.084633970    0.643823500
 926    4.414252000    0.173907000   -0.420808100
 927    8.608251000    0.605482600   -0.571519400
 928   -0.950000000    0.102655400    0.627834500
 929    5.138943000    0.378304100    1.639250000
 930    5.424844000    0.367104700   -0.887530100
 931   -0.950000000   -0.105545500    0.857724000
 932   -0.950000000   -0.173296100    0.431314100
 933   -0.950000000   -0.161665200    0.931896100
 934   -0.278536900    0.109661100    0.347850600
 935   -0.950000000   -0.285990200    1.256026000
 936   -0.950000000   -1.224661000   -0.549535000
 937   -0.950000000   -0.959573800    0.736531000
 938   -0.950000000   -1.321559000   -0.151224000
 939    5.288319000    0.800929400   -0.084423520
 940   -0.950000000   -1.707642000   -0.695782600
 941   -0.950000000   -0.348719500    1.020719000
 942   20.614860000    1.463638000   -0.328265200
 943   -0.950000000   -1.796767000    0.820884000
 944    1.665190000    0.293476800    0.062355130
 945    5.725687000    0.419196100   -0.154588500
 946    8.368030000    0.716557600    0.308710600
 947    6.687857000    0.607928700   -0.150416100
 948   -0.950000000   -0.735727000   -1.710680000
 949   -0.950000000   -0.661601200    0.239935200
 950    1.748994000    0.103839600   -0.498311800
 951   10.655230000    1.046536000   -0.617540100
 952    1.704758000    0.085423510   -1.255097000
 953   12.836600000    1.531966000   -0.339856500
 954    3.232207000    0.308055400   -0.210809300
 955    2.600501000    0.341804800    0.245492600
 956   -0.950000000   -0.592288800    0.420113100
 957    9.461343000    1.043786000   -0.080757970
 958   -0.950000000   -0.542526500   -0.195552600
 959   -0.950000000   -1.142428000    0.646264600
 960   -0.950000000   -1.360501000    0.745512700
 961   -0.950000000   -0.028525790   -0.139551800
 962   -0.950000000   -0.027969970   -1.446437000
 963   -0.950000000   -0.948666200    1.255174000
 964    2.677817000    0.699810400   -1.105051000
 965    1.280082000    0.255430900    0.159442300
 966   -0.950000000   -1.517577000   -0.244671200
 967   12.199110000    1.056145000   -1.735386000
 968    2.917676000    0.668386200    0.058174690
 969   -0.950000000    0.103453700    1.344598000
 970    0.283216000    0.868234400    0.272978600
 971   -0.950000000   -1.438521000   -0.149801100
 972   -0.950000000   -0.767352700   -1.945786000
 973   -0.950000000   -0.405031400    0.699057600
 974   -0.950000000   -0.005130654   -1.036380000
 975   -0.950000000   -1.077322000    0.312311900
 976    7.883649000    1.144127000    0.091179790
 977   -0.950000000   -0.127868300   -0.311056600
 978   -0.129566800   -0.128031000   -0.748177100
 979    0.230225600    0.345987700    0.650417600
 980   -0.950000000   -0.458186900    1.153083000
 981   -0.950000000   -0.285818100    0.619833300
 982    1.738485000    0.365262200    0.798330400
 983   -0.950000000   -0.728652900    0.244455300
 984   -0.950000000   -0.698573900    0.295572200
 985    1.774540000   -0.216538000   -1.640494000
 986   -0.950000000   -0.684201900    0.207301400
 987    1.899092000    0.165783900   -0.766004600
 988   -0.950000000   -0.502387600   -0.372341500
 989   -0.950000000   -0.785660600   -0.553387400
 990   -0.950000000   -0.372406500    0.676456800
 991    1.875305000    0.206335600   -0.603280000
 992   19.532460000    1.828378000   -0.221776800
 993   -0.950000000   -0.522545500    1.629176000
 994   -0.950000000   -0.177122400   -1.863324000
 995    0.959656200    0.101300600   -0.919972900
 996    3.512524000    0.465859300   -0.578970800
 997   -0.950000000   -0.790995200   -0.933070700
 998   -0.950000000   -1.584212000   -0.514366200
 999   -0.950000000   -0.121382600    1.367849000
1000   -0.950000000   -0.561442300   -0.406980800
1001   -0.950000000    0.612179600    1.011956000
1002    4.479869000    0.370583400   -1.049756000
1003   -0.950000000   -0.465852700    0.186292100
1004   -0.950000000   -0.607297600    0.215254100
1005   -0.950000000   -1.976117000   -1.538122000
1006   -0.950000000   -0.400941500   -0.040096700
1007   14.633570000    1.432558000   -0.397637500
1008    3.706232000    0.753399200    1.079198000
1009    6.462853000    0.715308600    1.723535000
1010   -0.950000000   -1.167425000   -0.229351700
1011    1.823047000    0.388779100    0.220418500
1012    1.596432000   -0.065747880   -0.851924900
1013   -0.415832600   -0.226465800   -1.391782000
1014   -0.950000000    0.187067500    1.007085000
1015   -0.950000000   -1.181827000    0.550572200
1016    0.244407900    0.140071500    0.126741700
1017   -0.950000000   -0.708771000   -0.476449100
1018   -0.950000000   -1.110069000   -0.217143800
1019    2.007270000    0.604381300    0.606472300
1020    3.452168000    0.582515400    0.081324020
1021   -0.950000000   -1.037826000    0.870772300
1022    1.912432000   -0.214187800    0.273778900
1023   -0.950000000   -0.344187400    0.438415200
1024   11.959250000    0.857020900    1.377456000
1025   -0.950000000   -0.322523700   -0.160300500
1026   -0.950000000   -0.796920800    0.491326300
1027    1.751108000    0.168892000    0.394684500
1028   -0.950000000   -0.154666100    0.594427100
1029    6.125602000    0.245512400   -0.334244200
1030    8.780278000    0.614882500    0.669111200
1031   -0.950000000   -0.576500100    1.596804000
1032    0.865145200   -0.208716700    0.150289200
1033   11.299390000    0.748198300    0.063613900
1034   11.060400000    0.648098400   -0.080110870
1035    4.329241000    0.703996800    0.822167200
1036    7.208513000    0.727505900   -1.060436000
1037   12.479170000    1.730751000   -1.822268000
1038   -0.950000000   -1.197614000   -0.172587000
1039    2.133458000    0.752298100   -0.074392830
1040   -0.950000000   -0.307919100   -0.291037900
1041   10.876620000    0.929029100   -1.729511000
1042   18.328930000    1.848871000   -0.782572500
1043   13.140100000    1.006481000   -1.840444000
1044    2.893586000    0.535027600   -0.543194100
1045   -0.950000000   -1.156730000   -1.281886000
1046   -0.950000000   -0.609954600   -1.787935000
1047    1.479648000    0.387725500    0.576608000
1048    3.146375000    0.622643500    0.008084308
1049   -0.950000000   -1.887129000   -0.427516300
1050   -0.950000000   -0.001625746    0.839010000
1051   -0.950000000   -0.138561000   -0.442316400
1052    0.126063300    0.155704100   -1.555533000
1053   -0.950000000   -0.300273800   -1.000969000
1054   -0.950000000    0.161424300    0.394396000
1055    3.447943000    0.838719100    0.937447500
1056   -0.950000000   -0.429175100   -0.608931000
1057    3.396862000    0.682559100   -0.864119500
1058   -0.950000000   -0.150715600   -1.072710000
1059   -0.950000000   -0.122702300   -1.233995000
1060   -0.734749200    0.773936400    1.241066000
1061   -0.950000000   -0.448691400   -0.154479800
1062   -0.950000000    0.064516740    1.041560000
1063   -0.950000000   -0.626947600   -0.750997500
1064    6.132126000    0.644200600   -1.351085000
1065   -0.138978800    0.199031600    0.064762940
1066    8.227236000    1.017162000    1.011035000
1067    3.567695000    0.197500500    0.396856400
1068   -0.950000000   -1.555566000   -0.324139100
1069    5.015757000    0.348478600    0.455656200
1070   -0.950000000   -1.551015000    0.126341000
1071   -0.950000000   -0.797213400    0.545686400
1072    8.248260000    0.701775500   -0.165215100
1073   29.422640000    1.749601000   -1.090032000
1074    3.938461000   -0.056630700   -0.315438900
1075   -0.950000000   -1.623119000    1.938126000
1076   -0.950000000   -0.444322400   -0.330262000
1077   -0.950000000   -0.254143600    0.955448700
1078   24.388220000    1.593969000    1.203430000
1079   -0.950000000   -0.697711600   -1.374369000
1080   -0.950000000   -1.535051000    1.742134000
1081    9.883502000    1.226207000   -0.365385500
1082   -0.950000000   -1.103587000    1.065506000
1083   12.790380000    0.602763600   -1.482427000
1084   13.103190000    1.001679000   -0.403927000
1085    7.718311000    0.994761900   -0.053876910
1086   -0.950000000   -0.660411600   -0.660219800
1087   -0.950000000   -1.593700000   -1.135194000
1088   -0.759434700   -0.467801500   -1.930732000
1089    9.193108000    0.988342600   -0.158999000
1090   -0.271342400   -0.329715600   -1.193398000
1091    7.289684000    1.016567000   -0.335248900
1092    0.385106600    0.197584200   -0.133337500
1093   -0.950000000   -0.788485600    1.099277000
1094   -0.950000000   -1.648695000    0.794604300
1095   -0.222143700    0.107184000    0.310284800
1096    2.006546000    0.236629900   -1.015069000
1097   -0.950000000   -0.105701000    1.298295000
1098   -0.950000000   -0.082216490    1.360836000
1099   -0.950000000   -1.630772000    1.550715000
1100    5.528100000    0.598172300   -0.834609200
1101    2.981257000    0.082045180   -1.667717000
1102    9.488880000    1.168955000   -0.035248350
1103   -0.950000000   -0.197655700    1.010330000
1104   -0.950000000   -0.671546400   -0.484723200
1105    8.523237000    1.836703000    1.046934000
1106   -0.950000000   -0.421502600   -0.507445700
1107   -0.950000000   -1.284919000    0.924986600
1108   -0.950000000   -0.310269100   -1.956091000
1109   -0.950000000   -1.117689000    0.789638100
1110   -0.950000000   -0.875510300   -0.558660100
1111   15.173250000    1.196249000    0.714665700
1112   -0.378248000   -0.036974010    0.575905700
1113   15.040970000    1.238114000    0.531514200
1114    6.213903000    0.389636700    0.039135850
1115    7.726671000    0.077741490   -1.354039000
1116   21.614540000    1.235879000    1.763315000
1117   15.462090000    0.877673000   -0.817931300
1118   11.216710000    0.575326500   -0.794442100
1119    3.575298000   -0.090037970    0.071518150
1120   16.555390000    1.068423000    0.847967300
1121    5.393829000   -0.130956500   -0.507822400
1122   17.334900000    1.521127000   -0.661625700
1123   -0.950000000   -0.958692200    0.351881500
1124   24.042290000    1.989435000    0.935071800
1125   25.670830000    1.936840000   -1.497864000
1126    0.847342900   -0.232129400   -0.071237710
1127    1.740649000   -0.168370500   -0.315326700
1128    3.826916000   -0.072023520   -1.196376000
1129   14.709300000    1.855491000    0.328534600
1130    5.977008000    0.332158800   -0.301947900
1131   -0.950000000   -1.163878000    0.836729700
1132   -0.950000000   -1.791280000    1.751345000
1133   11.243070000    1.012386000   -0.061921030
1134   14.668710000    1.286981000    0.498265700
1135    7.251112000    0.907012900    1.202202000
1136   -0.950000000   -0.298118800    1.874312000
1137    0.717807900   -0.139265000   -0.044264160
1138   -0.950000000   -0.808037800   -0.524278100
1139   10.680030000    0.928590000    0.080542860
1140   -0.950000000   -0.711011800   -0.026833050
1141    9.687450000    0.660319600   -1.435859000
1142   -0.950000000   -1.393483000   -1.362548000
1143    2.251013000    1.210957000    1.287729000
1144    1.393257000    0.176920200    0.690879000
1145   -0.950000000   -1.746727000    1.544240000
1146   -0.950000000   -0.090875180    1.521250000
1147    4.059577000    0.137363100   -1.077442000
1148   -0.950000000   -0.118683300   -0.147954600
1149   -0.950000000   -0.990448200   -1.207720000
1150   14.146020000    1.466136000    1.188443000
1151    7.023070000    0.695028800    0.129092600
1152   -0.950000000   -1.006165000   -0.881375300
1153    8.944428000    1.066819000   -1.547870000
1154   -0.950000000   -0.075756270   -0.607851000
1155   -0.950000000   -1.005276000    0.592538300
1156   24.744750000    1.632707000   -1.798864000
1157    0.088507700    0.082060060    0.354716600
1158   -0.049776870   -0.298777500   -0.380700500
1159   14.292410000    1.074596000   -1.028193000
1160    1.850141000    0.217057600    0.253077500
1161   10.719660000    0.863405800    1.563774000
1162   -0.411683100   -0.008288052    0.113213200
1163    2.717617000    0.205654200    0.530044600
1164   -0.950000000   -0.880996100   -0.376284200
1165   -0.950000000   -0.293106100    0.182320600
1166   -0.950000000   -0.135334500    0.519616200
1167   21.964040000    1.638673000    0.859143200
1168   -0.950000000   -0.656094800   -0.212766300
1169    8.272419000    0.828949000   -0.749746500
1170    5.045157000    0.359569200   -0.358389300
1171    3.793155000    0.370065700    0.752293900
1172    2.676020000    0.424178100    1.102314000
1173    4.781378000    0.712747500    1.003892000
1174    9.837551000    0.508002600   -1.021020000
1175    6.171416000    0.250847000   -0.123786700
1176    8.160512000    0.615633000    0.589975800
1177   -0.950000000   -0.350600000    1.822715000
1178   12.402010000    0.866881200   -0.938792900
1179    5.739845000    0.229566200   -1.490729000
1180   -0.950000000   -0.725551000   -1.268949000
1181   10.339740000    0.996111200    1.201056000
1182   -0.950000000   -1.767520000    0.445348600
1183    4.457967000    0.188946600    0.664932200
1184   10.069360000    0.735661200   -0.158647600
1185   20.073790000    1.110195000   -1.544731000
1186   -0.950000000   -0.253558000    1.251518000
1187    7.214697000    0.308764100   -0.466829400
1188   10.470280000    0.689227200   -1.703024000
1189   12.016830000    1.168365000   -0.798274200
1190    0.759012900   -0.024496180    0.051365080
1191    5.243169000    0.111440600   -1.103005000
1192   -0.950000000   -1.763353000   -0.485294300
1193   -0.009204681   -0.369104700   -0.927488300
1194    7.937541000    0.739119400   -0.339634300
1195   -0.950000000   -0.440576900   -0.177178500
1196   11.331770000    0.790649300    1.592355000
1197   13.195190000    1.181636000    0.142794100
1198   14.421810000    1.237430000    1.230883000
1199   13.339130000    0.951894800   -0.934805900
1200   -0.950000000   -1.037644000   -0.629311600
1201   -0.950000000   -1.497305000    0.892579400
1202    4.145527000    0.264359700   -0.335139100
1203   -0.950000000   -0.917832800    0.465398500
1204    4.696930000    0.316436300    0.143169500
1205    2.288596000    0.236256200    0.100451400
1206   18.470540000    1.894743000    0.305070600
1207   -0.950000000   -1.079662000   -1.587629000
1208    1.294955000    0.396136300    0.784081200
1209   11.754670000    0.977474500   -0.885494200
1210    7.498174000    0.588427300   -1.921128000
1211    4.598662000    0.555535100    0.050442230
1212    4.013226000    0.345783800   -1.220661000
1213   14.956640000    1.940754000    0.008486561
1214    1.454111000    0.060617130   -1.384703000
1215   -0.950000000   -1.685336000    1.134903000
1216   16.668960000    1.471428000   -0.281232400
1217   -0.950000000   -0.781586700    0.434854600
1218   -0.950000000   -0.213127100   -0.308734900
1219   -0.950000000   -0.386717700   -0.222307800
1220    6.922103000    0.564144500    0.845236300
1221    5.228527000    0.166701400   -0.763575500
1222   -0.950000000   -0.276840000    1.755181000
1223   -0.950000000   -0.520646000   -0.026399230
1224    3.891090000    0.276839400   -0.043201580
1225   -0.950000000   -0.384289400   -0.979130900
1226    3.984656000   -0.137178300   -1.921756000
1227    6.542258000    1.000921000    1.447329000
1228   -0.886289600   -0.222009600    0.717833900
1229    2.393679000    0.295603300   -0.185337600
1230   -0.950000000   -0.913787500   -0.186170500
1231   -0.950000000   -0.424100000    0.114438300
1232    8.912713000    0.877086100   -0.199311400
1233   -0.950000000   -0.678706100   -0.610587100
1234   -0.950000000   -0.624847400   -1.959563000
1235    3.494106000    0.668978200    0.511751900
1236    8.042597000    0.960891400    1.268780000
1237   -0.950000000   -0.225083600    0.616986900
1238   -0.950000000   -0.161499200    1.158005000
1239   -0.950000000   -1.317793000   -0.334627200
1240   -0.950000000   -1.302992000   -0.241977700
1241    7.357832000    0.620958100   -0.385063200
1242    0.782947300   -0.062734180   -0.460294400
1243    7.066769000    0.777505600   -0.083073660
1244   16.033940000    1.577876000   -0.084374270
1245   -0.950000000   -1.298399000    0.180191800
1246   -0.950000000    0.085113920    1.616927000
1247   -0.950000000   -0.579147000   -0.674765400
1248    4.145838000    1.079011000    0.578794900
1249   10.180900000    0.872162000    0.153402600
1250   -0.950000000   -0.384234800   -0.139841000
1251    0.759758200   -0.011054530   -0.734380500
1252    4.637317000    0.630575500    0.842174200
1253    4.318588000    0.074009960   -1.007158000
1254   -0.950000000   -0.757261800    0.280275500
1255   12.051680000    1.172925000    0.249968000
1256   -0.950000000    0.182332400    1.887226000
1257   -0.950000000   -0.371858900   -0.799698300
1258    2.370357000    0.134042600   -0.215973500
1259   -0.950000000   -0.209124300    0.993529800
1260   -0.950000000   -0.702767200   -1.103560000
1261   -0.950000000   -0.514401500    0.961977600
1262   -0.950000000   -1.397692000    0.712555300
1263   14.263060000    0.852427700   -0.400445300
1264   11.418770000    0.692339200    0.544869300
1265   -0.950000000   -0.685901100   -0.277010400
1266    8.550982000    0.301218100    0.121413400
1267   -0.950000000   -0.828268700   -0.501403400
1268   22.992390000    1.296873000   -1.143962000
1269   21.156230000    1.884581000    1.475600000
1270   -0.950000000   -0.225039100    0.087432060
1271    6.287255000   -0.051140190   -1.224705000
1272    9.185041000    0.583940800    0.304644900
1273   -0.950000000   -0.437344500    1.601826000
1274   11.789690000    1.283057000    0.953080800
1275   -0.950000000   -0.497605700    1.959533000
1276   -0.950000000   -1.110931000    0.106387100
1277   -0.950000000   -0.500073500    0.456500700
1278   -0.950000000   -0.462668600   -0.963247300
1279   15.854070000    1.418238000    0.082087240
1280   -0.950000000   -0.470133000    0.155519500
1281    0.807802000    0.219752000   -1.105706000
1282   -0.950000000   -0.242359200   -1.034450000
1283   -0.950000000   -1.711091000    0.685975500
1284   -0.950000000    0.550684700    1.883104000
1285   -0.950000000   -0.877548100   -0.832401400
1286   16.094020000    1.414178000    0.016958870
1287   -0.950000000   -0.913771800   -0.806801200
1288   -0.950000000    0.014742300    0.122112300
1289   -0.950000000   -0.337136200   -1.128448000
1290   -0.950000000   -1.089598000    0.268595000
1291   -0.950000000   -0.647277300    1.069454000
1292    0.482568500   -0.054364080    1.279357000
1293    4.200900000    0.809264500    1.655195000
1294    8.917897000    0.509728300   -1.010870000
1295   -0.950000000   -0.760808200   -0.147080600
1296   20.663460000    1.348089000   -0.792521300
1297   -0.950000000    0.308805200    1.485744000
1298    7.882170000    0.156652300   -1.712522000
1299   20.416200000    1.821996000   -0.713427300
1300    3.634663000    0.174096000   -0.557567900
1301    0.960036400   -0.548955500    1.665311000
1302    2.232320000   -0.190329900   -0.846539400
1303    4.518992000    0.420788400   -0.050185050
1304   -0.560056800    0.168408600    1.743342000
1305    2.622422000   -0.110131500   -1.121298000
1306   -0.950000000   -0.621152300   -0.256248600
1307    6.442269000    0.730073400   -0.771989200
1308   11.807250000    1.563874000   -0.254280900
1309   -0.950000000   -0.245667900   -0.920055400
1310   -0.950000000   -1.048583000   -0.978956000
1311   -0.950000000   -0.698392200   -0.034349720
1312   -0.950000000   -0.507435500   -0.451239000
1313   -0.950000000   -0.503443300   -0.261278700
1314    3.247752000    0.476559600    0.885038300
1315   -0.540834700   -0.159724200   -1.327611000
1316   -0.950000000   -0.194082100    0.418040700
1317   -0.222673000    0.274395100    0.542720100
1318    4.855615000    0.499347400   -0.514624000
1319   -0.950000000   -0.554061800   -1.154126000
1320   -0.950000000    0.178492100    1.057264000
1321    0.943642000    0.856272400    1.085456000
1322   -0.064369780    0.104330100    0.007996785
1323   -0.950000000   -0.174156900    0.960166900
1324   -0.950000000   -0.274178700    0.598326100
1325   -0.950000000   -1.242256000   -0.503313400
1326    3.439694000    0.389905400   -0.628437100
1327    1.741578000   -0.113337600   -1.082013000
1328    9.240514000    0.904410200   -0.675644700
1329   12.598640000    1.360017000   -0.181741800
1330    5.640577000    0.705933200    0.508671000
1331   -0.950000000   -1.537590000   -1.881411000
1332    8.132767000    0.931175600    1.613265000
1333   -0.950000000   -1.789179000   -1.291453000
1334    4.484235000    0.932867000    1.404900000
1335    2.457134000    0.458862400    0.110617000
1336   -0.950000000   -0.430238300    1.769759000
1337   12.448760000    1.059473000   -0.801015600
1338    6.752081000    0.251672900   -0.372206100
1339    0.245031100   -0.339651300   -0.957863400
1340   -0.950000000   -0.412377600   -0.157874700
1341    4.086574000    0.144823100   -0.297868100
1342    3.173465000    0.275729600    0.602299500
1343   17.297350000    1.864061000   -0.946571100
1344    9.305860000    0.449454200   -0.927887500
1345    4.702135000    0.108080100   -1.247246000
1346   18.641800000    1.472659000    0.237515600
1347    4.654943000    0.258078500   -0.626940100
1348   -0.950000000    0.174960100    0.723107500
1349   14.707920000    1.322573000   -0.957886300
1350    6.636586000    0.733329000    1.782273000
1351    1.336995000   -0.164044300    1.018638000
1352   -0.950000000    0.035827590    1.269417000
1353    9.367937000    0.635633100   -0.400901000
1354   -0.950000000   -0.314605600    1.486898000
1355   11.226280000    0.569349300   -0.941621200
1356    8.771945000    0.392002500   -0.601098500
1357    4.024266000    0.199403200    0.474637900
1358   -0.950000000   -0.578946300   -0.641567800
1359    6.211114000    0.105185400   -1.857692000
1360   -0.950000000   -0.460036200    0.983018800
1361   -0.950000000   -0.959231500    1.016774000
1362   -0.950000000   -1.327394000    1.368625000
1363    5.719907000    0.114548200    0.507369600
1364   19.855590000    1.206636000   -0.936199000
1365    3.845485000    0.387100200    0.613043600
1366   10.102200000    0.630242000   -0.740258500
1367    4.367047000    0.321029600    0.135138300
1368   13.553990000    1.001751000   -0.616173300
1369   12.494380000    1.161801000   -0.140341400
1370    7.290063000    0.254433500   -0.680036700
1371    0.306083200   -0.432810700   -0.841486300
1372    7.577771000    0.348396900    0.208218000
1373   -0.950000000   -0.307675000    1.912130000
1374    7.459009000    0.424245200   -0.754959400
1375   -0.931454600   -0.406245500    0.146231800
1376   20.325470000    1.674407000   -0.952784500
1377   13.613700000    1.160599000    0.030497360
1378   13.361460000    0.902845800   -0.206601900
1379    3.227667000   -0.000519417   -0.323968100
1380   -0.950000000   -0.514352600   -0.921742700
1381    2.545696000    0.362305400    0.144286000
1382   -0.950000000   -0.384829700    0.428383600
1383   -0.950000000   -0.106878000    1.720164000
1384   -0.950000000   -1.070198000    0.884423400
1385   -0.950000000   -0.778356900    1.288980000
1386   11.754350000    1.549927000   -1.615569000
1387    3.356830000    0.311355700    0.454620900
1388   12.715130000    1.466642000   -1.257462000
1389   -0.950000000   -1.346213000    1.382363000
1390    2.209206000    0.300077600    0.018721750
1391   -0.950000000   -1.661306000   -1.755693000
1392   -0.950000000   -0.528305000    0.908514700
1393   -0.742926900   -0.091819770   -1.240164000
1394   -0.950000000   -0.843096400    0.820707400
1395   -0.950000000   -0.875571500   -1.109130000
1396   -0.950000000   -1.815542000    0.502531600
1397    4.261007000    1.239250000    0.698040100
1398   13.214540000    1.610171000    0.818332900
1399   -0.950000000   -0.598376200   -0.784844400
1400   -0.950000000   -0.911567900   -0.196133300
1401   14.184250000    1.255103000   -0.467051900
1402   -0.950000000   -1.479056000   -1.666318000
1403    4.106431000    0.524683800   -0.861046500
1404   -0.950000000   -0.181709200    1.668351000
1405   -0.950000000   -0.553798800   -0.250727200
1406    2.604387000    0.307867300   -0.580651300
1407   -0.950000000   -0.119616900    1.608973000
1408   -0.950000000   -0.795245400   -0.146448900
1409   -0.950000000   -0.183180700    0.396237900
1410    5.916371000    0.719886100    0.975034900
1411   -0.950000000   -0.585418200   -0.150437600
1412   -0.950000000   -0.901771000   -0.009615271
1413   15.368870000    1.206081000   -0.524305100
1414    8.008576000    0.555383200    0.464267000
1415    2.987978000    0.326347400    0.002090611
1416    4.752462000    0.135406700   -1.141680000
1417   -0.950000000   -0.592711100   -0.663898900
1418    3.559443000    0.820362000    0.410336700
1419   16.175140000    1.499170000    0.004069410
1420    0.979011800   -0.037767670    0.233492000
1421   -0.950000000   -0.389874400    1.122965000
1422   -0.950000000   -0.660623500    0.486948900
1423   -0.950000000   -0.885104100   -0.012219400
1424   -0.950000000    0.280520300    1.110955000
1425   -0.950000000   -0.677990300   -0.546151500
1426   -0.950000000   -0.871744000   -0.944904100
1427   -0.950000000   -0.704141700   -0.164887000
1428   -0.950000000   -0.977199500   -0.717908000
1429    2.272097000    0.430824800    0.859650800
1430   -0.950000000   -0.589564500   -0.540228400
1431    3.830984000    0.810024900   -0.755137600
1432    5.804298000    0.723821600    0.319604000
1433   -0.950000000   -1.416348000    0.921959500
1434   -0.950000000   -1.367213000   -0.422780400
1435   -0.950000000    0.321556400    1.079501000
1436    2.005963000    0.219432100    0.579922300
1437   -0.950000000   -1.359165000   -0.754587800
1438   -0.950000000   -1.327546000    1.393568000
1439   -0.950000000   -0.633152400   -1.771775000
1440   -0.950000000    0.522981800    0.868052400
1441   16.399820000    1.358469000   -0.373945000
1442    2.071600000    0.588137000    0.101887000
1443   -0.950000000   -0.592473600   -0.744815400
1444    1.696567000    0.297835500   -0.209413800
1445   -0.950000000   -0.546008300   -0.600376300
1446   11.009340000    0.537199900   -1.753791000
1447    5.178906000    0.588468100   -0.657768900
1448   -0.950000000   -1.069778000   -0.076145990
1449   25.957570000    1.898680000   -0.157713700
1450   -0.058122100    0.031222300    0.152949200
1451   -0.950000000   -1.845194000   -0.924355300
1452   -0.950000000   -0.107880900    0.511042500
1453   15.561970000    1.295451000    1.010457000
1454   -0.950000000    0.173967200    0.132174600
1455    0.209674700    0.086607620   -0.363918500
1456   -0.950000000   -0.464587900    0.349835600
1457   -0.950000000   -0.261001200    0.460056700
1458    6.838840000    0.838823600   -0.105543700
1459   -0.950000000   -0.318091800    0.679030100
1460   -0.950000000   -0.263233500    1.842219000
1461    3.342940000    0.325313700    0.209329600
1462   -0.950000000    0.155091300    1.357128000
1463    2.931164000    0.059036980   -0.830341900
1464   -0.950000000   -0.179780800    0.232311100
1465   -0.950000000   -1.009610000   -1.551293000
1466    3.297812000    0.024514830   -0.953148600
1467   -0.950000000   -0.557966000   -0.570202200
1468    1.283144000    0.340506800    1.336790000
1469    8.189621000    0.476293500   -0.918253500
1470   11.252200000    0.794097400   -0.946453200
1471    3.202471000    0.314881700   -0.783602400
1472    3.503900000    0.097549270   -1.401196000
1473   -0.950000000   -0.310704800   -0.453893600
1474    0.543657800    0.282619100    0.249903800
1475    5.369073000    0.883696200    0.107625200
1476    4.920585000    0.534917900   -0.246178700
1477   -0.950000000   -0.260646700    1.064139000
1478   -0.950000000   -1.586739000   -1.189120000
1479    5.631850000    0.654219500   -1.495377000
1480    9.255731000    0.903164700    0.256756400
1481    3.675008000    0.433250900    0.094675020
1482   -0.950000000   -0.635210900   -0.345764500
1483   -0.950000000   -1.712726000    1.342280000
1484    2.181332000    0.174380700   -0.927229000
1485   -0.950000000   -0.585242200   -0.888022100
1486   -0.950000000   -0.803132200   -0.798715600
1487    2.290532000    0.389116700    0.691453700
1488   -0.626264000   -0.228688300   -1.443586000
1489   -0.950000000   -0.998295400   -1.683430000
1490   -0.950000000   -0.370877200   -0.553306100
1491    1.197988000   -0.002251544    1.168810000
1492   -0.950000000   -0.237830900   -0.066209770
1493   -0.950000000   -0.169708600   -0.744890300
1494    0.125350800    0.124165800    0.853362400
1495   14.117580000    1.721363000   -0.320490200
1496   -0.950000000   -1.249222000   -1.757141000
1497   -0.950000000   -0.570740500   -0.665920100
1498   14.539150000    1.914793000    0.031482840
1499    0.292047000    0.384493200    0.246070300
1500    0.305892500   -0.121837600    0.520872100
