*y  x1  x2
   1   -0.950000000   -1.183854000    0.759065400
   2   -0.950000000   -0.520245400    1.228811000
   3    8.349801000    0.512981200   -1.023763000
   4   -0.950000000   -0.292472100    0.897748100
   5   -0.950000000   -0.178081400    0.802639000
   6    7.772325000    0.758707100    0.584341900
   7    2.652719000    0.221534500   -0.748040600
   8    0.361074000   -0.009575674    0.016590620
   9   16.943080000    1.385624000   -0.580763200
  10   11.617140000    1.325256000    0.740216800
  11   10.454630000    0.308087200   -1.415746000
  12   -0.950000000   -1.974263000    0.223201200
  13   -0.950000000   -0.489317100   -0.202946200
  14   12.730120000    1.341068000   -0.315899100
  15   -0.950000000   -1.099062000    0.394772200
  16   -0.950000000   -0.155610700    0.022672790
  17   -0.950000000   -0.775262600   -0.619117400
  18   -0.950000000   -1.503634000   -1.165654000
  19   -0.950000000   -0.398440500   -0.871429100
  20   -0.950000000   -1.019705000    0.478111000
  21    4.140334000    0.821209600   -0.214924400
  22   -0.950000000   -0.570937100   -0.927067300
  23   -0.950000000   -1.795689000    0.461877100
  24   -0.950000000   -1.042610000   -0.694940300
  25   13.041390000    1.528190000    1.118307000
  26    1.129079000    0.958024200    1.364904000
  27   -0.950000000   -1.373788000   -0.268346300
  28   -0.950000000   -1.916443000    0.461104600
  29    0.939755600    0.688045600    0.383424700
  30   -0.950000000   -0.888394300    0.710802600
  31   -0.950000000   -0.266429600    1.169803000
  32   -0.950000000    0.249794100    0.272782600
  33   -0.950000000   -1.173989000    0.395749900
  34   -0.950000000   -0.948845400   -0.763458200
  35   -0.950000000   -1.266824000    1.096660000
  36   -0.950000000   -1.397470000    0.887727800
  37   -0.950000000    0.295381400    1.498214000
  38   -0.950000000   -1.967593000   -0.161268800
  39   13.883910000    1.567606000   -0.961681300
  40   -0.950000000   -0.282191200    1.026071000
  41   -0.950000000   -0.297761300    0.653015900
  42   -0.950000000    0.024490370    0.200260000
  43   -0.950000000   -0.592431600    0.028602360
  44   -0.950000000   -1.288005000   -0.917341500
  45   -0.950000000   -1.693423000    0.224075500
  46   -0.950000000   -0.449110000    0.335934200
  47   -0.950000000   -0.384621700    1.988618000
  48   -0.950000000    0.442483800    0.734517400
  49   -0.950000000   -0.297109600   -0.466648600
  50   -0.950000000   -0.340404900    0.773165000
  51   -0.950000000   -1.879017000   -1.105656000
  52   -0.950000000   -0.282217400   -1.707564000
  53   12.598550000    1.257569000    0.372086000
  54   -0.950000000    0.272321700    1.099181000
  55   -0.950000000   -0.668951900   -1.665362000
  56   -0.950000000   -0.434732200   -1.018248000
  57   -0.950000000   -1.940770000    0.134803700
  58    0.407810000    0.605527100   -0.661040700
  59    0.667760100    0.283095300   -1.304600000
  60   -0.950000000   -0.986820900    0.250575900
  61   -0.950000000   -0.644081700   -1.438622000
  62    1.958535000    0.896467300    0.664493900
  63    0.989708000    0.365075800   -0.632272900
  64   -0.950000000   -0.150078500   -0.688716800
  65    2.305911000    0.634343600    0.158981300
  66   -0.950000000   -1.537817000   -0.649334500
  67   -0.950000000   -1.783415000   -0.201509600
  68   -0.950000000   -1.089806000    1.137618000
  69   -0.950000000    0.454452900    0.792127800
  70    5.154045000    0.369059100   -0.818524700
  71   -0.950000000   -1.325071000   -0.815995700
  72    0.849927500    0.392630000    0.340428700
  73   -0.950000000   -0.570403100   -1.257800000
  74   -0.950000000   -0.132438200    0.316749700
  75    0.920303100    0.644838100    0.588313600
  76    3.469579000    0.244814800   -0.546839100
  77    7.303624000    0.600493900   -0.150693200
  78    5.043611000    0.513839900   -0.382485900
  79   -0.950000000   -0.958861600    0.202891300
  80   -0.250124100    0.270945900    0.367649900
  81   -0.950000000   -1.050741000    0.247643600
  82   -0.950000000   -1.128454000    1.933157000
  83   -0.950000000   -1.355214000    0.096211060
  84    5.126885000    0.483803100    0.671870000
  85   -0.950000000   -0.453957500    0.171093700
  86   -0.950000000   -1.278834000   -0.743926700
  87    5.473205000    0.848257400   -0.439755600
  88   17.908020000    1.759233000    0.953806600
  89   -0.950000000   -1.078167000    0.018355790
  90   -0.698124100   -0.040541590    0.056368820
  91   11.465860000    1.173339000   -0.298286800
  92    5.998778000    0.799695600    0.968798200
  93   -0.950000000   -1.178964000    1.166001000
  94    0.516101800    0.037728480   -0.115772300
  95   -0.950000000    0.019637040    0.561312900
  96   -0.950000000   -0.359979400    1.259482000
  97   -0.950000000   -1.124571000    0.400035500
  98    0.282929400    0.311856200    0.696776900
  99    2.486707000    0.212173800   -0.432205400
 100   -0.950000000   -0.615166800   -0.323565100
 101    3.648839000    0.201200400   -0.148996600
 102   -0.950000000   -1.336272000   -1.111369000
 103   -0.950000000   -0.331479600   -1.366290000
 104   15.223290000    1.386152000   -0.511164600
 105   -0.950000000   -0.399160100    0.684597200
 106   -0.950000000   -0.507146900    1.900774000
 107   14.477270000    1.233758000   -0.727518900
 108    1.893419000   -0.253744700   -0.237236000
 109    1.995225000   -0.408333600   -1.554579000
 110   11.715720000    0.707261100   -0.229410000
 111   -0.950000000   -0.631222500    0.961984200
 112   -0.950000000   -0.666793000    0.947732000
 113   -0.950000000   -0.187652300    0.991960700
 114   -0.945051800    0.118032600    1.027810000
 115    7.896574000    1.062798000    1.459647000
 116   -0.950000000   -0.719380000    0.701801500
 117    7.069770000    0.654754800    0.420286500
 118    1.385007000   -0.279936600   -1.723778000
 119    5.080924000    0.232438900    0.345880900
 120   19.753220000    1.267391000   -0.927471000
 121    5.518322000    0.499279700   -1.049855000
 122   -0.950000000   -1.367204000   -0.538876000
 123    7.688003000    0.860808200   -0.590266900
 124   -0.950000000   -0.134599800   -0.109857100
 125   -0.950000000   -0.609810400    0.737466200
 126   -0.950000000    0.245337300    1.997619000
 127    3.703932000    0.959126200    0.098405040
 128   -0.950000000   -0.994786100   -0.033675300
 129   -0.950000000   -1.783355000   -1.801495000
 130    7.736161000    0.531629800   -0.778367900
 131   15.772700000    1.813820000    0.598696200
 132   -0.950000000   -0.156187400   -0.569150800
 133   17.973450000    1.502708000   -1.897087000
 134   -0.950000000   -0.067832300   -0.803899000
 135   -0.889568900    0.442789700    1.511378000
 136   -0.197096600    0.186257900    0.373335700
 137   10.946030000    0.981367200   -1.103237000
 138   11.971280000    1.294038000   -0.209676300
 139   -0.950000000    0.008016919    0.380161400
 140   -0.950000000   -0.917664200    0.166764800
 141   -0.950000000   -0.662280200    1.609277000
 142    1.722916000    0.312834900    0.816777500
 143   22.119260000    1.650721000   -0.770327500
 144    3.101367000    0.303963100   -0.442766000
 145   -0.950000000   -0.981343200    0.869414900
 146   -0.950000000   -0.484337300    0.169339500
 147   -0.950000000   -0.635537800   -0.890848600
 148   -0.950000000   -1.657434000   -0.627016500
 149   -0.950000000   -0.488652900    0.257911200
 150   -0.950000000   -0.144397500    0.303646100
 151   11.955760000    0.789132900   -1.159219000
 152    5.259101000    0.401918700    0.591119600
 153    5.138179000    0.148461400    0.362212900
 154   -0.950000000   -1.086263000   -0.402166700
 155    8.856003000    0.455065100   -0.259314300
 156   -0.950000000   -0.767933500    0.068701960
 157    4.896824000    0.993534300    1.562546000
 158    1.078212000   -0.124462800   -0.506458800
 159   -0.950000000   -1.420972000    0.807839000
 160   -0.950000000   -1.118462000    0.621509900
 161   -0.950000000    0.309209500    1.763370000
 162    9.307006000    0.668111200   -0.514068200
 163    5.658144000    0.298448900   -0.103632100
 164   -0.950000000   -0.347096300   -0.226642900
 165    0.556664500   -0.115329500    0.525392300
 166    7.147782000   -0.061322030   -0.709754300
 167   -0.950000000   -1.975225000    0.952801200
 168   11.402830000    1.013706000    0.728724100
 169   -0.950000000   -1.412914000    1.233673000
 170   14.028670000    1.213380000   -0.486529700
 171   14.966810000    0.606192300   -0.730013100
 172   -0.950000000   -0.508161600    0.906518800
 173   -0.950000000   -1.055016000    0.341532100
 174    7.670114000    1.144030000    1.537174000
 175    5.590484000   -0.024778900    0.285105800
 176    7.538823000    0.525130000    0.453593600
 177   17.977240000    0.975588400    0.198873500
 178    8.782856000    0.191414300   -0.082657040
 179   12.273160000    0.783939500    0.683682200
 180   26.119150000    1.917571000    0.350347200
 181   -0.950000000   -0.944547700   -0.057211420
 182   -0.950000000   -0.416617100    0.728161300
 183    0.975660500   -0.266868800   -1.000682000
 184   13.033370000    1.353936000    0.813449700
 185   -0.950000000   -0.125489700    0.350307300
 186   -0.950000000   -1.594772000    1.546647000
 187   -0.032956940   -0.300770500    0.632095700
 188    0.075183770   -0.154801400   -0.409663500
 189   -0.407656400   -0.170940300   -0.161437100
 190   -0.950000000   -1.785927000    1.055481000
 191    3.413166000    0.197123600    0.266667900
 192   -0.950000000   -1.695519000    0.526481600
 193   -0.950000000   -1.553642000   -0.704774500
 194    5.709873000    0.871853000    1.377855000
 195    4.684414000    0.311651300   -0.406887200
 196   -0.303469500    0.175232000   -0.314224800
 197   14.930040000    1.221707000   -1.025719000
 198   -0.950000000   -0.998999800    1.174446000
 199   -0.950000000   -0.882665400   -0.895138500
 200   -0.464431400   -0.020479150    1.154359000
 201   -0.950000000   -0.758744300    1.047512000
 202   17.195550000    1.577971000    0.063229680
 203   10.067910000    0.538005200   -1.222963000
 204   10.094130000    1.144573000   -1.141575000
 205   -0.807386800   -0.313190100   -0.980643000
 206   12.089870000    1.570148000    0.108926100
 207   -0.950000000   -1.894809000   -0.101319100
 208    9.384055000    0.957266700   -0.168098700
 209    1.455323000    0.036445140   -1.415289000
 210   13.205160000    1.155521000   -0.716968500
 211   12.327680000    1.256587000   -1.593979000
 212   -0.950000000   -1.854117000   -0.522891400
 213   -0.950000000   -0.275162300    0.639459600
 214   -0.950000000    0.006802024    1.361060000
 215   -0.950000000   -0.484165700   -0.580430000
 216   11.062210000    1.236562000   -0.025790830
 217    2.483792000    0.337237600   -0.399001600
 218   -0.950000000   -0.432128500   -1.910617000
 219    8.288348000    0.575019200   -1.591378000
 220   -0.950000000   -1.152389000   -0.841266800
 221   -0.950000000   -0.626381500    1.135392000
 222    2.700937000    0.682283900   -0.198313000
 223    6.504449000    1.024445000    1.026611000
 224    3.773361000    0.481984200    0.024441130
 225    4.307001000    0.507712100   -0.047030710
 226   -0.950000000   -0.411181000    0.315548400
 227   12.101260000    1.040225000    1.512868000
 228    2.203327000    0.099527220   -0.361409500
 229   -0.950000000   -1.540496000    1.255390000
 230   -0.950000000   -1.191185000    0.824705500
 231   -0.950000000   -1.404066000    0.276435100
 232    2.374126000    0.035540140   -0.985316200
 233   -0.950000000   -0.751539500    0.286761800
 234    9.436921000    0.956446300    1.119034000
 235   -0.950000000   -0.488772600   -0.591951000
 236   -0.853893700   -0.039261870   -0.218556300
 237   12.832610000    1.611713000    0.525586900
 238   -0.950000000    0.058668440    0.985669800
 239   -0.950000000   -0.291636500    0.244671200
 240   -0.803121300   -0.387075700   -0.906843000
 241   -0.950000000   -0.608101500   -1.110026000
 242    0.320154300   -0.208809600    0.000810878
 243   -0.298087200   -0.249966700   -0.064592620
 244   10.477110000    0.858546800   -0.031554130
 245   -0.950000000   -0.348764400   -0.221394700
 246    9.382660000    0.536115500    0.826861600
 247    5.899217000    0.400342300    0.136446900
 248   -0.950000000   -0.078876040    0.550862100
 249    5.217159000    0.294485700   -0.042363240
 250   -0.950000000   -1.454955000    0.513633900
 251   -0.950000000   -0.373412200    0.983599700
 252    1.888472000    0.250854700    1.500856000
 253   18.145750000    1.680261000    0.723365700
 254    2.066883000   -0.037248370   -0.603751700
 255   -0.950000000   -1.367102000    0.475075600
 256   -0.950000000   -0.650310200    0.556672500
 257    3.291987000    0.164922400   -0.377358900
 258    0.560500600    0.110688700    0.961704000
 259   -0.950000000   -0.635417400    1.008548000
 260   15.338450000    1.002415000    1.619891000
 261   -0.950000000   -0.702820900   -0.480525500
 262   -0.950000000   -0.658376400   -0.280253100
 263   -0.950000000   -1.971258000    0.107716000
 264   -0.950000000   -0.840290100   -0.179381700
 265    2.249769000   -0.181713500    0.691138800
 266   12.649740000    1.059147000    0.537483600
 267    7.738652000    0.724043500   -0.239194200
 268   -0.950000000   -0.912399900    1.077831000
 269   23.366760000    1.919777000   -0.024872720
 270   -0.950000000   -0.540570600    0.200707400
 271    0.502664000   -0.044614350   -1.266957000
 272   -0.950000000   -0.537151200   -1.408820000
 273   -0.950000000   -0.239760000   -0.590104700
 274   -0.950000000   -0.053225230    0.552532800
 275   -0.950000000    0.007842221    1.802548000
 276   -0.950000000   -0.909357300   -1.266280000
 277    5.722666000    0.620142400   -1.299901000
 278    3.481181000    0.455822600   -0.080208570
 279    5.981925000    0.665892800   -0.344364100
 280    5.411861000    1.493500000    1.358246000
 281    6.187879000    0.878110900    1.245058000
 282   -0.950000000   -0.689103200    0.442741400
 283    9.305108000    1.216935000    0.453758100
 284    1.938679000    0.072326810   -0.461814200
 285   -0.950000000   -1.435187000   -1.708150000
 286   -0.950000000   -0.731285200    0.971015300
 287   15.508910000    1.177398000    0.417058200
 288    3.648363000   -0.547569300   -1.081230000
 289    4.261539000   -0.426139300    1.238954000
 290   19.934610000    1.457749000   -0.533835200
 291    4.645504000   -0.187731700   -0.309949700
 292   10.559170000    0.530136100    0.092439930
 293   -0.950000000   -0.710700900    1.171911000
 294    5.754907000   -0.148131400   -0.062838950
 295   20.042710000    1.941955000    1.340075000
 296    2.361228000   -0.428556500    0.246673600
 297    5.233220000    0.138060500    0.353287500
 298    0.038159040   -0.772199900    0.827918800
 299   13.516910000    0.836597700    1.033127000
 300   -0.950000000   -0.094742040    1.659901000
 301   -0.950000000   -0.822809300    0.676937300
 302   21.909650000    1.941446000   -0.192367900
 303   -0.950000000   -1.251489000    0.278286500
 304    9.387147000    0.710735300    0.038255300
 305    5.970777000    0.275304700   -0.340648100
 306    9.661097000    0.603369900    0.232349200
 307   15.269840000    1.356782000    0.067223920
 308    0.797203200   -0.424844400    0.055366590
 309   -0.850138500   -0.160646800    1.098514000
 310    0.633194400   -0.326285600    0.862607500
 311    4.013865000    0.167917600   -0.072835460
 312   10.764060000    0.883952200    0.109287700
 313    2.420208000   -0.065586100    0.514600400
 314   -0.950000000   -0.827751300    0.506238100
 315    8.912726000    0.426535200   -0.321562200
 316    2.206606000    0.149317800   -1.151087000
 317   -0.950000000   -1.086232000   -1.205162000
 318   -0.950000000    0.444504400    1.163518000
 319   -0.950000000   -0.368924800   -0.291938700
 320   -0.950000000   -0.052963120    0.215839300
 321    9.714692000    1.791104000    1.303820000
 322   -0.950000000    0.057293170   -0.255522600
 323    3.261985000    0.361120500   -0.378245500
 324   -0.950000000   -0.565709100   -1.854032000
 325    4.047061000    0.351537100   -0.524539600
 326   -0.950000000    0.085645090    0.193210400
 327   -0.950000000   -0.755967700   -0.650119000
 328    0.791296300    0.385627200    0.874201400
 329    5.080640000    0.640799200   -0.299012600
 330   -0.950000000   -0.815379700    1.132482000
 331   13.530870000    1.100743000   -0.627789200
 332    4.873429000    0.265289100   -1.021267000
 333    9.333966000    1.264634000    1.307429000
 334    2.282838000    0.216150700    0.291438600
 335   -0.505171400   -0.265560100    0.345699600
 336   -0.950000000   -0.319368700   -0.647804900
 337    3.295253000   -0.151699100   -1.311951000
 338    4.483961000    0.206905100   -0.886104700
 339   11.946230000    0.972042300   -0.904814100
 340   -0.950000000   -1.459361000    1.098943000
 341   12.286700000    1.097649000   -0.903621100
 342    0.915520000   -0.009836568    0.731297200
 343    1.436852000   -0.091809510   -0.651603300
 344    1.394339000   -0.057480860    1.206113000
 345   -0.950000000   -0.513520000    0.327197600
 346   -0.950000000   -1.106513000   -0.227101100
 347    0.515411500    0.373966700    1.060824000
 348   14.251870000    1.280966000   -0.711303300
 349   18.857100000    1.873638000    0.730516900
 350    1.585157000   -0.149671000   -0.669454900
 351   -0.950000000   -0.402706500    1.320097000
 352    4.100516000    0.332641000    0.283455700
 353   -0.950000000   -1.650777000    0.998982200
 354    6.278320000    0.459151300    0.027833060
 355    8.804212000    0.667465200   -0.883704300
 356   -0.950000000   -0.656216800    1.526278000
 357   -0.950000000   -0.258836300    0.735088000
 358   -0.950000000    0.154777100    1.224748000
 359   -0.950000000   -0.572364200   -0.990752800
 360    7.411902000    0.752332700    0.618868100
 361    4.554868000   -0.122477300   -1.519006000
 362    5.177579000    0.667263500   -0.232486100
 363    5.046729000   -0.022984350   -1.632214000
 364    3.786974000    0.156134800   -0.635260500
 365   -0.950000000   -0.789051200    1.044178000
 366   15.896760000    1.483062000    0.102811600
 367   -0.950000000   -0.078699980    1.152357000
 368    7.746159000    1.418389000    1.557316000
 369   -0.950000000   -0.460570200    0.369815200
 370    4.432924000    0.207956000   -0.731281100
 371   11.349820000    0.879147000   -0.700828300
 372    6.460827000    0.444399800   -0.195922100
 373    0.369056100    0.074873420   -0.026723210
 374   20.390340000    1.394646000    1.379838000
 375   -0.950000000   -0.727977300   -0.035111930
 376   -0.950000000   -0.120937500    1.850069000
 377    7.972291000    1.282399000    1.038861000
 378   -0.950000000   -0.696311000   -1.603212000
 379   11.542830000    1.337755000    0.167528500
 380   13.144600000    1.371799000    0.815836300
 381   -0.950000000   -1.491096000   -0.013557690
 382   -0.521554300   -0.052208790   -0.742868900
 383   -0.950000000   -1.402793000    0.206300500
 384   15.712470000    1.963830000    0.708755200
 385   -0.950000000   -1.254478000   -0.757930600
 386   -0.950000000   -0.098556000   -1.175424000
 387   -0.950000000   -1.709394000    0.189942000
 388   -0.950000000   -0.089530690    0.492033000
 389   -0.338802000    0.086548210   -0.285143000
 390   -0.950000000   -1.008764000   -1.222409000
 391   -0.950000000   -0.283279000    0.255157600
 392   12.510720000    0.682321100   -0.446086800
 393   -0.950000000   -0.772174800    0.899979300
 394    2.927598000   -0.001164980   -1.371670000
 395    7.939062000    0.818756700    1.237736000
 396   -0.950000000   -0.735373900    0.785611200
 397    6.156238000    0.305160000   -1.102614000
 398   -0.950000000   -1.058179000    0.077996910
 399   16.441990000    1.339972000   -0.966687600
 400   -0.950000000   -0.528769500    0.410702500
 401   -0.772731000   -0.070400430    0.219158500
 402   -0.950000000   -0.363406500    1.065334000
 403   -0.950000000   -0.738177200   -0.378737000
 404   10.279040000    0.897270000   -0.177342200
 405    6.133378000    0.918078700    1.561985000
 406   10.566840000    1.357356000    0.598003700
 407   10.638260000    1.475002000    0.872706000
 408   -0.424194100   -0.272593400   -0.879329200
 409    7.851306000    0.797889000    0.280471500
 410   11.456010000    1.157305000   -0.313747600
 411    0.777239900   -0.058235020   -0.417220500
 412    4.672293000    0.044050300   -1.332201000
 413    8.117906000    0.514408700   -0.200729000
 414   -0.950000000   -0.980688200    0.266425900
 415    3.620269000    0.088752920   -0.001518481
 416   -0.950000000   -0.346009900    1.543732000
 417   12.955390000    1.025615000    0.545601200
 418   -0.950000000   -0.954446400   -0.198804800
 419    2.228284000   -0.225339200    0.926904500
 420   -0.950000000   -1.529949000   -0.677561300
 421   -0.950000000   -1.789227000   -0.176098400
 422    6.166567000    0.737532800    1.224421000
 423   20.870880000    1.821649000    0.232552000
 424    4.558556000    0.382097100    1.613486000
 425   14.448690000    0.927799700    0.718718600
 426   21.973430000    1.990259000   -0.584845800
 427    5.343848000    0.065085960    0.283541700
 428   11.556900000    0.862799400    0.025761350
 429   -0.950000000   -1.992427000    0.393145000
 430   -0.652837200    0.006438278    1.272674000
 431   -0.456727800   -0.731378900   -1.130134000
 432    0.757234800   -0.001959981    1.211070000
 433   13.623050000    1.429881000    0.336555900
 434   19.189440000    1.524499000   -0.465069900
 435    1.403648000   -0.096067940    0.182637400
 436   -0.950000000   -0.481390200   -0.439165000
 437   -0.950000000   -1.677843000    0.850197900
 438   -0.950000000   -0.645813900   -0.314546700
 439    9.486643000    0.707681000   -0.306339200
 440   10.627610000    1.077340000    0.550959500
 441   12.029290000    0.866517600   -0.644601900
 442   -0.950000000   -0.923633300    1.318807000
 443   -0.950000000   -1.138148000    0.148442600
 444    6.915561000    0.750994000    0.306361700
 445   -0.950000000   -0.195076900    0.392637800
 446   12.252190000    0.912830600   -1.014959000
 447   14.041610000    1.535325000   -0.112641800
 448    6.234479000    0.399877200   -0.229259400
 449   10.521000000    1.027632000   -0.059247760
 450   -0.950000000   -0.508805000   -1.183110000
 451   -0.950000000    0.157608800    0.142408300
 452   -0.950000000   -0.236120100   -0.650519600
 453   -0.950000000   -0.888267500   -1.521221000
 454   -0.950000000   -0.321803300   -1.649468000
 455   -0.950000000   -0.624676400   -0.701018900
 456   -0.950000000    0.007479978   -1.020980000
 457   -0.950000000    0.008960423    0.843444500
 458   -0.950000000   -0.487527400    0.380409600
 459    1.528779000    0.656053200   -0.383056500
 460   -0.950000000   -0.978160000   -0.052435290
 461   -0.950000000   -1.352358000   -0.296817500
 462   -0.950000000   -0.887509500    0.909167600
 463   -0.950000000   -0.258050800    0.115408200
 464   -0.950000000   -0.826419600    1.041495000
 465   -0.950000000   -0.427738400   -0.326496500
 466   -0.950000000   -0.027847650   -1.757105000
 467   -0.950000000   -0.366125500   -0.099278990
 468    1.780020000    1.133770000    1.366560000
 469   -0.950000000   -1.030455000   -1.515233000
 470   -0.950000000   -1.008690000   -0.850452100
 471   -0.950000000    0.176015500   -0.045248980
 472   -0.950000000   -1.734860000   -0.652154500
 473   -0.950000000    0.400698300    1.364840000
 474   -0.950000000   -0.290213800   -0.839993200
 475   -0.950000000   -0.542835400   -0.577963300
 476    7.751452000    1.045491000    0.099239610
 477   -0.950000000   -1.281912000    0.496850200
 478   -0.950000000   -0.807130700    0.063916320
 479   -0.950000000    0.103334000   -0.368770000
 480   -0.950000000   -0.601169600   -0.667405500
 481   14.204600000    1.797502000    0.344255100
 482   -0.950000000   -0.178103900    0.446602200
 483    6.800309000    1.262205000   -1.054429000
 484   -0.950000000   -0.859057600    1.103425000
 485   -0.950000000   -1.668678000    0.575191000
 486    3.188098000    0.597451300   -0.684369600
 487   -0.950000000    0.218974400   -0.124526400
 488   -0.950000000   -1.429126000    0.046370130
 489   -0.950000000   -0.275876300    0.057972160
 490   -0.950000000   -1.743970000    0.071694100
 491   -0.950000000   -0.498051800   -1.183437000
 492   -0.950000000   -1.467619000   -0.989766300
 493   -0.853152100    0.194206200   -0.186406100
 494   -0.950000000   -0.259004300   -0.899596800
 495   -0.950000000   -0.132595300   -0.434436600
 496   -0.950000000   -0.956800200    0.583892100
 497    3.970241000    0.193436100   -0.585243700
 498   -0.950000000   -0.504567800    0.039255110
 499    7.657871000    0.602503700   -0.622093500
 500    3.002316000    0.417703500    1.053468000
 501    1.212003000    0.089973350   -0.008658837
 502   -0.950000000   -1.170323000    0.220285900
 503   -0.942677900    0.093404500    0.638056000
 504   -0.950000000    0.094139810    1.860240000
 505   -0.950000000   -0.404763900   -0.295118500
 506   -0.177240800   -0.243461800   -0.863595900
 507   -0.950000000   -0.768184600    0.473762300
 508   -0.950000000   -0.799147100    0.162951600
 509   11.480780000    1.056234000   -0.319243300
 510    2.123494000    0.145553200    0.947325500
 511   13.975860000    1.069066000   -0.908817500
 512    0.510181100   -0.229688700   -0.612804800
 513    2.523450000    0.240309900    0.063225550
 514   15.754290000    1.150943000   -1.932515000
 515   -0.950000000   -0.304399600    0.334753000
 516   -0.950000000   -0.859591700    0.692653000
 517   -0.950000000   -0.448783100    1.319360000
 518   -0.950000000   -0.518251200   -0.575957900
 519    1.299568000   -0.061634920   -0.684495800
 520   -0.950000000    0.025393610    0.559546700
 521   18.295920000    1.424495000   -0.846426000
 522   24.938090000    1.835313000    1.822496000
 523   -0.950000000   -0.813820000    0.852366300
 524   -0.950000000   -0.569892500    0.650189500
 525   -0.140433300   -0.091439970   -0.023543510
 526    6.891993000    0.559794100    0.032141280
 527   10.153460000    0.731471300   -0.170365700
 528   -0.950000000   -0.365883400    1.057489000
 529    8.401582000    0.375630800   -1.460983000
 530   10.445480000    0.801668400    0.162684600
 531   -0.314847900   -0.311877400    1.141883000
 532   14.926680000    1.289049000    0.541053800
 533    4.878732000    0.649611500    1.134154000
 534    7.136403000    0.221190100   -0.561606900
 535   24.632950000    1.920373000    1.275402000
 536    4.434535000    0.117086900    1.404395000
 537    2.216377000   -0.356813300   -0.661311800
 538    1.874936000   -0.250520700   -0.475130100
 539   12.631940000    0.801140700   -0.411484600
 540   -0.218435500   -0.505618800   -0.727480000
 541    0.432559100    0.267778900    0.890215500
 542   -0.950000000   -1.621326000   -0.127013900
 543   -0.950000000   -0.417691100    0.056759070
 544    1.838329000    0.351576400    0.501479900
 545   -0.950000000   -0.166411700    0.567793700
 546   -0.425751600    0.135167000    0.156039900
 547   -0.950000000   -1.679965000   -0.069229660
 548   -0.950000000   -0.359575100    0.894272300
 549   -0.950000000   -0.328156800   -0.339478400
 550   -0.950000000   -0.791372100   -1.134134000
 551    7.456122000    0.851347900   -0.534694000
 552    1.767381000    0.545553300   -0.197870700
 553   -0.950000000   -0.885315700    0.010856680
 554   -0.950000000   -0.596713300    1.493881000
 555   -0.950000000   -1.890099000    1.271634000
 556   -0.950000000   -1.057552000    0.638269900
 557   -0.950000000   -0.501018000   -1.542650000
 558   -0.950000000   -0.005671054   -0.964161000
 559   -0.950000000   -1.969516000    0.676004500
 560   -0.950000000    0.082274260    0.243205100
 561    0.885104500    0.759157300    0.697945800
 562   -0.950000000   -1.050188000    0.620366300
 563    4.600800000    0.936991100    0.696141700
 564   -0.950000000   -1.945369000   -0.161756200
 565   -0.950000000   -1.475268000    0.200040800
 566   11.389700000    1.375303000    0.266418300
 567   -0.950000000   -0.858299600   -1.046202000
 568   -0.950000000   -0.914000100    0.568356900
 569   -0.950000000   -1.758115000   -0.222090300
 570   10.547050000    1.261108000   -0.418294600
 571    0.743957300   -0.137082900   -0.753226000
 572    0.261509400    0.087145390    0.330825600
 573    9.283737000    0.562331600   -0.801218700
 574   10.309900000    1.354055000   -0.234973200
 575   -0.950000000   -0.121874500    0.672403800
 576   23.354000000    1.747093000   -0.593706700
 577   14.832480000    1.103671000   -0.325632000
 578   13.965780000    0.932602900   -0.213139300
 579    4.381263000    0.319143300   -0.056023990
 580   11.524200000    0.516022500   -1.501873000
 581    6.640199000    0.257896300   -0.114647900
 582   -0.950000000   -0.617558500    0.881908200
 583   -0.757109000    0.086378730    1.639912000
 584   17.678500000    1.305753000   -1.375689000
 585   -0.950000000   -1.784996000   -0.089993130
 586   17.934530000    1.964557000    1.201605000
 587   -0.950000000   -0.451648800   -0.678570700
 588   -0.950000000   -1.788994000   -0.295087400
 589   -0.917598400    0.045780040    0.391046700
 590   12.160750000    1.256453000   -1.084600000
 591   -0.950000000   -0.070984060    0.256793100
 592   14.619270000    1.084157000   -1.887886000
 593   -0.950000000   -0.589841800    0.234015800
 594   -0.950000000   -0.434342700    1.289542000
 595   -0.950000000   -0.333109600   -0.771290100
 596   -0.950000000   -0.799305600    1.279918000
 597   -0.950000000   -0.828741700   -1.316440000
 598   -0.950000000   -0.549969400    0.492799000
 599   -0.950000000   -0.231263100   -1.064867000
 600    7.158278000    0.915477200    0.312391800
 601    2.559526000    0.164171800    0.075598790
 602   -0.950000000   -1.642423000   -0.967125600
 603   -0.950000000   -0.768328000    0.668938000
 604    9.321300000    1.088541000    0.365888200
 605   -0.950000000   -0.088741340   -0.106059600
 606   -0.950000000   -0.441844900   -1.102465000
 607   -0.950000000   -0.360420400    0.401491300
 608    8.907483000    0.909943400   -0.434629100
 609   -0.950000000    0.424561300    0.486562600
 610    1.812932000    0.373342600   -0.188711500
 611    3.414397000    0.408875300   -0.090493490
 612   -0.950000000   -0.655630800   -1.220580000
 613   14.405220000    1.317668000   -0.268422400
 614   -0.950000000   -0.754610000    0.097493690
 615    5.126521000    0.601600800    0.481243100
 616   -0.950000000   -1.019538000    0.843034500
 617   -0.950000000   -0.667169700   -1.663193000
 618   -0.950000000   -1.007097000   -1.181054000
 619   -0.950000000    0.293004700    0.647598500
 620   -0.950000000   -0.816834700   -1.398306000
 621   -0.950000000   -0.370334800   -1.111936000
 622   -0.950000000   -1.517195000   -1.723952000
 623   -0.950000000    0.497928800   -0.719802300
 624   -0.950000000   -0.062844090   -0.982806300
 625   -0.950000000   -0.143200800    0.757869200
 626   -0.950000000   -0.119915800   -0.267125200
 627    0.529851000    0.916787800    0.640760500
 628   -0.950000000   -0.410150000   -1.822049000
 629   -0.950000000    0.164755800    0.248265200
 630   -0.950000000    0.243827700    0.256547600
 631   -0.950000000   -0.039757470    0.329187500
 632   -0.950000000   -1.782117000   -0.224017300
 633   -0.950000000   -1.126733000   -1.404733000
 634   -0.950000000   -1.382922000    0.861812100
 635   -0.950000000   -0.274075200   -0.192903200
 636   -0.950000000   -1.036638000   -0.630062300
 637   -0.950000000   -0.297856900    0.003462494
 638   -0.950000000   -1.534740000    0.386269000
 639   15.448500000    1.913884000   -0.172600100
 640   -0.950000000   -0.025050310   -0.068394610
 641   -0.950000000   -1.788528000    1.788556000
 642   -0.950000000   -0.093573480   -0.055028150
 643   -0.950000000   -0.731603400    1.172631000
 644   -0.950000000   -1.937166000    1.302796000
 645   -0.950000000   -0.295618800   -0.476573200
 646    9.653092000    0.887249400    0.215321300
 647   10.858200000    1.032675000    0.197665800
 648   -0.950000000   -1.564120000    1.392200000
 649   -0.950000000   -0.061008240    1.764747000
 650   -0.950000000   -1.538955000   -1.029783000
 651   13.636840000    1.408442000   -0.666606200
 652    1.446294000   -0.141001100    0.069172320
 653    1.475200000    0.173182900    0.506528100
 654   -0.950000000   -0.578231600    0.851841400
 655    4.160190000    0.292652500    0.473329000
 656   16.431910000    1.080851000    1.632653000
 657   -0.950000000   -1.893056000    0.514415000
 658    2.030900000   -0.035079640   -0.693995400
 659   -0.950000000   -0.406826100   -0.232804500
 660   -0.950000000   -1.435754000    1.920273000
 661   -0.950000000    0.152684300    1.542233000
 662   11.964650000    1.174900000   -0.781175700
 663   12.832620000    1.042049000   -0.712046200
 664   -0.950000000   -0.285610300    0.631508000
 665    9.034279000    1.009954000    0.923563100
 666    3.603882000    0.715805500    1.047971000
 667   -0.950000000   -1.264563000   -0.077811940
 668    1.605752000   -0.337141100   -0.796145100
 669   -0.950000000   -0.738075600    1.012448000
 670   -0.950000000   -1.245613000   -0.742471800
 671   -0.950000000   -0.904757400   -0.618152700
 672    8.934257000    0.961376400    0.833015600
 673   18.209500000    1.174185000   -1.075956000
 674    5.919577000    0.624255200   -0.277812100
 675   15.345690000    1.065435000   -1.363510000
 676   -0.950000000   -1.446172000    0.690747100
 677   -0.950000000   -0.331986000    1.404584000
 678   -0.950000000   -0.370099000    0.640237700
 679   -0.950000000   -0.242747300   -0.898135400
 680    7.927503000    0.856099500    0.201456200
 681   -0.950000000   -1.680317000    0.289944400
 682    6.630221000    1.307574000   -0.675135300
 683   -0.950000000   -0.434858100    0.470769300
 684   10.568850000    1.259343000   -0.985135800
 685   -0.950000000   -0.627924800    0.760312700
 686   10.579610000    0.981985200   -0.076383010
 687    3.632904000    0.335326500    0.484583300
 688   10.808900000    1.075226000    0.035130030
 689   12.675590000    1.491992000   -1.179390000
 690   -0.950000000   -0.280128900   -0.657282900
 691   -0.950000000   -0.558738500   -0.204902400
 692    3.421960000   -0.010699540   -1.535381000
 693   -0.950000000   -1.283077000   -0.362279800
 694   14.772740000    1.753680000   -0.819626300
 695    5.109080000    0.466453000   -1.012231000
 696   -0.620830200    0.036141040   -0.351941000
 697   -0.618199500    0.243782100    0.298811600
 698   11.513940000    0.787702800    1.458274000
 699   -0.950000000   -0.601626400   -0.483738500
 700    0.352249100    0.187824000    0.226084800
 701   -0.950000000   -1.882778000    1.480097000
 702   -0.950000000   -1.640734000    1.808788000
 703    5.610825000    1.554404000    0.451075200
 704   -0.935084700    0.205202700    0.893926900
 705   -0.950000000   -1.150203000    0.255580900
 706    7.698007000    1.120943000   -0.262187900
 707    8.420649000    0.698776700   -0.530723500
 708    3.678698000    0.984995900    0.335342700
 709   -0.950000000   -0.771165300   -0.037349700
 710    0.721092600    0.526380300    0.105848000
 711   -0.950000000   -0.561853800   -1.322072000
 712    8.381324000    0.897373600   -1.010147000
 713   -0.950000000   -1.494730000   -0.998866600
 714   13.165870000    1.915099000    0.786829400
 715   -0.169425300    0.071155510   -0.270994900
 716   -0.950000000   -0.205854300   -1.180016000
 717   -0.950000000   -0.277366500    0.771466700
 718   -0.950000000   -0.084959010   -1.014376000
 719    7.301636000    0.877162000   -0.113145200
 720   -0.950000000   -0.280462200   -0.903917800
 721    3.582547000    0.274560700   -0.139204000
 722   -0.950000000   -1.310274000    0.382666700
 723   -0.950000000   -0.112430600    1.657615000
 724   16.744370000    1.226589000   -1.060787000
 725   -0.950000000   -0.245510300    1.419473000
 726   12.934650000    1.061383000    0.901771000
 727   -0.950000000   -0.363501500   -0.319743600
 728   -0.922296400   -0.300556200   -0.280241100
 729   -0.950000000   -1.446628000   -0.591545300
 730    9.511753000    0.892561000    0.165340200
 731   19.611030000    1.307952000    0.426123500
 732   -0.950000000   -1.049574000    0.107418700
 733    8.157870000    0.496035700    0.050896310
 734   -0.950000000   -1.217922000    1.957904000
 735   -0.950000000   -0.752234400   -0.924337800
 736   -0.950000000   -1.076433000    0.316964400
 737   -0.950000000    0.306363300    0.749147000
 738   -0.950000000   -0.637962600   -0.573672200
 739    3.602710000    0.625519900   -0.096437930
 740    2.819602000    0.603746700    0.670337600
 741    3.435044000    0.807408800    0.105684300
 742   -0.950000000   -0.854308000    0.911316200
 743   -0.950000000   -1.344161000    0.936982300
 744   -0.950000000    0.081039300    0.748971700
 745   -0.950000000   -0.917262400   -1.218797000
 746    3.624458000    0.517876800    0.800096000
 747   -0.950000000   -0.361512200   -0.365077400
 748    1.253507000    0.249144500   -0.167228900
 749    2.392082000    0.171917800   -1.347972000
 750   11.729750000    1.250198000   -1.135386000
 751   11.754120000    0.841735000    1.089883000
 752   17.733070000    1.037603000    0.309802500
 753   16.003060000    0.372097400   -1.977539000
 754   -0.950000000   -1.218814000    0.480997700
 755   21.164340000    1.090001000   -0.614843400
 756    5.365880000   -0.190194000    1.689772000
 757   13.937480000    0.785179200    0.730720700
 758   -0.133461400   -0.468831800    1.003639000
 759    7.844745000    0.619160900    1.356354000
 760   13.814570000    0.742091500    1.611147000
 761    5.103684000    0.002991476    0.597207700
 762   23.001070000    1.151991000   -0.118865300
 763   11.829930000    0.559998900    0.904100300
 764   16.412220000    0.893909800   -0.470982500
 765   -0.950000000   -1.834903000    1.395384000
 766   -0.950000000   -0.868545100   -0.601814700
 767   -0.950000000   -0.727468100   -1.098750000
 768   -0.950000000   -1.121584000    0.135720200
 769   -0.950000000    0.243413500   -0.536309300
 770   -0.950000000   -0.456523800    1.367063000
 771   -0.950000000    0.437225200   -1.336597000
 772   -0.950000000   -0.982345600   -1.312051000
 773   -0.950000000   -0.727617500    1.650595000
 774   -0.950000000   -1.252347000    0.690803900
 775   -0.950000000   -0.528739400   -0.912720800
 776   -0.950000000    0.187847500   -0.733081100
 777    0.955999700    0.109710800   -1.543186000
 778   -0.950000000    0.387413300    1.124920000
 779   -0.950000000   -0.506200300    0.094329660
 780   -0.950000000    0.206958600   -1.181567000
 781    4.362273000    1.122714000   -0.336245200
 782    2.005391000    0.538446900    0.021395290
 783   -0.950000000   -0.248257300    0.018671130
 784    3.571866000    0.048926330   -0.921694100
 785    2.606969000    0.403175500   -1.878313000
 786   -0.950000000   -1.318521000    0.004592224
 787    1.746117000    0.480949800   -0.397197900
 788    4.457100000    0.279389300    0.448174800
 789   -0.950000000    0.032940540    0.526781000
 790   -0.950000000   -0.150982000    0.438521400
 791   11.396130000    1.087252000    1.131256000
 792   14.318170000    1.474742000   -0.735537900
 793   -0.950000000   -0.280527700    0.332538300
 794   -0.950000000   -0.438140700    0.082067820
 795   -0.950000000   -0.846341600   -0.534581800
 796    0.901751000    0.093149730    0.126883600
 797    4.063885000    0.488129600   -0.146975300
 798    5.010791000    0.579758800   -0.020730740
 799    6.194216000    1.069340000    0.212792900
 800    3.648100000    0.214618000   -0.738210000
 801   -0.950000000   -0.948970900    0.826830400
 802   11.729960000    1.239071000   -0.378525600
 803   -0.950000000   -0.538427100    0.819697200
 804   -0.950000000   -0.236449500    0.950046100
 805    3.613290000    0.197388800   -0.745566400
 806    5.824049000    0.434888200    0.459219100
 807    5.725700000    0.487463100    0.029939620
 808   -0.950000000   -0.546442600    1.227985000
 809   -0.950000000   -1.021845000    1.688864000
 810   -0.950000000   -1.658925000   -1.291862000
 811   12.538780000    1.308476000   -0.403433900
 812   -0.950000000   -0.678623600    1.671373000
 813   16.320930000    1.956192000    0.695129400
 814   -0.950000000   -0.474829400   -1.053809000
 815   11.116450000    0.843375900   -0.389723300
 816   -0.950000000   -0.427185500    0.064075660
 817   19.865940000    1.644404000   -1.689553000
 818    4.420890000    0.462932200   -1.837239000
 819    1.732540000    0.199087000   -0.528929900
 820   -0.950000000   -0.431712800    0.174782400
 821    1.483231000    0.242215800    1.287285000
 822   -0.950000000   -0.885231100    0.854552200
 823    4.608546000    0.375361100   -0.147226700
 824    8.135336000    0.615382400   -0.765443200
 825   -0.950000000   -1.174071000   -1.073653000
 826   12.671570000    0.939604200   -0.569132100
 827   -0.950000000   -0.447593500    0.163201400
 828   -0.950000000   -1.613720000    1.462079000
 829    0.455651000   -0.281481500   -0.481276200
 830   -0.764084600   -0.167920500   -0.077188880
 831    0.834088400   -0.087170060    0.202347900
 832    7.913162000    0.382638400   -1.455692000
 833    3.752334000    0.183530100    0.453073200
 834    2.484912000    0.134613200   -0.125694700
 835   -0.950000000   -1.191077000    1.359245000
 836    5.783545000    0.512834200    0.234385100
 837   -0.950000000   -1.270459000    0.480595100
 838    1.277568000   -0.013632090   -1.098325000
 839    8.628011000    0.991326300    0.971148400
 840   13.607650000    0.973087300    0.221786200
 841   -0.950000000   -0.898303900    0.840627600
 842   26.272670000    1.840471000    0.021506760
 843   -0.950000000   -0.647757200    0.976294000
 844   -0.950000000   -0.411144400    0.999324900
 845    4.694132000    0.272665700   -1.066415000
 846   -0.950000000   -0.429707400   -1.230677000
 847   18.490340000    1.334086000   -0.581969200
 848   16.726750000    1.672485000   -1.640303000
 849    5.960996000    0.400310100   -0.312205800
 850    4.085745000    0.309143700    0.254937100
 851   -0.950000000   -1.524553000    0.997781100
 852   -0.950000000   -1.859566000   -0.724090900
 853   -0.950000000   -0.951632400    0.425281500
 854    7.009738000    0.466725600    0.844811400
 855   -0.950000000   -0.463288200   -1.005007000
 856   -0.950000000    0.157446900    0.834527500
 857    6.037574000    0.811754800    1.436028000
 858   -0.950000000   -0.913468800    0.102388200
 859   19.280660000    1.463283000   -0.683364000
 860   -0.950000000   -1.311745000    1.042920000
 861   -0.950000000   -1.416932000    1.032645000
 862   -0.950000000   -0.055239770   -0.221753500
 863   -0.950000000   -1.185652000   -0.538334800
 864   -0.950000000   -1.774442000    0.668821600
 865   -0.950000000   -1.068517000   -0.130555900
 866    9.123821000    0.769300000   -1.076861000
 867    6.141246000    0.848996200   -0.254837700
 868   -0.950000000   -1.987201000   -0.879926900
 869   16.807730000    1.633436000   -0.094596420
 870   -0.950000000   -0.816385900   -0.413740600
 871   14.787220000    1.818340000   -1.715150000
 872   -0.950000000   -1.017402000   -0.876633400
 873   -0.950000000   -0.472772000   -0.896476000
 874   -0.950000000   -0.922964500   -1.075243000
 875    5.097925000    0.687608900    0.354518400
 876    4.527965000    0.597532700   -0.093421340
 877   -0.950000000   -1.254375000    1.872423000
 878   -0.950000000   -0.702674000   -0.089483680
 879   11.930720000    1.147643000   -0.133962900
 880    8.685144000    0.912966100   -1.138066000
 881   -0.950000000    0.376750900    0.770390700
 882   -0.950000000   -0.398404200   -0.194422500
 883   -0.950000000   -0.185727100    0.467452600
 884   -0.950000000   -0.129896400   -1.333704000
 885   -0.950000000   -0.905675900   -0.333924800
 886    1.628336000   -0.193876400   -1.525963000
 887   -0.950000000   -0.526685900   -0.723788300
 888   -0.950000000   -1.185775000   -1.516918000
 889   -0.950000000   -0.362406400    0.561605300
 890   -0.950000000    0.045547080    0.383385700
 891    1.031826000    0.193677000    0.522456000
 892   -0.950000000   -0.099580240    0.176109600
 893   13.241900000    1.396683000   -0.456891200
 894   -0.950000000   -1.398326000   -0.302550100
 895    0.272728800   -0.059374350   -0.869213100
 896   -0.950000000   -0.452639900    1.637798000
 897   -0.950000000    0.053099170    0.206894600
 898   -0.950000000   -0.681727900    1.771092000
 899   14.460380000    1.337470000   -0.164547500
 900   -0.950000000   -1.048289000    0.434131600
 901   -0.950000000   -1.935207000   -0.916471200
 902    5.729979000    0.946300700   -0.174234200
 903   -0.950000000   -1.384004000   -1.060339000
 904   -0.950000000   -0.467544300    0.768274600
 905   -0.950000000   -0.437101400    1.526045000
 906    8.061983000    0.463698500   -1.434125000
 907    5.388722000    0.607412300   -0.871463800
 908    6.376411000    0.668119300   -0.224372800
 909   -0.868062300    0.115088900   -1.147680000
 910    7.861326000    0.887769200   -0.582504100
 911   -0.035950890    0.339308600    0.446751300
 912   -0.950000000   -0.815952400    0.268081500
 913   -0.950000000    0.114868200    0.880197700
 914   -0.950000000   -0.294989100   -1.433081000
 915   -0.950000000   -1.366998000    0.832504100
 916   -0.950000000   -1.213351000   -0.209653000
 917   -0.950000000   -0.262470600   -0.907639900
 918   -0.950000000   -0.590523400    1.164294000
 919   -0.950000000   -0.933114700    0.240916800
 920   -0.950000000   -1.112710000    0.359495400
 921   -0.950000000    0.074302520    0.575405200
 922   -0.950000000   -0.778282400   -0.426865900
 923   -0.950000000   -0.935860600   -1.139950000
 924    0.530945700    0.600525500    1.711911000
 925   -0.950000000   -0.561434500   -0.097012470
 926    7.307916000    0.368559600   -1.515134000
 927    3.168663000    0.596086300    0.575232700
 928   -0.950000000   -1.862286000   -0.039230850
 929   11.253140000    1.562142000   -1.297542000
 930    4.329443000    0.690316600   -1.417089000
 931   -0.844882100   -0.404718500    0.526740200
 932    7.724620000    0.440143400    0.025834660
 933   -0.950000000   -1.877277000    1.158522000
 934   19.264870000    1.751550000   -0.653763900
 935   -0.950000000   -1.538902000    0.578331400
 936   12.578490000    0.812635200    0.138355200
 937   19.621560000    1.532097000   -0.645366500
 938    0.781140300    0.024906970    0.456414400
 939   15.686710000    1.177679000   -0.084945780
 940    9.927625000    0.679669600   -1.017275000
 941   24.364880000    1.972963000   -0.154116600
 942   -0.950000000   -0.694935000   -0.973477200
 943   15.197830000    0.858448300   -1.294996000
 944   16.603740000    0.950973300   -1.187842000
 945   13.543970000    0.956581300    0.442414800
 946    4.201532000    0.404153900   -0.439141600
 947    6.080606000    0.664394400   -1.097030000
 948   -0.950000000   -0.148365700    0.591566300
 949   -0.950000000   -0.411545000   -0.627899700
 950   -0.950000000   -0.169320500   -0.278712300
 951    1.737610000    0.410034100    1.716414000
 952   -0.950000000   -0.893729800   -1.452560000
 953   -0.950000000   -0.918960000    0.350012500
 954    4.999057000    0.503489500   -0.836239800
 955   -0.950000000   -0.262553400    0.074002330
 956   -0.950000000   -0.814724000   -1.801845000
 957    9.715869000    0.979930000    0.656639700
 958    2.615867000    0.628473200    1.917203000
 959   -0.950000000   -1.683376000   -1.087423000
 960   -0.893702500    0.050767690   -0.168378500
 961    3.677306000    0.417733600   -0.039668010
 962   -0.950000000   -0.156657900    0.397140400
 963   -0.950000000   -0.272759100    0.184650800
 964   -0.950000000   -0.137206400   -0.417578900
 965   -0.950000000   -1.241300000   -0.756223500
 966   -0.950000000   -1.186856000    1.867657000
 967   10.562070000    1.244141000   -0.705812700
 968    7.100966000    0.736664600   -0.381090600
 969   -0.950000000   -0.259831600   -1.653056000
 970   -0.950000000   -0.559943600   -0.271706300
 971   -0.950000000   -0.167245700   -0.117166200
 972    1.620597000    0.609983400    0.610536000
 973    5.047663000    0.361416900   -1.523211000
 974   -0.950000000   -0.630206700   -0.191175200
 975    1.478465000    0.422359000    1.228665000
 976    4.448092000    0.175815600    0.622851700
 977   -0.950000000   -1.568129000   -0.007957288
 978    8.155866000    0.489683000    0.768709100
 979   15.052770000    1.134053000   -0.574647600
 980    8.862468000    0.577168800   -0.731499600
 981   10.125570000    0.902725300    0.233775200
 982    6.818760000    0.457918100    0.499399600
 983   -0.950000000   -0.260193500    1.912869000
 984   -0.950000000   -0.843887400    1.845311000
 985   -0.950000000   -1.078182000   -0.987972400
 986    1.788944000   -0.282615100    0.841549100
 987    4.978728000    0.077768940   -0.659378500
 988   -0.523505600   -0.092098680    1.877856000
 989    8.273754000    0.208960500   -0.932810700
 990   12.168850000    0.748236100   -0.869449500
 991   -0.950000000   -0.954931600   -0.636546400
 992   -0.950000000   -1.163461000   -0.236534500
 993   -0.950000000   -0.291598100   -0.531971000
 994   -0.950000000   -0.796842900   -0.606998900
 995   -0.950000000   -1.020971000    0.726423700
 996   -0.950000000   -0.320811900   -0.569683000
 997   -0.950000000   -0.288481500    0.913126900
 998   10.694580000    1.244877000   -0.741629500
 999   -0.950000000   -1.724938000   -1.789622000
1000   -0.950000000   -0.857806600    0.035318510
1001    1.211854000    0.388904100    0.308640300
1002   -0.950000000   -0.407657900    0.324846900
1003   17.503080000    1.618733000    0.983565300
1004   17.345100000    1.823663000    1.175091000
1005   -0.950000000   -0.383211600   -0.056431480
1006   -0.950000000   -0.040279690    0.456916300
1007   -0.950000000   -0.290245300    0.307650000
1008   -0.950000000   -1.912887000    0.370435600
1009   -0.950000000   -1.915532000   -0.358293300
1010   -0.950000000   -0.564847100    0.222944800
1011   -0.950000000   -1.033236000   -0.668558600
1012    1.531578000    0.883865800    0.304923700
1013   -0.950000000   -0.829798000   -0.331809100
1014   -0.950000000   -0.540231000   -0.924916600
1015   -0.950000000   -1.346524000    0.759998700
1016   -0.950000000    0.197121500    0.244258800
1017   -0.950000000   -1.875974000   -0.773728600
1018   -0.950000000    0.097647480   -0.642492000
1019   -0.950000000   -0.221363200    0.107322100
1020   -0.950000000   -0.768047400    0.326136100
1021   -0.950000000   -1.456770000   -0.571508300
1022    2.003593000   -0.096572730   -0.479563000
1023   -0.950000000   -0.537492500    0.893590500
1024    9.906701000    0.895876000    0.534594800
1025   -0.950000000   -0.832461200    1.767710000
1026   -0.950000000   -0.929277900    0.966353200
1027   -0.950000000   -1.361505000    0.982098000
1028   17.037400000    1.145620000   -1.448037000
1029    1.897649000    0.242988700    0.178845200
1030    4.784473000    0.201576500    1.002388000
1031    4.992295000    0.485876200    0.084516860
1032    9.256822000    0.660992800    0.005079311
1033    6.267530000    0.763821700    0.407223800
1034    7.307081000    0.692464000    1.339783000
1035    1.135842000    0.097857700    0.075417410
1036    1.733966000   -0.137220200   -0.786401100
1037   -0.950000000   -1.269252000    0.183961000
1038   10.476910000    1.009180000    0.768225000
1039   11.793960000    0.786893000   -0.092197930
1040    6.540952000   -0.021877420   -1.051638000
1041   15.981890000    1.486694000    1.747994000
1042    5.112519000   -0.085549460   -1.090076000
1043   -0.950000000   -0.813572800    1.497246000
1044   13.929740000    0.619202900   -1.617002000
1045   -0.950000000   -0.649931100    0.089316740
1046   16.736390000    1.081891000   -0.303263800
1047   13.734670000    1.050707000    0.960999600
1048   -0.950000000   -0.908611500   -0.556006200
1049    1.852743000   -0.008043813    0.314455300
1050    5.712226000    0.250784300    0.435875500
1051   -0.950000000    0.110527700    1.091352000
1052   15.238410000    0.970464100    0.318267400
1053    9.136923000    1.118890000   -1.366770000
1054   19.343330000    1.155094000   -0.367972700
1055    6.206208000   -0.048770480   -0.656206300
1056    6.794235000    0.325557800   -0.546162500
1057    1.761590000   -0.226170100    0.927590600
1058    2.222515000   -0.258247500   -0.007647992
1059    5.019291000    0.062064470   -0.251181800
1060    7.081814000    0.495729600    0.867504900
1061    0.767680600   -0.325230400   -0.379172000
1062   14.888970000    1.609642000    0.701207900
1063    4.744038000    0.227848200    1.053148000
1064    0.722294100   -0.234125300   -0.210887900
1065    1.855735000   -0.142384900   -0.297361500
1066   -0.950000000   -1.302783000   -0.464834200
1067   -0.950000000    0.027025500    0.963734200
1068   -0.950000000   -0.602115900    0.145706300
1069   -0.950000000    0.287734300   -1.507493000
1070   -0.950000000   -0.358300700   -0.629751700
1071   -0.950000000   -0.119605000   -0.609455400
1072   -0.950000000   -0.829031900   -1.545358000
1073    3.665084000    0.780234700   -0.855524100
1074   -0.950000000    0.055049820   -0.957718600
1075   -0.950000000    0.052117580   -0.472175300
1076   -0.950000000   -0.672627500   -1.723170000
1077   -0.950000000   -0.923001100    0.484386400
1078   -0.950000000    0.007283643   -0.764361900
1079   -0.950000000   -0.534206400   -0.045826310
1080    0.014372250    0.532421300   -1.016740000
1081    0.272664700   -0.237821300   -0.875368200
1082   15.462590000    1.299536000   -0.917955900
1083   -0.950000000   -0.972982900   -0.388045400
1084   -0.950000000   -0.091391240   -0.235317500
1085   -0.950000000   -0.107563900   -0.632497000
1086    1.181338000    0.069577440   -0.266155600
1087   12.299770000    0.951334600   -1.708476000
1088   10.423660000    1.160928000   -0.076131330
1089    5.763618000    0.825859900    0.501614200
1090   -0.950000000   -1.228838000   -1.295684000
1091    1.836765000    0.082683530    1.738971000
1092    3.492941000    1.309884000    1.504651000
1093   -0.327117100    0.089396480   -0.013790330
1094   18.792800000    1.347090000   -1.257682000
1095   -0.950000000    0.043715090    0.420300700
1096   -0.950000000   -0.627650900    1.378038000
1097    0.905758800   -0.034841250    0.563869100
1098    6.832481000    1.069825000    0.542551400
1099   -0.950000000   -1.312082000   -0.829810900
1100    9.523874000    0.245898200   -1.715325000
1101   11.661100000    1.036360000    0.396612000
1102    2.763357000    0.241611500    0.296104600
1103    9.512972000    1.011076000    1.014891000
1104    6.905005000    0.268471300   -0.898908200
1105   15.378770000    0.909222100   -1.082681000
1106    5.105447000    0.096503730    1.047805000
1107   14.738840000    0.789530900   -0.717766100
1108    3.651303000   -0.263927300   -1.006348000
1109   -0.950000000   -0.440977100    0.154834800
1110    9.064671000    0.876027500    0.759888500
1111   -0.950000000   -1.248090000    1.158995000
1112   13.506040000    1.201087000   -0.042340270
1113    1.495344000   -0.238247500   -0.745767600
1114   -0.950000000   -0.765053100    0.474224500
1115    0.487624700   -0.143345700    0.602254300
1116   -0.950000000   -0.975490500   -0.228477900
1117   11.322490000    0.555686300    0.276243600
1118   12.964100000    1.500934000    1.151437000
1119    5.826782000    0.271099600   -0.497359600
1120   -0.950000000   -0.570533600    1.813598000
1121   -0.950000000   -0.668244400    1.313667000
1122   -0.950000000   -0.617983900   -0.327697700
1123   -0.950000000   -1.069840000    0.251282600
1124    3.684399000   -0.050674620   -0.211316400
1125   14.660580000    0.919702500   -0.403127500
1126   -0.950000000   -0.459889200   -0.584305700
1127   29.963200000    1.826125000    1.715541000
1128   -0.950000000   -0.186396000    1.318509000
1129   -0.950000000   -1.377711000    1.210367000
1130   16.107290000    1.305863000   -1.597532000
1131   -0.950000000   -0.829116000    1.746226000
1132   -0.950000000   -0.890132500    0.094442780
1133   -0.950000000   -0.647012400    0.555661200
1134    8.743679000    0.730622900    0.125801500
1135    8.509644000    0.756936800    0.021945320
1136   -0.950000000   -0.872262400   -0.341570900
1137   -0.950000000   -1.009542000    0.145487500
1138    5.018276000    0.269895900   -0.295794500
1139   -0.950000000   -1.380712000    0.140574200
1140   -0.122918100   -0.018707420    0.483201900
1141   12.180990000    1.251160000    0.197926800
1142   -0.950000000   -1.163898000    0.113597500
1143   -0.021277670   -0.123892700   -1.192608000
1144    1.633812000   -0.303347400   -1.986273000
1145   -0.950000000   -0.257228700    0.535708300
1146   -0.950000000   -1.167881000    1.550048000
1147    2.948260000    0.181123200   -0.079553080
1148    5.584688000    0.227641200    0.099087600
1149   -0.950000000   -0.743783200   -0.478204200
1150   -0.950000000   -0.631062800   -0.828208400
1151   -0.950000000   -1.723764000    0.390114900
1152   13.311750000    0.982191800   -1.286012000
1153   18.716190000    1.746524000    0.733975900
1154    9.541711000    0.851460400   -0.324820000
1155    5.661695000    0.816401700    0.991823700
1156   -0.950000000   -0.141181500   -0.240609500
1157   -0.950000000   -0.897892300   -1.249764000
1158   -0.950000000   -1.831028000   -1.272960000
1159   -0.950000000   -1.497071000    1.704201000
1160   -0.794662600   -0.110337500   -0.160916300
1161    2.266303000    0.460272100    0.576394600
1162    5.413142000    0.691567000    0.784399200
1163    0.212015600    0.633998700    1.307386000
1164   -0.950000000   -0.924393000    0.146936800
1165   11.341070000    1.025399000    0.704792300
1166   -0.950000000   -1.277459000   -0.327344900
1167   -0.950000000   -1.723886000    0.012075060
1168   20.636860000    1.386613000   -1.295974000
1169   -0.950000000   -1.126165000    1.184781000
1170   11.399680000    1.727782000    1.014070000
1171    3.323992000    0.344446000    0.767124700
1172    8.805495000    0.439153900   -0.656336900
1173   -0.950000000   -1.075295000   -1.863925000
1174    1.531738000   -0.110888500   -0.035633570
1175   10.874800000    1.071785000    1.110855000
1176    1.798083000    0.130446700    0.119598800
1177    3.128978000    0.125970800   -0.138184300
1178    6.996468000    0.499632700    0.598801300
1179   -0.950000000   -0.395074400    0.470418200
1180    0.383054300    0.173574600    1.092041000
1181    2.231132000    0.112915300    0.435995700
1182    9.767071000    0.492074100   -1.466553000
1183   -0.950000000   -0.564864900   -0.389870800
1184   -0.950000000   -1.157763000    1.776403000
1185    5.149846000    0.491557600    0.317813800
1186   -0.950000000   -0.010009500    0.833315900
1187    8.435430000    0.628353400   -0.603859400
1188    8.352524000    0.607830400   -0.505200900
1189    5.783314000    0.455351800   -0.138545300
1190    6.333427000    0.741992200    1.117333000
1191   -0.950000000   -1.045278000   -1.458231000
1192   -0.950000000   -1.381152000    0.317435000
1193   -0.950000000   -0.811910600    1.580052000
1194   -0.950000000   -0.011642510    0.739026100
1195    3.803949000   -0.002209983   -1.364882000
1196    8.361952000    0.795384200    0.483376000
1197   -0.950000000   -0.729413400   -1.522167000
1198    3.402972000   -0.101561900   -1.262542000
1199    2.274193000    0.147857000   -0.353684200
1200    6.849084000    0.770867100    1.684443000
1201   21.174380000    1.811278000    0.813149200
1202   -0.950000000   -0.936520900    0.046364760
1203   11.114330000    0.892368600    0.552559900
1204   10.676930000    0.626774300    0.137589000
1205    1.880649000   -0.173523700    0.280656400
1206    2.958887000   -0.119969500    0.556500400
1207   -0.950000000   -1.150043000    1.080709000
1208   12.385060000    1.174695000    1.075554000
1209   19.860740000    0.892912200   -1.635088000
1210   -0.950000000   -0.755264700    1.030536000
1211   10.813970000    0.362804200   -1.043308000
1212    8.929747000    0.460066000    0.403231400
1213    0.391780700   -0.389573300   -0.157201500
1214   16.076130000    1.211011000   -0.667367500
1215   14.398280000    0.875115800   -1.535638000
1216    1.263558000    0.376863900    0.598743300
1217    1.737860000    0.097269750   -0.563727500
1218   -0.950000000   -0.271566300    0.234957100
1219   -0.950000000   -1.893685000   -0.355383600
1220    3.299158000    0.286479600    0.418031700
1221   19.489690000    1.861544000    0.106316400
1222   10.984620000    1.455791000   -0.841010300
1223    0.470373700   -0.089047280   -0.504413700
1224   11.183790000    0.935733700   -0.697833000
1225    7.112529000    0.751099800    0.557403300
1226    0.722830800   -0.068817130   -0.761190400
1227   -0.950000000   -1.984229000   -0.561956400
1228    8.596844000    1.132386000    0.688884700
1229   -0.950000000   -0.457182600   -0.268839200
1230   -0.950000000   -0.868296000    0.905786400
1231   -0.187226000   -0.064222260    0.647572100
1232   -0.950000000   -1.073148000    0.012517440
1233   -0.950000000   -0.597466300    0.124772000
1234    7.443240000    0.418006500   -0.040971980
1235    7.912816000    0.596327600    0.107530700
1236   -0.950000000   -0.384314900    0.016833380
1237    8.773175000    0.485570500   -0.154657300
1238    3.521264000    0.189215400    0.740562900
1239    2.804279000   -0.001252075    0.087886220
1240   -0.950000000   -0.416497700   -0.754872700
1241   16.370920000    1.194433000   -1.032367000
1242   19.400920000    1.473153000   -0.474803100
1243   11.112850000    0.834540200    0.985172900
1244   15.362270000    1.025429000    0.916595300
1245    3.799450000   -0.084545800   -0.070098000
1246   -0.950000000   -0.886532400    0.420291800
1247   -0.440849000   -0.189681800   -0.261332800
1248   -0.950000000   -0.916514700   -1.229093000
1249   -0.950000000   -0.683634800    0.301927300
1250   12.473560000    0.756036400   -1.118953000
1251   17.311950000    1.329255000    0.541188300
1252   -0.950000000   -1.333556000   -0.834032300
1253   -0.950000000   -0.959165900    0.311348300
1254   25.413780000    1.977786000    0.395301900
1255   -0.950000000   -0.740724300   -0.744499900
1256   -0.950000000   -0.596798900    1.667893000
1257    8.903421000    0.715540100   -0.012071530
1258   -0.950000000   -0.512250200    0.134983400
1259    6.104579000    0.859181300    1.585946000
1260    8.197730000    0.666290700    1.258435000
1261    0.662932300   -0.344349800   -0.456064800
1262    3.571567000    0.323045800    0.386238100
1263    1.227561000   -0.061477250    0.133014000
1264   -0.950000000   -0.858602200    0.755869700
1265    1.317326000   -0.312601800   -1.459269000
1266   -0.950000000   -1.670776000    0.199314200
1267   12.658300000    1.601972000    1.528431000
1268   14.254740000    1.297683000    0.912434000
1269   -0.670174100   -0.390452800   -0.538715400
1270    1.196700000   -0.013796060    0.619410500
1271   14.005340000    0.709583700   -1.618146000
1272   -0.950000000   -0.300893200    0.989696300
1273   -0.950000000   -0.493658200   -0.640961300
1274   -0.950000000   -0.213946100    0.884819300
1275    5.791497000    0.337023400   -0.281310400
1276   -0.726481400    0.073798210   -0.347416300
1277   -0.950000000   -1.013387000   -1.344098000
1278   -0.950000000   -0.790250300   -1.985005000
1279   10.070760000    0.742570300   -1.871666000
1280   -0.950000000   -1.424012000    0.736220300
1281   -0.950000000   -0.307073900   -0.353986200
1282   -0.950000000    0.109108000    0.783757900
1283   -0.950000000   -1.030093000    0.671204300
1284   -0.950000000    0.151219800    0.242810900
1285   -0.950000000   -0.171597100    0.230433200
1286   -0.950000000   -0.199009100   -0.007044151
1287    1.391467000    0.532094000    0.304544200
1288   -0.950000000   -0.312679800    0.021875980
1289   -0.950000000   -0.816658500    0.218485300
1290   -0.950000000   -0.098340100    1.087904000
1291   -0.950000000   -0.515400700   -0.243753400
1292   -0.950000000   -0.593319200   -0.489288000
1293   -0.950000000   -0.874134700    0.712652400
1294    6.294343000    0.232296600   -0.833892900
1295    8.327647000    0.757176700    0.745735700
1296    9.901904000    0.907802500    0.107012300
1297    6.957029000    0.704923200   -0.325960500
1298    6.233278000    0.507487800   -0.663146700
1299   -0.950000000   -0.936763600    0.350742000
1300   -0.950000000   -0.558555000    0.193048300
1301   -0.950000000    0.053341950    0.894947800
1302   -0.950000000   -1.205636000   -0.467504600
1303   17.935260000    1.383265000    0.400113700
1304   20.880380000    1.845545000   -0.418612500
1305    4.475054000    0.279306900   -0.145314700
1306   -0.950000000   -0.267540400   -0.966169900
1307   16.512050000    1.422738000   -0.282169800
1308   13.074910000    0.903270300   -1.100297000
1309   -0.950000000   -1.441326000   -1.457235000
1310    3.730222000    0.588126200    0.532819200
1311    1.785966000    0.364063800    0.215771400
1312   -0.950000000   -1.367180000    1.100211000
1313   -0.950000000   -1.111749000    1.084296000
1314    4.733493000    0.863235700   -0.007173620
1315   -0.950000000   -1.155432000   -0.266817000
1316   -0.950000000   -1.887503000   -0.173312500
1317   -0.950000000   -1.167617000    0.584878300
1318    2.733676000    0.705039600    0.344628900
1319   16.815490000    1.363889000    0.427277500
1320    2.332578000    0.159199100    0.302978200
1321    8.494303000    0.359513700   -0.949093300
1322   10.063790000    0.792850500   -0.623922500
1323    0.814036400   -0.054895750    0.460146900
1324    4.489745000    0.299619700   -0.205811800
1325   -0.950000000   -0.263072200    1.549266000
1326   17.144060000    1.725237000   -0.359743900
1327    8.362087000    0.808520100    0.701340200
1328   17.773730000    1.234839000   -0.524435700
1329   10.321250000    0.780905000   -0.367015200
1330   12.435580000    0.984179400   -0.598126800
1331   -0.950000000   -0.371544000    0.214315700
1332   -0.950000000   -0.630471300    0.892392100
1333   -0.774884500   -0.303936100    0.382239100
1334    6.945472000    0.271464100   -1.081695000
1335   -0.950000000   -1.108096000   -0.466030500
1336   -0.950000000   -0.351394800   -0.231246200
1337    7.854159000    0.410808900   -1.702419000
1338   -0.950000000   -0.554937000   -0.649741600
1339    5.401288000    1.179690000    1.964286000
1340   18.661380000    1.601264000    1.080348000
1341   -0.950000000   -1.266657000    0.370241200
1342    5.118042000    0.422667900   -1.411638000
1343    0.465491200    0.160852100   -0.750444500
1344   -0.950000000   -0.951016700   -1.206197000
1345   -0.950000000   -0.681665500    0.688590800
1346    0.306533000    0.169860200   -0.207187300
1347   -0.950000000   -1.745502000    1.278966000
1348   -0.950000000   -0.517478500    1.109598000
1349   -0.950000000   -0.905692400    0.407356500
1350   -0.950000000   -0.782090800    0.540298900
1351   -0.950000000   -0.542617700   -0.515510300
1352    6.368962000    0.914369200    1.616837000
1353   -0.950000000   -1.514516000   -0.901837800
1354    8.680181000    0.826905600    0.211080000
1355    9.515936000    1.007059000   -0.432554200
1356   -0.950000000   -0.298731700    0.347117300
1357   -0.950000000   -1.007716000   -0.639165400
1358   17.265830000    1.584714000   -0.230413100
1359   13.893940000    1.621201000    0.709719900
1360   -0.950000000   -1.053557000    1.025850000
1361    4.214740000    0.342792700    0.441369700
1362    0.586648200    0.009766508    0.524051500
1363    2.346799000   -0.374855900   -1.544262000
1364    1.689830000    0.015936300   -0.620141600
1365   -0.950000000   -0.435565600    0.908931800
1366    9.444664000    0.865048800   -0.196212700
1367   12.028150000    0.943784300    1.239932000
1368   10.636070000    0.694852200   -0.469600200
1369   16.468110000    1.805276000   -1.390094000
1370   18.739090000    1.394590000    0.588628200
1371   -0.222633000    0.093659160    0.163939400
1372   -0.950000000   -0.841671300    0.701252900
1373   -0.950000000   -0.788884000    0.373701100
1374    6.276384000    0.315129300   -0.223273200
1375    1.888403000   -0.018402250    0.161395700
1376   -0.950000000   -1.016712000    0.725097700
1377    0.026597480   -0.323838300   -0.261322400
1378   -0.789974000   -0.357886900   -0.804362300
1379   12.722190000    0.689849200    1.666557000
1380    2.662110000    0.225851900    0.802258100
1381    8.674894000    0.544518000   -1.589878000
1382    5.010122000    0.237008000   -1.666809000
1383   -0.504540300    0.183590600    0.036803830
1384    7.694277000    0.980845700   -1.850101000
1385    9.283358000    0.810885300   -0.512843600
1386   -0.950000000   -0.905731600    0.472782300
1387    6.307018000    1.100209000   -1.522412000
1388   -0.950000000   -0.253991000   -0.545166200
1389   15.944170000    1.723779000    0.015987690
1390   17.556530000    1.696450000   -0.121804700
1391    1.042960000    0.689525600    0.970082700
1392    7.987393000    1.339977000   -0.503688300
1393   13.781210000    1.368309000    0.102074200
1394   -0.950000000   -1.173404000   -0.363907000
1395   -0.950000000   -0.960241900   -1.878811000
1396   -0.950000000   -0.513719700    0.535101900
1397   -0.950000000   -0.286156700   -0.556701500
1398   -0.121403500   -0.166027200    0.109364300
1399   -0.950000000   -0.085198620    0.422834400
1400    0.819009800    0.100210200    0.781036700
1401    1.294025000    0.241060800    0.435019900
1402    9.586352000    1.014380000    1.388544000
1403    5.302523000    0.345671900   -0.640963900
1404    8.055017000    1.254961000    0.945392300
1405   -0.950000000   -0.797090000    0.365896200
1406   -0.950000000   -1.453359000   -1.567184000
1407   -0.950000000   -1.209237000   -0.259760700
1408    1.766644000    0.101077500   -0.227957400
1409   -0.950000000   -0.778542600    0.178125000
1410   -0.950000000   -1.099328000    1.447337000
1411   -0.950000000   -0.763801200   -0.279548800
1412   -0.950000000   -0.101955200   -0.674308000
1413   -0.950000000   -0.331360400   -0.808335800
1414   -0.950000000   -1.538002000   -0.805526700
1415   -0.950000000   -0.297312000   -1.358451000
1416    6.621626000    0.793123600   -0.633110700
1417   -0.950000000   -0.745285700   -0.885720300
1418   -0.950000000   -1.692036000   -0.301856100
1419   10.241030000    1.178554000   -0.193168000
1420    6.733306000    0.790931200    1.279401000
1421   11.667070000    0.748346800   -0.919872400
1422    7.952372000    0.711539400    0.976972300
1423   -0.950000000   -1.381304000    0.655448100
1424    6.137129000    0.706099100   -0.636024500
1425   -0.950000000   -0.168451900    1.747441000
1426   -0.950000000   -0.503635400    1.275220000
1427   -0.950000000   -1.275347000   -0.455438600
1428   -0.950000000   -0.107355000    0.795793200
1429   -0.950000000   -1.098727000   -0.359493600
1430   -0.778866800   -0.161219300    0.392476700
1431    2.538017000    0.053232350   -0.417893400
1432    2.022518000    0.311349500    0.945547600
1433   -0.950000000   -0.045593270    0.871694500
1434    0.155947800   -0.147934000    0.031408980
1435    7.062254000    0.374261600   -0.468717400
1436    4.484139000    0.191302500    0.200778600
1437   11.476230000    0.984877200    0.188543200
1438   10.540620000    0.764402200   -0.623726900
1439   -0.950000000   -1.355273000    0.352115100
1440   -0.950000000    0.468945400    1.439132000
1441   -0.950000000   -0.347035300   -0.923662200
1442    3.404869000    0.221398000   -0.518809200
1443    0.310084600    1.233919000    1.684190000
1444   -0.950000000   -0.434927200   -0.076737870
1445   -0.950000000   -0.614630800   -0.510780800
1446   -0.050047980    0.062057270    0.693244600
1447   -0.950000000   -0.902163200   -0.113043100
1448   -0.950000000   -0.949090600    0.171351000
1449    4.687162000    0.239263100   -1.316768000
1450    4.746767000    0.549296800   -0.544028500
1451    1.477817000    0.320354700   -0.043206480
1452   10.215080000    1.089531000   -0.733848700
1453    5.611414000    0.610239200   -0.356924800
1454   -0.950000000   -0.465939300   -0.547286100
1455   -0.950000000    0.445621700    1.195737000
1456    0.021365750   -0.046330130    0.521168800
1457   -0.950000000   -1.374761000   -0.419572200
1458   -0.950000000   -0.804289800    0.287694400
1459   -0.950000000   -0.714148700   -1.375281000
1460   -0.950000000   -0.673397800   -1.442886000
1461    5.892177000    0.800229900    0.447204500
1462    1.153777000    0.109076900   -0.782112300
1463   -0.950000000   -0.868322400    0.850487600
1464    5.184461000    0.501087700    0.528957100
1465   -0.950000000    0.059677440    1.506708000
1466   -0.950000000   -0.670502600   -0.724227400
1467    2.379321000    0.563832200    0.988773800
1468   -0.950000000   -0.036521390    0.629872500
1469   -0.950000000   -1.060392000    0.620900200
1470   -0.950000000   -0.495364400    0.612823400
1471    3.313972000   -0.113705800   -1.630161000
1472   -0.950000000   -1.133980000   -1.233859000
1473    5.329204000    1.272664000    0.817457800
1474    4.889176000    0.392445800    0.380607700
1475    4.546977000    0.746868900    0.288964000
1476    0.419385500   -0.043504060   -0.167194600
1477   -0.950000000   -0.771819600    1.027511000
1478   -0.950000000   -0.817733600    0.189728900
1479   10.772630000    1.095129000    1.772709000
1480    8.270871000    0.992407800   -0.296792100
1481    3.058539000    0.300396800   -0.112716700
1482   -0.950000000   -1.251918000   -0.283270000
1483   -0.375714600    0.081654860    0.035243150
1484   16.289000000    1.343798000   -0.757140700
1485    6.922640000    0.378499500   -1.009288000
1486   -0.950000000    0.033112330    1.201280000
1487   -0.950000000   -1.508987000    0.582755900
1488   -0.950000000   -0.253234900    0.366107500
1489    4.573525000    0.445695100   -0.601721600
1490    3.259633000    0.374901800   -1.780164000
1491   15.829990000    1.424997000    1.631927000
1492    5.471497000    0.445186300   -0.512442700
1493   -0.950000000    0.054979580   -0.219384600
1494   -0.950000000   -0.532624700   -0.596054500
1495   -0.950000000   -0.790824500   -0.625590200
1496    8.088205000    1.305434000    1.308300000
1497    3.097721000    0.304687200   -1.110229000
1498   -0.950000000    0.177942200    0.868680700
1499   -0.950000000   -0.407320200   -1.389350000
1500    7.426152000    0.955720500   -1.049282000
