*y  x1  x2
   1   17.781350000    1.209713000   -1.097916000
   2   12.491960000    1.178985000    0.452877700
   3   -0.950000000   -1.089174000    0.653114400
   4    5.537865000    0.514282800    0.086931690
   5   17.076340000    1.307408000    0.869176100
   6    6.678859000    0.738388500    0.766391300
   7   12.268240000    0.913945900   -0.120823300
   8   -0.950000000   -1.107231000   -0.948723000
   9   -0.950000000   -0.253078700    0.509921700
  10   -0.267894400   -0.106345300   -0.832989400
  11    6.640333000    0.486991500   -0.090768720
  12   -0.950000000   -0.584926200   -1.320356000
  13    0.923805200    0.206795800    1.406330000
  14    7.857604000    0.756692500   -0.557703400
  15   -0.950000000   -0.512895700   -0.610207200
  16    4.662711000    0.552814600   -0.487476200
  17   -0.950000000    0.234160300    1.798264000
  18    0.041265800    0.001804813   -1.225871000
  19   -0.950000000   -0.647453200    0.701670600
  20    0.220977800   -0.070658530   -1.091111000
  21   -0.950000000   -1.798254000    0.238844400
  22   -0.950000000   -1.398982000   -1.381275000
  23    4.149868000    0.420195500   -1.068867000
  24   -0.950000000   -0.421423300    1.481434000
  25    0.886921000    0.234117600   -0.234036100
  26   -0.412494800    0.518198300    1.730158000
  27   -0.950000000   -1.608275000   -1.905173000
  28   -0.268141800    0.169244000   -0.380185500
  29   -0.950000000   -0.154292000    1.096822000
  30   11.952140000    1.313694000    0.251536600
  31   11.404920000    0.691009900    0.577463000
  32   24.641480000    1.420496000    0.258402000
  33    5.360571000   -0.038963250    0.924852400
  34    5.156389000   -0.224980400    0.517298500
  35   10.501560000    0.542389600    1.054401000
  36   12.310290000    0.516308100   -0.356033200
  37    8.540618000   -0.074231570    0.533615800
  38   20.145430000    1.257778000    0.532241300
  39    5.105321000    0.142844300    1.095402000
  40    3.424651000    0.003275687    1.843635000
  41    3.463980000   -0.329071700    0.927039100
  42   28.724220000    1.820182000   -0.610472600
  43   13.067620000    0.840442400    0.517449500
  44   -0.950000000   -1.255045000    0.972162400
  45   15.427300000    0.920882500   -0.264460900
  46    7.572167000    0.727266500    0.051324610
  47    2.745754000    0.379353000   -0.080255720
  48   -0.950000000   -0.360999300   -0.409604700
  49    3.577319000    0.629426300    0.161622300
  50    7.536574000    0.506287000   -1.008048000
  51   16.102890000    1.431286000   -0.905726000
  52   -0.950000000   -0.241639600   -0.040723860
  53   -0.950000000   -1.683508000   -0.408167600
  54   -0.950000000   -1.674198000    0.209238800
  55   -0.672929800    0.749442000    1.511925000
  56    2.131969000    0.309019000    0.212071600
  57    2.503643000    0.631122200    0.365751800
  58    4.094789000    0.537208900   -0.344861400
  59   -0.950000000   -1.323770000   -0.027643860
  60   -0.087000660    0.315404800    0.346842600
  61   -0.950000000   -0.562385000    0.745247100
  62   14.599900000    1.639521000    0.111713300
  63   19.244000000    1.295088000    0.123049000
  64   -0.950000000   -0.831251500    0.146023200
  65    5.503779000    0.130643200   -0.522712900
  66   -0.950000000   -0.755012000    1.155113000
  67    8.702671000    0.240347100   -1.131973000
  68    1.766255000    0.442600300    0.728399300
  69   13.488600000    0.953684800   -1.210771000
  70   -0.950000000   -0.243702200    0.734526000
  71   12.988170000    0.832444300   -0.667333000
  72   -0.950000000   -0.396757500   -0.579820200
  73   -0.950000000   -1.424439000   -0.401808200
  74   -0.950000000   -1.039364000    0.304742900
  75    5.353548000    0.443259300    0.196949100
  76   15.555320000    1.335945000   -0.572590300
  77   -0.950000000   -0.798752700   -0.719889300
  78   -0.950000000   -1.592778000   -0.707840200
  79    1.792527000    0.336700100   -0.255833900
  80    0.708586300    0.300459500    0.263497000
  81   -0.950000000    0.487762800    0.905554000
  82    1.700771000    0.135374200    0.825363800
  83   18.694050000    1.445029000   -1.554759000
  84   -0.950000000   -0.331595500   -1.576124000
  85   -0.950000000   -0.430587200    1.752357000
  86    2.883352000    0.410601800    0.564464900
  87   -0.950000000   -1.356029000   -0.018604110
  88   -0.950000000   -1.631508000   -1.249484000
  89    6.588965000    0.532857100   -1.458529000
  90    0.247068800    0.498506900    0.757361800
  91   -0.950000000   -0.446797200   -0.320490100
  92   -0.950000000    0.366542000    0.986701600
  93   -0.950000000   -1.484439000   -1.426832000
  94   -0.950000000   -0.561983900   -0.381306900
  95    4.245319000    0.474380200   -1.266439000
  96   -0.950000000   -0.910915100    0.280446200
  97    4.806831000    0.815327000    0.198440000
  98   -0.950000000   -0.082569000   -0.835953700
  99   -0.950000000   -0.598057700   -1.430977000
 100    7.292736000    0.920267400    0.005865943
 101   -0.950000000    0.517502100    0.933569200
 102   -0.950000000   -0.805131900    0.514790700
 103   -0.950000000   -1.027755000   -0.200117100
 104    2.264436000    0.127588700   -1.766616000
 105    2.122971000    0.283680600   -1.226730000
 106   -0.950000000   -0.201616200   -0.227931900
 107   -0.950000000   -0.590331200    0.837697800
 108   -0.950000000   -0.615709000    0.042783260
 109    7.176440000    0.518914700   -0.798405600
 110    6.740693000    0.804074800    1.510215000
 111    3.011434000    0.289284600   -0.365282300
 112   -0.950000000   -0.104343300    0.848640100
 113   -0.950000000   -0.034806530    0.501767100
 114   10.544890000    0.988860100   -0.046132770
 115   11.033670000    0.613492400   -1.479396000
 116   -0.950000000   -1.864862000    0.480502600
 117    1.355824000    0.106646800   -0.116785400
 118   -0.950000000   -1.420209000    1.545475000
 119   -0.950000000   -0.583375700    0.514245000
 120   -0.472444400   -0.045557830   -0.116379600
 121   -0.950000000   -1.440784000    1.668358000
 122   -0.950000000   -0.990546100   -0.616188900
 123   11.456230000    1.291206000    0.631434500
 124   23.597800000    1.405492000   -1.266281000
 125   -0.950000000   -0.961713400    1.470947000
 126    1.248370000    0.196413500   -0.027533680
 127    6.641825000    0.719689500   -0.321082300
 128    9.902016000    0.868677300    0.660310300
 129   -0.950000000   -0.279718900    1.513112000
 130   -0.950000000   -0.668585300   -1.559176000
 131   14.171070000    1.601995000    0.250600500
 132   -0.950000000   -0.735367100   -1.464023000
 133   -0.950000000   -1.423076000   -0.823818900
 134   -0.950000000   -0.859224200   -0.446443400
 135   -0.950000000   -0.266396300    0.599373600
 136   -0.950000000   -0.449615500   -0.534943500
 137    7.936327000    0.837890300    0.804587400
 138   10.756840000    0.786233100   -0.788675500
 139    6.643674000    0.423859700   -0.235347700
 140    4.538707000    0.295642400   -0.023114870
 141    9.423335000    0.726774300    0.370550900
 142   12.555490000    1.928031000    1.329798000
 143   -0.950000000   -0.810741800    1.513304000
 144    4.212186000    0.203871600    1.998818000
 145   -0.199999100   -0.311506200   -0.736529400
 146   -0.345178000   -0.359793400    1.167763000
 147    2.273119000   -0.008875217   -0.237535200
 148   20.716320000    0.933061400   -1.794263000
 149   -0.950000000   -1.027367000    0.089774610
 150    9.173037000    0.553169100    0.400395400
 151    0.216588900   -0.683737600    0.415157100
 152    0.139265500   -0.936519200   -1.253315000
 153   -0.950000000   -1.281096000   -0.933065000
 154   10.321180000    0.815390200    1.312236000
 155    7.447641000    0.437671800    1.542585000
 156   16.503890000    0.940797900    0.254376100
 157   21.360510000    1.965874000    1.461668000
 158   -0.950000000   -1.561140000    0.495483400
 159    4.096978000   -0.128936400    0.624247200
 160   10.792080000    0.662766500    0.593351800
 161   19.106520000    1.321243000   -0.073740050
 162   12.140160000    0.656733700    1.422101000
 163   19.715310000    1.094166000   -1.135728000
 164   20.592970000    1.910866000    0.650291800
 165   -0.950000000   -0.248018300    1.244192000
 166   -0.950000000   -0.654535400    0.987619800
 167   -0.950000000   -0.572592400   -1.097261000
 168   -0.950000000   -0.592235500   -0.844913800
 169   12.285940000    0.872698300   -0.707701700
 170   -0.950000000   -1.058848000   -0.344657000
 171   -0.950000000   -0.390793900    1.872312000
 172    7.494184000    0.853151900    1.101090000
 173   -0.950000000    0.021024010    1.459411000
 174    2.050405000    0.416063300    0.561602800
 175   -0.950000000   -1.250195000   -1.052657000
 176    1.976791000    0.051126500   -1.370216000
 177    9.217280000    1.023511000   -0.945350500
 178    1.580053000    0.142556900   -0.440902200
 179   -0.950000000   -1.600872000    1.647080000
 180   -0.950000000   -1.544465000    0.448519900
 181    2.562096000   -0.052685720   -0.064464580
 182    1.338691000   -0.064597950    0.060808360
 183    0.048529910   -0.115926400    0.137294200
 184    0.121461400    0.036575740    1.554619000
 185    7.183017000    0.363276500    0.949328500
 186    6.592251000    0.358035300    0.808170200
 187   -0.950000000   -0.711912800   -0.306750600
 188   12.130710000    1.430263000   -0.492398000
 189   11.733940000    0.880725200   -0.213026400
 190   -0.950000000   -0.727820000   -1.906963000
 191   17.227540000    1.306684000    1.485764000
 192   25.363050000    1.503097000    0.980034500
 193    1.866414000   -0.099105310   -1.401982000
 194   -0.950000000   -1.425931000   -1.019178000
 195    9.317596000    0.758157000    0.501761300
 196   -0.950000000   -0.437604800    0.121926100
 197   13.722610000    1.275674000   -0.723082800
 198    5.989312000    0.531372100    1.203398000
 199   -0.950000000   -1.494673000   -0.201497500
 200    7.341292000    0.337855600   -0.776358100
 201    0.986473200   -0.037457260    1.081566000
 202    3.040693000    0.525455100    0.890498700
 203    3.311078000    0.878652400    1.620103000
 204   -0.868273800   -0.447361200    1.558375000
 205   -0.950000000   -0.726231600   -0.950050500
 206    3.352460000    0.021624010    0.075329910
 207    7.442528000    0.805792500    1.156017000
 208    6.214120000    0.181770000    0.949454300
 209    2.313186000   -0.042447800   -1.993855000
 210    9.643505000    0.805345800   -1.027973000
 211   -0.950000000   -1.076109000   -0.512240500
 212    3.746598000    0.573140500   -0.796772000
 213   -0.950000000   -0.253929900    0.302721100
 214   11.984270000    1.642664000   -1.278695000
 215   17.257590000    1.356440000   -1.088788000
 216   -0.950000000   -1.541808000    1.655950000
 217    9.262553000    1.021385000   -0.703081900
 218   -0.194955200    0.095085530   -1.096589000
 219   -0.950000000   -0.437351500    0.239442400
 220   -0.950000000   -0.284165700   -1.091625000
 221   10.821240000    1.128379000   -0.425879300
 222    3.506820000    0.448925100   -0.238528700
 223   -0.950000000   -0.570827700   -1.318220000
 224   -0.950000000   -0.511709600    0.029607670
 225   12.372600000    1.538126000   -0.905432900
 226   -0.950000000   -1.128611000   -0.743876000
 227   -0.950000000   -1.300409000    0.789304200
 228   17.242290000    1.348239000   -0.590410500
 229   -0.950000000   -0.772500400    1.224852000
 230   -0.950000000   -1.744398000   -0.738755600
 231    4.170026000    0.493726900   -0.379241600
 232    2.878805000    0.574895600   -0.321839000
 233   -0.419239600    0.606280800    1.437359000
 234   -0.950000000   -1.809440000    0.616185700
 235   -0.950000000   -1.322354000   -1.131251000
 236    7.120967000    1.357928000    1.025150000
 237    0.062190120    0.576690200    1.201891000
 238   -0.950000000   -0.640522700   -0.772654800
 239    9.736454000    1.239207000   -1.916506000
 240   -0.950000000   -0.343845500    0.347056900
 241    5.780213000    0.336809200   -1.250087000
 242   -0.950000000   -0.723961200   -0.519945700
 243   19.965150000    1.703266000   -0.955024000
 244   -0.122081700   -0.032265780   -0.297256000
 245    0.610213100   -0.271752800   -1.321351000
 246   -0.950000000   -0.343976800   -0.457500900
 247    9.115427000    1.462906000    1.498337000
 248    5.420183000    0.359181800    0.485778400
 249    6.375767000    0.502816800   -0.134781300
 250   13.672830000    1.251787000   -0.225575800
 251    1.053241000   -0.025594310   -0.033442290
 252    6.561331000    0.602330200   -0.386189800
 253   -0.950000000   -1.079445000    0.669718000
 254   -0.950000000   -0.705712000    0.826950000
 255   17.998350000    1.285353000   -1.207737000
 256    9.981990000    0.237869000   -1.760399000
 257   11.971140000    0.875943400   -0.365044900
 258    1.531620000   -0.205333700   -1.429467000
 259   -0.950000000   -0.895773200    0.218098600
 260    9.706895000    0.439506400   -1.032065000
 261   26.372040000    1.873033000   -0.720247800
 262   14.263590000    1.097609000    1.119530000
 263    2.396462000   -0.051202190    0.241439100
 264    9.143875000    0.615197700    0.792626100
 265   -0.950000000   -0.405370400   -0.327949700
 266    3.230222000    0.255439500    0.532124700
 267    4.519496000   -0.043347650   -1.242898000
 268   -0.950000000   -0.811863500    0.842329700
 269    5.675240000    0.320801800   -0.082259710
 270   10.014370000    1.921513000    1.084842000
 271    3.264628000    0.263245400   -0.359068200
 272   -0.950000000   -0.120571200    0.707924300
 273   -0.950000000   -0.665141400    0.764251100
 274   -0.950000000   -0.362810000   -0.273122500
 275    0.651591900   -0.016593500   -1.208167000
 276    4.415296000    0.635037300   -1.411264000
 277   -0.950000000   -1.593063000   -1.294573000
 278   -0.950000000   -1.672151000   -0.114112900
 279   -0.950000000    0.040904900   -0.247830400
 280    1.898936000    0.238877600   -0.793974700
 281   -0.950000000   -1.785681000   -0.016426400
 282   11.551270000    1.340756000    0.401602500
 283   -0.950000000   -0.534882400   -1.029988000
 284   -0.950000000   -1.003414000   -0.004161730
 285    2.943488000    0.537830400    0.813774800
 286   -0.950000000   -0.395592000   -0.125016900
 287    8.696861000    0.448493100   -0.977104500
 288    9.236998000    0.994201600   -0.024819620
 289   12.621650000    0.992587600    0.967999600
 290    7.774905000    0.489656700   -0.587347400
 291    3.089911000   -0.022811920   -0.706462100
 292   -0.950000000   -1.209421000    0.617553100
 293    4.483687000    0.109652700   -0.683572400
 294    1.092526000    0.019666450    0.390422400
 295   -0.950000000   -1.551358000    0.930184200
 296    6.216403000    0.272150000   -0.384057200
 297   -0.950000000    0.278840200    1.853750000
 298   -0.950000000   -1.238051000   -0.180450600
 299    2.023605000    0.095181950   -0.055726820
 300   -0.950000000   -0.622209800    0.039861790
 301   -0.950000000   -0.586179800    0.206307400
 302   10.313970000    1.106577000   -0.771491400
 303   -0.950000000   -0.732456500   -0.869656500
 304   -0.950000000   -1.258219000   -0.200045300
 305   -0.950000000    0.167252400    0.496495300
 306   11.463470000    1.378409000   -0.608080700
 307   -0.950000000   -1.454558000    0.290986800
 308   -0.950000000   -1.330915000   -0.496389600
 309   -0.950000000    0.286291500    0.635742500
 310   -0.950000000   -0.752887500    0.916038200
 311   16.221030000    1.390014000   -0.949024100
 312    0.004995768   -0.022804950   -0.790828300
 313    3.935397000    0.345188400   -1.539228000
 314   -0.950000000   -1.115067000   -0.729664800
 315    3.475316000    0.509787300    1.661389000
 316   -0.243666300    0.458655300    0.335594300
 317   -0.950000000   -1.400634000   -1.085012000
 318   -0.950000000    0.055137420   -0.684379700
 319   -0.950000000   -1.576926000   -0.868741200
 320    1.427622000    0.739420700    1.664405000
 321   10.972810000    1.015483000   -1.273575000
 322   -0.950000000   -0.683111900    0.801046100
 323    7.235883000    0.632911400   -0.848085100
 324   -0.950000000   -0.196513200   -1.322159000
 325    9.716552000    1.201599000   -0.244262300
 326   -0.950000000   -0.422876700   -1.104493000
 327   -0.950000000   -0.910852800   -0.754974700
 328   -0.950000000   -1.617291000   -0.592380700
 329   -0.950000000    0.016331830    0.210230500
 330    2.420119000    0.766751500    0.484301900
 331   -0.950000000    0.105119300    0.855813700
 332   -0.950000000   -1.059107000   -1.563885000
 333   14.328690000    1.361837000   -1.846447000
 334   -0.950000000   -0.019767630    1.548033000
 335   -0.950000000   -1.734983000   -0.666569000
 336   -0.950000000   -0.449113600    0.090578200
 337    5.491170000    0.876629100   -0.030143740
 338   -0.950000000   -1.177144000    1.255197000
 339    5.498333000    0.952553600   -0.917290200
 340   -0.950000000   -1.089044000   -0.074070640
 341   -0.950000000   -0.400492000   -0.729277000
 342   -0.950000000   -0.366115700    1.241787000
 343   10.011580000    1.020472000   -1.024296000
 344    1.147533000    0.114877900   -0.747845600
 345   -0.950000000   -0.881551900    0.056952150
 346    8.688410000    1.143557000   -1.942490000
 347   -0.950000000   -0.858599600    0.223658600
 348   13.262860000    1.463465000   -0.450443900
 349    6.676198000    0.702633800    0.491010800
 350   -0.950000000   -0.131673100    0.887098200
 351   -0.950000000   -1.235945000   -0.617265900
 352   11.352310000    1.116358000   -1.361717000
 353   -0.950000000   -1.634905000    0.561446500
 354   -0.950000000   -0.064595170   -1.303712000
 355   12.011510000    1.693800000    0.723425000
 356   15.205640000    1.164129000    0.010027410
 357   -0.950000000   -1.892627000    0.505491000
 358   -0.950000000   -0.141514100   -0.285532400
 359    1.182250000    0.438265400    0.926262300
 360    6.491636000    0.300986000   -1.262593000
 361   -0.950000000   -1.126843000   -0.301490900
 362    1.331240000    0.199056500   -0.644998800
 363   11.234990000    1.232674000   -0.071476690
 364   -0.950000000   -0.625716400   -0.295802200
 365    2.280773000    0.628782600    0.372701800
 366    1.892817000    0.568558800    0.127769100
 367   -0.950000000   -0.808506300    0.411344200
 368   15.800650000    1.627667000   -0.912891600
 369   -0.950000000   -1.042354000    0.522669000
 370   -0.950000000    0.784745000    1.925594000
 371   -0.950000000   -1.415685000   -1.057331000
 372   -0.378200900    0.087619250    0.127757300
 373    0.757106300    0.427107600   -0.290302400
 374   -0.950000000   -0.295494900    0.280017000
 375   -0.950000000   -0.748292400   -0.914181900
 376    7.331581000    0.552735400    1.384993000
 377    3.211827000    0.455439100   -0.165756100
 378    0.013804860    0.089348260   -0.062851400
 379   -0.950000000   -0.361035100   -0.880608000
 380   16.798370000    1.159526000   -1.424417000
 381    4.091303000    0.792133600    0.396385600
 382   -0.950000000   -1.322230000    0.441720400
 383    1.065897000   -0.165908100   -1.665087000
 384   -0.950000000   -1.104851000    0.575825400
 385   -0.950000000   -0.327128600    0.519951600
 386    6.394107000    0.661326200    0.272014200
 387    5.203708000    0.682898400    0.930535600
 388   -0.950000000   -1.518392000    0.171588500
 389   -0.950000000    0.007796836    0.358727400
 390   14.020660000    1.546825000   -0.069887490
 391    3.158021000    0.506165800    1.253558000
 392    1.104940000    0.292307600    0.773216900
 393    3.090503000    0.122967400    0.813632400
 394   -0.333005800   -0.192319900    0.710776800
 395   -0.950000000   -1.958201000   -1.184544000
 396    1.831985000   -0.048065620   -0.826139900
 397    2.414430000   -0.074593560    0.037782340
 398   -0.950000000   -0.031075170    0.901471100
 399   10.875340000    1.102220000   -0.302192800
 400   -0.950000000   -1.027278000   -0.569301200
 401   15.073980000    1.457747000    0.478855700
 402   -0.950000000   -1.185068000    1.463990000
 403   -0.950000000   -1.322930000    1.105368000
 404    5.846431000    0.378070200   -1.129240000
 405   25.013870000    1.815165000   -0.083476280
 406    5.227102000   -0.226232900   -0.150731900
 407    2.861665000   -0.593355500    1.413147000
 408    7.625064000    0.076934090    0.912764400
 409   12.699420000    0.666013100   -0.444601700
 410    3.953029000   -0.431568400   -0.319497500
 411   13.424510000    0.827733900    1.642638000
 412    6.252388000   -0.002195671    0.373502300
 413   13.982960000    0.287890500   -1.462698000
 414   26.688850000    1.942089000    0.875394200
 415    8.546115000    0.018607290   -1.014095000
 416   -0.405391500   -0.459156600    0.593252000
 417   16.858270000    0.868930900    1.158556000
 418    6.374343000    1.346413000    1.498957000
 419   -0.950000000   -0.917794400    0.433090700
 420   25.104770000    1.822915000   -0.131698100
 421    1.227757000    0.066295420    0.956974900
 422   12.917610000    0.841820100   -1.193294000
 423   -0.950000000   -1.479082000    1.576887000
 424    1.361446000    0.002783824    0.359213800
 425    0.297378900   -0.518482000   -0.531768400
 426   -0.950000000   -1.416084000    0.440098900
 427   11.608070000    0.677605700   -0.027985350
 428   17.914650000    1.530141000    0.039240060
 429   -0.950000000   -1.567377000    0.000839634
 430   18.851590000    1.597018000    0.646480700
 431    2.643343000    0.170674900    1.084779000
 432   -0.950000000   -1.053708000    1.660597000
 433   26.347490000    1.789757000   -0.685073200
 434    1.251707000   -0.161294600    0.104888000
 435    6.857600000    0.718228700    0.597185900
 436   -0.950000000   -0.010050570   -1.095504000
 437   -0.950000000   -1.585921000   -1.682065000
 438   -0.950000000   -1.529142000    1.399458000
 439   10.390800000    1.344827000   -1.327758000
 440   -0.950000000   -0.873857400    0.933936200
 441   -0.950000000   -0.368943400   -0.772858300
 442    5.569251000    0.913343700   -0.804908700
 443   -0.950000000   -0.874046900   -0.322569100
 444   -0.950000000   -0.067228460    0.341743000
 445   -0.950000000   -0.359466600   -0.559483300
 446   -0.950000000   -1.073246000   -0.334786100
 447   -0.950000000   -0.244324700    1.479423000
 448   -0.950000000   -1.152411000   -0.185439200
 449   -0.950000000   -0.002150632   -0.839651100
 450    1.117629000    0.429682600   -0.486766300
 451   -0.950000000   -1.392336000    0.449470000
 452    9.189042000    0.853705900   -1.202821000
 453   -0.950000000   -0.570512300    0.142341400
 454   -0.950000000   -1.507446000    1.153059000
 455    5.024820000    0.351115400   -0.926962900
 456    2.847152000    0.320094400    0.505387100
 457    7.616087000    0.675356300    1.179159000
 458   -0.950000000   -0.517672100    0.876455800
 459   -0.950000000   -0.500414800    0.094935920
 460   -0.950000000   -0.916941000   -0.605896200
 461    0.936032400    0.089043050   -0.701861800
 462    6.063007000    0.850015500    0.729425000
 463   -0.950000000   -1.895660000   -1.351760000
 464   -0.950000000   -1.871675000    1.660862000
 465    6.421637000    0.614262700    0.833656600
 466   -0.950000000   -1.555758000   -0.127624900
 467   13.987690000    1.417510000   -0.122718900
 468    9.698961000    0.504308200    0.319296100
 469    7.193963000    0.483565300   -0.073754990
 470    3.877713000   -0.062114700   -1.338188000
 471    9.947522000    1.158825000    0.124949900
 472    3.735217000    0.425744400    0.153215300
 473   -0.950000000   -0.948398200   -1.654652000
 474    4.766264000    0.095347350   -0.839734400
 475   -0.950000000   -0.112957600    0.437521400
 476    5.646088000    0.119932500   -1.360768000
 477    6.243554000    0.366691700   -0.362903500
 478    6.845486000    0.390550400   -0.459353300
 479   15.394660000    1.153728000   -0.204437000
 480   14.565810000    1.353431000    0.788243800
 481    7.714656000    0.630935200   -0.399878000
 482   -0.937218300   -0.246379500   -0.718547400
 483   -0.950000000   -1.290045000    1.391145000
 484    1.269641000    0.354593600    0.353916100
 485   -0.950000000   -0.671824400   -0.179425600
 486   -0.950000000   -0.394915400    1.679219000
 487   11.063370000    0.786390500   -0.743255800
 488   -0.697907700   -0.144071400    0.651119300
 489    5.202443000    0.381311400   -0.562327300
 490   -0.950000000   -0.235134200    0.170222500
 491    2.819885000    0.607656300    0.893199100
 492    8.617758000    0.568801800   -0.583085700
 493   -0.887075800   -0.120062100   -0.635213400
 494   -0.950000000   -0.982381300    0.604999400
 495   -0.950000000   -0.120201000    0.672787100
 496   13.742470000    1.495547000    1.734089000
 497    3.839525000    0.399663900   -1.596668000
 498   -0.950000000   -0.169076100   -0.325058700
 499   -0.950000000   -0.412889600   -0.349069300
 500   -0.950000000    0.149611400    0.741240700
 501   -0.950000000   -0.080027980   -1.849345000
 502   -0.950000000   -0.665991500   -1.101944000
 503   -0.950000000   -0.294065000   -0.473980300
 504    7.155290000    0.932245100    0.124929500
 505   -0.950000000   -0.638338800   -0.431665400
 506   -0.950000000   -0.438799300   -0.854130600
 507   -0.950000000   -0.543233200   -0.622156600
 508   10.647370000    0.964631000   -1.864116000
 509   -0.950000000   -0.695482700    0.227510800
 510   -0.950000000   -0.524478900   -0.167744300
 511   -0.950000000   -0.187973900    0.049977280
 512   11.391540000    0.891746100    1.664641000
 513   -0.950000000   -0.098752680   -1.076885000
 514   -0.950000000   -0.556245800   -0.184926500
 515   -0.950000000   -0.099671020    0.649180800
 516   -0.950000000   -0.748132100    0.647993700
 517    9.047107000    0.824973200   -1.198891000
 518   -0.950000000   -1.639366000    1.178717000
 519    4.376956000    0.673262800   -1.688262000
 520   -0.950000000   -1.377379000   -1.490322000
 521    5.014147000    0.885506200    0.652262200
 522   -0.950000000    0.050256720   -0.594610600
 523   -0.950000000   -1.036123000   -1.527999000
 524   -0.950000000   -0.801338100    0.333922300
 525   -0.950000000   -1.221966000    0.359484900
 526   15.890760000    1.343423000   -0.962216600
 527   12.598620000    1.335890000    0.792581700
 528   -0.950000000   -0.895874000    0.672054700
 529   -0.950000000   -0.570220100   -0.827238300
 530   -0.950000000   -1.322792000    0.620514900
 531   12.672990000    1.163509000   -0.625251400
 532    5.873760000    0.719183400    0.673915100
 533   -0.950000000   -1.389400000    0.341233700
 534   10.697620000    0.867252000   -0.017994600
 535   11.795720000    1.032104000    0.363600700
 536   -0.950000000   -1.210038000   -0.328951900
 537    2.320037000    0.425600900    0.690574800
 538   -0.129864100   -0.431538600   -0.716194800
 539   20.022780000    1.579334000   -1.294534000
 540    4.682966000    0.138719700   -0.898776400
 541   -0.950000000   -0.111452100    0.283008000
 542   -0.950000000   -0.686831400    0.620203300
 543   -0.950000000   -0.649012900    1.283793000
 544   -0.950000000   -0.133664100    1.489980000
 545    4.894075000    0.577355400   -0.422707600
 546   -0.950000000   -0.166614400   -0.785491800
 547   23.769550000    1.700719000   -1.701982000
 548    6.274509000    0.536711300   -1.057673000
 549    4.892995000    0.241779300   -1.174636000
 550   -0.950000000    0.375663500    1.063230000
 551   12.119590000    1.189695000   -0.977477700
 552    3.294259000    0.118137200   -1.093687000
 553    7.797370000    0.880879100   -0.028809340
 554   15.421680000    0.964341100   -1.262816000
 555   15.239540000    1.213453000   -1.153657000
 556    4.212081000   -0.027267690    1.114872000
 557    3.711080000    0.262179800    0.271091800
 558   -0.950000000   -0.403556100    0.078713740
 559    1.482228000   -0.186781200    0.690115500
 560   -0.950000000   -0.372805100    1.001099000
 561   -0.950000000   -0.988650300   -1.287896000
 562    0.895353900   -0.135222900   -0.374326500
 563   -0.950000000   -1.562374000   -0.546700900
 564   -0.950000000   -0.129265700    0.872483300
 565   -0.412574300   -0.166002100   -0.268988400
 566   13.108920000    0.978962500    0.046669460
 567    3.967505000    0.349928100    0.540527600
 568    8.505917000    0.780016000    1.638100000
 569    7.303032000    0.373770200   -1.252716000
 570    4.943411000    0.501067400   -0.322246300
 571   -0.950000000   -0.827804200    1.376169000
 572   -0.950000000   -0.586654300    1.349755000
 573    9.132578000    0.774693800   -1.871314000
 574   -0.167299900    0.150325300   -0.238138600
 575   -0.950000000   -0.556198000    0.025713100
 576   -0.950000000   -0.509390200   -0.047540060
 577   -0.950000000   -0.240419100   -0.801667700
 578   -0.950000000   -0.398581200   -1.396404000
 579   -0.950000000   -1.112530000   -0.187419800
 580   16.907130000    1.566682000   -0.090378520
 581    1.320986000    0.302775300   -1.611055000
 582   14.347170000    1.709188000   -1.220003000
 583   -0.950000000   -0.453135600   -0.187461600
 584   -0.950000000   -1.362730000   -1.258534000
 585   -0.950000000   -0.069310270   -0.659601500
 586   -0.950000000   -1.312610000    1.751864000
 587    4.122211000    0.170024700    1.226940000
 588   -0.950000000   -1.045317000    0.151767600
 589    5.808017000    0.449998700    0.411029200
 590   -0.950000000   -1.006046000   -0.077143420
 591   -0.950000000   -1.451230000    0.630164100
 592    7.891452000    0.513894100    0.548245200
 593   15.652990000    1.046811000   -0.960434800
 594    1.925654000    1.122028000    0.984585400
 595    5.201062000    0.069776600   -0.972647000
 596   -0.950000000   -1.387875000    0.075870000
 597   -0.950000000   -0.729431200   -0.239778400
 598   14.409510000    1.360750000    0.173031600
 599    9.509103000    1.001995000   -0.091991260
 600   -0.950000000   -0.753176400   -0.797255200
 601   -0.950000000   -1.041248000   -0.350607900
 602    6.655553000    0.860172700   -1.517270000
 603   -0.950000000   -0.205162300    0.718294400
 604   -0.950000000   -0.191873700   -1.035349000
 605   -0.950000000   -0.032668310   -1.827091000
 606   -0.950000000   -0.582798400    1.644355000
 607   -0.950000000   -0.876330400   -0.735371300
 608   -0.950000000   -1.316338000   -0.315972200
 609   -0.206548500    0.382429700   -0.444779200
 610   -0.950000000   -0.489135100   -0.213453300
 611   -0.950000000   -0.894768100   -0.684368900
 612   -0.950000000   -1.311799000    0.020473290
 613   -0.950000000   -0.411535800    0.577375500
 614   -0.950000000   -0.583481600    1.188947000
 615    8.218574000    1.620941000   -0.377300400
 616    2.337793000    0.449945700    0.433068100
 617    2.100142000   -0.018384480   -1.098430000
 618   -0.950000000   -1.472851000    0.145743400
 619   -0.950000000   -1.913361000    0.136628900
 620   -0.950000000   -1.365285000    0.268232500
 621   -0.950000000   -0.662894500    0.303014600
 622   18.809100000    1.857012000   -0.248522200
 623   -0.950000000   -1.119885000    0.722096600
 624    0.867986900   -0.029905330   -0.206365300
 625   -0.950000000   -0.706486800   -1.214650000
 626    3.699729000    0.402205300    0.480823200
 627    0.693128100    0.831409100    1.911580000
 628   -0.950000000    0.182004700    0.138333400
 629    8.485222000    1.046842000    0.201296800
 630   -0.950000000   -0.359478900   -1.172646000
 631   -0.950000000   -0.198211800   -0.409688700
 632   -0.950000000   -1.963119000   -0.188190600
 633   -0.950000000   -0.582532800   -1.637029000
 634    7.386861000    0.959895700   -0.587771500
 635   -0.950000000   -0.995379100    0.058669080
 636    8.885252000    0.962091200    1.529095000
 637   -0.950000000    0.038835610    1.219476000
 638   -0.950000000   -0.042956720    1.101811000
 639   -0.950000000   -0.733219100    0.581653100
 640   12.686770000    1.109878000   -0.782115000
 641    4.036368000    0.281594800   -0.304827400
 642   12.897520000    0.760804200   -0.781995400
 643   -0.950000000   -0.124981200    0.115516100
 644    2.470785000    0.148414700   -0.094109910
 645    3.243378000    0.268925000    0.270983800
 646   -0.950000000   -1.279267000   -1.376239000
 647    4.397372000    0.392499600    0.888150800
 648   11.868740000    1.386164000   -0.336058500
 649    7.488100000    0.632828400    0.132314200
 650   -0.950000000   -0.600972500    1.057618000
 651    0.313166200   -0.137229400    0.293379300
 652    9.608429000    0.722918900    1.006394000
 653   -0.950000000   -0.766939800   -1.476225000
 654   -0.950000000   -0.627517300    1.460824000
 655   -0.950000000   -0.455194500    0.807431700
 656   17.926210000    1.080661000    0.900525000
 657   -0.950000000   -0.542748700   -0.199211500
 658   -0.950000000   -0.762490400   -0.832669300
 659    6.300366000    0.739262600    1.175549000
 660   -0.950000000   -1.150801000   -0.567151900
 661    3.737293000    1.104423000    1.748010000
 662   -0.950000000   -0.146980800    0.157700500
 663   -0.950000000   -0.740514800   -0.576468300
 664   -0.950000000   -1.256798000   -0.493313700
 665    5.173695000    1.322508000    1.083523000
 666   -0.683016700   -0.166922500   -0.087573190
 667   -0.950000000   -0.472477900   -0.083170880
 668   -0.950000000   -0.088334810   -0.388601000
 669    1.398834000    0.057139000   -1.084583000
 670    6.484348000    0.754686700    0.569432000
 671   -0.950000000   -0.379464600    0.047274780
 672   -0.950000000   -0.072809160    1.176962000
 673   -0.950000000   -0.521660600   -0.412257600
 674   -0.216879400   -0.060055950   -0.290573500
 675   -0.950000000   -0.859907400    0.423374600
 676    6.692724000    0.727417300   -0.813404500
 677   -0.649374500   -0.099186280   -0.011124020
 678    3.787072000    0.209923600   -0.045901920
 679   -0.950000000   -0.172963300    1.468321000
 680   14.033110000    1.029785000   -0.229534400
 681   17.206420000    1.156256000   -0.855968600
 682    5.661390000    0.522810200   -0.864702100
 683   16.137330000    1.363966000    1.642376000
 684    3.406424000    0.233015300    0.316139800
 685    2.110046000   -0.192924200   -1.564880000
 686   -0.950000000   -0.490465500   -1.335541000
 687   -0.950000000   -1.607141000   -0.301372900
 688   -0.950000000   -0.507817800   -0.375319900
 689    5.561015000    0.287607100   -0.077005610
 690    5.876788000    0.928640100    1.078115000
 691    9.469837000    0.847891300   -0.206461200
 692    5.796319000    0.353617300    0.078581690
 693   -0.950000000   -1.323596000    0.780633800
 694    9.823404000    0.450664800   -1.306377000
 695    1.200154000   -0.027754070   -0.529746700
 696    5.271169000    0.374482400   -0.665212500
 697   -0.950000000   -0.866060900   -1.144337000
 698   14.225670000    1.284545000   -0.000181214
 699    5.245791000    0.300392100    0.141406400
 700   10.949440000    0.994069700    1.033173000
 701   -0.950000000    0.034104930    0.731982400
 702    1.236718000    0.068278700   -0.056104570
 703    5.792845000    0.690591400    0.151210000
 704   17.109030000    1.334780000    0.028359260
 705   -0.950000000   -0.816813700   -0.127942000
 706    0.218165000    0.088363950   -0.014979110
 707   10.944380000    0.928447600   -0.926834500
 708   13.423160000    1.195119000   -1.059476000
 709   -0.950000000   -0.651534000   -1.054413000
 710   11.165700000    1.043738000    1.257045000
 711   -0.950000000   -0.434579600   -1.811277000
 712   -0.950000000   -0.683489200   -0.836859400
 713   -0.950000000    0.032330730    1.013646000
 714   -0.950000000   -0.377934600    1.358563000
 715    5.085677000    0.592360500   -0.756737400
 716   -0.884492700   -0.266708800   -0.489416000
 717   10.736870000    1.107426000    0.113629100
 718   -0.950000000   -0.669371900    0.294185000
 719   -0.950000000   -0.682910200   -0.121646200
 720   -0.950000000   -0.506911700   -1.239207000
 721   -0.950000000   -1.257487000   -0.416027300
 722    8.678227000    1.061980000   -0.009852850
 723   -0.950000000   -0.302627500    0.371776100
 724   16.733720000    1.286316000   -0.557430400
 725    7.630810000    0.721743000   -0.462085200
 726   14.408070000    0.965559100   -1.583001000
 727    0.104503200    0.212250000    0.634030300
 728    1.261239000    0.307266600    0.274506600
 729   -0.950000000   -0.242972600    1.245317000
 730   22.191590000    1.874148000    0.450244500
 731   -0.950000000   -0.955668000   -0.116099000
 732   -0.950000000   -0.679487100    0.121195100
 733   -0.950000000   -0.495948200    0.562221300
 734   -0.950000000   -0.663988800    0.677445500
 735   -0.950000000   -1.895729000    0.900015900
 736   -0.950000000   -0.139886300    0.211113100
 737   -0.950000000   -1.842406000   -0.003141957
 738    3.624729000    0.214973600   -1.075975000
 739    5.459709000    0.608507000    0.329113400
 740   14.751050000    1.314456000    0.681229700
 741    2.385978000    0.241593200    0.167033100
 742   -0.950000000   -1.749065000   -0.036254110
 743   -0.950000000   -0.370727400    0.065868350
 744   13.207080000    0.766856100   -0.609847100
 745    4.535839000    0.418658700    0.827730400
 746    0.256335300    0.380986300    0.418654000
 747    5.556330000    0.599680300    0.547737200
 748   -0.950000000   -0.329954300    0.272979400
 749   -0.950000000   -0.406941700    0.828522200
 750   11.689310000    1.200477000    0.072235660
 751   12.915870000    1.257461000   -0.596330600
 752   -0.291112200   -0.292883700   -0.861949000
 753   -0.507339100   -0.328380700   -1.701347000
 754    5.282675000    0.544952900   -0.651392700
 755    3.013421000    0.578437500    0.595348500
 756   -0.891259000   -0.455131100   -1.988155000
 757    4.623388000    0.786621400    0.598986800
 758   18.829470000    1.514031000   -0.034568520
 759   -0.950000000   -0.512777000   -0.508792000
 760   -0.950000000   -1.467620000    0.549732200
 761    8.904702000    0.728287100    0.641427100
 762   11.554130000    0.923764500   -0.602988100
 763   17.182580000    1.587460000   -1.128164000
 764   15.408770000    1.707928000    1.151728000
 765   17.530640000    1.593179000   -1.186999000
 766   -0.950000000   -0.027165560    0.393623400
 767   11.706820000    1.072351000   -0.301424200
 768    6.595725000    0.462419400   -0.557336400
 769    0.869851900    0.575594900    1.722646000
 770    5.224280000    0.392528800   -0.122726700
 771    9.391689000    1.060347000    0.302252100
 772   17.866510000    1.509688000   -0.686401400
 773   -0.950000000   -1.313156000    1.292617000
 774   -0.950000000   -1.941446000   -0.143398200
 775   -0.950000000   -0.416876700   -0.789528300
 776   -0.950000000   -0.608918600   -0.078016610
 777    8.255489000    1.101389000    0.482850100
 778   -0.950000000   -0.432879500    0.417536100
 779    0.715296700   -0.172941500   -0.220670000
 780   -0.950000000   -0.665871600   -0.178437700
 781   -0.950000000   -0.293667600    1.790050000
 782   -0.950000000   -0.637051000   -1.481416000
 783   -0.950000000   -0.161234200    0.085223450
 784   -0.950000000   -0.863251500   -1.417341000
 785   -0.950000000   -0.191646000    0.151008400
 786    6.780552000    1.004746000    0.479556700
 787   -0.950000000    0.395945600    1.045813000
 788   -0.950000000   -0.711432900    0.423523800
 789    1.039354000    0.455220800   -0.644296000
 790   -0.950000000   -1.467171000    0.317123200
 791   11.973780000    1.568050000   -0.106528600
 792   -0.950000000   -1.753419000   -0.963011500
 793   -0.950000000   -1.377190000   -1.035283000
 794   -0.950000000   -0.014382490   -1.497706000
 795    6.725588000    0.771891600   -1.134214000
 796    4.796613000    0.361673100    0.080858550
 797    4.687868000    0.337026200    0.079643000
 798   12.356770000    1.035584000   -0.175877900
 799   11.082060000    1.225462000    0.793336100
 800    8.898477000    0.690310300    0.289965900
 801    5.542101000    0.213058600   -0.370600600
 802   -0.950000000   -1.286217000   -0.291648700
 803   -0.950000000   -0.385725600    0.010121850
 804   15.632140000    1.329399000   -1.881482000
 805   -0.950000000   -0.252839000    0.070692030
 806   -0.950000000   -0.696313500    0.903055000
 807   13.385230000    1.122676000    1.149195000
 808    1.944399000    0.048868250   -0.666879000
 809   -0.950000000    0.197611700    1.553817000
 810   -0.950000000   -0.300662800    1.804282000
 811   -0.950000000   -1.394698000    0.180350200
 812   17.779530000    1.622902000   -1.617357000
 813   -0.247502800    0.133653700    0.121533500
 814   10.431640000    0.789801000   -0.065857790
 815   -0.950000000   -0.765638500    0.388280000
 816    4.335747000    0.490382700    0.832857300
 817   -0.950000000   -1.514931000   -1.127781000
 818    5.826476000    0.919917300    1.507998000
 819   -0.950000000   -0.354034900    0.867185700
 820    5.083690000    0.363686800   -0.848691700
 821    2.713059000    0.153799300   -0.768757900
 822   12.188180000    1.606007000    0.971850400
 823   -0.950000000   -1.344291000   -0.057507880
 824   -0.950000000   -0.793702700    1.562273000
 825   12.566830000    0.979874500   -0.938604500
 826   -0.737007700    0.634910900    1.494646000
 827   -0.950000000   -1.411052000    1.845276000
 828   -0.950000000   -0.526856900    0.070475710
 829   -0.950000000   -1.874516000   -0.407396600
 830   -0.950000000   -1.520335000   -0.808976500
 831    2.470756000    0.217503900    1.108896000
 832   -0.950000000   -0.872181500   -0.071380180
 833   -0.950000000   -1.249953000    0.203684200
 834    2.704277000   -0.171064700   -0.429806100
 835   19.051470000    1.824162000    0.508545200
 836   21.761550000    1.442891000   -0.185960800
 837    7.675009000    0.800196100   -0.113474400
 838    6.584541000    0.556488400    0.444600600
 839    6.314465000    0.422572500    0.446174900
 840   -0.950000000   -0.747329200    1.324722000
 841    2.053555000   -0.444936800   -1.296675000
 842    6.228829000    0.827434300    1.494200000
 843   -0.950000000   -1.731779000    1.593879000
 844   32.354650000    1.917130000    1.828281000
 845   -0.950000000   -1.591920000    0.417783100
 846   -0.950000000   -1.048191000    0.636888900
 847    3.513403000    0.069420170   -0.363355800
 848    9.344462000    0.471836900    0.950926300
 849    9.739436000    0.519926800    1.108365000
 850   16.002630000    0.972485100   -0.422934100
 851    1.331278000    0.028960370    1.203224000
 852    7.257313000    0.291900800   -0.291616600
 853    7.394839000    0.416319100    0.287175000
 854    6.001749000    0.082132650   -0.623085300
 855    4.672921000    0.450706300    0.006920005
 856   -0.950000000   -1.420183000   -1.347542000
 857   18.698530000    1.739880000   -0.783759500
 858   -0.950000000   -0.833474700    0.248657100
 859    6.305173000    0.157359600   -0.210012400
 860   -0.950000000   -1.166896000    0.848838700
 861    0.745200900   -0.573492800    0.411691100
 862   22.252870000    1.597288000   -1.825934000
 863   17.648340000    1.293606000    1.180750000
 864    4.231057000   -0.099290930    0.335723300
 865   24.034080000    1.718218000   -0.711997800
 866   19.666070000    1.102986000   -1.002458000
 867   17.387660000    1.282575000    0.164406800
 868   -0.950000000   -0.935444500    0.919226900
 869   13.879470000    1.018636000    0.215867000
 870   21.140010000    1.919137000    1.328088000
 871   -0.950000000   -1.549332000   -1.637024000
 872    6.283413000    0.602862700    0.288093200
 873   -0.950000000   -1.755996000    0.685548500
 874   16.216780000    1.296776000   -0.085931870
 875    4.653465000   -0.017455950    0.160272300
 876    7.632993000    0.349011200    0.092921300
 877   -0.950000000   -1.066990000    0.858571000
 878   -0.950000000   -1.218394000    1.628432000
 879    5.499196000    0.683544600    1.208065000
 880   -0.950000000   -0.517534000    0.966769400
 881   12.851490000    1.168372000    0.032199250
 882    2.840350000   -0.100918300   -0.441769800
 883   18.495720000    1.763080000    0.264642000
 884    0.304004000   -0.108825400    0.494956300
 885   20.687320000    1.806420000   -0.918880700
 886    6.678625000    1.027699000    0.155136900
 887   -0.950000000   -1.245805000   -1.096468000
 888   -0.950000000   -0.526578300    0.913101600
 889   -0.950000000   -0.389068100   -0.265185300
 890   -0.950000000   -0.897065300    0.181651300
 891   -0.950000000    0.035027500   -0.769317300
 892   -0.950000000   -0.245378500    0.846058600
 893   -0.950000000   -0.932402300   -0.377776600
 894   -0.950000000   -0.609344100   -0.438000700
 895   -0.950000000    0.062392190    0.566590700
 896   -0.950000000   -0.645048400   -0.147199700
 897   -0.950000000   -0.624193000   -0.721734400
 898    0.814790400    0.167248500    0.152213100
 899   -0.808515100   -0.100467400    1.711937000
 900    9.311915000    1.052053000   -0.566044000
 901   -0.950000000   -0.727448100    0.091547540
 902    2.513279000    0.599036400    0.503851100
 903   -0.950000000   -1.047311000    0.533265300
 904   -0.950000000    0.066623260   -0.110595000
 905   -0.950000000   -0.606171900    0.839434900
 906   12.823500000    1.288796000    0.818180300
 907   -0.950000000   -0.697228800   -0.012124110
 908   -0.950000000   -1.237802000    0.405635000
 909   -0.950000000   -0.341103900   -0.287475500
 910   10.799690000    1.290510000   -0.831781100
 911   -0.950000000   -0.465386400   -0.413089200
 912    8.011079000    0.624767300   -1.097789000
 913    1.899788000   -0.077489400   -1.849458000
 914   -0.950000000   -1.410368000   -0.932628700
 915   -0.950000000   -0.160619000   -1.574081000
 916   15.133270000    1.215932000    1.125966000
 917   -0.950000000   -0.438565900    0.955628000
 918   -0.950000000   -0.939818300   -0.750135100
 919   21.368240000    1.630773000   -0.962811900
 920   -0.950000000   -0.385306500    1.118007000
 921   -0.950000000   -0.386212400    0.750313900
 922   19.592050000    1.006270000   -1.650957000
 923   15.335600000    1.249528000    0.137705900
 924    9.012382000    0.546795700    1.117183000
 925   -0.950000000   -1.936747000    0.423319900
 926   11.316370000    0.623511800   -0.556637600
 927   -0.950000000   -0.496765100    0.172143300
 928    7.161538000    0.447020900    0.753716700
 929    8.529738000    0.604223100   -0.611147700
 930   -0.950000000   -1.178314000    0.114296200
 931   -0.950000000   -1.173769000   -0.113141400
 932   -0.950000000   -0.856663300   -0.440761000
 933   -0.950000000   -0.285145300    1.330016000
 934    9.445632000    0.866205000    0.984034500
 935   -0.950000000   -1.005968000    1.404536000
 936   -0.950000000   -0.461416000   -0.713630400
 937    9.214036000    1.046352000   -1.243338000
 938    4.191142000    0.481601900   -0.319514300
 939    5.992904000    0.557960100    0.031176120
 940    6.188259000    0.148763600   -1.959197000
 941    4.061851000    0.319153600    0.510379400
 942   -0.950000000   -1.869957000    0.629541100
 943   -0.950000000   -0.359663900    0.391578500
 944   -0.950000000   -0.722067700    1.394902000
 945   -0.950000000   -0.587922200   -0.330767900
 946    3.037613000    0.646142000    0.133863800
 947   -0.950000000   -0.214405900   -0.419786700
 948    8.685391000    1.512661000    0.781332000
 949   -0.950000000   -0.224683800    0.351553200
 950   -0.950000000   -0.221694600    0.495997500
 951   14.800640000    1.316632000   -1.627721000
 952   -0.950000000   -0.866704900   -1.399771000
 953   11.591220000    1.180191000   -1.589783000
 954   -0.950000000    0.241471300    0.970561600
 955   -0.950000000   -1.470689000    0.047041910
 956   -0.950000000   -0.043398050   -1.572694000
 957   -0.950000000   -0.238062200   -0.604776900
 958   -0.950000000   -0.769419800   -0.638147400
 959    8.517555000    0.988766500   -0.938376200
 960   -0.950000000   -0.762978700   -0.931926400
 961   -0.950000000   -0.232436300   -0.592862000
 962   11.219750000    0.968781500   -1.381136000
 963   -0.950000000   -1.324924000    0.858419000
 964   -0.950000000   -0.377073600    0.205548200
 965   -0.950000000   -0.274922700    0.227882700
 966   13.705120000    1.287352000   -0.170054700
 967   -0.950000000   -0.505029300   -0.053627910
 968   -0.950000000   -1.122091000   -0.236503400
 969   -0.499658100   -0.240617100   -1.130233000
 970   15.953250000    1.133209000   -1.299529000
 971   -0.950000000   -0.401234000    0.911851100
 972   -0.950000000   -1.055287000   -0.200665400
 973    0.972249900    0.285636600   -0.788957000
 974   -0.026046140    0.470993500    0.960160200
 975   -0.950000000   -0.907844200    0.288758800
 976   12.569580000    0.773972100   -0.399973900
 977    5.241150000    0.852653900    1.548904000
 978    8.006419000    0.448971300    0.027347450
 979    4.747464000    0.096357050    0.773618800
 980    5.317199000    0.102739200   -0.143672100
 981   -0.950000000   -0.797086700    0.386742100
 982    3.364240000   -0.102999800    1.456283000
 983   23.295520000    1.647326000   -1.450349000
 984    1.551585000    0.127483400    0.968200400
 985   -0.950000000   -0.814739300   -0.272106300
 986   20.372570000    1.654112000    0.824783200
 987    9.784126000    0.775727100    1.231810000
 988    3.504685000    0.062687660   -0.710070800
 989    2.924171000   -0.183372600   -0.649905200
 990   12.034810000    0.522413000   -1.836894000
 991   -0.950000000   -1.094680000    1.845563000
 992   -0.950000000   -0.119150300    0.542398900
 993   11.153760000    1.532551000    1.013258000
 994    1.759997000    0.096171980   -0.649375400
 995   -0.950000000   -0.517049700    1.838125000
 996   -0.950000000   -0.641636700   -1.258204000
 997    4.601845000    0.907856600    1.613970000
 998   -0.283268900    0.205894200    0.500424400
 999   11.356540000    0.930058700   -0.222089000
1000   -0.950000000   -0.550272400    0.215981100
1001   -0.950000000   -1.962471000    0.021263740
1002   -0.950000000   -0.202719000    0.546268300
1003    5.058281000    0.380214400    0.186255200
1004   -0.950000000   -1.725058000   -0.438513600
1005    5.241386000   -0.287507500   -1.631778000
1006   11.952260000    1.094053000   -1.117633000
1007   -0.950000000   -0.151326100   -0.257737800
1008    2.772298000    0.504053700    0.157074800
1009    2.240561000    0.383286400   -0.964846100
1010   -0.950000000   -0.734431400    0.105612300
1011   -0.950000000   -0.178098100   -0.088798640
1012    0.729230400    0.604822800    0.625732200
1013    3.667605000    0.740644100   -0.609936200
1014   -0.950000000   -1.358573000   -0.602317700
1015   -0.950000000   -0.657507300   -1.655639000
1016   -0.950000000   -0.160963900    0.037214930
1017   -0.950000000   -0.611852600   -1.642785000
1018    1.424836000    0.469494000   -0.327377000
1019   -0.950000000   -0.234024400   -0.505354300
1020    3.297375000    0.968376000   -0.759498300
1021   -0.950000000   -1.042501000    1.144553000
1022    3.018601000    0.432161700    1.464344000
1023    4.980133000    0.340004000   -0.341466400
1024    6.741949000    0.312882700    1.383527000
1025   -0.950000000   -0.658701400   -1.202184000
1026   11.156880000    0.778264600    0.676506700
1027   12.151820000    0.877743500    0.030332490
1028   -0.950000000   -1.969530000    1.013711000
1029    4.621038000    0.353177600   -0.614118900
1030   -0.950000000    0.191359300    1.550150000
1031   -0.054411880   -0.224994100    0.138095400
1032   -0.950000000   -0.652641400   -0.196471900
1033   -0.950000000   -0.913352200   -0.516667200
1034   -0.191968100   -0.108114500    0.604955600
1035    7.366318000    0.673771200   -0.464181800
1036    7.213022000    0.791248100   -0.180016600
1037    4.150634000    0.031730240   -1.638218000
1038   12.266070000    1.318363000   -1.168627000
1039    1.369841000   -0.072767310   -1.476891000
1040   10.184400000    1.037056000    1.219152000
1041    2.976396000   -0.006565764   -1.651938000
1042    0.714361600    0.682530900    0.434163700
1043    5.680999000    0.789275000   -0.023068380
1044   -0.950000000   -1.311496000   -0.496055500
1045   16.852130000    1.158899000   -1.610229000
1046    6.258534000    0.757048700    0.267137200
1047    3.765519000    0.607724800   -0.657998400
1048   -0.950000000   -1.199027000   -0.968653700
1049    0.340372500    0.269010700    0.467085200
1050   -0.950000000   -0.623105000   -0.366734100
1051   -0.950000000   -0.351721100   -0.839716800
1052   -0.950000000   -0.949736500    1.351124000
1053   -0.950000000   -0.962169700   -0.837893100
1054   -0.950000000   -0.723473700   -0.095492570
1055   -0.950000000    0.546773800    0.992811300
1056   -0.950000000   -1.110163000   -1.491801000
1057    2.013399000    0.583645700   -0.367868600
1058   -0.950000000   -1.107282000   -0.425008800
1059    3.461806000    0.507832400   -1.329409000
1060   -0.950000000   -0.686815500    0.477692400
1061   -0.950000000    0.180068500    1.447573000
1062   -0.950000000   -0.774959500    0.245163100
1063   -0.950000000   -0.975245100   -1.419003000
1064   -0.950000000   -1.158164000   -1.561433000
1065   -0.950000000    0.176413500    0.120802400
1066   -0.950000000   -0.303220000   -0.265096100
1067    5.456950000    1.062818000   -0.421055500
1068   -0.950000000   -0.426208800   -0.083048870
1069   11.729950000    1.023413000   -0.342969200
1070   -0.950000000   -0.327811300    0.388786100
1071   -0.950000000   -1.354342000   -0.952383800
1072   -0.950000000   -0.791883200   -0.121234900
1073   -0.846706600    0.178983900    0.316348100
1074   -0.950000000   -0.148465900   -0.651291700
1075   -0.950000000    0.298792700    1.543344000
1076   -0.667573500    0.022025500    0.220580700
1077   -0.950000000   -0.196894000   -0.165208100
1078    7.975733000    0.984454400   -0.530255700
1079   -0.950000000    0.053139970    0.654876900
1080   -0.950000000   -0.688766000    0.124646600
1081    7.039671000    0.404658700   -1.805404000
1082   -0.950000000    0.257452300    1.098560000
1083   -0.950000000   -1.159798000   -1.135264000
1084   -0.950000000    0.202945800    1.589001000
1085    4.691834000    0.699301500    0.766259700
1086    6.598879000    0.887495800   -0.622517700
1087   -0.950000000   -1.517083000   -0.108275700
1088   -0.950000000   -0.923060500    0.677948000
1089   -0.950000000   -0.864893400    0.172281200
1090   -0.950000000   -0.061905240    0.096572500
1091   -0.950000000   -0.113587100    0.000239433
1092    9.567381000    1.261806000   -0.197259400
1093   -0.950000000   -0.798305600   -0.851427800
1094   -0.950000000   -0.992468700    1.663961000
1095   -0.950000000   -0.301859100    0.423212400
1096   -0.950000000    0.112494500    1.271992000
1097   -0.950000000   -0.439556400   -0.915500000
1098   -0.491934100   -0.246364100   -0.999660000
1099   14.273860000    1.695061000    0.437142500
1100    7.062669000    0.288395900   -1.744071000
1101    1.038883000    0.506459800    1.356382000
1102   -0.205522900    0.218204200    1.716879000
1103   -0.950000000   -1.121699000   -0.597236500
1104   -0.950000000   -0.097755400    0.294088700
1105   -0.950000000   -1.059144000   -0.080640470
1106   -0.950000000   -0.733217900    0.507409000
1107   -0.950000000   -1.837478000    0.346859100
1108    3.508437000    0.194938700   -0.178933600
1109    5.137862000    1.127652000    0.603933800
1110    1.845105000    0.371495900    1.193857000
1111    2.333905000    0.337222000   -1.379851000
1112   -0.950000000   -0.604815200   -0.692609600
1113    6.195232000    0.706584000   -0.280973800
1114   -0.950000000    0.066704850    1.509489000
1115   -0.950000000   -1.163044000   -0.724675600
1116   -0.950000000   -0.519359900   -0.915744000
1117   -0.950000000   -0.641964600   -1.437908000
1118   -0.950000000   -0.704790000   -0.389925000
1119   -0.950000000   -0.977039800    0.142057200
1120   11.868770000    1.216645000   -0.095099540
1121   -0.950000000   -0.130590600    0.917755100
1122   -0.950000000   -0.733994500    0.658510000
1123   -0.950000000   -0.257986800   -0.814855500
1124    0.238769300    0.470590300    0.715744900
1125   -0.950000000   -0.056455130    1.203294000
1126   -0.163860400    0.138549800   -0.126683100
1127   -0.950000000   -0.066935340   -0.338362900
1128   -0.950000000   -0.152343300    0.411616600
1129   -0.950000000   -0.646304200    1.619922000
1130   -0.950000000   -0.668635900   -1.076652000
1131   -0.950000000    0.171969000    1.105389000
1132   -0.950000000   -0.247243100    1.224216000
1133   -0.950000000   -0.839958300    0.234440400
1134   -0.950000000   -0.783889500   -0.485057300
1135    3.703265000    0.460292600   -1.428956000
1136    0.642502500    0.292138700    0.037309930
1137   -0.950000000   -0.801082300    1.416784000
1138   -0.950000000   -0.908673900   -0.552625500
1139   -0.950000000   -1.073620000   -0.809811500
1140   -0.950000000   -0.634890800   -0.835383600
1141   -0.950000000   -0.475026100   -0.797683600
1142   -0.950000000   -0.363890100    1.011855000
1143   -0.950000000   -0.059075120   -0.741602600
1144   -0.950000000   -1.293129000    1.425634000
1145   -0.950000000   -0.935948800   -0.544906900
1146   -0.950000000    0.279438400   -0.152913300
1147    4.383290000    0.605946900   -0.307993100
1148   -0.950000000   -1.934760000    0.124972700
1149   -0.950000000   -0.271707000   -0.112666400
1150   -0.950000000   -0.730221200   -1.764497000
1151   -0.950000000   -0.258836100   -0.840295200
1152   12.343930000    0.765186900   -1.464430000
1153   11.129420000    1.445328000   -0.131375900
1154    9.765776000    1.183971000    0.604070700
1155   -0.950000000   -0.735048100    0.310753900
1156    1.299565000    0.288032400    1.047411000
1157    3.201287000    0.070677040   -0.460518700
1158   12.374540000    1.084155000    0.180457300
1159    4.174323000    0.172703500   -0.432421000
1160    8.506923000    0.617254500   -0.403927000
1161    5.527578000    0.796157300    0.565962500
1162   -0.950000000   -0.930867100    0.502264600
1163    4.785443000    0.259819300    0.402681700
1164   -0.950000000   -0.431458200    0.847945500
1165   13.425150000    0.915805500   -1.246218000
1166    7.343921000    0.095030850   -1.747866000
1167   16.968040000    1.053728000   -0.348614900
1168   -0.950000000   -0.656785300    0.247483700
1169   -0.950000000   -1.495472000    0.328260500
1170   -0.950000000   -1.184497000    0.607201100
1171   -0.950000000   -1.188265000   -1.214102000
1172   -0.950000000   -1.049058000   -1.365862000
1173   -0.950000000    0.071071990   -0.357846000
1174    0.313126900    0.266916100    0.419126600
1175    3.178797000    0.514949000   -0.968799500
1176   -0.174262000    0.332385600    1.157579000
1177    7.330410000    0.980869400    0.328461200
1178   -0.950000000   -0.734388200   -0.454569700
1179   -0.950000000   -1.166051000   -0.554230100
1180   -0.950000000   -1.450561000   -0.361740800
1181   -0.950000000   -0.647859400    0.630642800
1182    3.014821000    0.321154100   -1.223185000
1183   -0.950000000   -0.624640100    0.375545900
1184   -0.950000000   -1.060022000   -1.039479000
1185   -0.950000000   -0.911664000   -0.203951700
1186   -0.950000000   -0.741798400   -0.464075700
1187   -0.950000000   -0.125774900   -0.133835200
1188    3.450889000    0.358128700   -0.290694500
1189    3.905260000    0.778479200    0.109177700
1190    6.056095000    0.434671200   -1.562997000
1191    1.934429000    0.761427400    0.684596300
1192   -0.950000000   -0.884635600   -0.616744600
1193   -0.950000000   -1.104624000    1.164302000
1194   -0.950000000   -0.968071400    0.540901800
1195    1.103811000    0.000318969   -0.896059100
1196   -0.950000000   -0.590408200    0.926320800
1197    1.611194000    0.262950100   -1.318523000
1198   -0.950000000   -0.352561400   -1.562412000
1199   -0.950000000   -0.540142500    0.120973300
1200   -0.950000000   -0.062114900    0.307743500
1201    3.959076000    0.324301000   -1.265798000
1202    2.987024000    0.534559000    0.709634500
1203    8.896486000    0.574618700   -0.945133900
1204   -0.950000000   -0.385220200   -0.172964400
1205   -0.950000000   -0.816431500    0.065005810
1206    2.290997000   -0.062565840   -1.499925000
1207    5.735651000    0.430207100   -0.605482600
1208   -0.802009000    0.310256700    1.106048000
1209   16.588630000    1.393099000   -0.670240800
1210   -0.950000000   -0.456883600    1.261996000
1211   -0.950000000   -0.989660600   -0.111259800
1212    7.875549000    0.569973300   -1.467969000
1213   10.539560000    0.551581200   -1.200942000
1214   11.834770000    1.257423000    0.010906110
1215    8.781696000    0.927061200   -0.561859100
1216   -0.950000000   -0.933059900   -0.867482800
1217   -0.950000000   -1.603440000    0.222482200
1218   -0.950000000    0.231260200   -0.097316540
1219    1.751560000    0.475646500   -1.459096000
1220   -0.950000000    0.553600600    1.464890000
1221   -0.950000000   -0.895189600    0.065858050
1222   -0.561536400    0.307547900   -1.755592000
1223   -0.950000000   -0.318846600   -1.743823000
1224   -0.950000000   -0.746026600   -0.574647300
1225   11.756530000    1.610940000    0.035637500
1226   -0.950000000   -0.858976600    0.742202700
1227   -0.950000000    0.124781800   -1.186307000
1228   -0.950000000   -0.802593900   -0.281763900
1229    4.891123000    1.090634000    0.144988400
1230    0.845233600    0.287212900   -0.317023200
1231   -0.950000000   -1.374789000    0.359000100
1232    1.541776000    0.130805700   -0.550779400
1233   10.860210000    1.515385000    1.189181000
1234    9.125932000    1.071010000   -1.272171000
1235    7.160289000    0.985100400    0.484339400
1236   -0.950000000   -0.979716700   -0.529058800
1237   -0.523995100    0.299760500    0.328393200
1238   -0.950000000   -1.537674000   -1.132431000
1239    4.511937000    0.428649200   -1.154753000
1240   12.095650000    1.119205000   -0.192426000
1241   -0.950000000   -1.858844000    0.807216000
1242    2.204590000    0.521155200   -0.301838800
1243   -0.950000000   -0.352846000   -1.124258000
1244   -0.950000000   -0.853801900   -0.062760770
1245   -0.950000000   -0.828868200   -0.654937900
1246   -0.950000000   -0.501140500   -0.042073030
1247   -0.950000000   -1.449215000    0.385377700
1248   -0.950000000   -0.682840700    0.459967500
1249    6.158745000    0.777287400   -0.055653990
1250   -0.950000000    0.332746400    1.786116000
1251   -0.950000000   -0.910458300   -1.088205000
1252   -0.950000000   -1.785032000   -0.982834200
1253   -0.950000000   -0.233018600   -1.585295000
1254   -0.950000000   -0.353369800    0.513684600
1255   -0.950000000   -0.586989400   -0.037869250
1256   -0.950000000   -0.752601100    1.367280000
1257    1.030408000    0.763858700    0.514573700
1258   -0.950000000   -0.562355300   -0.072424320
1259    8.047685000    1.243647000    0.510682000
1260   -0.950000000   -0.199237800   -0.578238000
1261   -0.950000000   -1.279558000   -0.342935800
1262   -0.950000000   -1.235757000    0.906009300
1263   22.146830000    1.625621000   -1.484513000
1264    5.919908000    0.847514400    1.449247000
1265   -0.950000000   -1.226631000   -0.038116490
1266    4.315771000    0.406589000    0.106915200
1267   -0.950000000   -0.443313000   -0.523268400
1268    6.515558000    0.481550700    1.573180000
1269    3.285277000    0.887279200    0.327774700
1270    3.548889000    0.192594300   -0.906488700
1271   -0.950000000   -0.374466400    0.847953700
1272    0.147081700   -0.403315300   -1.732061000
1273   -0.950000000   -1.112745000   -0.377794400
1274   -0.950000000   -0.475501700   -0.238527100
1275    3.975602000    0.080943000   -0.978804600
1276    3.139993000    0.588833400    0.189653200
1277   11.589890000    1.304730000   -0.724278600
1278   -0.950000000   -1.071833000   -0.693649200
1279   -0.950000000   -1.918530000    0.804497300
1280   -0.950000000   -1.761811000    0.761475100
1281   -0.950000000   -0.456752300    0.644841700
1282   -0.950000000    0.003006518   -1.351818000
1283   -0.950000000   -1.432283000    0.142668100
1284   -0.950000000    0.017617150    0.152041300
1285    2.703142000    0.463022700   -0.900371500
1286   -0.950000000    0.262665800    0.652759200
1287   -0.950000000   -1.209344000    1.364824000
1288   -0.950000000    0.176624000    0.847847000
1289   -0.950000000   -1.025140000   -1.457958000
1290   -0.950000000   -0.527127600    0.751449900
1291   12.646160000    1.155371000    1.144019000
1292   -0.950000000   -1.603914000    1.040629000
1293   -0.950000000   -0.578395800    0.299217400
1294   19.895280000    1.469555000   -1.779972000
1295    2.802656000    0.299397700   -0.802357400
1296   -0.950000000   -0.521684600   -0.974465100
1297    2.352923000    0.335579300    0.154195400
1298    3.123679000    0.364839500   -0.137884900
1299   12.877210000    1.256003000   -0.005932569
1300   -0.950000000    0.278841300    0.840252700
1301   -0.950000000   -0.700551500    0.272877500
1302    0.690769900    0.246822900    0.112168800
1303   -0.950000000   -0.040130560    0.508935900
1304   -0.950000000   -0.531327900    0.280915800
1305   -0.950000000   -1.349501000   -0.733695400
1306   -0.950000000   -0.997133000   -0.396873400
1307    7.429179000    0.667885400   -1.011979000
1308   -0.950000000   -0.642484800    0.759104700
1309   -0.950000000   -0.988614200   -0.927755600
1310   12.218810000    1.211769000   -0.652824500
1311    2.739692000    0.118280400   -1.146829000
1312   10.024650000    1.017874000    0.804175000
1313   12.854370000    1.004926000    0.041075520
1314   -0.950000000   -0.798363800    0.582518200
1315   -0.950000000   -0.583933200   -0.804707900
1316   -0.950000000   -0.402341200   -0.030757570
1317    2.114688000    0.711429700   -1.396975000
1318   -0.200044200    0.432460400    0.566637600
1319    8.657983000    0.930470400   -0.590093600
1320   -0.950000000   -0.725985600    1.147963000
1321   -0.950000000   -0.960876100   -0.123222400
1322   -0.950000000   -0.221008100   -1.133295000
1323   -0.950000000   -0.296648300    0.423017700
1324   14.232620000    1.601591000    0.248965500
1325   11.235530000    1.226738000   -0.068134020
1326   -0.950000000   -0.238469000    0.174314600
1327   -0.950000000   -1.793331000   -0.500318700
1328    2.490950000    1.200137000    1.964180000
1329    2.777746000    0.295109100   -1.306244000
1330    6.806250000    0.227500700   -1.292245000
1331   -0.950000000   -0.736964000    0.902930200
1332   -0.950000000   -0.080768760    0.595273800
1333   11.364610000    1.079153000    0.217854200
1334   13.573140000    0.943930800   -1.155363000
1335   -0.950000000   -0.789327800    0.803068700
1336   -0.857598500   -0.158868500    0.834197200
1337   -0.950000000   -0.891322100   -1.316018000
1338   -0.950000000   -0.975068300    0.464395900
1339   18.132420000    1.877982000    1.638858000
1340   -0.950000000   -0.919928900    0.278520300
1341   -0.950000000   -1.150519000    1.246853000
1342   -0.950000000   -0.672978000    1.653505000
1343   -0.950000000   -0.054923080    1.246740000
1344   -0.950000000   -1.617263000   -0.119153900
1345   11.325770000    1.313660000    1.848570000
1346   18.384130000    1.511210000    0.873857700
1347    7.014152000    0.417697000    0.329974200
1348   15.917450000    1.186992000    0.031454290
1349    8.140650000    0.151701700   -1.928810000
1350    8.833346000    0.720067000   -0.271358300
1351    4.353578000    0.588757000   -1.344361000
1352   -0.950000000   -1.663402000   -0.265018100
1353   -0.950000000   -0.316000700    0.776996900
1354   -0.950000000   -0.712399600    0.061326850
1355   -0.950000000   -0.510364800    1.998763000
1356   -0.950000000   -0.038712780    1.192542000
1357    1.486778000    0.352279700   -1.209122000
1358    5.086324000    0.468129300   -1.195027000
1359   -0.950000000   -0.793414100   -0.475377100
1360    4.160096000    0.243280700   -1.147185000
1361   -0.950000000   -1.538091000   -0.558789100
1362   -0.950000000   -0.985962400   -1.667271000
1363   -0.950000000   -0.071596500   -0.158128800
1364   -0.950000000   -0.816963000   -0.210361500
1365   12.014120000    1.826201000    1.849744000
1366   12.346250000    0.971328100    0.664896700
1367   20.857130000    1.398433000    0.594847100
1368    1.708298000   -0.318485400   -0.051913800
1369    2.499508000   -0.544439800   -1.171898000
1370    5.516119000   -0.025056520    0.082266290
1371   15.439680000    0.755051900    0.037401010
1372   15.707200000    1.285459000    0.087380530
1373   17.043640000    1.325370000    0.179310800
1374    1.043429000   -0.633600800   -1.150664000
1375   15.978320000    0.784501500   -0.747933300
1376    3.690219000    0.370746700    1.994950000
1377    3.362710000    0.673797300    1.778966000
1378   17.502150000    1.342752000    0.812611200
1379    3.980725000   -0.097155730   -0.311063000
1380    8.003305000    0.143346400   -0.473994400
1381    0.810840700    0.137980800   -1.278524000
1382   -0.950000000   -0.191688800   -0.694445100
1383   -0.950000000   -0.622767200   -0.982098100
1384   -0.950000000   -0.256631000    0.508600800
1385    3.751105000    0.417748300   -0.779928900
1386   -0.950000000   -0.603916600   -0.943406700
1387    4.622355000    0.576368500   -0.271688900
1388    8.383215000    0.806085400    0.279163900
1389   -0.950000000   -1.060262000    0.535280900
1390    5.928773000    0.709331600    0.128173300
1391    0.745685400    0.462735500    1.853189000
1392   -0.950000000   -0.816839700   -0.211908400
1393   -0.131039500    0.007080253   -1.857156000
1394   -0.950000000   -1.873084000    0.988616500
1395   -0.950000000   -0.363784200    0.218416300
1396    4.532764000    0.645042300   -0.334719400
1397    0.558666000    0.259964200    0.157291700
1398   -0.950000000   -0.012591830    1.046149000
1399   -0.950000000   -0.883769400    1.222864000
1400   -0.950000000   -0.862478100   -1.805703000
1401    9.583295000    1.106954000   -0.304636600
1402   -0.950000000   -1.921520000    0.034082890
1403   -0.950000000   -0.194772300    0.540009000
1404   -0.950000000   -0.143675300   -0.759191000
1405   11.379700000    0.971392100    0.304215200
1406    0.759961600   -0.024372260   -0.896883600
1407   17.181030000    1.495487000   -0.573304900
1408   -0.950000000   -0.451335400   -1.192404000
1409    4.802339000    0.310712600   -1.651399000
1410   -0.950000000    0.428790400    1.032999000
1411   -0.950000000   -1.743316000    1.075080000
1412   -0.950000000   -1.191752000   -0.124512400
1413   20.563680000    1.201955000    0.441645800
1414   15.863980000    1.145257000   -0.841598100
1415    8.799716000    0.127614900    0.269265200
1416    4.496331000   -0.090911510    0.982626100
1417   14.826620000    0.818136400   -0.504767000
1418    5.955219000    0.092439020    1.334912000
1419   21.089230000    1.601207000    0.429389000
1420   -0.820589200   -0.740785100    0.261481900
1421    4.215337000   -0.242785400   -0.292787300
1422    6.673429000    0.274004100    0.896521600
1423   -0.950000000   -0.675271400    1.559584000
1424   16.564810000    1.420104000    0.876755300
1425   -0.950000000   -0.727791100    1.316353000
1426   -0.950000000   -1.017540000    1.342039000
1427   -0.950000000   -1.047760000    0.293657500
1428   -0.950000000   -0.146772500    0.480503900
1429    4.247822000    0.159989500   -1.018038000
1430    9.497174000    0.702225000   -1.550335000
1431    9.956865000    0.852549900    0.212846400
1432   -0.950000000   -0.336964000   -0.151540900
1433   -0.950000000   -0.677088000    1.146626000
1434    2.460339000    0.452736800   -0.065096380
1435   -0.950000000   -1.054900000   -0.037925470
1436    5.939506000    0.533894600   -1.004311000
1437   19.005250000    1.593290000    1.054913000
1438   -0.950000000   -0.594627000   -0.762549300
1439   -0.950000000   -0.390115400   -0.363407200
1440    0.874603700   -0.040677080   -0.757301400
1441   -0.950000000   -0.184070700   -0.679671200
1442   -0.950000000   -0.368605800   -0.709647900
1443   -0.675224400    0.369486500    0.574442200
1444   -0.950000000   -0.589946700   -0.852343500
1445    6.147833000    0.969963100    0.509549300
1446    6.026666000    0.576258200   -1.537242000
1447    3.562319000    0.494700900   -0.045712220
1448   -0.950000000   -1.349600000   -0.041699090
1449    2.306885000    0.337953500    0.098261880
1450   16.099010000    1.781086000   -0.504220300
1451   -0.950000000    0.338226300    0.803941200
1452   -0.950000000   -0.481638700   -0.054435920
1453    2.565784000    0.505534700   -0.237461200
1454    1.659163000    0.655237400    0.454404400
1455    1.018345000    0.187808900   -1.419775000
1456   11.245950000    0.941512800   -0.476047500
1457   19.162710000    1.333074000    0.281117100
1458    1.546105000   -0.157761900    0.702980800
1459   -0.950000000   -1.548354000    0.238894600
1460   -0.950000000   -0.786221500    0.854959300
1461    4.070550000    0.163260900    0.418220400
1462    3.455083000    0.064699690   -0.565576700
1463    7.563483000    0.447839900    0.055661510
1464    6.979300000    0.787158300    0.439994600
1465    8.618057000    1.430356000    0.470227500
1466    2.509739000   -0.019673720    0.115867000
1467   11.458850000    1.154794000    1.517824000
1468    5.871793000    0.488120500   -0.278772200
1469    8.962650000    0.555526000   -0.617081800
1470    0.431612400   -0.455142700   -0.782564300
1471   -0.950000000   -1.753098000   -0.840870200
1472   12.037020000    1.098350000   -0.632256800
1473   -0.950000000   -0.340330200    0.993674900
1474   15.225250000    1.060084000   -0.718852600
1475   -0.950000000   -0.431174000    0.524618100
1476    0.835445200   -0.115804600   -0.558871000
1477    3.163222000    0.350782600    1.843140000
1478   -0.950000000   -1.045089000   -1.680901000
1479   -0.950000000   -0.137955000    1.280159000
1480    7.012596000    0.239343500   -0.707904400
1481    2.138171000    0.110323300    0.195240500
1482   -0.950000000   -0.989393800   -0.446539500
1483    8.113765000    0.798800100    0.603037300
1484   -0.950000000   -0.234403700    1.074262000
1485    9.225479000    0.748317900    0.035060120
1486    3.487280000    0.317150200   -0.243768100
1487    1.618408000    0.433760300    0.952589200
1488   12.798900000    1.247777000   -0.692627600
1489   -0.950000000   -0.724822400    0.553790000
1490   -0.950000000   -0.822727800    0.699174800
1491   -0.950000000   -0.717002500   -0.693828200
1492   -0.950000000   -0.889924000   -0.951186600
1493    6.813094000   -0.028689530   -1.967539000
1494   14.198410000    1.441238000   -0.283170400
1495    1.125288000    0.246381900    1.054608000
1496    0.061020810    0.082031160   -0.317483400
1497    9.024267000    0.698479700   -0.374684300
1498   -0.950000000   -1.101499000   -1.555187000
1499    5.999832000    0.736487500    0.620131800
1500   -0.950000000   -0.414527700    1.326190000
