*y  x1  x2
   1   -0.950000000   -0.637049200    0.139238300
   2   -0.950000000   -0.069997560   -0.738853700
   3   -0.950000000   -0.137467800   -1.000345000
   4   -0.950000000   -1.215005000   -1.692343000
   5    7.944751000    0.726004800   -1.637063000
   6   -0.950000000    0.884946200    0.864974500
   7   -0.950000000   -0.447586200    0.451657400
   8   -0.950000000   -0.389720400   -1.459986000
   9   -0.950000000   -0.341892600   -0.044291730
  10   -0.559333900    0.428951900   -0.544936000
  11   -0.950000000   -1.613477000    0.042716590
  12   -0.950000000   -0.434480200    0.345034300
  13   -0.950000000   -0.420230700    1.553245000
  14   12.629340000    1.105513000   -1.332428000
  15   -0.950000000   -0.395631900    1.710879000
  16   -0.465377800    0.131027800    0.362983600
  17    6.548271000    0.547855900    0.350546200
  18   -0.950000000   -1.314042000   -1.172647000
  19   16.146820000    1.288236000   -0.061753010
  20   -0.950000000    0.134495900    0.704220300
  21    4.169888000    0.565143900    0.629253700
  22   -0.950000000   -1.654509000   -0.776959200
  23   -0.950000000   -0.885032700   -0.196425300
  24   16.580860000    1.682503000    0.057162480
  25   -0.950000000   -0.735493600    0.976585800
  26   -0.950000000   -0.598192900    0.501946600
  27   -0.950000000   -0.535781400   -0.631757900
  28    4.979120000    0.542595000    0.495718400
  29    5.871882000    0.637408800   -0.055517560
  30    9.562620000    0.895677900    0.083575040
  31   -0.950000000   -1.040503000    0.482157400
  32   13.717120000    1.111148000    0.616437700
  33    0.524930900   -0.212689900   -0.349699200
  34   20.152190000    1.315774000   -0.245710300
  35    9.056541000    0.632081200   -0.143065200
  36   -0.950000000   -0.433804300    0.910542400
  37   18.386790000    1.045864000   -1.773163000
  38   -0.950000000   -1.550747000    0.529131300
  39    5.526922000    0.313282700   -0.853228900
  40   11.832820000    0.804377900   -0.197037800
  41   -0.950000000   -1.531839000    0.042186680
  42   -0.950000000   -0.749778600   -0.412279700
  43    6.153548000    0.398915800    1.875962000
  44    7.315837000    0.432757300   -0.710405000
  45   -0.950000000   -0.308234200    0.903562600
  46   -0.950000000   -0.739257800   -0.327376300
  47   -0.950000000   -0.181160700   -0.503063800
  48   -0.950000000   -1.105697000   -1.608830000
  49    9.495423000    0.800887600   -1.643931000
  50    3.686210000    0.859553200    1.017187000
  51   11.778650000    1.123803000   -0.101736100
  52    5.512351000    0.541074100   -1.030497000
  53   10.081120000    0.637315100   -1.705059000
  54   -0.950000000   -0.218542500    1.195438000
  55   -0.950000000   -1.389476000   -0.881629200
  56   -0.950000000    0.073156590    0.700796800
  57   -0.950000000   -1.561750000   -0.066426440
  58   -0.950000000   -1.082894000   -0.850905300
  59    3.211136000    0.845520800    0.881500000
  60   -0.950000000   -0.403086600   -0.927466500
  61    6.721464000    0.326421000   -1.355989000
  62    1.529611000    0.021121170   -0.398774100
  63    7.765199000    0.875200600   -0.858292200
  64   -0.950000000   -0.309853900   -0.562863500
  65   -0.950000000   -1.810950000   -1.299589000
  66    7.987295000    1.007304000    0.048852740
  67   -0.950000000   -1.417194000    1.361094000
  68    3.540667000    0.543619900   -0.807961300
  69   -0.950000000   -0.228053300   -0.599958200
  70    7.018790000    0.940146300    0.085742320
  71    7.520633000    0.606314800   -1.024311000
  72   17.893900000    1.680560000    0.884996400
  73   -0.950000000   -0.677209900    1.411167000
  74   11.881210000    1.189259000   -0.922113400
  75   -0.950000000   -0.143827400   -0.286888500
  76   -0.950000000   -1.172137000   -1.147545000
  77   -0.950000000   -1.478956000   -1.715886000
  78    4.929643000    0.689623900   -1.196445000
  79    1.296721000    0.493220600   -1.119936000
  80   -0.950000000   -1.310711000    0.361904500
  81    4.382089000    1.011841000    0.080904420
  82   -0.950000000   -0.995106800   -0.704218500
  83   -0.950000000   -0.608959400   -0.125728100
  84   -0.950000000   -0.513921400    1.578124000
  85   -0.950000000    0.360638900   -0.290774700
  86    3.324448000    0.668258900   -1.648478000
  87   -0.950000000   -0.632999900    0.790317200
  88   -0.950000000   -0.325123100   -0.993609000
  89   13.172200000    1.211867000   -0.728506000
  90    2.240292000    0.596824500   -1.124321000
  91    3.997136000    0.414986700   -0.635328900
  92   -0.950000000   -1.718271000    1.160959000
  93    7.017444000    0.859398600   -0.178965900
  94   -0.950000000   -0.109811700    0.772839400
  95   -0.950000000   -0.507933000    0.507898900
  96   -0.950000000   -0.539698000   -1.537066000
  97   11.229420000    0.977875800    0.052155080
  98    4.359705000    0.117021600   -1.672303000
  99   18.878830000    1.416667000   -0.752247400
 100   14.232120000    1.132226000    1.805562000
 101   -0.950000000   -0.506876800    1.449411000
 102    0.598635200    0.089588070   -0.225212600
 103   -0.950000000   -0.504294500   -1.212755000
 104   -0.950000000   -1.305334000    0.433889200
 105   -0.950000000   -0.160495500    0.878611600
 106   -0.950000000   -0.411555400    0.811797100
 107   10.294290000    1.362520000    0.090833140
 108   12.220890000    1.405755000   -1.141973000
 109   -0.950000000   -0.220699000   -1.403858000
 110   -0.950000000   -0.278532500   -0.416336200
 111    4.314437000    0.436088100   -0.767699700
 112   -0.950000000   -0.209860300   -0.341703100
 113   -0.950000000   -0.866147500   -1.843557000
 114   -0.950000000   -1.066447000    0.880165500
 115   -0.950000000   -1.336033000   -0.031079420
 116   -0.950000000   -0.276470000    0.353585500
 117    0.169437000    0.415699900    0.521888000
 118   -0.950000000   -1.876281000   -0.081029240
 119   -0.950000000   -0.093767970   -0.097944810
 120    9.107834000    1.874711000    0.528239500
 121    5.355409000    0.739370000    0.824719800
 122   -0.950000000   -1.160740000   -0.343607200
 123   14.934320000    0.895837900   -1.487167000
 124    1.800635000   -0.040128920   -0.540110400
 125    3.613043000    0.357597200   -0.302663300
 126   -0.950000000   -1.351357000    1.547474000
 127    7.849628000    0.612937700   -1.302514000
 128    6.120595000    0.344205600   -0.164781000
 129   -0.950000000   -0.921121500   -0.846170400
 130   -0.950000000   -0.596536800   -0.808821000
 131   -0.950000000   -0.627024700    0.908136800
 132    3.571165000    0.219396100   -0.368721800
 133   10.529250000    0.954478400    0.213173900
 134    1.338578000    0.250538200    1.718216000
 135    7.240195000    0.321752500   -1.261593000
 136   15.385540000    1.425682000    0.724449800
 137   15.961050000    0.880164600    0.137632100
 138   18.384410000    0.971321800   -0.308429700
 139    3.827906000   -0.230403000   -0.093213850
 140   12.693740000    0.726136000    0.613590400
 141    9.536739000    1.331145000    1.900471000
 142    0.356401800   -0.625900500    1.602017000
 143   -0.950000000   -0.392862200    1.730391000
 144    9.772676000    0.581590100    1.583479000
 145    8.981241000    0.187219600   -0.861212300
 146   15.962790000    1.100711000   -0.218886100
 147   -0.950000000   -0.936625400    1.042583000
 148   11.517300000    0.630635100    1.063175000
 149   -0.950000000   -1.711095000   -0.428742600
 150   19.478560000    1.874149000   -0.203588700
 151    7.096049000    0.918683600   -0.028916410
 152   -0.645310000    0.109255100   -0.504763400
 153    6.139166000    0.788696700   -1.628038000
 154   -0.160670700   -0.020941730    0.892201900
 155    0.275152100    0.216303600   -0.847606500
 156   10.115580000    0.929941800   -1.757456000
 157   -0.950000000   -0.786859800   -0.169097700
 158   -0.950000000   -1.681957000   -0.988989400
 159   -0.950000000   -0.080079210   -0.667340500
 160   -0.950000000   -1.682414000    1.335406000
 161   -0.950000000   -0.400767500   -1.382130000
 162   -0.950000000    0.200394700    0.374891500
 163   13.382990000    1.370971000   -0.176954600
 164   -0.950000000   -1.130323000   -0.194233400
 165   -0.950000000   -1.389156000    1.642375000
 166   -0.950000000   -1.249020000   -1.026182000
 167   -0.950000000   -1.545720000    0.525489600
 168   -0.950000000   -0.217041400    0.719155300
 169   -0.950000000   -0.334260100   -1.921606000
 170   -0.950000000    0.155726100   -0.660128400
 171   -0.950000000    0.304152400    0.733350700
 172   -0.950000000    0.061337990    0.202895300
 173   -0.950000000   -1.534240000    0.959820400
 174   -0.950000000   -0.608335200    0.019229960
 175   -0.950000000   -0.472090300   -0.023917640
 176    7.201237000    0.697953100   -0.901642400
 177   -0.950000000    0.709182900    0.443789700
 178    3.306471000    0.781919100   -0.830799700
 179   -0.950000000   -0.738218100   -0.194634200
 180    1.193443000    0.185437200   -1.140204000
 181   -0.950000000   -1.148996000    1.627207000
 182    3.539098000    0.767721700   -0.625553500
 183   -0.950000000    0.222209800    1.551391000
 184   -0.950000000   -1.055444000   -0.847029800
 185   -0.950000000   -0.057051470   -0.523812200
 186   -0.950000000   -0.686722600   -0.807407000
 187    5.813541000    1.192941000    0.281345400
 188    3.868030000    0.593844300   -1.135464000
 189   -0.950000000   -1.336314000   -1.284719000
 190   -0.950000000   -0.242392200   -1.753496000
 191    0.286127800    0.230946600   -0.534955600
 192   -0.950000000   -0.637691500   -1.573534000
 193    5.960072000    0.731337200   -0.050337700
 194    2.539961000    0.528087200   -0.121533500
 195    5.123908000    0.658110900    0.181687700
 196    3.443873000    0.271264000   -0.694377000
 197   -0.950000000   -0.875141400   -0.905384500
 198   -0.950000000   -0.415361800   -1.103539000
 199   -0.950000000   -1.120373000    1.391493000
 200    4.452045000    0.210763500   -1.400938000
 201    4.698048000    0.331983100   -0.510524300
 202    5.044727000    0.523549100   -0.980089300
 203    2.803564000    0.488959300    0.222375000
 204    6.884928000    1.195302000   -0.267606500
 205    0.455308600    0.315785300    0.229981200
 206   -0.950000000   -0.774281000   -1.391977000
 207   -0.950000000   -0.630246400    1.054248000
 208    3.949477000    0.489597500    0.840240400
 209    4.397027000    0.428498600    0.061460320
 210   -0.950000000   -0.032621930   -0.128832200
 211    6.894009000    0.667722000   -0.985785000
 212   -0.950000000   -0.468752600    0.085782600
 213    3.148025000    0.490591700    1.096652000
 214   14.915160000    1.570955000   -1.170411000
 215   -0.950000000   -0.277114900    1.407416000
 216   -0.950000000   -0.449355900    0.075622630
 217   -0.950000000   -0.193572400   -0.738301000
 218   -0.950000000   -1.229635000    0.189347300
 219    1.251156000    0.630251600    1.227465000
 220   -0.950000000   -0.407974800    0.579835000
 221   -0.950000000   -0.340106000   -0.843460900
 222   -0.950000000   -1.273815000   -0.530316300
 223   -0.950000000   -0.628263800   -0.841800700
 224   -0.950000000   -1.168864000   -1.407229000
 225   -0.950000000   -0.751905800    0.267591800
 226   19.164660000    1.019972000   -1.577062000
 227    1.839885000   -0.069556730    0.870259900
 228    0.879017000   -0.243554200   -0.137612400
 229   -0.950000000   -0.461750400    1.831412000
 230   -0.950000000   -0.737910000    0.432795800
 231   15.464500000    1.557065000    0.955036100
 232    5.026115000    0.313864300    0.551262600
 233    2.559897000   -0.054741450   -0.223445900
 234   -0.950000000   -0.786788700    0.967890700
 235    0.888364300    0.433720200    1.625749000
 236   13.579940000    0.809594100    0.886936800
 237    1.255870000   -0.239158100   -0.131541100
 238   -0.950000000   -1.766183000    1.772390000
 239   13.225590000    0.662129600   -0.698804500
 240   13.428110000    1.046575000   -0.408143700
 241    2.193493000   -0.064269870   -0.429668200
 242    6.037275000    0.557195800    0.472072300
 243   12.501280000    0.920492400   -1.366992000
 244   14.622620000    1.309031000    0.115101600
 245   -0.950000000   -1.239362000    0.029025440
 246   -0.950000000   -0.820601400   -1.784943000
 247    2.601268000    0.407548900    1.450720000
 248    8.724249000    0.731420700    1.205808000
 249   -0.950000000   -1.146132000    0.092006240
 250   12.852200000    1.018940000   -0.700693300
 251    2.424699000   -0.201230000   -0.730070400
 252   -0.580845400   -0.503326300   -0.534767000
 253    5.129011000    0.314299100    1.676269000
 254    5.602908000    0.530126600    0.502225400
 255   -0.950000000   -0.222848100    1.828195000
 256    4.802097000   -0.380788900   -0.843933200
 257   -0.950000000   -1.669517000    1.072009000
 258   14.360380000    0.993497900    0.117405600
 259   21.997180000    1.343457000   -0.252073900
 260   15.181300000    1.214712000    1.066565000
 261    9.762139000    0.425699900   -0.838654900
 262   -0.950000000   -1.052594000   -0.020362270
 263   15.547330000    1.159364000    1.361958000
 264   14.242440000    1.087975000   -1.053161000
 265    6.633440000    0.357291000    0.593069200
 266   -0.950000000   -1.388143000   -0.185772600
 267    4.012137000    0.556039400    1.868791000
 268   13.676830000    0.485613900    0.306856800
 269    6.025261000    0.054902020    0.803966200
 270   16.670950000    0.830577900   -1.389658000
 271   -0.950000000   -1.070591000   -0.355250700
 272   -0.950000000   -0.463320000    0.262502800
 273   -0.950000000   -0.247983600    1.069693000
 274   11.845820000    1.063701000    0.884869700
 275    5.698510000    0.367627400    1.598487000
 276    3.974247000    0.260460000    0.019603690
 277    8.128478000    0.844586600    1.313597000
 278   10.946960000    0.681949300    1.122935000
 279    1.231842000   -0.312562700   -1.275419000
 280    9.041828000    0.682645300    0.626443400
 281   -0.950000000   -1.148353000    0.136089800
 282   -0.950000000   -0.270851200    0.064644390
 283    2.136956000   -0.133924200   -0.872634100
 284    1.165913000   -0.090187790   -1.835972000
 285    3.558106000    0.767996500    0.851544700
 286    5.732736000    0.657221800   -0.871446400
 287    7.295913000    0.932148300   -0.867791300
 288   -0.950000000   -0.963639600   -1.470380000
 289   -0.950000000   -1.704757000    0.118625000
 290   11.665290000    1.050310000   -0.444409800
 291   -0.950000000   -0.839650400   -0.004618483
 292   -0.950000000   -0.257989300    0.768297600
 293   11.977630000    1.355470000   -1.495251000
 294   -0.950000000   -0.564608600    0.058479000
 295   -0.950000000   -0.037361310    0.564716500
 296   -0.950000000   -1.253712000   -0.992009000
 297    8.922623000    1.232520000    0.404451500
 298   -0.950000000   -0.308465600    0.554277900
 299    0.351359800    0.441073000    1.121834000
 300    6.249938000    0.380130200   -0.683624500
 301   -0.950000000   -0.421235400   -1.240696000
 302   -0.950000000   -1.139314000   -0.342246000
 303   -0.950000000   -1.878076000    0.310250800
 304   11.585970000    1.679093000    0.243980700
 305    3.312553000    0.468887600   -0.688196200
 306   21.389560000    1.856327000   -1.801355000
 307    2.905865000    0.689156100   -0.238021600
 308   -0.950000000   -0.242421700    0.951566300
 309   -0.907602300    0.346569500    0.173155600
 310    8.548556000    0.836130600   -0.963888200
 311   -0.950000000    0.316920800    0.066866370
 312   -0.670723900    0.211414300    0.063335420
 313   -0.950000000    0.204367400    0.368683600
 314   -0.950000000   -1.557940000   -1.047666000
 315   -0.950000000   -1.380519000   -1.628561000
 316    6.827076000    0.566153100   -0.026650830
 317   -0.950000000   -1.954264000    1.108679000
 318   -0.950000000   -1.756267000    1.584012000
 319   -0.112294700   -0.303559900   -1.327603000
 320    8.718603000    0.923765100    0.541584300
 321    3.026588000    0.212350500   -0.353581900
 322   -0.950000000   -0.670162100   -0.416901800
 323   -0.950000000   -0.647200600    1.218525000
 324   11.958760000    0.878764100   -0.206864300
 325   13.225330000    1.079550000   -0.034654970
 326   -0.950000000   -0.024225140    1.141790000
 327   -0.950000000   -1.077290000   -0.125106000
 328    6.839060000    0.583754300   -1.066049000
 329   18.835920000    1.565628000    1.346391000
 330   -0.950000000   -1.609204000   -0.212391800
 331   26.944960000    1.981142000   -0.865862900
 332   10.721290000    0.662425100    0.481933000
 333    9.922646000    0.875745900    0.495333800
 334   -0.950000000   -1.295571000    1.047616000
 335    9.074627000    0.654083600   -0.254609600
 336    0.013548390   -0.234110000    0.970624500
 337    1.902027000   -0.233640500   -0.244496400
 338   16.368910000    1.076457000   -0.870831700
 339   18.324990000    1.578050000    0.163447200
 340    5.337822000    0.063494930    0.638542200
 341   -0.379113300   -0.388248700    1.764263000
 342    7.864865000    0.521861300   -0.228024800
 343   10.667540000    0.782285300    0.861053300
 344   -0.950000000   -0.852498100   -1.311073000
 345    4.100434000   -0.117266600   -0.902724000
 346    6.733438000    0.597140000    0.204581400
 347   -0.768970400   -0.196749300   -0.878320700
 348    7.763835000    1.037505000    1.112593000
 349   -0.950000000   -1.239196000   -1.715455000
 350    3.823789000    0.524667300    1.246513000
 351    6.203530000    0.548258200   -0.644076000
 352    5.509865000    0.516379800   -0.368544200
 353    2.544290000    0.275733100   -0.575960400
 354    5.615676000    0.825650800   -0.191788100
 355    2.062432000    0.068478170   -0.275702400
 356   -0.950000000   -0.439044800   -0.693284700
 357   13.695380000    1.045620000   -0.113198800
 358   -0.950000000   -0.611596000   -0.232665300
 359    9.301275000    0.749095100    0.714984600
 360    3.161888000    0.132026200   -0.525950100
 361   12.461200000    1.183048000    1.509831000
 362   -0.950000000   -0.394005000   -1.508679000
 363   -0.950000000   -0.641117900   -0.272161900
 364    7.332774000    0.601713600    0.419132700
 365   -0.950000000   -0.179572400    0.967882900
 366    2.646929000    0.064558990   -0.171785000
 367   -0.950000000   -0.461548500    0.247588900
 368   -0.950000000   -0.857190000   -1.901585000
 369   -0.950000000   -0.556741700    0.305082200
 370   -0.950000000   -0.533138200    0.916080500
 371   -0.950000000   -1.029678000    0.280461500
 372   16.452810000    1.706331000    0.580655600
 373   -0.950000000   -0.019267350    0.437798200
 374   -0.950000000   -0.223342300    0.107454800
 375   11.566560000    0.324976700   -1.775521000
 376    0.525807500    0.406657900   -0.408089500
 377   -0.950000000   -1.182318000   -0.590362400
 378    5.713018000    1.495078000    1.191365000
 379   16.029970000    1.562057000    0.811503800
 380   -0.950000000   -0.326447700    1.582213000
 381   -0.950000000   -1.113399000   -0.311682900
 382   -0.950000000   -1.091769000   -0.913362100
 383    4.006478000    0.660072200    0.626709300
 384   -0.950000000   -1.541286000   -0.671973000
 385   -0.950000000   -0.050098400   -0.286590700
 386   11.568260000    1.065406000   -1.045599000
 387   -0.950000000   -0.343189400   -0.790220300
 388   -0.950000000   -0.225966900   -0.594555700
 389   -0.950000000   -0.492805600   -0.710838100
 390    5.098656000    0.741980000   -0.077288830
 391   -0.950000000   -1.481043000   -0.557462400
 392   -0.950000000   -0.228718700    0.291485500
 393   -0.950000000   -0.456937600   -0.127295600
 394   -0.950000000   -0.867639100    0.474337700
 395   -0.411479000    0.861602700    0.355480600
 396   -0.950000000   -1.259995000   -1.644754000
 397   -0.950000000   -0.659585100    0.037329500
 398   -0.950000000   -0.700292000    0.366676100
 399   -0.950000000   -1.289378000   -0.162211700
 400   -0.950000000   -1.461222000   -0.265293400
 401   -0.563955600    0.780401100    0.906129400
 402    6.288664000    0.623929200   -0.772000200
 403   -0.950000000   -1.558335000    0.999696600
 404   -0.950000000   -1.021549000    0.134025000
 405   -0.950000000   -0.156827200   -0.986924600
 406    3.120494000    0.354071300   -0.066308480
 407   -0.950000000   -0.276583400   -1.326488000
 408    4.388569000    1.136161000   -0.020092300
 409    0.876479200    0.678945400    1.151997000
 410    3.890536000    0.577079300   -0.520788900
 411    2.130159000    0.368388900   -0.715622500
 412   -0.950000000   -1.099441000    0.908013200
 413   -0.950000000   -0.742839100   -0.149469100
 414   -0.950000000   -1.069574000    1.816654000
 415   -0.950000000   -1.574502000   -0.530189100
 416    0.098185050    0.489426600   -0.049530870
 417   -0.950000000   -0.055966970    0.720124100
 418   -0.950000000   -0.508805900   -1.953031000
 419   -0.950000000   -1.689821000   -1.546897000
 420   13.991800000    1.904480000    0.264177800
 421   -0.950000000    0.268352100    0.111070800
 422   -0.054525240    0.302934800    0.116667900
 423   -0.950000000    0.017101040    1.072104000
 424    6.296374000    0.923788600   -0.245143300
 425   -0.950000000   -1.243323000   -0.529079500
 426   -0.950000000   -0.473507900   -0.576831000
 427    4.877954000    0.765720500   -1.701200000
 428   -0.284949500    0.598195800    0.853157700
 429   -0.950000000   -0.833310900    0.082781620
 430    7.035119000    0.913657600   -0.354406700
 431   -0.950000000   -0.433943300   -0.939749300
 432   -0.950000000   -0.454954000    0.304812700
 433   16.710340000    1.349308000   -1.947733000
 434   -0.950000000   -0.888525400   -0.300694500
 435   -0.950000000   -0.985739200    0.659206200
 436    9.178021000    1.076233000    0.002643451
 437   -0.950000000   -0.200125700   -0.053549810
 438   12.278610000    1.061193000   -1.210923000
 439    2.894347000    0.420092000    1.472301000
 440    4.646974000    0.464941600   -0.240472500
 441   -0.950000000   -1.539411000   -0.996723000
 442    5.232252000    0.592418300    0.452737000
 443    5.649376000    0.535496900   -0.037200940
 444   -0.950000000   -0.330094800    0.957184700
 445    1.367823000    0.338095900    1.113677000
 446   -0.950000000    0.003781055    0.403425400
 447    7.795223000    0.493578800    1.032443000
 448   -0.950000000   -1.245162000   -1.287358000
 449    2.669512000    0.008683597   -1.662190000
 450   -0.950000000   -1.110112000   -0.671416100
 451    9.078533000    0.582085100   -0.496511200
 452   21.386270000    1.746507000   -0.883634100
 453    7.132301000    0.434758900    0.982284000
 454   11.207580000    0.811644900   -0.065256640
 455    0.097706910   -0.047131550    0.874539400
 456   -0.950000000   -0.512295500    0.625250800
 457    3.776110000    0.289351100    0.967720900
 458   -0.950000000   -0.934916100   -0.393400600
 459   12.832900000    0.731337100   -0.186717800
 460   -0.950000000   -1.120285000   -0.045055860
 461   20.420030000    1.550576000    0.555157500
 462    6.968955000    0.637568700   -0.352731300
 463    8.029463000    0.471726000   -0.301279200
 464   -0.206092200   -0.576062100   -1.339121000
 465   16.955400000    1.740726000    0.869058400
 466   -0.950000000    0.056025680    1.159569000
 467   -0.950000000   -0.387439600   -0.494829400
 468   -0.950000000   -0.537446600   -1.071218000
 469   -0.950000000   -0.863004400   -0.898559700
 470    4.196950000    0.518166900    0.019837490
 471    6.258449000    0.551143900    1.522717000
 472   -0.950000000   -1.384139000   -0.287480900
 473   -0.950000000   -0.610423900   -0.805810100
 474   -0.950000000   -0.511846000    0.848881000
 475    7.145446000    0.229671600   -1.220300000
 476    7.268671000    0.546362300    0.836368000
 477   -0.950000000   -1.319599000    1.231660000
 478   -0.950000000   -0.292062500   -0.898576000
 479   -0.950000000   -0.279308200    0.158414500
 480    5.497258000    0.547857900    1.398271000
 481    4.902635000    0.002335611    0.316072800
 482   10.055090000    0.619383400    0.827664400
 483   17.663620000    1.053376000   -0.786536900
 484   20.592350000    1.438754000   -0.571665600
 485   12.675860000    0.831276400   -0.284129700
 486   27.265370000    1.401008000   -1.515543000
 487   15.022170000    0.725809300   -0.880882700
 488    9.463591000    0.964246600    1.710521000
 489   17.217980000    1.615424000    1.404679000
 490    2.699949000   -0.761039100   -1.598735000
 491   18.772640000    1.136960000   -0.706525900
 492   -0.950000000   -0.862440900   -0.146252400
 493    0.449486500   -0.184987400    1.289442000
 494   25.670330000    1.885476000   -0.275669500
 495   12.887400000    1.217314000    0.700729100
 496    3.063292000    0.541920900   -0.449128900
 497   -0.950000000   -0.536340800    0.243902000
 498   -0.950000000    0.005594275   -0.068727120
 499   -0.950000000   -0.098345740    0.013971970
 500   -0.950000000   -0.702592300   -0.909374300
 501    2.088335000    0.017400140   -1.301412000
 502   13.654810000    1.218713000    1.147245000
 503   -0.950000000   -1.091309000   -0.429733300
 504    8.998946000    0.904334600   -1.480885000
 505   -0.950000000   -0.008179529    1.953821000
 506    2.005001000    0.416593500    0.446153900
 507   -0.950000000   -1.175570000   -0.992430700
 508    7.207208000    0.470957400   -1.438630000
 509   -0.950000000   -0.240731500    0.427288600
 510   -0.950000000   -0.009511139    0.078732160
 511   -0.950000000   -0.845169500    1.153188000
 512    0.309655300    0.227768200   -0.188952700
 513   -0.950000000   -1.029922000   -1.544549000
 514   -0.950000000   -0.169909200    1.084546000
 515   -0.950000000   -1.785246000    0.430977500
 516    9.149612000    0.999340500   -0.184473400
 517   -0.950000000    0.020321490    0.194693700
 518   -0.950000000   -0.611047800    0.450241800
 519   -0.950000000   -0.943994800   -0.246911300
 520   -0.950000000   -1.300570000    0.536034500
 521   11.850320000    1.181645000   -0.097196480
 522   -0.950000000   -1.148528000   -0.820874300
 523   -0.950000000   -0.789548500    0.053628950
 524   -0.950000000   -1.722839000    0.344771700
 525    6.746450000    0.690547200   -0.464075700
 526   -0.950000000   -0.971204700   -1.193093000
 527    4.241973000    0.191298300   -1.509925000
 528    7.837012000    1.175204000    0.450813600
 529   -0.950000000   -0.441805600   -0.493845700
 530   16.931110000    1.416750000   -1.639471000
 531   -0.950000000   -0.016541520    1.161703000
 532   10.783480000    1.090062000    1.161150000
 533    0.131523800    0.089669240    0.020583090
 534    2.302078000    0.218796300   -0.349360900
 535   10.315900000    1.136925000   -0.667115600
 536   -0.950000000   -1.038977000   -0.582210200
 537   -0.950000000   -0.095517140   -0.080391720
 538   -0.950000000   -0.774966600   -0.510273400
 539    6.947902000    0.717009400    1.789923000
 540   -0.950000000   -0.185622800    1.626449000
 541    7.490674000    0.811751300    1.814003000
 542   -0.950000000   -1.335745000   -0.241294400
 543   -0.950000000   -0.346533400    1.064512000
 544   -0.950000000    0.101125500    1.528787000
 545    2.298751000   -0.278898700   -1.119414000
 546    5.257890000    0.494949800    1.683063000
 547    0.599260400   -0.113442200    0.661128500
 548    0.540725200   -0.106131100    0.656220700
 549    2.857151000   -0.228857700   -1.997723000
 550    6.438439000    0.455823000    0.113061700
 551   18.676210000    0.973504100   -1.815226000
 552   -0.950000000   -0.591029300   -1.380892000
 553   -0.950000000   -1.599979000    0.356225700
 554   18.946260000    1.439215000   -0.226315500
 555   16.552830000    1.425919000    0.247458500
 556   -0.950000000   -0.126124900    0.430374200
 557    9.087303000    1.401278000   -0.974897200
 558   20.652920000    1.696185000    0.060262060
 559   -0.950000000   -0.259875500   -0.182689100
 560   11.273530000    1.538414000    0.197002800
 561   -0.950000000   -0.158135400    0.056014810
 562   -0.950000000   -1.906588000   -0.269921100
 563   -0.950000000   -0.500341700    0.579137600
 564   -0.950000000   -0.389048000   -1.232463000
 565   -0.950000000   -1.424413000   -1.616574000
 566   17.119620000    1.544098000    0.563015900
 567    2.185576000    0.037987230   -0.707894300
 568   -0.950000000   -1.248840000    0.813310100
 569   -0.950000000   -1.250699000    0.129211500
 570   -0.950000000   -1.209608000    1.085443000
 571   -0.950000000   -0.697811500    1.042320000
 572   -0.950000000   -1.375109000   -0.113391500
 573    4.280001000    0.078470510   -0.055586830
 574    9.233663000    0.340884400   -1.380835000
 575    4.067056000    0.186906100    0.152447000
 576   -0.567606700   -0.346237700    0.942466000
 577    5.003887000    0.635447900    1.881752000
 578   12.523000000    0.913051700   -0.129715100
 579   -0.705101500   -0.370390800    0.602430800
 580    7.248356000    0.804194600    1.226561000
 581   15.368700000    1.265974000    0.595085400
 582   -0.950000000   -0.802523600    0.857847600
 583   -0.950000000   -1.003370000   -1.145890000
 584   -0.950000000   -0.425821900    0.559818800
 585   -0.950000000   -0.584045700    1.499210000
 586   -0.277383700   -0.127436700   -0.435956700
 587   -0.950000000   -0.782895400    0.059231290
 588   11.647450000    1.953410000   -0.838439800
 589    1.015514000   -0.017688850   -0.553582800
 590   11.315160000    1.089307000   -0.523776300
 591   12.829050000    1.203832000   -0.509109100
 592    0.861503300   -0.020438230   -0.169565200
 593    8.341541000    0.617469800   -1.525299000
 594    6.057933000    0.667621400    0.626348900
 595   -0.950000000   -0.431602000   -1.114329000
 596    1.093765000   -0.159758200    1.221620000
 597   -0.950000000   -0.866290900    1.289447000
 598    0.316572500    0.022675840   -1.415368000
 599   -0.950000000   -0.329647700   -0.568366400
 600   18.980780000    1.895035000    0.696243900
 601   -0.950000000   -1.278354000    0.677127200
 602   -0.950000000   -1.260422000    1.128347000
 603   -0.317495400    0.062266820    0.601762200
 604   -0.950000000   -0.046506380    1.243509000
 605   -0.950000000   -0.261010600    0.717267400
 606   -0.950000000   -0.409032800   -0.681227800
 607   -0.950000000   -1.182816000   -0.401365900
 608   -0.950000000   -0.344520700    0.967591600
 609   -0.950000000   -0.619106900    0.302166000
 610    4.011468000    0.280209200    0.208898100
 611    0.871161200    0.019527410   -0.024442690
 612    9.817588000    0.859540600    0.262196300
 613    6.226702000    0.549970700    0.230182600
 614    6.193532000    0.510481200   -0.770213100
 615   -0.950000000   -1.710101000   -0.128990000
 616    7.718259000    0.485268100    0.802417400
 617   -0.950000000   -0.697371900    0.463682400
 618   -0.950000000   -0.933275100   -0.650459600
 619   16.489750000    1.526111000    0.075823720
 620   -0.950000000   -0.322619900    0.577747500
 621    5.997348000    0.552738900    0.680446200
 622    1.960476000    0.079501320   -0.494543600
 623   10.458980000    0.918313600   -1.873924000
 624   -0.950000000   -1.069151000    1.705270000
 625   -0.950000000   -1.933099000    0.012002600
 626    4.363718000    0.171151500    0.679213900
 627    3.937544000    0.707027600   -0.026913240
 628    1.098440000    0.127026100    0.590990200
 629   11.028890000    1.212429000    0.294629600
 630    2.910200000   -0.376314000   -1.402575000
 631    3.755680000    0.501379200    0.243816800
 632    2.314925000    0.206985600   -0.267455700
 633    3.801135000    0.438623100    1.422182000
 634   11.486770000    0.881777000   -1.023933000
 635   -0.429802000   -0.014309710    0.245133400
 636   -0.950000000   -0.414732500   -1.098930000
 637   -0.950000000   -0.183177200    0.487779600
 638   12.938090000    0.873208400   -1.239562000
 639   -0.950000000   -0.722159500    1.121611000
 640    8.474997000    0.397302400   -1.338736000
 641   -0.950000000   -0.183730100    0.498715900
 642    4.783270000    0.969491400    1.083403000
 643    5.394332000    0.418094200   -0.340945500
 644    1.875902000    0.457347200    1.493677000
 645    5.430098000    0.328638400    0.060181810
 646    0.623034400    0.335542100    0.468448000
 647    8.963665000    0.734944000    0.156610100
 648   -0.950000000   -1.594318000    1.094507000
 649   -0.950000000   -0.252483400   -0.468557200
 650    0.708286400    0.147784500    0.476885700
 651   -0.638932300    0.024858950    0.499435000
 652   10.650450000    0.974268500   -0.928347700
 653    0.023083030    0.029094900    1.300319000
 654    2.388919000    0.211872100   -0.038093800
 655    4.410920000    0.210355900   -0.448103800
 656   -0.950000000   -1.512074000   -1.131372000
 657    1.621569000    0.574883900    1.068156000
 658    2.087256000   -0.140514800   -1.292905000
 659   -0.950000000   -1.223570000   -0.323891100
 660   -0.048020990   -0.152714200   -0.856180800
 661    0.190578100    0.157994600    1.236633000
 662   -0.950000000   -0.890615500    1.393046000
 663    7.293220000    0.262046800   -0.061019950
 664   -0.950000000   -0.820887800   -0.668593200
 665   -0.950000000   -0.227907100    0.820776300
 666   -0.950000000   -0.772834900   -1.424635000
 667   -0.950000000   -0.539549900    1.115237000
 668    2.578577000   -0.012116720    1.324213000
 669    4.409725000   -0.109895800   -0.882001700
 670    8.561884000    0.202717200   -0.496086800
 671    6.599304000    0.242844300    1.043599000
 672   11.427890000    1.146709000    1.400067000
 673   11.797950000    0.936103800    1.331202000
 674   10.765360000    0.384262000   -1.112852000
 675    4.748059000    0.285485100    1.142522000
 676    0.182179000    0.005907187   -0.817884200
 677    0.259401400    0.061208930   -1.458665000
 678   -0.950000000   -0.977775900    1.284412000
 679    1.113006000    0.222711900   -0.947312000
 680    1.965488000    0.441163200    0.218469900
 681    1.831738000    0.770321100    0.349959500
 682    5.300813000    0.757390900    0.052506310
 683   -0.950000000   -0.988388100   -0.191246600
 684    3.574355000    0.946875200    1.758110000
 685   -0.950000000   -1.903464000   -0.678490000
 686   -0.950000000   -0.513343000    0.549109700
 687   -0.950000000   -0.285318200   -0.227226700
 688   -0.950000000   -0.877415200   -0.127200400
 689   -0.950000000   -0.126964100    1.458914000
 690   -0.950000000   -0.303880400   -1.938222000
 691   16.245910000    1.205179000   -0.767494300
 692   14.428540000    1.178550000   -0.061367790
 693   17.664200000    1.579135000    1.056201000
 694    1.701837000   -0.210618700   -1.407385000
 695   12.020410000    0.906732300   -0.397209400
 696    4.748992000    0.097782230   -0.735921400
 697   -0.428093100   -0.289860900    0.002035275
 698    7.919448000    0.991888800   -0.075926440
 699   -0.950000000   -0.401745500    1.472612000
 700   -0.413631800   -0.266302500   -0.271214000
 701   17.600590000    1.441851000    0.383264100
 702    2.488848000    0.095842220    0.328289900
 703    0.765135000   -0.297490100   -1.185700000
 704   17.577240000    1.231771000    0.367974100
 705   12.196020000    0.696404600   -0.840701100
 706    1.057155000    0.567215200    0.757753000
 707   -0.950000000   -0.611247400    0.557803200
 708   -0.950000000   -0.557251000    0.211609200
 709   -0.950000000   -0.629301600    1.165608000
 710   -0.950000000   -0.137163000   -0.811913900
 711   -0.950000000   -0.170420800    0.404552400
 712   -0.950000000   -0.866437400   -0.461589700
 713   11.215610000    1.560477000   -0.133766700
 714   -0.950000000   -0.136830400   -0.311161500
 715    1.331454000    0.434255400   -0.169517400
 716   -0.950000000   -1.055048000    0.324220700
 717   -0.950000000   -1.801795000    0.040790370
 718   12.686850000    1.596303000    0.217066200
 719   -0.950000000   -1.086426000    1.779048000
 720   -0.950000000   -0.568099900   -0.896291500
 721   -0.950000000   -1.184305000    1.085897000
 722    3.032260000    0.093365570   -0.448306600
 723   -0.945718500    0.038705150    0.728109300
 724    7.365343000    0.730989800    0.240709300
 725   10.065140000    0.649248100   -1.643164000
 726    8.933763000    1.318984000    0.926909200
 727    6.829805000    0.663118200   -0.152804900
 728    0.455669600   -0.045919580   -0.184353500
 729   -0.950000000   -0.635700200    1.278550000
 730   -0.950000000   -1.776579000   -0.367045300
 731   -0.950000000   -0.726283800    1.148296000
 732    1.567383000    0.136335700    0.029273300
 733   -0.897229400   -0.116690700   -0.249531500
 734   -0.950000000   -1.482500000    0.614749800
 735   -0.950000000   -0.416956500   -1.215470000
 736   17.720340000    1.518829000   -0.875240000
 737    1.378580000   -0.285059300   -1.729001000
 738    3.805562000    0.865448200    1.179722000
 739    9.778237000    0.084137000   -1.845089000
 740   -0.460869800    0.087851810    0.171119900
 741    2.255553000    0.414938100    0.802808600
 742   11.020170000    1.389962000   -0.653388300
 743    0.096273140   -0.075194070    0.129825400
 744   -0.950000000   -0.321946800   -1.645179000
 745   -0.950000000   -0.091194650    0.134695000
 746   -0.950000000   -0.604354900    1.921733000
 747    7.975755000    0.893886900   -0.073943810
 748   -0.950000000   -1.373075000   -0.053028990
 749   11.128000000    0.957392000   -0.059834740
 750   -0.950000000   -1.358377000    0.562114500
 751   -0.950000000   -0.407761400   -0.497111600
 752   -0.950000000   -1.709996000    0.618314000
 753   -0.950000000   -0.161948700    0.709066600
 754   -0.950000000   -0.127721700    0.443298400
 755    3.243410000    0.387516900   -1.193866000
 756   14.602650000    1.531664000   -0.587994700
 757   12.957850000    1.332162000    0.273082500
 758   -0.950000000   -0.964407300   -1.268952000
 759   -0.950000000   -1.436312000   -0.799702000
 760    4.350362000    0.371584500   -1.177141000
 761   -0.950000000   -0.161706300   -0.117909400
 762   -0.950000000   -0.300620700    1.043239000
 763    6.074406000    0.476749100    0.861560600
 764    1.975071000    0.245293300    0.537151100
 765   -0.950000000   -1.377289000   -0.727745000
 766   14.446070000    1.051272000    0.230445200
 767    8.311675000    0.883131400    0.283821900
 768   -0.950000000   -1.547273000    1.460557000
 769    6.917422000    0.249090300   -1.628414000
 770   11.540370000    0.956638100    0.284681800
 771   25.181240000    1.914723000    0.978331400
 772   -0.950000000   -1.133998000   -0.674299400
 773    1.132094000    0.013307170    0.085309830
 774   -0.950000000   -0.502237700   -0.470473000
 775   -0.950000000   -1.227984000   -0.929283800
 776    0.555818800   -0.117726500   -0.594080600
 777    0.466910800   -0.364001300   -1.241762000
 778   -0.950000000   -0.900175300    0.243657100
 779   -0.950000000   -1.322928000    0.285638800
 780   17.908170000    1.226378000   -1.525930000
 781   14.796310000    1.573127000    0.440426200
 782   -0.950000000   -0.458602300    0.884580200
 783   -0.950000000   -0.639771600   -0.481932100
 784    9.142516000    0.726140100   -0.348878200
 785    1.188797000   -0.122111500   -0.852583700
 786   -0.950000000   -1.576332000   -0.654204200
 787    5.584319000    0.405623500   -0.185366700
 788    1.587025000   -0.111574100    0.215218600
 789   11.798240000    1.197072000   -1.576890000
 790   -0.950000000   -0.647207100   -1.647993000
 791   -0.950000000   -0.289711100    1.170721000
 792    2.604555000    0.133366500   -0.095998810
 793    7.938298000    1.204719000    1.416720000
 794    0.926609800    0.353846700    1.366020000
 795   -0.950000000   -0.771245000    1.002904000
 796   -0.950000000   -1.094120000   -1.315722000
 797    2.087605000    0.462336600    0.241999500
 798   -0.950000000   -0.455414700   -0.187102600
 799   -0.950000000   -0.103522900    0.881291300
 800   -0.950000000   -0.595579100   -0.445751500
 801   19.657990000    1.655011000   -0.774520300
 802   -0.950000000   -0.024673160    0.831194200
 803   -0.950000000   -0.986903700   -0.750390200
 804    9.801905000    0.994542400   -0.011611680
 805   -0.950000000   -0.153408100   -0.127677900
 806   -0.950000000   -0.015015890    0.613231600
 807    4.304621000    0.484435700    0.223021200
 808   -0.950000000   -0.630284900    0.998183200
 809   -0.950000000   -0.345160100   -0.265738200
 810   -0.950000000   -1.030200000    0.153006400
 811   -0.950000000   -0.353641800   -0.572298600
 812   11.303750000    1.406831000   -0.294256400
 813    6.414549000    0.807884100    0.875141600
 814   -0.950000000   -0.421999100    0.316146900
 815    4.680233000    0.349904700   -0.696916600
 816   -0.950000000   -0.886114700   -0.277485100
 817   -0.950000000   -1.066251000   -1.583353000
 818   -0.950000000   -1.288126000    0.402620900
 819    1.126767000    0.200122500   -1.029783000
 820    0.798981400    0.215303500   -0.916407800
 821   -0.950000000   -1.096171000   -0.659367300
 822    8.753413000    0.841038400    0.889035200
 823    0.359535000    0.491186500    1.129765000
 824   -0.950000000   -0.575001600   -1.724320000
 825    5.002839000    0.389990100   -1.464556000
 826   -0.950000000   -0.900536600    0.146632600
 827   -0.950000000    0.089115460   -0.613866800
 828   -0.950000000   -0.916220500   -0.301938800
 829   -0.950000000   -0.194988500    0.104669500
 830   -0.950000000   -0.085398900    0.224702100
 831   -0.950000000   -0.437208000   -0.415450500
 832   -0.950000000   -0.075307960   -0.174326500
 833   -0.950000000   -1.213870000    1.471669000
 834   -0.950000000   -0.149088500   -0.801814600
 835    9.559861000    1.420916000   -0.048532130
 836    5.850627000    0.625906600   -0.769405400
 837   -0.950000000   -0.683904000   -0.412681300
 838   -0.950000000   -0.040985580    0.412763900
 839   -0.950000000   -1.540955000    0.405862400
 840   -0.950000000   -0.125678600   -0.312599800
 841   -0.950000000   -0.260472300    0.312956700
 842    8.863874000    0.679085800    0.002297706
 843    0.456954400   -0.080848250    0.144297400
 844   -0.950000000   -0.285786000    0.763015900
 845   -0.950000000   -1.435586000   -0.821092000
 846    9.108899000    0.930459700    1.434275000
 847   -0.950000000   -0.936782200    0.169598900
 848   -0.950000000   -0.937439100    0.842963200
 849    1.733890000    0.103340400   -0.061217590
 850   -0.950000000   -0.677745200   -1.260552000
 851   10.612690000    0.731467100   -0.290487600
 852    4.506728000    0.517128100   -0.060482830
 853   -0.950000000   -0.150404900    0.504886000
 854   16.540450000    1.386297000   -1.248119000
 855    5.018652000    0.265794800   -0.043866540
 856    0.527821700    0.094327070   -0.426671600
 857   -0.950000000   -0.486358400   -0.379747300
 858    4.405825000    0.506612300   -0.546296700
 859   -0.023678430    0.137947500    0.666962300
 860   -0.950000000   -0.946362700   -0.656442000
 861    5.060259000    0.378808800   -1.102930000
 862   -0.500680100    0.025816530    0.223806500
 863    2.649179000    0.019171320    0.471248800
 864   -0.950000000   -0.152995900    0.280898000
 865    5.009044000    0.529843400   -0.399527300
 866   -0.950000000    0.002085319    0.811983800
 867    1.667959000    0.210196600    0.400420200
 868   -0.950000000   -1.146802000   -1.199778000
 869   -0.950000000   -0.937815100    1.143081000
 870    3.157389000    0.593106100    0.717480600
 871   -0.950000000    0.100713100    0.533453000
 872    8.101423000    0.960603800   -0.118357600
 873   -0.950000000   -1.888127000   -1.345757000
 874    9.048425000    0.904207000   -1.309605000
 875    1.885961000    1.593228000    1.134157000
 876   -0.950000000   -0.793679400   -1.205080000
 877   -0.886655100    0.115589600    0.907912800
 878    5.096554000    0.329037200   -1.239118000
 879    8.118024000    0.890804300    0.824520600
 880   -0.950000000   -0.329193500    1.031543000
 881    2.244913000   -0.117627600   -1.381957000
 882    3.155468000    0.317622700   -1.145633000
 883   -0.950000000   -0.552339900   -0.003328208
 884   -0.950000000   -0.681384500    0.578549400
 885   -0.950000000   -0.352598900    0.950447600
 886   -0.870640900    1.048795000    0.836045700
 887   -0.950000000   -1.517774000   -1.300592000
 888   -0.950000000   -1.073041000   -0.584734800
 889   -0.950000000   -0.835757700   -1.510224000
 890    7.370922000    1.149706000    0.067163620
 891    6.145653000    0.807360200   -0.513957400
 892    2.444271000    0.741888700    0.387335100
 893   -0.950000000   -1.893986000   -0.244660700
 894   -0.950000000   -1.598165000   -1.109321000
 895   -0.950000000    0.196578800   -1.117675000
 896   -0.950000000   -0.395103500    0.435014400
 897   -0.950000000    0.094060830   -0.177213900
 898    1.215444000    0.750805900    0.712452800
 899    4.787049000    1.492897000    0.524312900
 900   -0.950000000   -0.042501440   -0.298171900
 901   -0.950000000   -0.288758900    1.170870000
 902   13.427870000    1.630963000    0.958431400
 903    6.215320000    0.544911400   -0.025999390
 904    2.450655000    0.354587500    0.667938500
 905   -0.950000000   -0.138425200    0.906012600
 906   -0.950000000   -0.437471900    0.110783100
 907    3.352423000    0.302454000   -0.762504500
 908   -0.950000000   -0.551107900   -0.423512900
 909   -0.950000000   -0.637117400   -1.497195000
 910   -0.950000000    0.046527740   -0.186172400
 911   -0.950000000   -0.156834000   -0.838009700
 912    5.361833000    0.390804700   -1.227969000
 913   -0.950000000   -1.652831000    0.369420600
 914   16.908830000    1.821182000   -0.956418600
 915    5.192838000    0.308377100   -1.608203000
 916   -0.950000000   -0.325784900   -1.864761000
 917    3.715757000    0.558944700    1.905669000
 918    3.464711000    0.648572200    0.105352200
 919   10.539020000    1.040796000   -0.475828900
 920   -0.950000000   -0.525188300   -0.195128300
 921   10.252350000    1.281091000    0.086083720
 922   -0.950000000   -1.341006000    0.580597200
 923   -0.950000000   -0.891327000   -1.076937000
 924    2.347056000    0.868180500    1.157267000
 925   -0.950000000   -1.324636000   -0.584465400
 926    4.347463000    0.583282800    0.833414100
 927   -0.950000000   -1.673341000   -1.335313000
 928   -0.950000000   -1.558801000    1.306143000
 929    6.078191000    0.974748300   -0.012942740
 930   -0.950000000   -0.909269800    0.104010900
 931   -0.950000000   -0.226659900    0.800685800
 932    3.764148000    0.827891500    0.245191000
 933    4.041788000    0.526991000    0.296422300
 934   -0.950000000   -0.197041100    0.783621200
 935    1.107751000   -0.070710040   -0.637469100
 936    5.032015000    0.425491100   -0.493660700
 937   -0.950000000   -0.625166100   -1.162553000
 938   -0.950000000   -1.820251000    0.298164700
 939   -0.950000000   -1.520059000   -0.234955100
 940   -0.950000000    0.172118200    1.934523000
 941    3.188423000    0.370446000    0.383462600
 942    1.030361000    0.414646700    0.724442200
 943   -0.950000000   -0.107527500   -0.426539800
 944   -0.950000000   -1.432711000   -1.808296000
 945    8.546420000    0.698550400   -0.572399200
 946   -0.950000000   -0.138426300    0.198378500
 947    9.520377000    0.950353900   -1.197200000
 948   -0.950000000   -1.359550000   -1.038099000
 949    3.776039000    0.188758000   -1.155482000
 950   -0.950000000   -0.916856000   -0.863508600
 951   -0.950000000   -0.740937800    0.580442800
 952   -0.074239620    0.047083400   -0.012103620
 953   -0.644913300   -0.166453700   -0.486138800
 954   16.458090000    1.544485000    1.232273000
 955   -0.950000000    0.346640100    1.300523000
 956    4.842291000    0.467717700   -0.286920300
 957    5.586194000    0.491489200    0.301623800
 958    2.414162000    0.493421900   -0.059796790
 959   15.280440000    1.729681000   -0.163992800
 960   -0.950000000   -0.774562500   -1.612600000
 961    1.807279000    0.336518200    0.378332400
 962   -0.950000000   -0.475582600    0.201685300
 963   -0.868504700   -0.128696100   -0.891126400
 964   -0.950000000   -1.021683000    0.288916200
 965    3.103353000    0.343935800   -1.370653000
 966   -0.950000000   -1.499402000    0.364825500
 967   -0.950000000   -0.588410500    0.483771900
 968    2.123479000    0.325052000    0.621372800
 969   -0.950000000   -1.030479000   -0.196454200
 970   -0.950000000   -1.903453000   -0.212648300
 971    4.519098000    0.484574500    0.901435400
 972    5.806495000    0.644458300    0.597573100
 973   -0.950000000   -0.342236000   -0.006334848
 974    7.654500000    0.699327200   -0.218615200
 975   12.237330000    1.770595000   -0.341156600
 976    3.083402000    0.063877220   -1.921946000
 977   -0.950000000   -0.295493800    1.879929000
 978    4.904404000    0.537128600   -0.945432200
 979   -0.950000000   -1.367017000    0.512257000
 980   -0.950000000   -0.315895300    0.079907820
 981   -0.950000000   -1.230943000    0.675200700
 982    0.304322800   -0.043964290   -0.511965100
 983    6.252886000    0.587624700   -0.527135100
 984   -0.950000000   -1.082868000    0.794990900
 985    9.001626000    1.119063000    0.520931700
 986   -0.950000000   -0.668942700    1.260057000
 987   -0.950000000   -0.407003200    0.158676300
 988    4.498326000    0.560909800   -0.175597200
 989   -0.950000000   -0.251263000   -0.721400300
 990   -0.950000000   -0.672250400    0.561500400
 991   12.497210000    1.005972000   -0.048921430
 992   -0.950000000   -0.828296200    0.391967400
 993   -0.950000000   -0.520411100   -1.584712000
 994   -0.334239600   -0.286107500   -1.561182000
 995   -0.950000000   -1.259914000    0.542667500
 996   15.283440000    1.462768000   -0.416478100
 997    3.059618000    0.592302500    0.861080500
 998   -0.950000000   -0.460386600    0.495831800
 999   -0.950000000   -1.166291000   -0.054323950
1000    1.984252000    0.437491600    0.541847900
1001    1.337534000    0.203204700    0.569944500
1002   -0.950000000   -0.166236900    1.371969000
1003   -0.950000000   -0.053009460   -0.147366400
1004   -0.950000000   -0.039463600   -0.250165600
1005    0.314283400   -0.021170210   -0.821717500
1006   -0.950000000   -0.800742000    0.289881900
1007    5.898433000    0.704051100   -0.214332700
1008   -0.950000000   -0.570776200   -1.454241000
1009   -0.950000000   -0.748030600    1.101531000
1010    3.250602000    0.462085300    0.209443500
1011   11.186420000    1.213789000   -1.347338000
1012   -0.950000000   -0.628121600    1.063754000
1013   -0.100637800    0.111651700    0.154149300
1014   -0.950000000   -1.938733000    0.254021300
1015   -0.950000000   -1.052083000    0.871203500
1016   -0.950000000   -0.705899600    1.769120000
1017   -0.950000000   -0.823513000   -0.541952400
1018   -0.950000000    0.004671593   -0.184560400
1019    9.431639000    1.098154000   -1.022639000
1020   -0.950000000   -0.900372800    0.556556600
1021    7.706039000    0.079927510   -1.495225000
1022   -0.950000000   -0.805718300    0.028338920
1023   -0.950000000   -1.426809000    0.324442900
1024    8.037988000    0.673308900   -1.805104000
1025    8.882969000    0.661610000   -0.744772300
1026   24.713320000    1.871494000   -0.212694500
1027   12.078590000    1.194656000    1.176413000
1028   11.755870000    0.819235000   -0.145462600
1029   -0.950000000   -1.836474000    0.306679000
1030   -0.950000000   -0.809650400    0.991961800
1031   15.949360000    1.570270000    0.992685600
1032   -0.950000000   -0.089201230    0.567733000
1033   16.679290000    0.811027900   -1.813113000
1034   -0.950000000   -0.706090500    0.713874500
1035   -0.950000000   -0.310435000   -0.037460480
1036   -0.950000000   -1.639730000    0.003737995
1037   -0.950000000   -0.891637700    0.132247600
1038   -0.950000000   -0.687616600    0.581275700
1039   -0.950000000   -0.494229900   -0.741727100
1040   -0.950000000   -0.554835300   -0.883060400
1041   -0.950000000   -0.529934000    1.104939000
1042   -0.950000000   -0.392782600    0.234481700
1043    0.343998400    0.231567600    0.040670110
1044    5.710203000    0.702062800    0.844105800
1045   13.860920000    1.247372000   -1.089833000
1046   -0.950000000    0.143767300    1.275857000
1047    0.381068300   -0.068716040   -1.756166000
1048   -0.950000000   -0.633196300   -0.589044200
1049    1.932918000    0.468614000    0.445494800
1050   21.875300000    1.712592000   -0.877149600
1051   -0.950000000   -0.475064400   -0.196097400
1052   -0.950000000   -0.477112000    1.384770000
1053    1.982197000    0.512812200    0.511747900
1054    2.388565000    0.183446000    0.176093300
1055    5.935284000    0.263939100   -0.807436200
1056    5.199004000    0.179451800   -1.374617000
1057   -0.950000000   -1.373569000    0.374607700
1058   -0.950000000   -0.823402300    0.339487700
1059   -0.424965600   -0.112811400    0.165033400
1060   -0.562523900    0.151024000    0.682426600
1061   12.925530000    1.171952000   -0.918317100
1062   -0.950000000   -0.571502400   -0.230252000
1063   11.111020000    0.936618100   -0.749446400
1064    8.476117000    0.965181400   -1.725477000
1065   -0.950000000   -1.344702000   -0.343622200
1066    7.604654000    0.247356200    0.117458500
1067   -0.950000000   -1.309344000   -0.440182600
1068   11.136450000    0.952754400    0.684162800
1069    2.466158000   -0.338843700   -0.769444100
1070   -0.950000000   -0.455052500    0.207872100
1071   17.345420000    1.088353000   -0.435462300
1072   -0.950000000   -1.290511000   -0.768667200
1073    6.105552000    0.017054150    1.928895000
1074   17.033400000    1.375361000   -0.514775400
1075   10.324720000    0.524364000   -0.210727200
1076    8.935664000    0.336906900    0.455275300
1077   11.113740000    0.795996200    0.665010800
1078   19.159060000    1.736722000   -0.229917200
1079    6.076773000    0.901946500    1.743316000
1080   -0.950000000   -0.916842900   -0.572087100
1081    7.750703000    0.911343400    0.259062500
1082   15.130360000    1.145365000   -0.949388800
1083   -0.950000000   -1.616274000    1.057437000
1084   -0.950000000   -0.973341200   -0.110255700
1085   12.909130000    0.814434300   -0.933416200
1086    6.330525000    0.309312900    0.782674300
1087    6.583624000    0.305106800    0.633540700
1088    8.030914000    0.388801300    0.072058900
1089    0.022635170   -0.277695900    0.963404100
1090    0.225095500   -0.467801700   -0.706997200
1091    8.235350000    0.988568900    0.605444800
1092   -0.950000000   -1.886307000    0.158440800
1093   16.899260000    1.287639000    0.057989890
1094    1.015655000   -0.174762900    0.491701500
1095   23.902330000    1.908759000    0.362435100
1096   -0.534510500    0.199846900    0.156349400
1097   -0.950000000   -0.361995600   -0.727385800
1098   -0.950000000   -0.140413700   -0.199257900
1099    3.771084000    0.249053300   -1.848504000
1100   -0.950000000   -0.445031800   -0.270177100
1101   -0.950000000   -1.037352000    0.588629000
1102   12.518580000    1.634942000    0.944659800
1103    2.121504000    0.717776600    0.815396100
1104   -0.108573400    0.208203400    0.209694000
1105   -0.950000000   -0.717727100    0.295069200
1106    1.941643000   -0.043888030   -1.492453000
1107   -0.950000000    0.010485940    1.302192000
1108   -0.950000000   -0.750225600    0.677962700
1109   -0.950000000   -0.607215100   -0.061421070
1110   -0.950000000   -1.501852000   -0.404387300
1111   -0.950000000   -0.532744400    0.435310700
1112    0.338111600    0.265287300    0.636188300
1113    3.576101000    0.624910000    0.035319790
1114    9.663274000    1.510864000    0.424421800
1115    1.940014000    0.138191900    0.577203500
1116   -0.950000000   -1.077190000   -0.052902070
1117   -0.950000000   -0.545898700    0.314944500
1118   -0.950000000   -0.990335000    1.002491000
1119   18.591340000    1.769726000    0.055499500
1120   -0.950000000   -0.375583400   -1.051312000
1121    1.466162000    0.119139200    0.007664793
1122   -0.950000000   -1.712612000    1.943409000
1123   -0.950000000   -1.970341000   -0.658174100
1124   -0.950000000   -0.396755100   -1.733781000
1125   -0.950000000   -1.555383000   -0.126656900
1126    4.724505000    0.164529900   -0.266715500
1127   -0.950000000   -1.102427000   -1.102104000
1128    9.497734000    0.599560600    0.355339100
1129   12.323470000    1.091515000    0.746374000
1130    5.571445000    0.542761800    0.830601600
1131    1.016686000   -0.171914600    0.096852000
1132   -0.950000000   -0.643401000    1.654732000
1133    1.909604000    0.641366100    1.890309000
1134    2.119219000    0.277503200    0.886506300
1135    4.679907000    0.498815300    1.118732000
1136   -0.950000000    0.091347690    1.324350000
1137   -0.950000000   -1.168225000   -0.313696700
1138    0.708900800   -0.045020850   -0.004095458
1139    9.668508000    0.579129500   -0.889354900
1140    8.972486000    0.710653500    0.124816000
1141    8.165672000    0.566197100   -0.089959920
1142    3.869904000    0.691032200   -0.128092200
1143   -0.950000000   -0.345868600    0.102861000
1144   -0.950000000   -0.850560400   -1.273823000
1145   -0.950000000   -1.159389000    1.595453000
1146   -0.950000000   -0.322384600    1.016273000
1147   -0.950000000   -0.345695500   -0.121486600
1148   10.149340000    0.625631900    0.862630100
1149   -0.950000000   -0.135862300    0.586137100
1150    1.106426000    0.260451800    0.368235400
1151   -0.950000000   -1.309034000    0.215149600
1152    3.116661000    0.282006500   -0.832393000
1153   -0.950000000   -0.532197200    0.703746500
1154    0.095827440   -0.455153300   -1.441873000
1155    8.530771000    1.128929000    0.855428700
1156   -0.950000000   -1.130612000   -1.470023000
1157   -0.950000000   -1.481152000    0.535184300
1158    1.832665000    0.172203600   -0.514179700
1159   -0.950000000   -0.059215740   -0.166925600
1160   -0.950000000   -0.288552500    0.931172300
1161   -0.950000000   -0.173040300   -0.958540500
1162   -0.950000000   -0.790000400    1.516766000
1163    4.193588000    0.423937300   -0.473670200
1164   -0.950000000    0.089539650    0.620420300
1165    3.403850000    0.591788600    0.174740600
1166    4.715961000    0.923129600    0.922962100
1167   -0.950000000   -0.660697700    1.189832000
1168    2.078329000    0.308829100    0.060358960
1169    3.847723000    0.223516800    1.930432000
1170   -0.950000000   -1.395186000   -0.368559100
1171   -0.950000000   -0.285592400    0.707511500
1172   13.832020000    1.256874000   -0.290923600
1173   -0.950000000   -0.745165700    0.124995900
1174   -0.950000000    0.126449200    0.187051300
1175    1.404990000    0.602019300    0.920965000
1176   -0.950000000   -0.143373500   -0.906105100
1177    3.185955000    0.797745000    0.898118000
1178   -0.950000000   -1.207441000   -1.609696000
1179   13.578220000    1.986318000    0.429924900
1180   -0.950000000   -1.738094000   -1.924533000
1181   12.469900000    1.067292000   -0.035014430
1182   11.954630000    1.702285000   -0.193948600
1183   -0.950000000   -1.356971000   -0.923126000
1184    3.033329000    0.727232800   -0.278801200
1185   -0.950000000   -0.322020400   -0.884843100
1186    3.186308000    0.707648900    0.917125100
1187   -0.950000000    0.363892900    1.002048000
1188   -0.950000000   -0.892114700    1.239040000
1189    9.298317000    1.418778000    0.704626600
1190    0.211789600    0.041045100   -0.968994300
1191   -0.950000000   -0.488983300   -1.076441000
1192   -0.950000000   -0.240352500    0.862591500
1193   -0.950000000   -1.796071000    0.983659100
1194   -0.950000000   -1.065858000   -1.357630000
1195   11.186760000    0.755544800   -1.834475000
1196   -0.950000000   -0.316177100   -1.141615000
1197   -0.950000000   -0.189813400    1.201495000
1198    9.382402000    1.154016000   -0.491638200
1199   -0.950000000   -0.020044060    0.821575000
1200   -0.950000000   -0.742710100   -0.858798800
1201   -0.950000000   -1.348426000    0.890931300
1202    9.895129000    0.758788700   -0.200990600
1203   17.284450000    1.710843000   -0.502342300
1204   -0.950000000   -1.274285000    0.525925500
1205   11.545210000    0.914509200   -0.190823700
1206   10.074940000    0.658101100    1.451496000
1207   10.727080000    0.685200300   -1.043517000
1208    4.636095000    0.274385000    0.293271700
1209   -0.950000000   -0.491062700    1.317825000
1210   -0.950000000   -0.720722300    0.924804100
1211    7.649090000    0.347203900   -0.127977000
1212   21.550600000    1.727550000   -0.283926500
1213   21.750230000    1.506260000    0.880262200
1214    1.222253000    0.113426800    0.974292900
1215   11.335510000    0.613708600   -0.141647400
1216   -0.950000000   -1.537670000   -0.508793800
1217    1.148132000    0.516366900    0.329675300
1218    8.807231000    1.180238000    1.357662000
1219   -0.950000000   -0.752965800   -0.287819800
1220    1.299540000    0.178206800   -1.643082000
1221   -0.950000000   -1.737973000    0.584213900
1222   -0.950000000   -0.962798500   -0.819363700
1223   -0.950000000   -0.292602000   -1.114848000
1224   -0.950000000   -0.167293800    0.515393500
1225   -0.654020100   -0.107155300   -0.326944100
1226   12.566000000    1.621141000    0.303350600
1227   -0.950000000   -0.438423000   -1.844822000
1228    4.946566000    0.912131200    0.336641400
1229   -0.950000000   -1.641482000   -0.807354300
1230    1.868042000    0.660390200    1.714555000
1231   -0.950000000   -1.372421000    0.737496600
1232    8.053264000    0.836979800    1.293088000
1233    3.585274000    0.193226800   -1.153863000
1234   -0.950000000   -0.795158100    0.620309700
1235   -0.950000000   -0.947807600   -0.004014898
1236    7.626325000    0.767478800   -0.740949700
1237   18.000170000    1.648877000   -1.167925000
1238   -0.950000000   -0.050500490    0.195915500
1239   -0.950000000   -0.562414400   -0.676379100
1240    6.349009000    0.738844800    0.621700400
1241    3.683712000    0.183813300   -0.643071000
1242    3.285660000    0.161296700   -0.995642900
1243   -0.950000000   -0.717495600   -0.591738800
1244   -0.950000000   -0.342249900   -0.167121300
1245   -0.950000000    0.015777170    1.113302000
1246   -0.866767600   -0.027117520   -0.012550770
1247    5.181357000    0.562010900    0.396699700
1248   19.489930000    1.602530000   -1.095517000
1249   -0.950000000   -0.216918900    0.139886600
1250    8.497472000    0.887470300   -0.222550700
1251   -0.950000000   -0.246139600    0.171256000
1252   -0.950000000   -0.642956900   -1.613668000
1253    5.611257000    0.955752200    0.475914300
1254   -0.950000000   -0.283458600    0.435190800
1255    7.314348000    0.895026800   -0.699857700
1256   -0.950000000    0.037843070    0.455854700
1257   -0.950000000   -1.202102000   -0.598571500
1258   -0.950000000   -0.824851200   -1.339745000
1259   -0.950000000   -0.849162100    0.297439900
1260    7.817548000    0.712906700   -0.588863500
1261   11.354170000    0.888852400   -1.545835000
1262   -0.468191800    0.101974000    1.424785000
1263   -0.950000000   -0.677989500    0.600123900
1264    2.401069000    0.328837600    0.591556700
1265   -0.950000000   -1.595233000    0.350813500
1266    2.205714000    0.156647300   -0.535705600
1267   -0.950000000   -0.833089600    0.461066300
1268    1.665638000    0.104579200   -0.414373400
1269    2.045444000    0.205579400   -0.040294880
1270    8.365126000    0.451774400   -1.062523000
1271    7.289489000    0.090228100   -1.870974000
1272    1.671207000    0.552328400    1.038925000
1273    9.130733000    0.412465200   -1.458038000
1274    6.216076000    0.637822100    1.215281000
1275    5.579547000    0.515500900   -0.848475300
1276   -0.950000000   -1.066263000    0.035927560
1277   -0.789000600    0.796015700    1.412153000
1278   10.551640000    1.277629000   -0.158657200
1279    9.898548000    1.195182000   -0.149323000
1280   -0.650996100   -0.088511050   -0.785862100
1281   15.570180000    1.356138000   -0.084855510
1282   -0.950000000   -0.748087400    0.427785800
1283   -0.950000000   -0.984905900   -0.725258700
1284    1.911361000   -0.084658970   -1.088585000
1285   -0.950000000   -1.035256000   -1.731616000
1286   -0.950000000   -1.633801000   -0.193852400
1287   -0.950000000   -1.653984000    0.006819986
1288   19.748680000    1.575025000    0.889367900
1289    9.329951000    1.166363000   -0.712362000
1290   -0.950000000   -1.411424000    0.430253200
1291    7.380543000    0.580777600    0.581818000
1292    8.398468000    1.678852000    1.286739000
1293    3.850938000    0.510541400   -0.026989180
1294   -0.950000000   -0.463294200    0.213275100
1295    5.579501000    0.435916600    0.025872160
1296   -0.950000000   -0.455008800    0.546390800
1297   -0.950000000   -1.590144000   -0.019487830
1298   -0.950000000   -0.532885800    1.357263000
1299   -0.950000000   -0.942279200   -0.639791200
1300   -0.950000000   -0.579652500   -1.303946000
1301    1.045801000   -0.031524520    0.808454600
1302    6.489229000    0.277253700   -1.820220000
1303    6.556161000    0.956122800    1.728152000
1304   -0.950000000   -0.581297700   -1.962633000
1305   -0.950000000    0.027238560    0.756036900
1306    7.861409000    0.811359300   -0.775625800
1307    1.871486000    0.044633130   -1.744229000
1308   -0.950000000   -0.230858300    1.047635000
1309   14.858230000    1.532081000   -1.254275000
1310   -0.950000000   -0.684410900   -1.552616000
1311   -0.950000000   -1.366004000    1.419901000
1312   11.837330000    0.888427800   -0.356455500
1313   10.400830000    0.846014800   -0.493586300
1314    7.476816000    0.572790500   -0.321010800
1315    5.474500000    0.191728800   -1.657624000
1316    0.047277300   -0.014899020   -0.890096700
1317   -0.950000000   -0.435115300    0.485308900
1318    7.904495000    0.706898400   -0.591774100
1319   -0.950000000    0.173823800    0.562747100
1320    7.307983000    0.485958800   -0.945809100
1321   -0.950000000   -0.139266500   -0.862268900
1322    4.674974000    0.689809400    0.237514200
1323   -0.950000000   -1.966801000    1.883626000
1324   13.261900000    1.394323000   -0.433034700
1325   -0.950000000   -1.127871000   -0.816174400
1326   -0.950000000   -1.664617000    0.219698500
1327   -0.950000000    0.240298100    1.060369000
1328    3.729144000    0.439080000   -1.117682000
1329    4.770474000    0.973881700   -0.587930000
1330   -0.950000000   -0.314484500   -0.657741800
1331   -0.950000000   -1.041053000    0.660328700
1332   -0.950000000   -1.194446000   -0.044442520
1333   -0.950000000   -0.320836200   -1.539710000
1334   14.112200000    1.087378000   -1.913420000
1335   -0.950000000   -0.434302600   -0.113276800
1336    7.554577000    1.054314000   -0.603421500
1337   -0.950000000   -1.885092000   -1.314295000
1338   -0.950000000   -1.214936000    0.243778000
1339    7.895869000    0.727236300   -1.404539000
1340   -0.950000000   -0.622061800    0.144345600
1341    3.726351000    0.724586500    0.520833000
1342   -0.950000000   -0.070979770    0.309625200
1343    2.420389000    0.398425900   -0.621675900
1344   -0.950000000   -0.628523500    1.206030000
1345   -0.950000000   -1.549565000    0.049833330
1346   -0.950000000   -1.315718000    0.017040810
1347   -0.950000000   -0.750722900   -1.305371000
1348    4.154106000    0.733380700   -0.134538800
1349   -0.950000000   -0.357392900   -0.223881500
1350   -0.950000000   -0.762915800    0.465913100
1351   -0.950000000   -0.443391800   -0.245661200
1352   -0.950000000   -0.773564800    1.164147000
1353   -0.950000000    0.801160200    1.365633000
1354   -0.950000000   -1.317827000   -0.946770200
1355   -0.950000000   -0.921955200   -0.449450900
1356    8.306828000    0.974574900   -0.009990380
1357    7.435870000    0.334997400   -0.995683300
1358    0.562757300    0.027493690    0.111904200
1359   -0.950000000   -1.166407000   -0.117099300
1360    7.066303000    0.427435000   -0.677124200
1361   -0.950000000   -0.373809900    1.103283000
1362    2.178532000    0.488389200    1.315136000
1363    9.605379000    1.178088000    0.063594770
1364   -0.016740120    0.023702360    0.745914700
1365    4.918584000    0.371540100   -0.019585990
1366   -0.950000000   -1.054180000    0.220679800
1367   -0.950000000   -0.136138100    0.140492400
1368    1.085276000    0.113973200    0.701281400
1369   -0.950000000   -0.393382700    0.213254000
1370   -0.950000000   -0.833752300    0.897545800
1371   -0.950000000   -1.501917000    1.084350000
1372    7.215243000    0.734482000    0.143529600
1373   -0.950000000   -0.353492700   -0.695919900
1374   -0.950000000   -0.706566600    1.106187000
1375   -0.154235500    0.129761700    0.981526200
1376   -0.866243100   -0.229367700   -0.624293200
1377    7.423666000    0.378625000   -1.308417000
1378    7.822358000    0.955255900    1.641597000
1379    2.766740000   -0.024119930   -1.314005000
1380    6.189562000    0.466319900   -0.439069400
1381    1.818996000    0.652427200    1.187117000
1382    5.883804000    0.581384900    0.775430800
1383   14.739270000    1.442435000    0.321496600
1384   15.466860000    1.406111000    0.582748500
1385    3.169923000   -0.144307600   -0.800148300
1386    7.101788000    0.536871900    0.277981200
1387   -0.950000000   -0.298453900    0.124585200
1388    3.450416000    0.180506200    0.585361000
1389   -0.950000000   -0.532099900    1.095646000
1390    2.949596000    0.002944549   -0.549468100
1391    4.040489000    0.160059200    1.115477000
1392   -0.950000000   -0.820374700   -0.149922200
1393    5.708594000    0.261083600    0.914481700
1394   -0.950000000   -1.508954000    0.161966900
1395   -0.950000000   -1.331318000   -0.782411500
1396    6.916730000   -0.131119300   -1.793020000
1397   14.094560000    0.998214300   -1.546090000
1398    2.108808000    0.118175200    0.703342600
1399    2.479533000    0.210284500    1.351026000
1400    9.468178000    1.524690000    0.691752800
1401    7.856583000    0.544398800    1.704057000
1402   12.572820000    0.802361700    0.358215400
1403    2.500330000   -0.137838900   -0.560030700
1404    1.334529000    0.312489600    0.700224300
1405   -0.950000000   -1.302353000   -1.006388000
1406    7.823162000    0.516248300    0.773198900
1407   13.990640000    0.935942800   -0.842874600
1408    9.223546000    0.374404800   -0.357560700
1409   12.525760000    0.757027400    0.148745300
1410   -0.738480300   -0.369756100    0.091526730
1411   -0.950000000   -0.956514100    0.117309300
1412   13.155550000    1.330182000    0.480552000
1413   -0.950000000   -0.637023100    0.228769500
1414    2.951976000   -0.118654700   -0.523207300
1415    1.338825000   -0.045956300    0.376684200
1416   11.609780000    1.337758000    0.306224200
1417    1.794040000    0.627722800    1.333966000
1418   -0.950000000   -1.031181000    1.118544000
1419    2.113486000    0.312724100    0.989948800
1420   -0.950000000   -0.955434800    0.093670270
1421   -0.950000000   -0.963171800    0.201312800
1422    4.617211000    0.531225600    0.670398500
1423    2.475103000    0.179611700    0.021930910
1424    2.900665000    0.051875570   -0.746468300
1425    3.899467000    0.281516200    0.012961380
1426   11.861220000    0.890479800   -1.047208000
1427    5.520841000    0.488654900    0.331315400
1428   -0.950000000   -0.354478500    1.226534000
1429    0.033496700   -0.105021100    0.259567600
1430    3.528365000    0.437778700    0.228074300
1431    6.944075000    0.669429900   -0.977880100
1432   -0.950000000   -1.834402000   -0.782525600
1433   -0.950000000    0.015898640    0.423648500
1434   -0.950000000   -1.398444000    1.325114000
1435   -0.950000000   -1.563608000   -0.219720400
1436    4.108125000    0.147915600    0.299708900
1437    4.024210000    0.343962600   -0.214761200
1438   -0.950000000   -0.299094400    0.259126000
1439    9.314973000    1.197459000    0.804933500
1440    3.747840000    0.041698030   -0.653462500
1441   -0.950000000   -1.152722000    0.104494200
1442   -0.950000000   -0.772923400   -0.533170700
1443   -0.950000000   -1.572420000    0.626982800
1444   12.475990000    0.875665100   -1.950490000
1445   -0.950000000   -1.073505000    1.900190000
1446    9.686446000    1.109196000    0.235306100
1447   -0.950000000   -1.403813000   -0.092923820
1448   -0.950000000   -0.151017900   -0.436112700
1449    7.876277000    0.483412000   -0.720070200
1450    5.963421000    0.743172100    0.328768600
1451   13.416490000    1.229672000    0.747539600
1452   -0.921870800    0.038445130    0.907842000
1453   16.748840000    1.308070000   -0.552139500
1454   -0.335956000   -0.050077710   -0.561380400
1455   15.268210000    1.703618000   -1.074337000
1456   -0.950000000   -0.608025000    0.379133800
1457   19.900970000    1.622872000   -0.717919000
1458   -0.950000000   -0.933028000   -1.867323000
1459   -0.950000000   -0.612556000    0.208403300
1460   -0.950000000   -0.320730800   -0.770120200
1461    9.715292000    0.756812800   -0.841969200
1462   -0.950000000   -0.859688700    0.558954400
1463   -0.950000000    0.240642500    1.340430000
1464   -0.950000000   -0.347605100   -0.808127700
1465   17.924130000    1.507684000   -0.051212120
1466   13.102160000    0.937418900    1.609312000
1467   14.247760000    1.020891000   -0.838430600
1468    2.955779000    0.087652490   -1.438801000
1469    0.655919200   -0.018941920    0.060681970
1470   11.005460000    0.997763700    0.942492600
1471   -0.950000000   -1.561214000   -0.395502700
1472    6.333598000    0.692957800    0.979782100
1473    2.160193000    0.064799730   -0.954873300
1474    2.150912000    0.103824000   -1.381285000
1475   -0.950000000   -0.770592500   -0.181135000
1476   -0.950000000   -1.249685000   -0.029214580
1477    3.362951000    0.646642800    0.216305500
1478   -0.950000000   -0.686895500    0.896894100
1479   -0.950000000   -0.656780100   -0.236504200
1480    3.314079000    0.830255400    0.920935300
1481   18.093750000    0.850190700    1.873048000
1482   -0.950000000   -0.502806800    0.181256500
1483   -0.950000000    0.283573000    1.696222000
1484    5.270717000    0.296620600   -1.485292000
1485   -0.950000000   -1.032671000    0.492751900
1486   -0.950000000   -1.829272000   -1.377940000
1487    0.578876900    0.535325600    0.437973800
1488   -0.950000000   -0.866242400    0.511174800
1489   -0.950000000   -1.169359000    0.713239100
1490   11.674010000    0.680444900    1.774980000
1491   -0.950000000   -0.852932700    0.459967600
1492   -0.950000000   -0.042556590    0.332425500
1493   -0.950000000    0.028192970    0.096435850
1494   -0.950000000   -1.066791000   -1.918716000
1495   -0.950000000    0.249009700    0.436137000
1496   15.985810000    1.872042000    0.763538800
1497   -0.950000000   -0.233313600   -0.553266500
1498   -0.348814800    0.274743700    0.390786700
1499   -0.950000000   -1.090425000   -1.206011000
1500   -0.950000000   -1.944900000   -0.531820500
