*y  x1  x2
   1    1.655522000   -0.039359600   -0.782912400
   2   -0.950000000   -0.825096500   -0.734926800
   3   -0.950000000   -0.608939100   -0.171417400
   4   -0.950000000   -1.201829000    0.527604500
   5    7.393812000    0.720269300   -0.834185900
   6    4.410596000    0.643155800    0.496561400
   7   -0.950000000   -0.396336100    1.731529000
   8   10.920900000    0.858379300   -0.837558800
   9    6.220417000    0.579331800    0.471706000
  10   13.578450000    1.467312000   -1.020488000
  11   -0.950000000    0.092416770    0.551184500
  12    1.259394000    0.191778100    0.431026000
  13   -0.950000000   -0.811914500    0.126618300
  14   17.184520000    1.591698000    0.253497000
  15    4.431060000    0.328934300   -0.085840340
  16   -0.950000000   -0.719794200   -0.341809400
  17    2.826376000    0.536161700    1.042189000
  18    6.957449000    0.432578900    0.866646900
  19    8.803315000    0.459317600   -1.262469000
  20   -0.950000000   -0.406258700    0.828031300
  21   -0.950000000   -1.364852000    0.794770000
  22    0.492162500    0.015161590    1.661053000
  23    3.062187000    0.115669400    0.724499300
  24   16.594510000    1.385882000   -1.263612000
  25    3.835349000    0.062950470   -0.681285700
  26    5.149846000   -0.086034590   -1.238302000
  27   -0.950000000   -0.875511700    0.510523700
  28    3.565794000    0.242356000    0.140168700
  29    0.132456800   -0.116540200    0.120088900
  30   10.644450000    0.818526100   -0.448761400
  31   -0.950000000   -0.758416600   -0.719598500
  32   -0.950000000   -1.234485000   -0.057672560
  33   -0.950000000   -1.680935000   -1.091215000
  34   -0.950000000   -0.003871997    0.522345400
  35   -0.950000000    0.009213296    0.210960000
  36   -0.950000000   -0.917445600   -0.365358200
  37   -0.950000000   -0.474324700   -1.274153000
  38   -0.950000000   -0.127829100   -0.465638700
  39   -0.950000000    0.212869200   -0.268342000
  40    0.279267100    0.686710800   -0.049081500
  41   -0.950000000   -0.718515800   -1.790568000
  42   -0.950000000   -1.517261000   -0.750149400
  43   -0.950000000   -1.060791000    0.814128100
  44   -0.950000000   -0.398392200    0.376520000
  45   -0.950000000   -0.914431300   -0.373101800
  46   -0.950000000   -0.690763600   -1.413047000
  47   15.462380000    1.829500000   -0.507211500
  48   -0.950000000   -0.579044300   -0.439692400
  49   -0.950000000   -0.777299700   -0.282316600
  50    0.470746500    0.131347800   -0.140125200
  51   -0.950000000   -1.554139000    0.291268500
  52    6.625633000    1.047703000    1.389029000
  53   -0.950000000   -0.598977800   -1.127598000
  54    7.899907000    0.758926900    0.125886500
  55   -0.950000000   -1.182092000   -0.741151600
  56   -0.460752700   -0.212955800   -1.082736000
  57   -0.950000000   -1.491260000    0.748767100
  58   -0.950000000    0.328676200    0.877260000
  59   -0.950000000    0.264496200    0.488010100
  60   10.961250000    1.304652000    0.160419500
  61   -0.950000000   -1.007835000   -0.088538400
  62   16.409000000    1.395684000   -0.281142900
  63    0.175644700   -0.118894900    0.091619220
  64   14.649670000    0.950127400   -0.570263400
  65    5.576856000    0.258962900   -0.938260800
  66    1.357302000    0.108518000    0.849608700
  67    4.814875000    0.496374100    0.256825800
  68   -0.950000000   -1.483275000   -0.411632700
  69    5.463768000    0.246418100   -1.224464000
  70   12.316550000    0.873783400    0.633322000
  71   -0.950000000   -0.570177100   -0.303411900
  72   -0.950000000    0.079097290    0.795374600
  73    1.839961000   -0.218673500   -1.250959000
  74   -0.950000000   -0.526733400    0.442873300
  75   18.458410000    1.381467000   -1.214601000
  76   13.662730000    1.282472000    0.950487400
  77   21.963120000    1.819506000    0.149349300
  78   10.534050000    0.603562800   -0.319953700
  79   -0.950000000   -0.684394300    1.126344000
  80   -0.950000000   -1.709709000    0.825381800
  81   18.748360000    1.817727000    0.661323200
  82   14.497470000    1.579818000   -0.298141000
  83   10.126200000    0.321832800   -0.643351400
  84   10.891570000    0.564213300   -1.363300000
  85    4.717046000    0.179780600    0.468112200
  86   19.333480000    1.776853000    0.336650700
  87   -0.950000000   -0.992027300    1.407249000
  88    2.208527000   -0.184147800   -0.130992700
  89   -0.950000000   -0.524096600    0.175836500
  90   -0.950000000   -1.427705000   -0.994482200
  91   13.162460000    0.498072100    1.659598000
  92    8.855120000    0.518971600   -0.509367600
  93   12.023930000    1.058799000    0.940397800
  94    1.370968000   -0.135504200    0.145520300
  95   -0.950000000   -0.565775200   -0.600483500
  96    8.207484000    0.586729700    0.794455400
  97    2.950256000   -0.478580000   -1.759222000
  98   12.916600000    1.372420000    0.910545000
  99    7.650071000    0.500800800    0.065050350
 100   12.484460000    0.974753400    0.099615250
 101   -0.950000000   -1.081238000    1.781770000
 102   10.037240000    0.493534200    0.246007200
 103   -0.950000000   -0.897384100    0.216119000
 104   -0.950000000   -0.736172500   -0.225757900
 105   10.905550000    0.625654600   -0.854431300
 106    1.560144000   -0.129902600   -0.184582400
 107   -0.950000000   -0.455525900    0.967837000
 108    6.909481000    0.257786700   -0.477864700
 109    4.623916000    0.146418800    0.353844200
 110    5.076687000    0.305968700   -0.422758400
 111   -0.461917200   -0.101506300   -0.006691400
 112   -0.950000000   -0.370700300   -0.007214118
 113   -0.950000000   -0.478380100   -0.223556700
 114    7.049733000    0.639328300    0.681964600
 115   -0.950000000   -1.197918000   -0.029852830
 116   -0.950000000   -0.745062000    1.265931000
 117   -0.950000000   -0.778630200    1.237622000
 118    4.325498000    0.180328000   -0.909405000
 119   22.039430000    1.413079000   -1.021678000
 120   14.718220000    1.496426000   -0.393645300
 121   -0.950000000   -1.698075000    0.703981300
 122    1.366070000    0.350624700    0.175065800
 123   -0.950000000   -1.342672000   -0.572707600
 124   -0.950000000   -0.732964900   -0.903807000
 125   -0.950000000   -1.074232000    1.384389000
 126   20.416860000    1.593751000    1.622033000
 127    3.621291000    0.460726000   -0.871640900
 128    0.510493700    0.230905000    0.069090600
 129   -0.950000000   -1.361522000    0.817955500
 130   18.602210000    1.900225000   -1.985429000
 131    2.240748000    0.505698500   -1.472272000
 132   -0.950000000   -1.335983000    1.325731000
 133   14.137080000    1.529578000    0.068344010
 134   -0.950000000   -1.651289000   -0.904172400
 135    4.529942000    0.714670300   -0.501685400
 136   -0.950000000   -1.226927000    1.681956000
 137    5.584529000    0.376177900   -0.424044400
 138   -0.950000000   -0.317161200   -0.875285500
 139    3.696553000    0.401047400    0.886015800
 140    3.327369000    0.630075100    1.310021000
 141    0.450374500    0.313174600    0.448290800
 142   -0.950000000   -0.414304300   -0.090373670
 143   -0.950000000   -0.218166200   -0.169461500
 144   -0.950000000   -1.458034000    0.724772300
 145    8.148482000    1.019430000    1.267745000
 146    0.471715100   -0.117858100   -1.202750000
 147   -0.950000000   -0.718096000    0.827491300
 148   -0.950000000   -1.597884000    0.343602600
 149    5.176531000    0.601034900    0.120204600
 150   -0.950000000   -0.941900800   -0.195680300
 151    3.122625000    0.094831290   -0.483124500
 152   -0.950000000   -0.441213600    0.986748900
 153   -0.950000000   -1.584114000    0.208258400
 154   -0.950000000   -1.490854000    0.394347600
 155    6.183597000    0.284061300   -0.331749800
 156   -0.950000000   -0.695915700    0.638683000
 157    8.318988000    0.267800600   -1.362325000
 158   12.399410000    1.249009000    1.065616000
 159   13.835020000    1.374015000    0.183839500
 160    8.085809000    1.427822000    0.693501700
 161    0.376804000    0.171073000    0.099506800
 162   -0.950000000   -1.593630000    0.667300800
 163    4.458745000    0.475625400    0.814076300
 164   -0.722978100   -0.069769950    1.821821000
 165   -0.950000000   -0.470454400   -1.043395000
 166   -0.950000000   -1.125507000    0.503517000
 167   -0.950000000   -1.214813000   -1.295245000
 168   -0.950000000   -0.555597100   -0.376334600
 169    3.842555000    0.260957100   -0.314328000
 170   -0.950000000   -0.025304700    1.322318000
 171   -0.950000000   -0.524242600    0.115668400
 172   -0.950000000   -0.528321200    0.013267790
 173    2.984620000    0.488899000    0.900510700
 174    2.709285000    0.519187500    0.505688800
 175   -0.950000000   -0.145352400    0.024089380
 176   10.304060000    1.067980000   -0.550625400
 177   17.875770000    1.497057000    0.528344400
 178    0.963623300    0.479128300    1.603025000
 179   -0.950000000   -1.441703000   -1.620028000
 180   12.323740000    0.917502800   -1.366971000
 181   -0.950000000   -0.247223500    0.002203220
 182    0.019641530    0.419062100    1.995530000
 183    1.928359000    0.409889000   -0.074411020
 184   -0.950000000   -0.689629900   -0.422497900
 185   11.896090000    1.133132000    0.546010000
 186    7.413834000    0.591938300   -0.498942200
 187   -0.950000000   -1.797028000   -0.490735400
 188    5.017497000    0.669329600    0.204975200
 189   -0.150362100    0.475105600    1.394112000
 190    8.243921000    0.454240500   -1.589727000
 191    2.267741000    0.203566000   -1.432635000
 192    8.093782000    0.853955300    0.758466300
 193   -0.950000000   -1.155583000    0.383004200
 194    6.969237000    0.606474300    0.483884100
 195   -0.950000000   -0.648458600    0.784879500
 196   11.677100000    0.836793200    0.039486260
 197    3.410280000    0.513262900    1.822716000
 198    3.860367000    0.454605600    1.503629000
 199   -0.950000000   -0.925369500    0.097409290
 200   -0.950000000   -0.569373100    1.368744000
 201   16.969390000    1.327017000   -0.841486700
 202   -0.950000000   -0.547374900   -0.048654710
 203   15.440260000    1.790073000    0.434565200
 204   -0.950000000   -1.368023000   -1.075566000
 205   -0.950000000   -0.456734200    1.033596000
 206   -0.950000000   -0.400147200    0.977856800
 207   -0.950000000   -1.451710000   -1.750633000
 208    4.099864000    0.167121000    0.720398700
 209   13.731010000    0.926132700   -0.491482400
 210   -0.950000000   -0.396570600    1.703031000
 211   -0.950000000   -0.772111600   -0.148439700
 212    2.869898000    0.111595100   -1.065598000
 213   -0.950000000   -1.417893000   -0.221458600
 214    0.967653400   -0.003387215   -1.292484000
 215    8.889683000    0.990724900    0.870329800
 216   16.212370000    1.869878000   -0.701146100
 217   -0.950000000    0.025430060    1.641532000
 218   -0.950000000   -0.491283300   -1.065642000
 219    1.685716000    0.244019700   -0.049312870
 220   -0.950000000   -0.633615600    1.358664000
 221    3.220181000    0.151458100   -0.735864900
 222   -0.950000000   -1.658990000   -0.428196000
 223   -0.950000000   -0.442880200    0.068065490
 224    7.704663000    0.881185700    0.258207800
 225   -0.950000000   -1.352684000   -0.969595300
 226   -0.950000000   -0.884292500    1.487613000
 227   11.915420000    1.380817000   -1.333622000
 228   -0.950000000   -0.922962700   -0.249544900
 229    4.074946000    0.930921400   -0.474370200
 230   -0.950000000   -1.047782000   -0.289036400
 231   -0.950000000   -1.216794000    0.627687600
 232    4.778806000    0.582288800    0.423190500
 233    0.990948600   -0.073101040   -1.685679000
 234   -0.950000000   -0.923028100   -0.397082500
 235   -0.950000000   -0.258464100    0.560294500
 236    5.339884000    0.529559000   -1.746240000
 237    1.119482000    0.436005600   -0.204429400
 238   14.939610000    1.439674000   -0.310143600
 239   -0.950000000   -0.872695200   -1.201535000
 240   12.793130000    1.291238000    1.118742000
 241   14.936100000    1.087537000    0.102379500
 242   -0.950000000   -1.492886000    0.597952500
 243    4.323623000    0.263042600    0.304892900
 244    1.107724000   -0.256436300    0.042141960
 245   14.885430000    1.016127000    0.739498700
 246   -0.950000000   -0.947435900   -0.634252000
 247   -0.950000000   -0.785002300    0.099778400
 248   16.956760000    1.391364000    0.366819800
 249   -0.950000000   -1.186786000    1.236304000
 250   -0.950000000   -0.683263400    1.260103000
 251    6.195954000    0.412683700   -0.198422000
 252    7.065229000    0.871583000    1.039081000
 253   -0.950000000   -0.077098360    1.277194000
 254    0.967351200   -0.313199900   -0.759254400
 255    4.713741000    0.259189800   -0.060177540
 256   -0.950000000    0.412217600    1.554455000
 257    5.253343000    0.572075600   -0.631313000
 258    9.885563000    1.165570000    1.288855000
 259    4.407728000    0.247639900   -1.425909000
 260    6.975032000    0.978335500    1.279474000
 261   -0.950000000   -0.695870100    1.109042000
 262    4.630906000    0.350884700   -1.229926000
 263   -0.950000000   -0.272050700    0.081406280
 264   -0.950000000   -0.527952900    0.190313300
 265   -0.297228600    0.075052660    0.367119900
 266   -0.950000000   -0.351262900   -1.160981000
 267   -0.950000000   -1.216129000   -1.863925000
 268    6.538850000    0.777360800   -0.802956900
 269   -0.698757800    0.068691220   -0.246900700
 270   -0.122488100   -0.163379400   -0.822773900
 271    3.222682000    0.607418900   -0.209580300
 272   13.653030000    1.214312000   -0.773083000
 273   11.183890000    1.176647000   -0.608346200
 274   -0.950000000   -0.473258800   -1.491417000
 275   -0.950000000   -0.693105600    0.925359800
 276   -0.950000000   -0.389332300    0.510757900
 277    4.999546000    0.581532700   -1.231331000
 278    2.749720000    0.288902800   -0.325650300
 279   -0.950000000   -1.142883000   -1.975074000
 280   -0.950000000   -1.335364000    0.493938700
 281    5.356335000    0.514447600   -1.142612000
 282   -0.950000000   -1.672012000    0.615859900
 283   -0.950000000   -0.727342800    1.250441000
 284    0.550423100    0.236092300   -0.069393010
 285   -0.950000000   -1.080458000    0.341642600
 286    2.455566000    0.711603700   -0.850574500
 287   -0.165629000    0.470884400   -0.516408800
 288   -0.950000000    0.474818900    0.171023000
 289   -0.950000000   -1.180628000   -1.041605000
 290   -0.950000000   -1.347507000   -0.482250500
 291   -0.950000000   -1.140674000   -0.245986600
 292    8.851636000    1.209283000   -0.345576300
 293   -0.950000000   -1.190934000   -0.267274100
 294   -0.950000000   -1.113699000   -0.544860200
 295   -0.950000000   -0.908388600    0.365297700
 296   -0.950000000    0.452498000    0.274278900
 297   -0.950000000   -0.304214700   -0.387344200
 298    4.718245000    0.781672100    0.213748700
 299   -0.950000000    0.078291200   -1.946150000
 300   -0.950000000    0.269182400    0.388591400
 301   10.641890000    0.849740100   -0.020550990
 302   20.256280000    1.814607000   -0.559550800
 303   17.292020000    1.394739000   -1.036145000
 304    7.514869000    0.383570400   -0.291430200
 305   19.900720000    1.226791000   -0.159558700
 306    4.572726000    0.334801000    0.495470600
 307   -0.950000000   -1.198485000   -0.194353100
 308   -0.950000000   -1.951489000    1.604801000
 309    3.771654000   -0.066877930    0.758175500
 310    1.820205000   -0.139074900    0.020125200
 311    7.695365000    0.423115200    0.802004000
 312   -0.853685300    0.138330200    1.634505000
 313   -0.335999000   -0.377836300   -0.138361800
 314    7.837149000    0.436089600    0.158093800
 315   -0.950000000   -0.180513900    0.971027700
 316   18.438440000    1.910727000   -0.209058900
 317   -0.950000000   -1.970452000    1.647617000
 318   10.448890000    0.869339800   -1.280967000
 319   10.995370000    1.104956000   -0.321314400
 320   12.551320000    0.862597500    1.344678000
 321    1.327962000    0.087855610    0.417842000
 322    2.230297000    0.325088200    0.570415600
 323   -0.950000000   -1.086994000   -0.481886000
 324   -0.950000000   -0.322992800    0.407981800
 325   -0.950000000   -0.656795700    0.471945300
 326    4.650084000    0.279878100   -0.662132500
 327   -0.950000000   -0.026617970    0.645251100
 328    2.205016000   -0.221165800   -1.488801000
 329   -0.950000000   -0.585060100    1.154886000
 330   -0.950000000   -0.747414700    0.334026000
 331   -0.950000000   -0.524948100    0.661997700
 332   -0.950000000   -0.049449670   -0.044542660
 333   -0.950000000   -0.233128800    1.071043000
 334    2.599773000    0.300960500   -1.405552000
 335   -0.950000000   -0.295850700   -0.647721000
 336   -0.950000000   -0.784740000    0.991592900
 337   -0.950000000   -1.581029000    0.224947100
 338   -0.950000000   -0.729706400   -0.036752680
 339   -0.950000000   -1.384134000   -0.736890000
 340   -0.950000000   -0.187818700   -0.294007700
 341   -0.950000000   -0.013048690    0.779255300
 342   12.913750000    1.199764000   -1.318604000
 343    2.258394000    0.707167100    0.348875700
 344   -0.950000000   -0.441004400    0.311235300
 345    5.051274000    1.893944000    1.803803000
 346    5.163764000   -0.247653100   -0.380455300
 347   18.249600000    1.037131000   -0.858631000
 348   11.913080000    0.367998800    0.346756100
 349   17.062410000    0.832439300    0.042417570
 350    5.769461000   -0.253841900   -0.646614600
 351   21.481620000    1.602383000   -1.300989000
 352   16.783670000    1.448692000    0.700356900
 353   16.975640000    0.852130200    0.041985400
 354   18.858930000    1.214390000    0.722938900
 355    2.153529000   -0.061929170    1.600401000
 356   29.457890000    1.949337000    1.159435000
 357    6.499023000   -0.165390300    0.075999010
 358   10.999050000    0.794490500    1.006052000
 359   13.024580000    0.917393200    0.238528200
 360    1.100907000   -0.537088300    0.520525800
 361   12.157480000    0.805086600   -0.740174500
 362   -0.950000000   -1.438487000   -0.726103700
 363    3.153737000    0.219500600    0.671421200
 364   12.962740000    1.005187000    0.411349900
 365   15.072810000    1.521416000    0.545626700
 366   -0.926009000    0.266596000    1.420234000
 367    3.760718000    0.462254900    0.244024100
 368   -0.950000000   -0.429529200   -0.013406650
 369   14.170630000    0.965543000   -1.773369000
 370   -0.950000000   -0.179854300    0.029920910
 371   -0.950000000   -0.646319800    0.152183600
 372   -0.950000000   -1.261537000   -0.293620000
 373   -0.950000000   -0.281069500   -0.515125200
 374   -0.950000000    0.386024100    1.649120000
 375   -0.950000000   -1.798905000   -0.232167100
 376   -0.950000000   -0.933016100    0.488749700
 377    7.116019000    0.716034200    0.526897500
 378   -0.950000000   -1.222840000    0.011094920
 379    2.161065000    0.079487590    0.085462600
 380   12.163950000    1.241945000    0.967283000
 381   18.350210000    1.859306000   -0.974711800
 382   -0.950000000   -0.486352400    1.294996000
 383    4.230978000    0.353996800    0.161739000
 384    4.536807000    0.258241100   -0.358002600
 385   12.659950000    1.028803000    0.443766400
 386   -0.950000000   -0.708506100   -0.408922800
 387    8.409424000    0.530020700    0.022266390
 388   -0.950000000   -0.508964900    0.131439900
 389   14.120960000    1.201747000    0.525046000
 390    6.916935000    0.380182200   -0.727774100
 391    2.580743000    0.196478000    0.310470900
 392   -0.950000000   -1.224304000   -0.606434300
 393    5.302567000    0.102700200   -1.476864000
 394   -0.835840700    0.594415700    1.104860000
 395    2.015475000    0.190187900    0.357033500
 396    2.467903000   -0.052282410   -0.890519800
 397   -0.950000000   -0.192952300    0.093385910
 398   -0.950000000    0.399814500    1.534908000
 399    3.343029000    0.331759500    1.544171000
 400   -0.828948300    0.064212880    0.665682500
 401    6.897976000    0.618925000    0.267999100
 402   -0.950000000   -0.898741500    1.013535000
 403   -0.950000000   -0.433698100   -0.303946700
 404    9.962581000    0.579571700   -0.770991400
 405    6.298384000    0.403211600   -0.729199700
 406   -0.950000000   -1.378221000    0.585014500
 407    1.308990000    0.197428900   -0.509743200
 408   -0.950000000   -0.066574600    0.164332200
 409   -0.950000000   -0.077610850    0.590187100
 410    2.394662000    0.158812300   -1.882589000
 411   -0.950000000   -0.252329000   -0.112577000
 412   -0.950000000   -0.437333600   -0.644255700
 413   -0.950000000   -1.382182000    0.279517800
 414   -0.950000000   -0.330362400    0.218958100
 415   -0.950000000   -1.630591000    0.192709800
 416   -0.950000000   -0.401685200   -1.867031000
 417    1.547521000    0.288799100   -1.209520000
 418    9.968168000    1.098882000    1.124480000
 419   -0.950000000   -0.470497300   -0.263894000
 420   11.381470000    1.866597000    0.462331000
 421   -0.950000000   -1.107229000    1.405120000
 422    7.844298000    0.983417500   -0.035675160
 423    6.605155000    0.166088300   -1.998264000
 424   17.872950000    1.581618000   -0.717885500
 425    7.141098000    0.805475100   -0.011308220
 426   -0.950000000   -1.711565000    0.462086400
 427   10.460400000    1.656502000    0.391599100
 428    4.566258000    1.144507000    0.230053300
 429   -0.950000000   -0.198220900   -0.344506000
 430    5.169235000    1.125167000    0.655610300
 431   -0.950000000   -0.797226000   -1.782097000
 432    4.392374000    0.427203400   -0.185656200
 433    2.199644000    0.299915800    0.257904300
 434    6.685270000    0.318628600   -1.049907000
 435   -0.950000000   -0.640669300    0.058441110
 436    3.441629000   -0.016228370   -1.472244000
 437   10.407570000    1.242797000    0.059479010
 438   13.732380000    0.993769300   -0.662587900
 439   -0.950000000   -0.173381200   -0.127979300
 440   -0.950000000   -0.569132400    0.579012600
 441    3.331833000   -0.062404250   -1.454585000
 442   -0.950000000   -0.684759000   -1.971873000
 443   -0.950000000   -0.260002300   -0.605306000
 444   10.102640000    0.947962900   -0.787582100
 445   -0.950000000   -0.568439000   -0.404519600
 446   10.099890000    0.800950300   -1.240903000
 447    0.220627200    0.248093100    0.503023700
 448   14.388540000    1.248092000    0.546786700
 449   -0.950000000   -0.413026400    0.227816400
 450    3.285343000    0.222943900   -1.129024000
 451   -0.950000000   -0.697113700   -0.440777500
 452    1.972666000    0.476397400   -1.247991000
 453    7.885729000    0.985735800    0.036946610
 454   -0.950000000   -1.298964000    0.119268800
 455   -0.950000000   -1.154856000   -0.290607900
 456   10.918260000    1.334562000    0.863036900
 457   -0.950000000   -1.153631000   -0.104792500
 458    1.092173000    0.202365700   -1.281838000
 459    8.851171000    1.369295000    0.064232130
 460   -0.950000000   -1.591383000   -0.074430480
 461   -0.950000000   -1.558636000   -0.580259300
 462    8.752259000    1.451219000    0.433267400
 463   -0.950000000   -0.521226600   -0.426931600
 464   10.562610000    1.372178000   -1.198868000
 465   -0.950000000   -0.191588800    0.457278500
 466   -0.950000000   -1.373221000   -0.271723300
 467   -0.950000000   -0.331994100    0.249783700
 468   14.381940000    1.252220000   -0.984782900
 469   -0.950000000   -0.744204900   -0.006643301
 470   -0.950000000   -1.540318000    0.486433800
 471   15.033510000    1.533166000    1.211291000
 472   -0.950000000   -0.504509400    0.111175100
 473    7.279541000    0.475218900   -0.182422800
 474   -0.950000000   -0.110878300    0.972534200
 475   -0.950000000   -1.045449000    0.617808900
 476    8.717713000    0.467812800   -0.974554900
 477    2.695062000    0.260814000    0.761805200
 478   14.202640000    1.042086000   -0.869654100
 479   -0.950000000   -0.844349000    0.118469600
 480   15.761000000    1.513760000   -0.859307700
 481   -0.950000000   -0.038076050    0.347269700
 482   -0.950000000   -0.748866800    0.261396600
 483    8.003526000    0.970620800   -0.030154530
 484   -0.950000000   -0.984592200    0.087594380
 485    5.052787000    0.741075900    0.579359700
 486   -0.950000000   -0.681225400   -1.634482000
 487   -0.950000000    0.059165460    1.578523000
 488   14.149220000    1.250856000   -0.003635276
 489   -0.950000000   -0.349213100   -0.956420600
 490   -0.950000000   -0.372245700   -0.551880200
 491   -0.950000000   -0.450004000    1.080437000
 492    2.168315000    0.224982800    0.175533800
 493   -0.950000000   -1.346427000    0.984804200
 494   -0.950000000   -0.424216300   -0.577166100
 495   -0.950000000   -0.709559800   -0.933061100
 496    7.568601000    0.701653600   -0.192665400
 497   -0.950000000   -1.433616000    0.171361200
 498    2.436912000    0.355438300    0.324041200
 499    4.524667000    0.632454300    0.851805800
 500   -0.950000000   -0.440525500   -0.255555100
 501    8.091089000    0.966866800    1.162430000
 502   -0.950000000   -0.963497600   -1.798105000
 503    7.939801000    0.737334600   -1.153480000
 504   12.306890000    1.698058000    0.629817700
 505   -0.129209900    0.084010370    0.990505500
 506   -0.950000000   -0.594179300    0.056786510
 507    3.381031000    0.148136900   -1.448615000
 508   13.615900000    1.147927000    0.567703100
 509    0.446595900   -0.255413000   -1.693556000
 510   -0.950000000   -0.672802900    0.131536600
 511   -0.950000000   -0.351174700    0.013064720
 512   -0.950000000   -0.373141800    0.509947000
 513   17.133460000    1.529446000   -0.264402700
 514   -0.582564900    0.249697400   -0.551165400
 515   -0.950000000   -0.010240720    1.908008000
 516   -0.950000000   -0.529148200    1.328283000
 517   -0.950000000   -1.979133000    1.044230000
 518    4.509801000    0.662038700   -0.131193500
 519   -0.950000000   -1.861681000   -1.474810000
 520   -0.950000000   -0.495233900   -0.414746800
 521    4.489116000    0.287115200   -1.971560000
 522    9.591867000    1.130399000   -0.680477700
 523   -0.950000000   -1.009796000   -0.858433300
 524   -0.950000000    0.002719407    1.177463000
 525   17.560050000    1.609115000   -0.512330600
 526   -0.950000000   -1.661553000    1.353470000
 527   -0.950000000   -1.048564000    0.973002200
 528   -0.950000000   -0.761556700   -1.014032000
 529   -0.674648700    0.287669700   -1.515767000
 530   -0.950000000   -1.395732000    1.613997000
 531   -0.950000000   -0.734030100   -0.167220000
 532   -0.950000000   -0.174174200   -1.406769000
 533   -0.950000000   -0.633829100    1.003606000
 534   -0.950000000   -0.980141100   -0.644349100
 535   -0.950000000   -0.495077900    1.776855000
 536   -0.950000000    0.548601200    0.744687900
 537   -0.950000000   -0.451793800   -1.434012000
 538   -0.950000000   -0.480362700    0.136431800
 539   -0.950000000   -0.209552700   -1.380559000
 540   -0.950000000    0.411814300   -0.445800000
 541   -0.727766200   -0.150930400   -0.598465400
 542    9.941326000    1.231907000    1.614817000
 543    0.136981000    0.072813000    0.241983000
 544   -0.950000000    0.024909400    1.203481000
 545   -0.950000000   -0.916063500   -1.085213000
 546    1.612329000    0.152035300    0.017340720
 547   -0.950000000   -0.203810200   -0.455114500
 548    3.137787000    0.260676700   -0.454571900
 549   17.564560000    1.350890000   -1.648811000
 550   -0.950000000   -0.381455000    1.641708000
 551   -0.950000000   -0.877883000    0.339240700
 552    2.206317000    0.110914500   -0.966960700
 553   -0.950000000   -0.579997400    0.311697600
 554    7.430894000    0.601281700   -1.573075000
 555    0.001611635   -0.075337010   -0.848545000
 556   -0.950000000   -0.491500800   -1.378840000
 557   -0.950000000   -0.734539200   -0.485354100
 558    6.661103000    0.412265500    1.719432000
 559   -0.950000000   -0.861781700   -0.502548900
 560   -0.950000000   -0.750979000    0.833784400
 561   10.152390000    0.861951100   -0.782803300
 562    8.247848000    1.163678000    1.202768000
 563   25.757040000    1.938774000   -0.108524100
 564   22.521690000    1.535006000   -1.678677000
 565   16.852850000    0.956238500   -1.657587000
 566   -0.950000000   -0.543807000   -0.363282600
 567    4.306515000    0.501025200   -0.016993840
 568   -0.950000000   -0.000369974    0.982055800
 569   -0.950000000   -1.281218000    0.662337100
 570    2.355024000    0.297630400    1.071502000
 571    0.346958500   -0.612431300   -1.011857000
 572   24.855870000    1.787455000   -0.502245300
 573   -0.950000000   -0.725572900    0.778576100
 574    4.691466000    0.368442600    0.387394800
 575   15.204550000    0.945720700    1.313962000
 576   -0.950000000   -1.632644000    0.655321800
 577    2.801358000    0.220322300    0.892455800
 578   17.304620000    1.004088000   -1.162747000
 579   17.558390000    1.057354000   -0.449090800
 580    7.478091000    0.225390900   -0.300200000
 581    2.019500000   -0.169964200    1.315195000
 582   -0.950000000   -0.420352200    0.622231500
 583    7.578936000    0.368827100   -0.028793050
 584    9.005756000    0.523195300    1.359582000
 585   22.111500000    1.296453000    0.860525300
 586    9.869593000    0.657951400   -1.587063000
 587    0.414608500    0.128342400    0.035476480
 588    2.441969000    0.387812000    0.418342300
 589    1.787225000    0.309274000    0.698258400
 590   -0.950000000   -0.336033000    0.233975400
 591    7.236979000    0.815389900    0.562692800
 592   -0.950000000    0.246624400    0.880603000
 593   11.338130000    1.164651000    0.970831000
 594   -0.950000000   -0.976863800   -0.239587000
 595   -0.950000000   -1.034727000   -0.380172300
 596   14.830560000    1.238821000    1.473800000
 597   -0.950000000   -0.760112400   -0.079444200
 598   -0.950000000   -0.969480900   -0.255668900
 599   -0.950000000   -1.683227000   -1.391776000
 600   12.791710000    1.226417000   -1.580000000
 601    9.068925000    0.639399400   -0.095299580
 602   12.908680000    1.207487000    1.076002000
 603   -0.950000000   -0.874016200    0.571939100
 604   -0.950000000   -0.105888600    0.436293200
 605   -0.950000000   -1.443545000   -1.205374000
 606    6.899218000    0.883591500    0.483071200
 607    0.558406200   -0.055895010   -0.357857100
 608   -0.404431800   -0.174399600   -0.284238000
 609    7.506066000    0.669904900    0.347119400
 610   -0.950000000   -0.448288600    0.928290900
 611   -0.550808500   -0.223569000   -0.210437500
 612   -0.950000000   -0.834987400   -0.410265000
 613    1.526484000   -0.068561390   -0.660480100
 614   -0.950000000   -1.615089000    0.259075900
 615   -0.950000000   -0.177593400    1.713147000
 616   11.768740000    1.282321000    0.560584000
 617   -0.950000000   -1.219272000    0.977174100
 618    1.130450000   -0.122400200    0.824611600
 619    5.257256000    0.465949100    0.729254200
 620   -0.950000000   -0.609812100   -0.069181400
 621    2.587585000    0.100642900   -0.174147800
 622   -0.752251500   -0.185792400   -1.125599000
 623   -0.950000000   -0.894843200   -0.574088800
 624   -0.950000000   -0.525723300   -1.042483000
 625    2.042476000   -0.153082900   -0.688960300
 626   -0.950000000   -0.231809200    0.982552000
 627   -0.950000000   -1.668139000    0.768891500
 628    2.503480000    0.140293200   -0.066834680
 629   -0.950000000   -0.371279900    0.832253400
 630   10.971920000    0.720572800   -1.339741000
 631   17.578040000    1.237973000   -1.615962000
 632    0.763072400    0.173563500    0.298565800
 633   -0.950000000   -0.970726800   -1.761561000
 634   -0.950000000   -0.646503600    0.802359200
 635   12.069330000    0.977651100   -1.011131000
 636   -0.950000000   -0.484216500    1.765929000
 637    7.558470000    1.349107000    0.897215300
 638   11.672730000    1.105122000   -0.439469800
 639   -0.950000000   -0.023537120   -0.331583700
 640   -0.950000000   -1.895953000    1.463634000
 641   10.785290000    1.159925000   -0.082889980
 642   -0.950000000   -1.749420000   -1.892764000
 643   -0.950000000   -1.286648000    0.670515000
 644   -0.950000000   -0.588986800    0.520673600
 645   -0.950000000   -1.139655000   -0.251931600
 646   -0.950000000   -0.594120400    1.559709000
 647    1.795220000   -0.250907100   -0.511606700
 648   14.168100000    0.862619700   -1.201280000
 649   16.822710000    1.330471000   -1.793982000
 650   10.163840000    0.646629600   -0.491484600
 651   11.284000000    1.071051000    0.091572670
 652   13.685500000    1.195826000    0.144952100
 653   -0.950000000   -1.010297000   -1.108283000
 654   12.050680000    0.834021900   -0.013321970
 655   -0.950000000   -0.701199500   -0.341868900
 656    0.944287800   -0.275551700    0.416933700
 657    3.162964000    0.311872100    1.111478000
 658    5.694019000    0.467695500    0.114309500
 659    8.899373000    0.666356600    0.002248756
 660    0.792538100   -0.209264800   -0.642131200
 661    2.445754000    0.136101900   -1.327374000
 662   -0.950000000   -0.137445700    1.452617000
 663    0.434860000    0.142102100   -0.111427300
 664    0.076862840    0.384611900   -0.399044100
 665   -0.950000000   -0.440656100   -0.767503800
 666   -0.950000000   -0.986098300   -0.036153220
 667    4.633451000    0.636140000   -0.801021800
 668    4.952599000    0.808204400   -0.197954600
 669   -0.950000000   -1.007176000   -1.242363000
 670    4.233363000    0.520848300   -0.919834400
 671   -0.950000000   -0.346758300   -1.162321000
 672   -0.950000000   -1.447570000    1.724705000
 673    9.157119000    1.126376000   -0.875715800
 674   -0.950000000   -0.578828400   -1.199915000
 675   -0.950000000   -0.085969250   -0.017453580
 676   -0.950000000   -0.732213100   -0.458548000
 677    1.889334000    0.218554500   -0.024078870
 678    2.248447000    0.056431180   -1.197715000
 679    4.036889000    0.506517700   -0.548100000
 680    6.052614000    0.621737800   -1.255088000
 681   -0.313015100    0.025144190   -0.442670200
 682   11.300880000    1.699575000    1.196036000
 683   -0.950000000   -0.355745300   -1.591699000
 684    9.283603000    0.909271900   -1.603324000
 685   -0.950000000   -0.033050130    1.162407000
 686   14.807570000    1.548501000   -0.099028930
 687   -0.950000000   -1.028651000    0.046387800
 688   -0.950000000   -0.701935400   -0.769676400
 689   -0.950000000   -0.469749200    1.214179000
 690   -0.950000000   -0.343668300    0.176261200
 691   13.264800000    1.238609000   -1.586304000
 692   -0.950000000   -1.640117000    0.130388800
 693   -0.950000000   -1.278266000    0.276096100
 694   -0.950000000   -1.099670000    0.357609700
 695   -0.950000000   -0.093819640   -0.427078200
 696   -0.212398300   -0.017510920   -1.596045000
 697    4.764991000    0.510311200   -0.845839600
 698   -0.950000000   -1.762818000    0.009764639
 699    3.946355000    0.732750300   -1.069893000
 700    7.593005000    0.821802500   -0.223410700
 701   10.528950000    1.314125000   -0.405381400
 702   -0.950000000   -0.369264300   -1.057211000
 703   -0.950000000   -1.279546000   -0.249568500
 704   -0.950000000   -1.836228000    0.069179890
 705   -0.950000000   -0.789468900   -0.174326400
 706   10.480510000    1.010579000    0.879289300
 707    5.806561000    1.313974000    0.412826400
 708   -0.950000000   -1.361044000   -0.100579900
 709   -0.950000000   -0.575294300    1.468950000
 710   -0.950000000   -0.094593190    1.961724000
 711    0.495311100    0.234209600    0.474901500
 712   -0.950000000   -0.828204800    0.177958000
 713   -0.950000000   -0.216312600    0.852939400
 714   -0.950000000   -1.216647000   -0.402389400
 715   -0.950000000   -0.699898400   -0.329309300
 716   -0.950000000   -1.851353000   -0.413574600
 717    0.194405000    0.315510100    0.251537400
 718   -0.950000000   -0.156818500   -0.911016900
 719   -0.950000000   -1.088553000   -1.097166000
 720   -0.950000000   -0.363084000   -1.222566000
 721    9.900280000    0.662115600   -0.729013100
 722   13.512240000    1.111956000   -1.121365000
 723    5.300414000    0.391603800   -0.353366100
 724   19.932130000    1.705474000   -0.158764000
 725   -0.950000000   -0.903489300    0.116208700
 726   -0.950000000   -0.535234600   -0.733884000
 727   -0.950000000   -0.380080400    1.304673000
 728   -0.950000000   -0.508829100   -0.518719600
 729    6.053945000    0.213107200    0.025294340
 730    6.118594000    0.519119500    0.242242500
 731    2.907979000    0.044987380   -0.187926000
 732   -0.950000000   -1.620555000   -0.140768400
 733   -0.950000000   -1.342579000    1.322368000
 734    1.564195000    0.100119700    0.714076800
 735   13.068920000    1.066140000   -0.775630700
 736    4.997907000    0.099684260   -0.191154200
 737   -0.950000000   -0.378445800    0.215312600
 738    1.657156000   -0.177555600    0.046463900
 739    6.830851000    0.296618200    0.344849300
 740   -0.950000000   -1.306707000   -1.233789000
 741    8.742043000    0.755040800    1.524675000
 742   10.063610000    0.414140300   -0.527775800
 743    6.807369000    0.328451600   -0.669578100
 744    1.772917000    0.314914800    1.194529000
 745   -0.950000000   -0.861720300    0.695210300
 746   10.327350000    0.329438100   -1.525291000
 747    0.648304500   -0.193245900    0.488167600
 748   16.117740000    1.192495000    1.796750000
 749   -0.950000000    0.014899470    1.955137000
 750    0.482932200   -0.312311000    0.591005800
 751   -0.950000000   -0.305308800    0.159922800
 752   -0.950000000   -0.562306600   -0.169373600
 753   13.091040000    0.918246300   -0.618203400
 754   13.336700000    0.929337500   -0.015618110
 755    1.210713000    0.114032200    0.634543400
 756    8.595147000    0.479387700   -0.218365000
 757    8.354781000    0.318868700   -0.909018300
 758    4.732575000    0.840194300    0.680935300
 759   -0.950000000   -1.785966000    0.644170800
 760    5.733963000    0.623056400    0.668100800
 761   -0.950000000   -1.629922000    1.301682000
 762    8.936333000    0.251230600   -1.475601000
 763    2.957807000    0.315998000    0.910383000
 764    3.176513000    0.272765100    0.080622440
 765   13.162800000    1.424544000    0.995268400
 766   -0.950000000   -0.287803600    0.009556757
 767    2.678506000    0.197393000    0.287950300
 768   11.873260000    1.113107000   -0.569828900
 769   -0.634126600   -0.310403000   -1.391678000
 770   -0.950000000   -0.810572800    1.053454000
 771    5.669629000    0.718528300    0.475417900
 772   -0.950000000   -0.797659600   -0.333460500
 773   10.957410000    0.968288900   -0.462449100
 774    5.980166000    0.441813900   -1.254591000
 775   -0.950000000   -0.486712500    0.528629600
 776   -0.950000000   -0.964259300   -1.454353000
 777    7.348587000    0.681158200    0.532425200
 778   12.510180000    0.990527000   -0.999050300
 779   15.394030000    1.228379000   -1.651074000
 780   15.080960000    1.529609000    0.290625100
 781   -0.950000000   -1.463848000   -0.487500900
 782    9.946798000    1.125477000   -0.005733399
 783   -0.950000000   -0.674603300   -0.505203000
 784   -0.950000000   -1.081383000    1.743511000
 785    0.041844290    0.338372200   -0.786573400
 786   -0.950000000   -0.524299300   -0.353025900
 787   -0.950000000   -0.040692890    0.394850100
 788   14.088020000    1.809279000   -1.020993000
 789   -0.950000000   -0.327297400    1.190406000
 790   -0.950000000   -0.198904200   -0.029572160
 791   10.113600000    1.188412000   -0.484808800
 792   -0.950000000   -0.337255600   -0.447920000
 793    7.911706000    0.749146100   -0.806774400
 794    2.015505000    0.545754700   -0.808835400
 795   -0.950000000   -0.765040700   -1.069692000
 796   -0.950000000   -0.684637900   -0.115301500
 797    5.750818000    0.337342500   -0.623754100
 798   -0.950000000   -0.905030300   -0.656070000
 799    0.280422300    0.309504800    0.720003600
 800   11.540610000    1.006206000   -0.052798530
 801    5.412462000    0.555181200   -0.630759800
 802   -0.950000000   -0.204265400    0.236105300
 803    2.129898000    0.465090100    0.547582500
 804   -0.950000000   -0.434788100    1.699594000
 805    7.526524000    0.717329300   -1.916744000
 806   -0.950000000   -0.640160600   -1.714468000
 807    1.905975000    0.341835800    0.792195400
 808    4.949463000    0.427440000    0.584715500
 809    8.859795000    0.831162700    0.522345500
 810   -0.950000000   -0.942089700    0.647140800
 811   -0.950000000   -1.627993000   -0.378293700
 812   -0.950000000   -0.232552800    0.962753800
 813   -0.950000000   -0.127600200   -0.986237500
 814   -0.950000000   -0.570088900   -0.409098100
 815    0.002064409   -0.330626400   -1.710131000
 816   -0.722408400    0.250457900    0.976877900
 817   -0.950000000   -1.207504000    0.058674360
 818    1.846007000    0.291180800   -0.807064100
 819    7.138738000    0.920591600   -0.216989200
 820    3.082362000    0.804783300    1.046409000
 821    7.095872000    1.386831000    0.208524800
 822   -0.950000000   -1.359209000    0.042900500
 823    4.435224000    0.685096000    0.074417100
 824   -0.950000000   -1.094545000   -1.302365000
 825    5.323626000    0.586165900   -0.839187600
 826   16.202870000    1.406458000   -0.736377000
 827    8.091226000    1.134984000    1.034912000
 828   -0.950000000   -1.092725000    0.606790500
 829   -0.950000000   -0.672267700    0.374149500
 830   -0.950000000   -0.351112900   -0.965762700
 831    8.041007000    0.698041100   -0.642917700
 832    8.410271000    0.161424500   -1.833640000
 833   15.077960000    1.110841000   -0.840269300
 834   -0.950000000   -0.713255600    0.776062700
 835   16.680380000    1.458263000   -0.586555000
 836   -0.950000000   -1.914443000    0.590059400
 837    5.795459000    1.332150000    1.329913000
 838   13.099120000    1.107517000   -0.571815800
 839   11.956180000    0.907834600   -0.598054400
 840   -0.950000000   -0.845756000   -1.437086000
 841    3.842903000    0.409292800    0.739287100
 842   11.001520000    0.720191400   -1.554666000
 843   -0.950000000   -0.326780800   -0.155188500
 844    2.801591000    0.371468300    0.957470200
 845   10.490940000    1.078932000    0.011277350
 846   -0.950000000   -0.223347700    1.358423000
 847    8.689602000    0.919411400    0.005162284
 848   13.462010000    1.202869000   -1.231160000
 849   11.146120000    0.958094200   -0.231448800
 850   -0.950000000   -1.515432000   -0.668118700
 851   -0.246925600   -0.090712700   -1.230613000
 852    7.832675000    0.403455400   -0.345339900
 853   -0.950000000   -0.380286800    0.002318819
 854   -0.950000000   -0.340678600   -0.984672900
 855   -0.950000000    0.592813100    1.957144000
 856   -0.950000000   -0.985946400    0.009103805
 857    4.496347000    0.486185200    0.397538200
 858   -0.526732600    0.076869970    0.821696600
 859    3.886628000    0.383478000   -0.511839800
 860   -0.950000000   -0.071134220    0.590430700
 861   -0.874457800   -0.022516060   -0.362719500
 862   -0.950000000   -0.068694660    0.744400400
 863   -0.950000000    0.528373300    0.621483200
 864    0.412401800    0.091920110   -0.621292500
 865   -0.950000000   -0.697128800   -0.909478500
 866   -0.950000000   -1.104835000    0.378389000
 867   -0.914325900    0.116632900   -0.371775000
 868   -0.950000000   -0.869269500   -1.648390000
 869   -0.950000000   -0.380503400    0.003050185
 870   -0.950000000    0.163500800   -1.836489000
 871    2.010135000    0.253047900    0.956230900
 872    1.326219000   -0.164331400   -0.688282200
 873   -0.950000000   -0.556091800   -0.155531800
 874    2.761453000    0.254094400   -0.189311500
 875   -0.950000000    0.585988200    1.771838000
 876   -0.950000000   -1.793836000    0.856242700
 877   -0.950000000   -0.531874500   -0.326468500
 878    8.644627000    1.135012000    1.629888000
 879   -0.950000000   -0.322652200    0.921820100
 880   -0.950000000   -0.383437700   -0.636686800
 881   -0.950000000   -0.767382400    0.319397700
 882   -0.950000000   -1.416885000   -0.506596800
 883   -0.950000000   -1.036589000    0.127755700
 884   -0.950000000   -0.995907300   -0.303480500
 885    0.690935900    0.176310900    0.511696300
 886   -0.950000000   -0.629466100   -0.543548100
 887    2.939969000   -0.005660618   -1.424959000
 888   10.238410000    1.592287000    1.540675000
 889   -0.950000000   -0.833467300   -1.155984000
 890   -0.950000000   -0.124179600    1.282460000
 891    1.369229000    0.620165400    0.946738100
 892   -0.950000000   -1.265485000    0.603312200
 893   -0.950000000   -0.117741600    0.541725000
 894   -0.950000000   -1.052742000    0.277739400
 895   18.157160000    1.504005000   -1.547113000
 896   -0.950000000   -0.187560200   -0.704103600
 897    1.380948000   -0.148753900   -1.493810000
 898   -0.950000000   -1.924528000    0.153746000
 899   -0.950000000   -0.457679400    1.049232000
 900   -0.950000000   -0.170288500    1.684082000
 901   16.187080000    0.908558100    0.310356300
 902   12.526460000    0.898603200   -0.922288500
 903   -0.950000000   -1.139528000    0.123306500
 904   -0.950000000   -1.119609000    0.388516200
 905   -0.950000000   -1.183681000    0.014955720
 906    9.468334000    0.604037700   -0.628365900
 907    8.510241000    0.727379400   -0.331811500
 908    7.148479000    0.413012900   -1.021753000
 909    3.244131000    0.251309700   -0.142244200
 910    6.023118000    0.907122200    1.710483000
 911   -0.950000000   -0.518942500   -0.393020700
 912    0.046723080    0.081112170    1.184313000
 913   -0.950000000   -1.066140000    0.295873600
 914   -0.950000000   -0.523403700   -0.229606600
 915   15.208400000    1.690312000    1.800780000
 916   -0.950000000   -0.402025700    1.140828000
 917   -0.950000000   -0.589490600    0.589787800
 918    2.608997000    0.277014500    0.230560100
 919   -0.243853800   -0.110804300    0.428767800
 920    2.437948000    0.265878400   -0.679267500
 921   -0.950000000   -0.917629300   -1.150110000
 922   -0.950000000   -0.260032200    0.285204400
 923    7.366861000    0.895436100    0.167300900
 924   -0.950000000   -0.632744300    1.181276000
 925    8.352410000    0.728521600    0.177452800
 926   -0.950000000   -0.431857800    0.296037400
 927   18.845440000    1.288202000   -1.364665000
 928   -0.950000000   -0.951615400    1.692185000
 929    3.564688000    0.384859800    0.610809600
 930   -0.950000000   -1.441186000   -0.906912500
 931   -0.950000000   -1.072712000   -1.792699000
 932   -0.852331300   -0.079579180   -0.050915810
 933    6.316725000    0.906208100    0.429590900
 934   -0.950000000   -0.147575000    1.016353000
 935    4.986947000    0.528668600   -0.975774400
 936   -0.950000000   -1.825274000   -0.956266000
 937   15.828060000    1.552310000   -0.851666000
 938   -0.950000000   -0.614716500    0.195306100
 939   -0.950000000   -0.375930500    0.400482400
 940    0.113209500    0.327992100   -0.269665700
 941   -0.950000000   -0.641222100   -0.150057500
 942    8.245458000    1.332766000    0.639629600
 943    7.134858000    0.457221600    1.907115000
 944   -0.950000000   -0.026201550   -0.056093310
 945    7.971556000    0.872004400   -1.125885000
 946   10.082310000    0.975251200    0.751224100
 947   -0.950000000   -1.017229000   -0.511216700
 948   -0.950000000   -1.043987000    0.984180500
 949    4.059510000    0.764702800    1.709019000
 950   22.307320000    1.890557000    1.388929000
 951   21.973490000    1.348548000   -0.440210200
 952   -0.950000000   -0.826895300   -0.275640400
 953   -0.950000000   -0.623595400    0.902177200
 954    8.523325000    0.446633600   -0.169995200
 955   -0.950000000   -0.713219500    1.035872000
 956    8.761847000    0.369785600    1.376440000
 957    7.024485000    0.662736100    1.003209000
 958    2.901460000   -0.076574580    0.411883300
 959   18.976360000    1.269952000   -0.278891500
 960   13.472750000    0.730487800   -0.934908500
 961   -0.950000000   -0.620613000   -0.004757713
 962   -0.950000000   -0.149809500    0.118406200
 963   -0.950000000   -0.493157300   -0.119436800
 964   -0.950000000    0.262146800    0.536172500
 965   -0.950000000   -0.758526800    0.370843800
 966   22.643180000    1.722729000    0.835718200
 967    7.241459000    0.670977400   -1.136578000
 968   -0.950000000   -0.434067200   -0.212692500
 969   -0.950000000   -1.204968000   -0.246669200
 970   -0.950000000   -1.101897000   -0.360870000
 971   -0.950000000   -0.305855900    0.975704800
 972   18.910850000    1.565645000    0.310587000
 973   -0.950000000   -0.850220100    1.433296000
 974   -0.950000000   -0.616216300    0.334793900
 975    0.223777200    0.513243900    1.016730000
 976   -0.294965200   -0.275240200    0.857710700
 977   -0.950000000   -1.133584000    1.209864000
 978    3.307329000    0.336405400    0.905249300
 979    7.533488000    0.745564300   -0.567799200
 980   -0.950000000   -1.764692000    0.948602000
 981   -0.950000000   -0.375910100   -0.524571700
 982    5.798138000    0.315496000   -0.719040600
 983   -0.950000000   -0.563352900   -0.343643200
 984    5.650746000    0.967783800    1.874887000
 985   -0.881886300   -0.129181100   -0.528270000
 986   -0.950000000   -1.182963000    0.591486200
 987    9.397612000    0.665301500   -0.066756980
 988    6.281140000    1.113851000    1.134976000
 989   -0.950000000   -0.833248900    0.640572800
 990   11.327220000    0.594229900   -1.672947000
 991   -0.950000000   -1.495868000   -0.068888620
 992   19.482450000    1.978619000    0.571608500
 993   13.191230000    1.035899000    0.347566900
 994    8.131681000    0.302905000   -0.190320900
 995   27.697490000    1.789157000   -0.341839000
 996   -0.950000000   -1.282736000    1.042327000
 997    8.008262000    0.171549700   -0.826048600
 998   -0.950000000   -1.064362000    1.575295000
 999   16.748140000    0.923511000   -0.902570800
1000   -0.798984900   -0.386911600    1.253162000
1001    0.762165000   -0.575606400   -0.520154600
1002    3.826035000    0.159009300    0.379644700
1003   15.051760000    0.962790800    0.193257000
1004    9.138609000    0.956739900    0.705370000
1005   10.975040000    1.232314000    1.273859000
1006   -0.950000000   -1.519098000    0.257947400
1007   -0.950000000   -0.047953620    1.101918000
1008   -0.950000000   -1.425239000    0.080960620
1009   11.745270000    0.977948000   -0.139196500
1010   -0.950000000   -0.036410770    0.539160500
1011   -0.950000000   -0.913643400   -0.254961800
1012   -0.950000000   -0.098259730   -0.074711160
1013   -0.627034600    0.381763900    0.897716900
1014   -0.898319700   -0.056508240   -1.328249000
1015   -0.950000000   -1.026607000    0.752630900
1016   -0.950000000   -0.111239300   -1.408600000
1017   -0.950000000   -1.488741000   -0.053998580
1018    2.328602000    0.386945600   -1.924576000
1019   -0.950000000   -0.857997500    0.995015300
1020    0.007517819    0.927321300    1.655417000
1021    2.081523000    0.200370100   -0.843196500
1022   -0.950000000   -0.746165400   -0.480811700
1023   -0.950000000   -0.497247300    1.167807000
1024   -0.950000000   -1.210869000   -1.372581000
1025   -0.950000000   -0.344610100   -0.119411300
1026   -0.950000000   -1.064213000    1.226806000
1027   10.454670000    0.608921600   -0.681229000
1028   -0.950000000   -0.227838500   -0.344844500
1029    9.473587000    0.990786900   -0.744967300
1030   -0.950000000    0.569611900    1.214514000
1031   10.710370000    1.045392000    0.407158400
1032    7.472804000    0.760444800   -0.423342400
1033   -0.820244700   -0.253687500   -0.079056090
1034   -0.950000000   -0.454726400    0.660285300
1035    7.734395000    0.732822700   -0.211824200
1036   -0.950000000   -0.951779100    0.669103000
1037   -0.950000000   -0.910993600   -0.626401100
1038    2.802718000    1.080119000    0.243709900
1039    0.319230500    0.173962900    1.130647000
1040   -0.950000000   -0.254615600   -0.606440900
1041   -0.950000000   -1.386735000    0.786412700
1042   -0.950000000   -0.384166400    0.528002100
1043   10.250830000    1.303632000    0.181951900
1044   -0.950000000   -0.835650800   -0.769117400
1045    3.037469000    1.023836000    1.728798000
1046   -0.950000000   -1.747276000    0.310839700
1047    0.233776700    0.121210200   -0.086282470
1048    1.218403000   -0.110630000   -1.637821000
1049   -0.950000000   -0.835212200    0.166323400
1050   -0.950000000   -1.717288000   -0.695270100
1051   14.266400000    1.227397000   -0.849652200
1052   -0.950000000   -1.204111000    1.354515000
1053   14.695030000    0.695590900   -1.959651000
1054    1.461101000   -0.314270200   -1.772967000
1055   -0.950000000   -0.475094100    0.042058810
1056    2.645026000    0.490808800    0.984649100
1057    3.795053000    0.291876400    0.907673500
1058   -0.950000000   -0.016529750    0.826009200
1059   10.190120000    0.755407700   -0.656155300
1060   -0.950000000   -0.533428300    0.098598650
1061    1.902305000    0.127287500    0.407644000
1062    0.956812000   -0.020140980    0.487679100
1063   11.633700000    1.120952000    0.133244000
1064   -0.149099100   -0.174176000   -0.749232800
1065   11.267940000    1.290685000    0.571438000
1066    4.056678000    0.183470000   -1.107094000
1067   13.094730000    0.861369900   -1.441985000
1068   20.134300000    1.251986000   -1.420662000
1069   -0.950000000   -0.715809300    0.263089800
1070   -0.950000000   -0.366244900    0.418434500
1071   -0.950000000   -0.687739900    0.706962700
1072    5.256248000    0.585821200   -1.081290000
1073   -0.950000000   -0.507095700   -0.045798440
1074    5.425601000    0.366734300   -1.339418000
1075   -0.950000000   -1.525208000    1.436330000
1076   14.094050000    1.159965000   -1.341593000
1077   18.256820000    1.547809000   -0.758546000
1078   -0.950000000   -0.563106200   -1.068619000
1079    3.208381000    0.690021900    1.293631000
1080   -0.950000000   -0.317636200   -0.123715100
1081   -0.950000000   -1.450505000   -0.322089700
1082   -0.950000000   -0.774412200   -1.077876000
1083   10.291930000    0.658539200   -1.365135000
1084   -0.950000000   -1.650948000   -0.190853000
1085   -0.950000000   -0.285449600    0.148333900
1086   -0.950000000   -0.638026800    0.520426700
1087   -0.950000000   -0.148765700    0.474589600
1088   -0.950000000   -0.891766900   -0.546048000
1089   -0.950000000   -0.082312080   -0.588439600
1090   -0.950000000   -0.149179200    0.421113200
1091    5.626649000    0.581704000   -0.392795500
1092   -0.950000000   -0.178711900    0.737758800
1093   -0.950000000    0.051995230    0.282887600
1094    5.750937000    0.789484700   -0.515258500
1095    4.494709000    0.627502500   -1.021441000
1096    3.062653000   -0.229133800   -1.922395000
1097   -0.950000000   -0.872923800   -0.923777300
1098   -0.950000000   -0.610802200    0.285141000
1099    2.473669000    0.283676300    0.720289300
1100   -0.950000000   -0.323384100    1.271944000
1101   10.938940000    0.897115600    0.812480100
1102   -0.950000000   -0.531342400    0.468102100
1103   -0.950000000   -1.093046000    1.452951000
1104   12.037610000    0.644989200   -1.212662000
1105   -0.536670800   -0.182197900    0.242482600
1106   23.848920000    1.850415000    0.125465000
1107   -0.950000000   -0.146095800    1.262645000
1108   10.958060000    0.654207200   -0.894603200
1109   -0.950000000   -0.515351000    0.268423700
1110    4.309112000    0.176003800   -0.175829500
1111   -0.950000000   -0.664399900    0.842547000
1112   -0.950000000   -1.852785000   -0.023935080
1113    1.845604000    0.171671000    0.590104600
1114   -0.950000000   -0.777791700    0.477060600
1115   18.521430000    1.596026000   -1.340199000
1116   15.831580000    1.666157000   -0.971999500
1117   -0.950000000   -1.064109000   -0.777940700
1118   15.785230000    1.370163000    0.287342100
1119    2.790113000    0.579452400    1.008683000
1120   -0.950000000   -0.518806300   -0.527922100
1121    8.178698000    0.872008400    0.577184700
1122   19.042590000    1.515899000   -1.746893000
1123    4.041664000    0.176810200   -0.605831900
1124   -0.950000000   -1.017151000    0.372828000
1125   13.379570000    0.857070100   -1.748981000
1126   13.269130000    1.147070000   -0.304841100
1127   -0.950000000   -0.214185500   -1.201747000
1128    1.177144000   -0.427084500   -1.999125000
1129   -0.950000000    0.051065650    0.797288300
1130   13.390620000    1.074057000   -1.874916000
1131    3.726577000    0.543882800    0.876319100
1132   -0.950000000   -1.014150000    0.226376400
1133   -0.450986300    0.571224100    1.098310000
1134    2.115419000    0.228430700    1.233130000
1135   -0.950000000   -0.390422700   -0.494460600
1136   -0.950000000   -0.688785000   -0.257489800
1137   -0.950000000   -1.127053000    0.409790300
1138    8.025501000    0.232103200   -1.624339000
1139    5.828755000    0.664588500   -1.455783000
1140   -0.950000000   -1.354718000    1.896052000
1141   -0.950000000   -0.810020300    0.364775100
1142    1.131305000    0.081149610    0.292004500
1143   17.729690000    1.993688000    0.396297600
1144    0.051503450   -0.216681000   -0.727216400
1145   21.069110000    1.911768000   -0.127896100
1146    7.670537000    0.874543000    0.594323800
1147   -0.950000000   -1.150105000   -1.814472000
1148   13.011210000    1.502391000    1.905142000
1149   -0.950000000   -1.522623000    0.367366900
1150   -0.950000000   -1.207362000   -0.931165400
1151    6.131699000    0.655736400    0.751808500
1152   -0.950000000   -0.053541780    0.351754300
1153   -0.950000000   -0.009116029    0.448552800
1154   -0.950000000   -0.511195200   -0.050232540
1155   -0.950000000   -0.526904900    0.533080800
1156   -0.934292700    0.367859500    0.686172900
1157   -0.950000000   -1.682452000   -0.958181100
1158   -0.950000000    0.375935800    1.498159000
1159    3.892347000    0.788253700    1.514561000
1160    4.515865000    0.817774900    0.075138650
1161   -0.950000000   -0.774919500    0.007983358
1162   -0.950000000   -0.483927900    0.161091700
1163   -0.950000000   -0.109887800    1.564816000
1164   -0.950000000   -1.610493000    0.048041110
1165   12.956760000    0.966086300   -0.301115700
1166    8.386926000    0.973686500   -0.048719930
1167   -0.950000000   -0.826495100    1.835277000
1168   -0.950000000   -0.735971500   -1.141618000
1169    4.475816000    0.391407300   -1.311408000
1170   -0.242160200   -0.239133200   -1.365639000
1171   10.710040000    0.759453700   -0.267590200
1172   13.066720000    1.174797000    1.103206000
1173   -0.950000000   -0.655630100    0.785832200
1174   -0.950000000   -0.974688100   -1.621530000
1175    4.292785000    0.426131600   -0.314640700
1176   11.791740000    1.274818000   -0.001847843
1177   -0.950000000   -0.514055100   -1.159840000
1178   -0.950000000   -1.821335000   -1.130005000
1179   10.775320000    0.518535400   -1.463318000
1180   -0.950000000   -0.267399600   -0.645081100
1181    9.314511000    0.743541800   -1.159964000
1182   10.916120000    1.742001000    0.203805100
1183   -0.280428700    0.247849300    0.990482600
1184   21.365090000    1.907712000    0.266782200
1185   -0.950000000   -0.546569100   -0.446514500
1186    3.986193000    0.309228200    1.439802000
1187   10.284360000    0.233108500   -1.651686000
1188   -0.950000000   -0.810743000   -0.251914400
1189   16.654180000    1.326840000   -0.706295700
1190    2.860475000   -0.120831200   -1.521444000
1191    1.557202000    0.450722400    0.609309600
1192   -0.950000000   -1.876382000   -1.035768000
1193    2.188963000    0.376590600    1.384856000
1194   13.067880000    0.978481200   -0.272908800
1195   -0.950000000   -0.239116100    0.716622100
1196    2.034910000    0.232280900    0.948752100
1197    9.984726000    0.731454200   -0.147367300
1198    5.244221000    0.087767620   -0.901282700
1199    9.261615000    0.724997000   -0.346108200
1200   14.074680000    1.283774000    0.138515800
1201    7.831076000    0.394520200   -0.938661600
1202   -0.950000000   -1.045709000    0.391743100
1203    2.273980000    0.249821200    0.557589800
1204    1.835299000    0.177390700    0.789410700
1205    1.709953000    0.294011100    1.561965000
1206   14.340200000    1.117541000   -0.991054600
1207   -0.950000000   -0.515613500   -0.394175600
1208   19.820820000    1.844825000    0.340076300
1209    2.499153000   -0.077662970    0.714037600
1210   15.850700000    0.954895200   -1.148472000
1211   -0.950000000   -1.245355000    0.281313100
1212    4.218185000   -0.156410300   -0.059434850
1213    1.112907000   -0.273816500    0.067162500
1214    6.690933000    0.554361600    0.206588700
1215   20.272700000    1.503538000    0.359378100
1216    2.536203000   -0.466767300   -1.466113000
1217   14.204280000    1.165087000   -0.133538000
1218   14.398280000    1.126597000    1.861952000
1219   21.431060000    1.618290000    0.427597900
1220   23.189120000    1.972559000    0.059047940
1221   -0.950000000   -0.753811000    0.474959400
1222   -0.950000000   -1.531938000   -0.075747230
1223   -0.950000000   -1.120827000    1.263796000
1224    9.401451000    0.443745400   -0.583531400
1225    4.522015000    0.535634200    1.817290000
1226   -0.950000000   -1.097870000    1.029731000
1227   -0.950000000   -1.022101000    1.420892000
1228    9.432241000    0.725545000    1.734093000
1229   14.031340000    1.129111000    0.111937500
1230   12.395450000    0.627394200   -1.019564000
1231   10.983110000    1.130984000    0.073194630
1232   -0.950000000   -1.084434000    1.168275000
1233    3.827485000    0.481814000   -0.023288090
1234   10.513570000    1.214989000    0.639265300
1235    2.735355000    0.202434200   -0.608898400
1236   -0.950000000   -0.167821000    0.180496500
1237   -0.608507800    0.083304720   -0.376000400
1238    7.120707000    1.017672000   -0.214406800
1239   -0.950000000   -1.912185000    0.411614800
1240    1.444309000    0.457766600    0.408606400
1241   -0.950000000   -0.929536900   -0.602336500
1242    4.432300000    0.723269000    1.204124000
1243    3.067032000    0.383178700   -0.254657200
1244   -0.950000000   -0.810994200   -1.286687000
1245   -0.950000000   -1.455128000    0.806514200
1246    2.185002000    0.046405430   -0.317575700
1247   -0.950000000   -1.647563000   -0.792426300
1248    4.171357000    0.115093200   -1.057994000
1249    0.985641800    0.075106470    1.425647000
1250   -0.950000000   -0.840952100    0.603767300
1251    2.329270000    0.147526600    0.498251200
1252   -0.950000000   -1.002115000    1.202600000
1253    8.280073000    0.406471300   -1.069097000
1254    9.409010000    0.656018900   -0.241232800
1255   11.568180000    1.145836000    0.755761200
1256   -0.874842700   -0.255640600    0.735237300
1257   -0.512319000   -0.333686900   -0.742380000
1258   -0.950000000   -0.531211200   -0.086655000
1259    6.775715000    0.817329500    0.957420700
1260   -0.950000000   -0.890824100   -0.301135400
1261   -0.562571200   -0.065037830    1.176831000
1262   13.916020000    0.880487100   -1.015529000
1263   -0.950000000   -1.174860000    0.605863300
1264    1.726188000   -0.204688100    0.247803300
1265   16.912820000    1.418490000    1.438128000
1266    5.945770000    0.602930000    0.975508600
1267    5.170967000    0.151104600    0.588879100
1268    4.707014000    0.090166120    0.516775400
1269   -0.950000000   -0.895322300    0.842260200
1270   11.301980000    0.631479400   -1.456646000
1271   18.440340000    1.779171000    0.568364600
1272   -0.950000000   -0.747918000    0.183682800
1273   -0.950000000   -0.495824200   -0.066679430
1274    2.911552000    0.270122600    0.445027600
1275   -0.950000000   -1.075293000    0.594337900
1276   -0.950000000   -0.113057100    0.498204200
1277    1.697352000   -0.091579880   -1.161140000
1278   -0.829836400   -0.070673110    0.237160600
1279   15.976290000    1.359019000   -1.139920000
1280   13.241340000    1.595022000    0.013754540
1281   -0.950000000   -0.382634800    0.399774600
1282   -0.950000000   -0.204742000    0.083007300
1283    8.673299000    0.939658700    0.396450700
1284   11.387920000    0.855718100   -1.456556000
1285   -0.950000000   -0.998959200   -1.838079000
1286   -0.950000000   -0.185147100    0.546293600
1287   -0.950000000   -0.627344300   -0.213549100
1288    3.980426000    0.881377700    0.848291800
1289   -0.950000000   -0.232129000    0.279150600
1290    2.193945000    0.196391300   -0.910788600
1291    3.730312000    0.379049700   -0.318484800
1292    2.859769000    0.497398900   -0.096428730
1293   -0.950000000   -0.797476300   -1.235565000
1294    2.184468000    0.715670000   -0.169304200
1295    8.705038000    1.042323000    0.671655200
1296   -0.950000000   -0.076911770   -0.048019250
1297   -0.950000000    0.048644860    1.035969000
1298    6.311113000    0.434805300   -1.641134000
1299    5.968285000    0.913233000   -0.001834059
1300   -0.950000000   -0.252951200   -1.541066000
1301    8.030598000    0.886623900   -0.311408500
1302   -0.950000000   -0.048089700    1.417906000
1303   -0.950000000   -1.326628000   -1.565358000
1304   -0.950000000   -0.896347000    0.593155100
1305   -0.950000000   -0.363088900    0.577845800
1306    0.206466900   -0.021132310   -0.689439800
1307   -0.950000000   -0.491321600    1.059430000
1308   12.925240000    0.804775600   -1.219974000
1309   -0.950000000   -0.895227000   -0.766775400
1310    5.799593000    0.666084400    0.250588800
1311    6.330090000    0.619679000   -1.373551000
1312   -0.950000000   -1.104103000    0.370552700
1313   -0.950000000   -0.571018400    0.124530100
1314   10.079720000    1.119022000   -0.037072050
1315    6.538240000    0.934183100    0.497573400
1316    0.173196600    0.551508000    0.796673300
1317   -0.950000000   -0.982755100   -1.011962000
1318    5.369150000    0.398937000   -0.484053000
1319   -0.733366900   -0.020820250    0.405320600
1320    0.467525500    0.123199600    0.056611540
1321   14.969830000    1.123078000    1.545132000
1322   -0.154747800   -0.237100400   -1.005205000
1323    5.595467000    0.679047100    0.259899100
1324    0.537198300    0.350663200    1.039840000
1325    8.033643000    0.901921000    0.852574100
1326    2.338683000    0.389530700    0.320239000
1327    6.265427000    0.462018100   -0.511112000
1328   -0.950000000   -0.675761900   -0.946619200
1329    4.158398000    0.597195700    1.062089000
1330   14.606470000    0.992064200   -1.640548000
1331   -0.950000000   -1.511070000   -0.147273900
1332   -0.950000000   -0.592974400   -0.821689800
1333   16.901950000    0.964653500   -1.482970000
1334   -0.950000000   -0.686040100   -0.752296200
1335   -0.950000000   -0.721245700    1.911414000
1336   19.159180000    1.174570000   -1.667869000
1337   -0.950000000   -0.665576200    1.627744000
1338   13.125270000    0.906705700   -0.172916500
1339   -0.950000000   -1.180667000   -0.666595100
1340   -0.950000000   -0.543810900    0.896761300
1341   -0.950000000   -0.892185200    1.041602000
1342   22.440370000    1.589315000    0.559332700
1343    2.815031000   -0.057203000   -1.470026000
1344   -0.950000000   -0.958288600    1.848260000
1345   -0.301581000   -0.240211900   -0.279652000
1346   16.159240000    1.483886000   -0.803924800
1347    3.012324000    0.312018900    1.534747000
1348   -0.883386300   -0.425430900   -0.285799400
1349   -0.950000000   -0.319502500    1.321797000
1350   -0.950000000   -0.860944500   -0.832743000
1351   -0.950000000   -1.518837000   -0.783354500
1352   -0.950000000   -0.468384600   -0.800189100
1353   -0.950000000   -0.707035400    0.132797100
1354   -0.950000000   -0.149167100    0.342322900
1355   -0.950000000   -0.192645200    0.503402600
1356   -0.950000000    0.101425800   -0.939563700
1357   -0.950000000    0.290859000    0.480829300
1358   -0.950000000   -1.443437000    1.012570000
1359   -0.950000000   -0.661659300   -1.241813000
1360   -0.950000000   -0.711662100    0.073736110
1361   -0.950000000   -0.820575900    0.074743740
1362    0.875685400    0.619950800    0.163788400
1363    0.660457300    0.181014800   -0.739280300
1364   -0.950000000   -0.192853500    0.385438100
1365    6.554319000    1.108150000    0.634695600
1366   -0.950000000   -1.229499000    0.964662700
1367   -0.127673200    0.757380300    0.758861300
1368   -0.950000000   -0.854909100    0.674616400
1369   -0.950000000   -0.826711100    0.236685100
1370   -0.950000000   -1.032577000   -0.871243300
1371   -0.950000000   -0.633438400    0.292770300
1372   -0.950000000    0.107477300    0.455233400
1373   -0.950000000   -0.771768200    0.338534300
1374   -0.950000000   -1.706820000    0.450004100
1375   -0.950000000    0.102631900   -0.613876000
1376   -0.950000000    0.158966800    0.185516400
1377   -0.950000000   -0.297115600   -1.669473000
1378   -0.950000000   -0.697684300   -1.344498000
1379   -0.950000000   -0.292329500   -0.622031900
1380    4.803609000    0.919681900   -1.370350000
1381   16.481250000    1.894481000   -1.538960000
1382   -0.950000000   -0.382625200    1.132551000
1383    3.980309000    0.449642200    0.739528200
1384   19.746020000    1.949382000    0.264436800
1385   -0.912663500    0.024098840    0.114225500
1386   -0.950000000   -1.423897000   -0.257283400
1387   13.219160000    1.271611000    0.741012500
1388   -0.950000000   -1.282744000   -0.507445700
1389   -0.950000000   -0.494155800    1.418242000
1390    4.229476000    0.348534700    0.105311100
1391   -0.950000000   -1.223687000   -0.140322800
1392   -0.950000000   -0.820413400   -1.159483000
1393   -0.950000000   -0.852946800    1.163785000
1394    8.434014000    0.710065000   -1.718147000
1395   -0.950000000   -1.883372000   -0.144897400
1396   -0.950000000    0.252318600    0.678187300
1397   -0.950000000   -1.229316000   -0.052105640
1398   -0.950000000   -0.746391100   -0.366138200
1399   -0.145834000    0.313991100    0.009979328
1400   -0.950000000   -0.870415900   -0.389115500
1401   -0.950000000   -1.077145000    0.693201300
1402    4.192011000    0.541031800   -0.769135900
1403    5.000747000    0.460565100    1.556624000
1404   -0.950000000   -0.568348100   -1.259352000
1405   -0.418825700    0.055619760   -1.177295000
1406    5.055646000    0.843620800   -0.070824060
1407    1.163514000    0.562042600   -0.040897890
1408   -0.950000000   -0.608313900    0.097789660
1409   -0.950000000   -1.274468000    0.000211863
1410   -0.950000000   -0.197592800   -1.189874000
1411    2.845900000    0.236930800   -0.215535800
1412   -0.950000000   -0.546475700   -1.060216000
1413   -0.950000000   -1.326399000    0.457103100
1414    1.322514000   -0.025302060   -0.127218800
1415   -0.950000000   -0.354806700    0.038825350
1416   -0.950000000   -1.669233000   -0.327418700
1417    6.508112000    0.810856300    0.005952897
1418    9.274379000    1.187346000    1.067175000
1419    7.104292000    0.642483200   -0.082977950
1420   -0.950000000    0.218808300    1.829862000
1421    1.554357000    0.260128300    1.143555000
1422   -0.950000000   -0.223430100   -0.372176600
1423    9.757079000    0.541736500   -0.336531400
1424   -0.950000000   -1.450137000    1.356832000
1425    1.895570000    0.001642229   -0.338602200
1426    6.228841000   -0.014178400   -1.967034000
1427   -0.950000000   -0.652278400   -0.339452500
1428   30.401180000    1.782371000    0.195693900
1429    6.485973000    0.624232000    0.565133900
1430    5.411145000    0.298937200    0.289334400
1431   11.496420000    0.752366700   -0.932682500
1432   -0.950000000   -0.967927800    0.781311400
1433    5.062592000    0.071027540   -1.270489000
1434   12.816670000    0.958650600   -0.793170600
1435    0.436257600    0.085283370    0.184631300
1436    2.342058000   -0.004704807   -0.555213100
1437   16.956610000    1.988153000    0.609659000
1438    7.263087000    0.627931000   -0.297312200
1439   10.528600000    0.752232100    1.479676000
1440   -0.950000000   -0.582402400   -0.245342300
1441   -0.950000000   -0.370139100    0.183055600
1442   -0.950000000   -0.161985800   -0.702072600
1443   -0.950000000   -0.985961100   -0.380553900
1444    7.832720000    0.872278400    1.656084000
1445   -0.950000000   -0.237307700   -0.889124500
1446   -0.950000000    0.052534590    1.572248000
1447   -0.950000000    0.287399400    0.757096400
1448   -0.950000000   -0.575982800    0.227044900
1449   -0.950000000   -0.678050500    0.391092400
1450   -0.950000000   -1.323353000   -0.356838100
1451   -0.950000000   -1.025552000   -1.441191000
1452   -0.950000000   -0.181387900   -0.484628200
1453   -0.950000000   -0.309411600   -0.768842500
1454   -0.950000000   -0.397856700   -1.465928000
1455   16.224700000    1.481884000   -1.672084000
1456    5.103301000    0.724397400    1.538700000
1457   -0.950000000   -0.981982500   -1.804291000
1458    2.041367000    0.446019600    0.549487900
1459   -0.950000000   -0.069585120    1.680081000
1460   -0.950000000    0.376760100    1.044472000
1461   14.754560000    1.838238000   -0.074532550
1462    0.085682720   -0.411864800   -1.278268000
1463   -0.950000000   -1.198964000   -1.737826000
1464    9.770236000    0.809687200    0.385034700
1465    4.726160000    0.307858100    0.016961510
1466   19.620240000    1.593093000   -0.002864246
1467   17.590330000    1.251204000   -1.906421000
1468   -0.950000000   -0.770815800    0.428683300
1469   -0.950000000   -1.982643000   -0.173459800
1470   -0.950000000   -0.691092500   -0.565776000
1471    7.770823000    0.279001400   -1.135912000
1472    8.749257000    0.768424300    0.003077622
1473    3.104375000    0.169785300   -0.402891400
1474    5.859406000    0.402243900   -0.674772500
1475   -0.950000000   -0.540252900    0.713288200
1476    8.538281000    0.424461200   -0.591775500
1477    0.409915600    0.918348000    1.414489000
1478    1.222028000    0.265467600    0.562888900
1479   -0.950000000   -1.273166000   -0.292167800
1480   -0.950000000   -0.725999300   -0.832095700
1481    5.718390000    0.724685000    0.346967800
1482   13.842320000    0.950779900   -0.642424300
1483   -0.950000000   -0.688361600   -0.101827000
1484   -0.950000000   -1.428566000   -1.202475000
1485    3.905780000    0.540471700   -0.230609100
1486    1.735829000   -0.388725800   -0.552722100
1487    4.199829000   -0.181418000   -1.003442000
1488    7.207044000    0.062870880   -1.197873000
1489    4.669740000    0.161396000    0.073137640
1490   21.462480000    1.494254000    1.621359000
1491    8.266693000    0.872500400    1.566176000
1492    6.602756000    0.450232500    0.809395900
1493    2.727610000    0.070150500    1.186035000
1494   11.785590000    0.696352400    0.528555000
1495    1.725179000    0.231771600    0.800984900
1496   12.334960000    0.478756800   -0.782463700
1497    4.538045000    0.328073100    0.686163500
1498   15.621560000    1.076871000    0.752131000
1499   -0.950000000   -1.748941000    0.065795500
1500    1.259750000   -0.275330800   -1.016808000
