*y  x1  x2
   1    9.478163000    0.996482000    0.025991500
   2    2.873079000    0.135485700    0.281457100
   3   -0.950000000   -1.720520000    0.986695300
   4   -0.950000000   -0.443787300    0.083961730
   5   20.196530000    1.659332000    1.005660000
   6   -0.950000000   -0.771221800    0.724149400
   7   -0.950000000   -1.842873000   -0.813076000
   8    5.767350000    0.136681900   -0.181155500
   9    5.131683000    0.171275900    0.187986700
  10    0.178026000   -0.051880550    0.874639600
  11    0.648266000    0.196951000    1.000532000
  12   -0.950000000   -0.243506000    1.338570000
  13   -0.950000000   -0.737782200    1.154323000
  14    1.314461000   -0.204350300   -0.138821800
  15   -0.950000000   -0.643830100    1.576535000
  16   13.280890000    0.964164000    0.547161100
  17   -0.950000000   -0.444036500   -0.099911540
  18   -0.950000000   -0.514513700   -0.085917230
  19   -0.050844400   -0.188049800    0.311747600
  20   -0.950000000   -0.786635500   -0.915578100
  21   -0.950000000   -0.523152200   -0.724018600
  22   17.893750000    1.477268000    0.731675700
  23    4.727363000   -0.036836560   -1.495176000
  24    7.284664000    0.989480600    0.672587000
  25   -0.950000000    0.391218400    1.695520000
  26   14.766560000    1.463558000   -0.571331700
  27   -0.950000000   -0.890133300   -0.235853800
  28    6.602153000    0.456273400   -0.255221900
  29    5.758023000    0.560683400   -0.054145880
  30    0.231162300   -0.235081500   -0.764748100
  31   -0.715048800    0.234632300    0.576362100
  32   12.707790000    1.260796000   -0.031175280
  33   -0.950000000   -0.602842100   -0.080105870
  34    1.719820000    0.396702800   -0.454435700
  35   -0.950000000   -0.302368100   -1.621222000
  36   -0.945563600    0.075657260   -0.876194400
  37   -0.950000000   -1.487205000    0.784378000
  38    5.437693000    0.598980800   -0.781730100
  39   -0.950000000   -1.560638000    0.671540300
  40   -0.886654000    0.098512990    0.426452000
  41   -0.950000000   -0.656092700    0.718155400
  42    2.728314000    0.543086800   -0.861270000
  43   12.643810000    1.107634000   -0.429580600
  44   -0.950000000   -1.060919000   -1.535589000
  45    8.549327000    1.202984000    1.084737000
  46   -0.950000000   -1.273728000    0.434315900
  47    3.213527000    0.118610400    0.978309600
  48    4.452208000    0.254991100   -0.088497700
  49   19.021270000    1.767124000   -0.004825614
  50    2.881931000    0.009449839    0.232938000
  51    5.109110000    0.277894300    0.319037800
  52    5.245755000    0.538352100    0.840239200
  53    6.819594000   -0.047899350   -0.675529900
  54   -0.950000000   -0.308078100    1.514283000
  55    2.329645000   -0.222281100   -0.049752230
  56    7.748666000    0.580116100   -0.025868850
  57    2.503614000   -0.059496190    0.528724100
  58   13.964650000    0.913467900    0.168719500
  59   15.205610000    1.138843000    0.183011800
  60    2.779261000    0.055712650    0.517212800
  61   -0.950000000   -1.105556000    0.087703360
  62   -0.950000000   -1.369065000   -0.981328000
  63   11.241080000    1.515724000   -0.309819800
  64    5.865560000    0.878018900   -0.631466000
  65    7.634031000    0.884583700    0.160652100
  66   -0.950000000   -1.144215000   -1.677927000
  67   -0.950000000    0.019690630    0.404614100
  68    0.787963100    0.473413700   -0.141922700
  69   -0.950000000   -0.907825600    0.996044100
  70    7.173763000    0.149538100   -1.836316000
  71    1.954800000    0.423991900   -0.424815000
  72   -0.950000000   -1.248984000    1.629960000
  73   -0.950000000   -1.590607000    0.272953200
  74    0.478209200    0.291297800   -0.972052900
  75   -0.950000000   -0.236426500    0.957471100
  76   -0.950000000   -0.962713100   -0.362996500
  77    0.901682600    0.194231500    0.482511500
  78    5.371171000    1.119146000    1.672071000
  79   15.652410000    1.223126000   -0.949318100
  80   -0.950000000   -0.467020100   -0.127481000
  81   12.083800000    1.279891000    0.692986800
  82   -0.950000000   -0.342353100    1.308637000
  83   18.775470000    1.506558000   -1.263956000
  84   -0.950000000   -1.176793000   -0.621309200
  85   -0.950000000   -1.218908000   -0.830039400
  86    2.234876000    0.363581900    0.785173600
  87   -0.950000000   -0.657424300    0.342100900
  88    0.061055630    0.504807300    1.600502000
  89   -0.950000000   -0.183931200   -0.176487500
  90   -0.950000000   -1.146503000    0.158261400
  91    2.714777000    0.413993400   -0.043235030
  92   -0.950000000   -0.471319400    0.375008300
  93   -0.950000000   -1.265909000    0.669265300
  94   -0.950000000   -0.460937300   -0.467827400
  95   -0.950000000   -1.746057000    0.845182400
  96   -0.950000000   -0.768562200   -1.299403000
  97   14.154900000    1.243969000   -0.159976400
  98   -0.950000000    0.100003700    1.383832000
  99   -0.950000000   -1.135737000   -1.899565000
 100   -0.950000000   -1.197668000    1.388584000
 101    7.952838000    1.145190000    0.780576100
 102   -0.950000000   -0.824754800   -1.000566000
 103    2.111266000    0.366311600   -0.855728000
 104   21.621310000    1.809486000   -0.310936600
 105   -0.950000000   -0.693704800    0.125304000
 106   -0.950000000   -1.310059000    0.605602300
 107   -0.553944100   -0.356350500    0.877962600
 108   12.123770000    0.861475000    1.206332000
 109   -0.950000000   -0.852899900   -0.509616800
 110    3.040798000    0.038184900    0.512484800
 111   11.008590000    0.499508800    1.276337000
 112   24.688530000    1.684637000   -0.899797200
 113   10.271390000    0.310665200   -1.102627000
 114   15.095130000    1.375689000    0.347024400
 115    0.711060800   -0.181245400    0.456520900
 116   10.525960000    0.746233600    0.186778500
 117   -0.950000000   -0.745677600   -0.862769400
 118   12.018160000    1.049938000    1.075544000
 119    1.250376000   -0.368080600   -0.287217300
 120   14.815890000    0.679526800   -1.982070000
 121    2.263629000   -0.205828500    0.378911700
 122   24.743130000    1.770228000   -0.341615600
 123    6.017447000    0.355421900    0.856903100
 124    0.335080800   -0.010769010    1.062343000
 125    2.271529000   -0.206449600    0.003182237
 126   10.644810000    0.588160300    0.774233200
 127    9.769784000    0.145976800   -0.561044000
 128    7.738302000    0.410715900    0.747989600
 129   12.706610000    0.949258200    1.554064000
 130   16.748910000    1.084234000    0.123839500
 131   -0.950000000   -1.422065000    0.097894390
 132    1.051918000   -0.556787600   -0.771648500
 133   11.123880000    0.621880400    0.074968080
 134   22.082030000    1.656097000    1.677427000
 135   -0.950000000   -0.655320800   -0.259610600
 136   -0.950000000   -0.753210200   -1.511061000
 137   10.455230000    0.474863400    1.072119000
 138    6.595447000   -0.025069440    0.053194500
 139   -0.336194800   -0.631690000    0.563885700
 140   14.457450000    0.745753300    0.742249000
 141   23.598860000    1.673011000    0.153531500
 142    9.016517000    0.239616800    0.143931200
 143   -0.950000000   -1.156931000    0.116858400
 144    5.463347000   -0.017443020   -0.126784100
 145    8.610300000    0.580500000    1.385565000
 146   17.337170000    0.925954400   -0.750127700
 147   16.570850000    0.958583600    0.361927000
 148   25.858550000    1.639327000    0.789719600
 149   20.314240000    1.488320000    0.588904800
 150    7.815496000    0.799481200    1.900939000
 151   -0.950000000   -0.274589000    0.499075800
 152   -0.950000000   -0.663445700    0.736046900
 153   -0.950000000   -1.533672000    0.875100800
 154    4.954567000   -0.015924760   -1.029923000
 155    3.671985000    0.382303200    0.679780100
 156    7.053816000    0.855139900    1.261150000
 157   18.674130000    0.925286000    1.614620000
 158    9.056033000    0.476262500   -0.305360100
 159    6.394945000    0.630376800    0.788340700
 160   -0.950000000   -1.428403000    1.224133000
 161   13.447290000    1.346052000    1.140110000
 162    7.863533000    0.277094800   -0.495681700
 163    2.100807000    0.144329100    0.502429500
 164    6.076132000    0.597819800   -0.671749000
 165    3.023107000   -0.005262021   -0.043509460
 166   14.637860000    0.898146300    0.959042400
 167    6.884866000    1.087404000    1.110759000
 168   -0.950000000   -0.349123800    1.393884000
 169   14.189290000    1.091233000    0.107176600
 170   -0.950000000   -0.901486700    0.590775200
 171    2.374355000   -0.290808500   -1.476202000
 172   -0.950000000   -1.381628000   -1.628974000
 173   -0.950000000    0.027996620    1.616136000
 174   -0.950000000   -0.625167200    0.119441500
 175   -0.480718500   -0.219292500    0.012592470
 176   18.343940000    1.617217000    0.436796300
 177   -0.950000000   -0.473901700    0.559485700
 178   -0.950000000   -0.869909800    0.940152400
 179   -0.950000000   -0.600270000    0.029649590
 180    8.349406000    0.477471000    0.282921700
 181    1.739452000    0.420850100    0.160323200
 182    2.871166000    0.405869600    0.460890300
 183   -0.950000000   -0.056617260    0.661494800
 184    9.140963000    0.884037200   -0.821838900
 185   15.154150000    1.870820000    0.762606700
 186   -0.950000000    0.153447300    1.019045000
 187   -0.950000000   -0.490491600   -1.805028000
 188   17.933320000    1.675516000    0.506452300
 189    6.608987000    1.366018000    1.257791000
 190   -0.950000000   -1.192460000   -0.182707700
 191    0.038487890   -0.213620900   -1.534302000
 192   -0.950000000   -0.700483000   -0.390776600
 193   -0.950000000   -1.120496000   -0.096834330
 194   -0.950000000   -0.734023800    0.570058600
 195   -0.950000000   -1.077380000   -0.637548600
 196    0.591785200    0.349779100   -0.727015100
 197    2.889578000    0.899599400    0.571573000
 198    3.986371000    1.040545000    0.831093000
 199   -0.950000000   -0.776359200    0.555567500
 200   -0.950000000   -1.050000000   -0.416443600
 201   -0.950000000   -0.493267700   -1.104193000
 202   -0.950000000   -0.703456000   -1.130043000
 203   -0.950000000   -0.789405300    0.758200100
 204   -0.950000000   -0.725391600    0.311902100
 205   -0.950000000   -0.726787800   -1.250100000
 206   -0.950000000   -1.043565000   -0.362667500
 207    4.647656000    0.542536100   -0.820593300
 208   -0.950000000   -0.412829000   -1.328499000
 209   -0.950000000    0.373165400    1.090713000
 210   -0.950000000   -1.331791000   -1.139999000
 211    9.913200000    0.635132000    0.685303700
 212    8.575233000    0.648332200    1.204415000
 213    5.649427000    0.045298720   -0.290946500
 214    3.584489000    0.312122300    1.180452000
 215   16.796660000    1.431434000    0.134106000
 216    6.580972000    0.214133500   -0.150949300
 217   16.700220000    0.961298200    1.115282000
 218   14.745320000    0.955296300   -1.870340000
 219   14.567650000    0.803152400   -1.269843000
 220   13.584870000    1.145119000    0.119927500
 221    8.518062000    0.588311100   -0.311192400
 222   -0.950000000   -0.502493600    0.633440300
 223   10.603880000    0.574969900    0.026944770
 224   12.606460000    0.520134600   -0.161049300
 225   -0.950000000   -1.092260000   -0.828343300
 226   -0.950000000   -1.615734000    0.883363300
 227   -0.950000000   -0.058054010   -0.210415800
 228   -0.518624400    0.010435790   -0.223637300
 229   -0.254032100    0.217342000    0.490727200
 230   -0.950000000   -0.458083500   -0.459234300
 231   -0.950000000   -0.167598500   -0.278413400
 232   -0.950000000    0.983516300    1.687247000
 233   -0.950000000   -1.318997000    0.103086500
 234   -0.950000000   -1.486660000   -0.549001600
 235    7.078619000    1.131432000    0.127345500
 236   -0.950000000   -0.764621800    0.017007360
 237   -0.950000000   -0.960934200   -0.113564600
 238    9.352898000    0.661746400   -1.338507000
 239   -0.950000000   -1.530571000   -0.091360700
 240   15.006730000    1.458997000   -0.196937200
 241   -0.950000000   -0.194125200   -1.013148000
 242   -0.950000000   -0.948584900   -0.299522900
 243    2.590103000    0.528181700    0.005026847
 244   -0.950000000   -0.251274500    1.987463000
 245   -0.950000000   -0.579944500   -0.686499600
 246   -0.950000000   -0.165469200    1.583428000
 247   -0.950000000   -0.406003600    0.714991600
 248   -0.950000000   -1.595770000    0.304605500
 249   -0.950000000   -0.205311800   -0.893129400
 250   -0.067512110    0.438412600    1.556515000
 251   -0.489128000    0.015842910   -0.726622500
 252   -0.950000000   -0.707904500   -0.393661000
 253    3.036272000    0.388409900    0.286445300
 254   -0.950000000   -1.021228000   -0.947355200
 255   -0.950000000   -0.624657200    1.289672000
 256    1.878003000    0.165001400    0.768516400
 257   -0.950000000   -1.218029000    0.000988624
 258   -0.950000000   -1.700098000    0.369747900
 259   12.990000000    0.981271900   -0.213599700
 260    3.318155000    0.428525800    0.298451500
 261    8.775527000    0.522384500   -0.705048200
 262    4.272624000    0.167205700   -0.779967300
 263    3.992558000    0.185236600   -0.143226600
 264   -0.950000000   -0.869751400   -0.897103100
 265    9.254995000    0.647926800    0.220426000
 266    2.609703000   -0.023957160   -0.347118200
 267   -0.002941509   -0.101630400    0.257138800
 268    9.461333000    0.718938400   -0.434105600
 269    5.275396000    0.500716700    0.226251600
 270   -0.950000000   -0.164872200    1.895001000
 271    4.405649000    0.138991100   -0.435601800
 272   -0.950000000   -0.609928100   -0.153731500
 273    8.345905000    0.736020100    0.321140700
 274   20.957570000    1.686009000    1.166618000
 275    5.929170000    0.093776590    1.497545000
 276   17.665080000    1.625937000   -1.248595000
 277   11.397210000    0.820728800   -0.429866600
 278   -0.161803100   -0.386127900   -0.977828700
 279   -0.950000000   -0.858895900    0.499233700
 280   -0.397365000   -0.229345400    1.018842000
 281   14.034320000    1.030417000   -0.094423870
 282    4.749596000    0.184913500   -0.239538100
 283   -0.950000000   -0.359380500    0.251436800
 284    5.360885000    0.385276400    0.494570600
 285   -0.950000000   -0.435588000    0.215440600
 286   -0.673023700   -0.371438300   -1.188528000
 287   -0.950000000   -0.297703200    0.164727700
 288    7.463233000    0.732692600   -0.361697600
 289   -0.950000000   -0.494125500    0.887746100
 290   -0.950000000   -0.913685300   -0.656751300
 291   -0.950000000   -0.809774300    1.293548000
 292   -0.950000000   -0.728760800   -0.940752800
 293   -0.950000000   -0.657020900   -0.986996600
 294    8.598272000    0.870630700   -0.614361100
 295   11.904640000    1.097345000   -0.170359900
 296   -0.950000000   -0.948014300   -0.398939700
 297    1.827943000    0.139881500   -0.440840300
 298    6.081566000    0.439465500   -0.315269000
 299    1.161769000    0.395155600    0.591018800
 300   13.086600000    0.954394900   -1.569586000
 301    7.277095000    0.093801820    0.483235200
 302   -0.950000000   -1.808234000    0.697204300
 303   15.995870000    1.054423000    0.279305200
 304   -0.950000000   -0.501812300    0.926463400
 305   24.464300000    1.447999000   -0.925206400
 306   -0.950000000   -1.252664000   -0.441809300
 307   21.907100000    1.410401000   -1.275884000
 308    3.682818000    0.300257500    0.709297500
 309    8.312996000    0.433633600    0.491566900
 310    7.151317000    0.220940400    0.153934400
 311    8.205170000    0.281351700   -0.151599200
 312    0.621475700   -0.247784200    0.554596600
 313    0.951304500   -0.159595100    0.446017000
 314   17.795740000    1.511725000   -0.208233000
 315   11.456470000    1.020916000    1.147121000
 316    2.443489000    0.426246200    0.970294900
 317   12.301930000    1.639654000   -0.706197100
 318   -0.950000000   -0.455161600    0.208884200
 319    2.152716000    0.281882100    0.254321600
 320   -0.950000000   -0.820706300   -0.762486900
 321   -0.950000000   -1.087795000    0.363377600
 322   -0.950000000   -1.038380000    1.656128000
 323    4.777625000    0.305228000   -0.099779810
 324   -0.950000000   -0.321505200   -0.591896400
 325    4.213715000    0.755706000    1.974861000
 326    9.262585000    0.595614800   -0.828186900
 327    7.552137000    0.773958500   -0.886857900
 328   -0.950000000   -1.573407000   -0.004755400
 329    9.981902000    0.447808800   -1.773897000
 330   11.367370000    1.190981000   -0.291253500
 331   -0.950000000   -0.186153600   -0.318659000
 332   -0.950000000   -1.606192000    0.976473500
 333    4.828219000    0.474166300   -1.734908000
 334   -0.950000000   -0.214953600    0.443778600
 335   -0.950000000    0.115583100   -0.375243600
 336    6.702814000    1.109984000   -0.006837825
 337   -0.950000000   -0.335015900    1.007455000
 338    6.415812000    1.899880000    1.124065000
 339   -0.950000000   -1.286095000   -0.163397000
 340   -0.950000000   -1.322128000    0.368971300
 341    0.436062900    0.163044400   -1.495222000
 342   -0.950000000   -0.693249300   -0.046704070
 343   -0.950000000   -1.015078000   -0.938162300
 344   -0.950000000   -1.267824000   -0.856857500
 345   -0.950000000   -0.242124600   -0.205102600
 346   -0.950000000   -1.450290000   -0.424810400
 347    9.217552000    0.844246400    1.146723000
 348   13.778210000    1.173381000    0.337065300
 349   17.253470000    1.465562000   -1.083591000
 350   10.116030000    0.665804500   -1.715017000
 351   -0.950000000   -0.876834100    0.264794400
 352    7.617188000    0.546732100   -0.118508300
 353    7.046327000    0.801811500    1.141521000
 354    7.187774000    0.611649700    0.031236000
 355    7.462987000    0.554083000    0.041395240
 356   -0.950000000   -0.589784300   -1.014319000
 357    2.422849000    0.233526300   -0.049701390
 358   16.676850000    1.690102000    0.630906700
 359   11.845790000    0.738413700    0.914703600
 360   -0.950000000   -0.621868400   -1.968992000
 361   -0.950000000   -0.467588600    1.377395000
 362    5.225404000    0.448870800    1.646866000
 363    7.921451000    0.361495900   -0.964251300
 364   10.910220000    0.867161800    0.606318600
 365   -0.950000000   -1.828306000    0.229384000
 366   -0.950000000   -0.525161100    0.759805000
 367   14.028110000    0.919712000   -0.288815500
 368    4.100551000   -0.338529600   -0.981834800
 369   11.907430000    0.820902500   -0.026358950
 370   15.109260000    1.376075000    1.269052000
 371    1.661107000   -0.473908200   -0.833100800
 372   -0.463442300   -0.124216300    1.231859000
 373   13.359330000    1.195140000    0.146559600
 374   -0.950000000   -0.364395600    1.668502000
 375    1.746789000   -0.041412630    0.736104400
 376    4.361555000    0.646997300    1.133105000
 377    4.255762000   -0.160863800   -0.840885900
 378   25.901680000    1.654615000   -0.840504100
 379    0.959428400    0.111556000    1.101611000
 380    4.087793000    0.210834400    1.263165000
 381    9.922256000    1.457469000    0.922796700
 382   -0.950000000   -1.104073000   -0.621018500
 383   -0.950000000   -0.728747900   -0.052446930
 384   -0.950000000   -1.119912000    0.332711000
 385   -0.591431600   -0.408767400    0.044475910
 386   16.437370000    1.122735000    1.000057000
 387    2.268746000   -0.490813700   -1.596348000
 388    7.225371000    0.466262100    0.452162500
 389   10.751300000    0.616421300   -0.786760700
 390   -0.950000000   -0.658485000    0.117258000
 391   -0.950000000   -0.219939800    0.051055770
 392    6.023195000    0.672502500    0.112016700
 393    7.305146000    1.232186000    0.973687900
 394   -0.950000000   -0.988768600   -1.152843000
 395    1.079946000    0.379416000    0.382657500
 396    5.150559000    0.562532900    0.369493400
 397   -0.950000000   -1.625063000   -0.880418600
 398   -0.950000000   -1.485188000    0.457615000
 399   -0.950000000   -0.987070300   -1.768565000
 400   -0.950000000   -0.960525200   -1.308748000
 401   -0.950000000   -1.038379000   -1.259080000
 402   -0.950000000   -0.995847100    0.455747500
 403   -0.950000000   -0.990507800    1.130974000
 404   -0.950000000   -1.042933000    0.533158000
 405   -0.950000000    1.260492000    1.868880000
 406   -0.950000000   -0.885908700    0.150751900
 407   -0.950000000   -0.691917500   -0.581033700
 408   -0.950000000   -0.624897100   -0.629830500
 409    8.059185000    0.721398300   -0.685814700
 410   -0.950000000   -0.371780100    0.011289490
 411    6.036035000    0.426087100   -0.486030500
 412   12.075100000    1.204579000    0.120419800
 413   -0.950000000   -0.436668700   -1.463809000
 414   11.786140000    1.895231000   -0.436645300
 415   -0.950000000   -0.333759800   -1.137908000
 416    7.061452000    0.807758800    0.802420800
 417   -0.950000000   -1.185076000    1.207317000
 418   -0.950000000   -0.094272040   -0.733078600
 419   10.955270000    0.820434800   -1.401878000
 420   -0.950000000    0.156332000   -0.215489300
 421   -0.950000000   -0.923919000   -0.660132400
 422   -0.950000000   -0.661060100    0.321461700
 423   -0.950000000   -0.416385200   -1.054297000
 424   -0.950000000   -1.237348000   -0.532563800
 425   10.038640000    1.104831000    0.066177710
 426   -0.950000000    0.012461440    1.029807000
 427   -0.950000000   -1.306599000    0.679408900
 428   -0.950000000   -1.043953000    1.262772000
 429    7.097014000    1.293895000   -0.315218500
 430   -0.950000000   -0.485437200    0.658486700
 431    1.890330000    0.245359700   -0.977895200
 432    6.294880000    0.721853600   -0.529415100
 433    4.140262000    0.481327200   -0.914465200
 434   -0.950000000   -0.415095600    0.638871700
 435    2.861766000    0.384663300   -0.536365300
 436    6.051109000    0.710500000    0.064733900
 437   13.432890000    1.412093000   -0.686235400
 438   -0.950000000   -0.468820200    0.145451900
 439   13.991350000    1.065890000   -0.271945000
 440    7.944924000    0.667555400    0.375741700
 441    8.023952000    1.005423000   -1.669824000
 442   -0.950000000   -1.576785000   -1.916313000
 443   -0.950000000   -0.481920800    0.394396300
 444    7.036845000    0.507976600   -0.603642900
 445    4.229515000    0.817096500    0.871473000
 446   -0.950000000   -0.335837400    0.597052600
 447   -0.950000000   -0.019408920   -0.131602300
 448   20.169860000    1.664190000   -0.715099500
 449   -0.950000000   -0.661864100   -1.606172000
 450    4.932435000    0.427546300   -0.099388420
 451   23.915310000    1.817243000   -0.714543000
 452   11.950710000    0.779053500   -0.821682100
 453    9.196555000    0.488113600   -0.938838900
 454   -0.950000000   -0.241084800   -0.289726100
 455   -0.950000000   -0.520239800    0.279408700
 456   -0.950000000   -1.147240000   -0.144505900
 457   -0.950000000   -1.201286000    1.171161000
 458   -0.950000000   -1.635571000   -0.005344077
 459   -0.950000000   -0.005342254    1.232901000
 460    9.597468000    0.723973400   -0.443863400
 461   -0.950000000   -0.575945600   -0.581585300
 462    5.356239000    0.288886100   -0.189598100
 463   20.858500000    1.815758000    0.759091800
 464   -0.950000000   -1.374120000    0.818246800
 465    1.980763000    0.242428700   -0.835527900
 466    4.463881000    0.393752000   -1.380025000
 467   -0.950000000   -1.372132000    1.261168000
 468   -0.950000000   -0.173791000   -0.074911040
 469    7.752604000    0.843856100    1.196182000
 470    0.181708900    0.196241000   -0.348937400
 471   -0.950000000   -1.654274000   -0.663596400
 472   -0.950000000   -0.154322000    0.423990700
 473   -0.950000000   -0.045109270   -1.097770000
 474   -0.950000000   -0.340607400    1.005388000
 475   -0.950000000   -0.014243020    0.485937200
 476   -0.950000000   -0.707178700    1.362088000
 477    1.555105000    0.546237500    0.801108500
 478   -0.950000000   -0.947098100   -0.369130200
 479   -0.950000000   -1.252149000   -0.866899000
 480   -0.950000000   -0.787238400   -0.569874000
 481    4.871505000    0.400699500   -0.437545200
 482   -0.351916000    0.213299200    0.381561100
 483    3.660364000    0.523809200   -0.201324800
 484   -0.950000000   -0.697022500   -0.856015500
 485   -0.881619300    0.020483970   -0.206541300
 486   10.563620000    1.120750000   -1.064941000
 487   -0.950000000   -1.420628000    1.266531000
 488   -0.950000000   -1.724035000   -1.489805000
 489    0.433542600   -0.053090030   -0.624852000
 490   -0.950000000   -0.804210800   -0.197442300
 491   -0.950000000   -0.913275700   -0.807390000
 492   -0.950000000    0.131488100    1.803132000
 493   -0.950000000   -0.202023100    1.008887000
 494    1.932666000    0.170112400   -0.369672500
 495   -0.950000000   -1.483115000   -0.064712450
 496   -0.950000000   -1.118922000   -0.584454800
 497    7.150939000    0.579626300   -0.530493300
 498   -0.287310200   -0.331300500    0.077828600
 499   -0.950000000   -0.940746400    0.397027300
 500   -0.950000000   -1.736426000   -0.878570600
 501   17.029720000    1.005040000    1.709526000
 502   14.126770000    0.570958200   -1.839961000
 503   15.205210000    0.990356000    0.623711100
 504   23.063320000    1.972822000    0.430546600
 505   10.946170000    1.049113000   -0.549159500
 506    1.370218000    0.000082266   -0.155491700
 507   -0.950000000   -1.123686000    0.229910300
 508   13.834980000    1.230753000   -1.295007000
 509    2.711954000    0.038287130    0.456520700
 510    8.099281000    0.665449100    1.129046000
 511   19.982840000    1.164127000    1.113091000
 512    9.663763000    0.836035300    0.596305200
 513    5.452579000    0.289939800    0.309104900
 514    6.386629000    0.296379200   -1.808343000
 515   -0.950000000   -0.787255600   -0.189505000
 516   -0.950000000   -1.406329000    0.254817200
 517    7.694279000    0.766970500   -0.007313534
 518    4.077266000    0.237252800    0.618963700
 519   15.328620000    1.151984000    0.261863500
 520   -0.950000000   -0.532533200   -0.824846800
 521   -0.950000000   -0.512661800    0.550768800
 522   10.429050000    0.474462400   -0.996455700
 523   -0.950000000    0.022108610    0.488671100
 524   -0.950000000   -1.656711000    1.929746000
 525    5.972681000    0.289355600   -0.199553500
 526   -0.950000000   -0.636501100    0.454497300
 527    9.046086000    0.627633100   -1.501500000
 528   -0.950000000   -0.761573100   -1.516380000
 529   11.545920000    1.036193000   -0.333486400
 530   22.837680000    1.871093000    0.275735100
 531   21.205960000    1.640470000   -1.004150000
 532   -0.950000000   -0.301715400    1.609969000
 533   10.688640000    0.675021300   -0.110597400
 534    1.375881000   -0.034935910   -0.135094400
 535    5.236913000    0.202872800   -1.092457000
 536    5.344695000    0.113395900   -0.554626100
 537   -0.950000000   -1.161756000    0.579135500
 538   10.662790000    1.012495000   -0.201221000
 539   10.700850000    0.849455800   -0.482578400
 540    6.777671000    0.527202900    0.832800000
 541   12.041150000    1.318322000    1.903927000
 542    6.839052000    0.031729330   -1.401133000
 543   -0.950000000   -0.289224600    1.531807000
 544   12.201000000    0.859025600   -0.493503600
 545    2.884511000   -0.029793610    1.988739000
 546    7.720004000    0.204914700   -1.230098000
 547   -0.950000000   -0.682910400   -1.288543000
 548   -0.950000000   -0.654480900    1.787872000
 549   -0.950000000   -0.394984800    1.211258000
 550   -0.950000000   -0.937269500    0.192858800
 551    0.686831700   -0.274069100    0.250423400
 552   -0.950000000   -1.288186000   -0.533522200
 553   -0.950000000   -1.002349000    0.210090500
 554   -0.950000000   -0.382539300    0.441565900
 555    5.202537000    0.540900300    0.853060900
 556    9.031582000    0.944929500   -0.739019100
 557   -0.950000000   -0.371706700    0.048657070
 558   -0.950000000   -0.881940000   -0.156912000
 559   -0.950000000   -0.387303900   -0.594503400
 560    0.089062000    0.098804530   -0.923104500
 561    2.243146000    0.598362300    0.180664100
 562    1.586197000    0.345179500   -0.850191800
 563   -0.950000000   -0.792575900   -0.259498300
 564   14.985760000    1.369735000   -0.397150000
 565   -0.950000000   -1.434892000    0.399838100
 566   -0.950000000   -1.587899000    0.481855400
 567   -0.950000000   -1.106280000    0.065161250
 568    0.811786100    0.444938500   -1.638763000
 569    5.749182000    1.285338000    0.475692300
 570   -0.950000000   -0.112673300   -0.483364700
 571   -0.950000000   -0.726781800   -0.548223100
 572    7.914378000    0.622584600    0.191958800
 573   -0.950000000   -1.047373000    0.796741600
 574   -0.950000000   -0.011751500    1.473983000
 575    9.122018000    0.665501300   -1.447998000
 576    7.312483000    0.883723500    1.270697000
 577   -0.950000000   -0.789384300   -1.356253000
 578    1.807115000    0.435401700   -0.075022230
 579   -0.950000000    0.196331700    1.117043000
 580   -0.950000000   -0.496340400   -0.130369100
 581   23.332560000    1.863738000   -0.779644800
 582   16.801070000    1.226888000   -0.717690500
 583   -0.950000000   -0.363491300    0.427951900
 584    6.160013000    0.407121300   -1.177206000
 585    3.605955000    0.448700800    0.625577800
 586   18.490820000    1.272216000    0.103972800
 587   17.962400000    1.161183000   -0.788960000
 588    1.434204000    0.250025500    1.294254000
 589   15.226230000    1.069203000   -0.191048900
 590    8.131296000    0.632211000   -0.342485000
 591   -0.950000000   -1.006501000   -0.202454500
 592    8.238609000    0.611171600    1.635995000
 593   -0.414021600   -0.058000460    1.544736000
 594   15.394170000    0.712381900   -0.755209100
 595   20.832050000    1.485754000   -1.410975000
 596   16.422150000    0.984563300   -1.620203000
 597    2.258725000   -0.158634400   -0.356488500
 598   -0.950000000   -0.386293600   -0.152770000
 599   10.010070000    0.760910500    0.207548600
 600   -0.950000000   -0.855544300    0.088254460
 601    0.716129400    0.208629300   -0.966161300
 602   -0.950000000   -0.217737900    0.551686000
 603   -0.950000000    0.042468250   -0.742974800
 604    5.560949000    0.858785800    0.200771600
 605    4.001906000    0.507833100   -0.377754100
 606   -0.950000000   -1.063757000    0.894836500
 607   -0.950000000   -0.500813400   -1.263615000
 608   -0.677414200    0.295711300    0.030265460
 609   -0.950000000   -0.340116300    0.443933400
 610   -0.950000000   -1.043771000   -0.140525400
 611    4.562300000    0.752902300   -0.995406300
 612   -0.950000000   -1.387030000   -1.591329000
 613    2.268362000    0.349316800   -0.062974620
 614   -0.950000000   -1.055393000    1.016428000
 615   -0.950000000   -0.319809900    0.837391500
 616   -0.950000000   -0.257460400   -0.382157600
 617    6.634566000    1.209414000   -0.492426800
 618   12.498610000    1.209535000   -1.425730000
 619   -0.950000000   -1.189300000    1.298429000
 620   -0.950000000   -0.808648600   -0.982273800
 621   21.379960000    1.548460000   -1.297494000
 622   -0.950000000   -0.302598100    1.049945000
 623   -0.084378090    0.089902760   -1.474781000
 624   -0.950000000   -1.076546000   -0.267825900
 625   -0.950000000   -1.151034000   -1.073491000
 626   -0.950000000   -0.541533800   -0.244051200
 627    9.054942000    1.232886000    0.731972000
 628    1.499262000    0.352068600   -0.649243400
 629   -0.950000000   -0.407341600    0.377813600
 630    3.654268000    0.910999200    1.910563000
 631    0.994464900   -0.040469490    1.139096000
 632   -0.950000000   -0.382817100    1.143780000
 633   -0.950000000   -0.863696900    0.231743700
 634   14.083470000    1.104661000    0.213874700
 635    2.218600000    0.173630500    0.958234100
 636    3.164134000    0.247789900    1.229360000
 637   -0.950000000   -0.772199500    0.842951300
 638    9.323532000    0.675047300    0.458255700
 639   -0.950000000   -0.570299000   -0.426559800
 640   11.421200000    0.556639300   -1.076529000
 641   14.313390000    1.044341000    0.035992720
 642   -0.950000000   -0.560791800    0.711971800
 643   -0.950000000   -1.608899000    0.816786800
 644   12.094870000    0.692926100   -0.996993300
 645   -0.950000000   -1.517233000   -0.376422600
 646   -0.950000000   -0.183362900    0.276598800
 647    3.688078000   -0.022546410   -1.836556000
 648   -0.950000000   -1.209695000   -1.287299000
 649   10.628080000    1.247879000    1.187011000
 650    9.698244000    0.807552700   -0.285068700
 651   -0.950000000   -0.736195400   -0.567890600
 652   -0.950000000   -0.133556500   -0.742148700
 653    9.486602000    0.881154500   -0.543408300
 654   -0.950000000    0.491344100    1.741930000
 655   -0.950000000   -1.215744000    0.521766100
 656   -0.950000000   -0.987384400    0.348249000
 657    8.528527000    1.058911000   -0.947899000
 658   -0.950000000   -0.063886930    0.207000500
 659    9.468462000    1.348433000    0.790432700
 660   -0.950000000   -0.468627300   -0.416391200
 661   -0.950000000   -0.632030700   -0.237010500
 662    6.218467000    0.457333100   -0.572289700
 663   -0.049153010    0.117741000    0.217197900
 664    4.673109000    0.367252100   -0.176206100
 665   -0.950000000   -1.920234000    0.631093400
 666   -0.950000000   -0.972536900   -0.262000800
 667   17.793280000    1.484538000   -0.692781900
 668   -0.950000000   -0.717820000   -0.926075200
 669   -0.066606300    0.484284100    1.167150000
 670    1.127893000    0.094623260    1.470451000
 671   -0.950000000   -0.412085300   -1.134824000
 672   13.719260000    1.019969000   -0.553892300
 673   -0.950000000   -0.891408800   -0.575770900
 674    3.018534000    0.198160200    1.675880000
 675    5.772004000    0.288057900   -0.985440400
 676    4.908668000    0.314939200    0.143681100
 677   -0.950000000   -0.854422800    0.565945400
 678   11.309120000    1.019790000   -0.696042900
 679   -0.930740300   -0.205685300    1.297516000
 680   -0.950000000   -1.350139000   -0.650093500
 681   15.787090000    1.469788000   -0.534437100
 682   10.869680000    0.956640200   -0.179871300
 683   -0.950000000   -1.019251000   -0.284731100
 684   14.012200000    1.111640000    0.394225100
 685   -0.950000000   -0.549998200   -0.488810900
 686   -0.950000000   -0.684968500   -0.179751300
 687   -0.950000000   -1.108388000    0.381965400
 688    4.818390000    0.341912700    1.380421000
 689   -0.950000000   -0.712022000    0.919195700
 690   -0.950000000   -0.777069400    1.737277000
 691   -0.950000000   -1.406336000   -0.197498000
 692   -0.950000000   -0.632602500   -0.398333800
 693   21.361850000    1.363199000    0.839127700
 694    1.505554000    0.156546400   -0.546692800
 695   -0.950000000   -1.165338000   -0.496617500
 696   -0.950000000    0.131669800    0.503852800
 697   23.188790000    1.733918000   -1.533049000
 698   -0.950000000   -0.167725100    0.279316400
 699    1.885692000    0.289904300    0.082705560
 700    7.246743000    0.607353000    0.058723160
 701   26.695980000    1.861315000   -0.612288700
 702   -0.950000000   -1.189774000   -0.106891700
 703   14.817620000    1.248261000   -0.199267400
 704   -0.950000000   -0.406268300   -0.682589100
 705    7.943631000    0.829828400   -0.436884100
 706   -0.950000000   -1.603139000    0.056116390
 707   11.309740000    0.776100200   -1.560291000
 708    9.747952000    1.528067000    1.023001000
 709   -0.950000000   -1.118312000    0.072361810
 710   -0.950000000   -0.056498350   -1.280067000
 711   -0.950000000   -1.540500000    1.604986000
 712    3.699554000    0.827532700   -0.266855800
 713   -0.950000000   -1.083187000    0.396057900
 714   -0.950000000   -0.690885700   -0.472512200
 715   -0.950000000   -0.903513000    1.979953000
 716   -0.950000000   -1.559568000   -1.050441000
 717   -0.950000000   -0.444911200    0.888521200
 718   -0.950000000   -1.765508000    0.565487800
 719   -0.950000000   -0.412321000   -0.702178800
 720   25.850910000    1.886841000   -1.740756000
 721    2.630950000   -0.042700930   -0.940180900
 722   -0.950000000   -0.673725800   -0.557105700
 723   10.172020000    1.202552000    0.144241000
 724    6.619905000    0.774856500    0.882209200
 725   12.435580000    0.833541600   -1.218183000
 726   -0.950000000   -0.291576100    0.548254400
 727   -0.643726300   -0.073146220   -0.150036700
 728   -0.950000000   -0.103841400    0.300515800
 729   -0.950000000   -0.136187600   -0.306023100
 730   -0.950000000   -0.534753400    0.313497200
 731    7.390835000    0.684430400   -0.754879200
 732   -0.950000000   -0.278989900    0.430557200
 733   -0.950000000   -0.258866500    1.464957000
 734    6.352606000    0.614479800   -0.397837800
 735   18.744700000    1.693162000   -1.149402000
 736    8.684383000    0.651551900    1.060977000
 737   13.714630000    1.148479000   -0.055861010
 738   -0.950000000   -0.603339400    0.839758900
 739   13.238020000    0.875411800   -0.200083400
 740   -0.950000000   -0.534580700    0.864767000
 741   -0.950000000   -1.569694000   -0.017710640
 742    6.926736000    0.229319000   -0.061403910
 743   13.421540000    1.430568000    1.019718000
 744    4.435514000    0.039052750   -0.288462400
 745   -0.950000000   -1.447309000    0.755655800
 746    7.166643000    0.441166400   -0.690661600
 747    5.880441000    0.209263500    0.136002700
 748    5.472484000    0.560439500    0.399020200
 749   -0.950000000   -0.518810300    0.326715600
 750   19.393320000    1.608007000    0.931222200
 751    6.658464000    0.727101500   -0.940984100
 752    7.653322000    0.810650500   -0.651825600
 753    1.115232000    0.629159800    1.599747000
 754   -0.950000000   -1.737520000    0.131371200
 755   -0.950000000   -1.818409000   -0.044798920
 756    0.267438000    0.260728400   -0.049781860
 757   -0.950000000   -0.197722300   -1.150769000
 758   -0.950000000   -0.564074900    1.289594000
 759    6.418888000    0.981378400   -0.507243200
 760   -0.950000000   -1.074997000   -0.692750000
 761    3.004668000    0.401432700   -0.419925600
 762    2.500263000    0.704556300    0.480808100
 763    5.615096000    0.534591500    0.158643800
 764   -0.950000000   -0.902875200    1.288289000
 765    7.234530000    0.929353400   -0.432741700
 766   12.586590000    0.905509800    0.177943600
 767    3.953026000   -0.045381280    1.221845000
 768   15.093520000    1.895479000    1.463733000
 769    3.197557000    0.744030300    1.422965000
 770    1.079728000   -0.636704200   -1.085859000
 771   12.789270000    0.796754700   -1.524148000
 772   -0.950000000   -1.902539000    1.818116000
 773   -0.950000000   -0.603500400   -0.563757100
 774   -0.950000000   -0.580877100   -0.044989430
 775   -0.950000000   -1.159873000   -0.257521600
 776    0.430350100    0.224439700    0.736891600
 777    5.378765000    0.005894301   -1.209637000
 778    6.679249000    0.248081800   -0.570861800
 779   25.292100000    1.938638000    0.280035500
 780   10.426840000    0.616012400   -0.162406500
 781   -0.950000000   -1.147161000   -1.108580000
 782    3.592588000    0.780043500    1.892974000
 783   -0.950000000    0.616959100    1.044978000
 784   -0.950000000   -0.818031400    0.491404200
 785    2.583574000    0.690119000    1.029949000
 786   -0.950000000   -1.064463000   -0.085535800
 787   -0.950000000   -1.239208000    0.727255900
 788   14.663670000    1.477687000   -0.344383700
 789   -0.950000000   -0.310573100   -0.570956800
 790   -0.950000000   -1.504649000   -0.357313500
 791   -0.950000000   -0.894082100   -1.220752000
 792   -0.950000000   -1.430712000    1.583598000
 793   -0.950000000   -1.212953000    1.349112000
 794   -0.950000000   -1.187544000    0.477542700
 795    3.631455000    0.545649600   -0.063941160
 796   -0.950000000   -0.352411400   -0.291112400
 797    1.807451000    0.502829400    1.102852000
 798   -0.950000000   -0.811793800    0.731693800
 799   13.023490000    1.224801000   -1.149509000
 800   -0.950000000   -0.431358900    0.661367100
 801   -0.950000000   -0.957306200    0.524211500
 802   -0.950000000   -0.564738900   -0.666554000
 803   -0.950000000   -1.085576000    1.100528000
 804   -0.950000000   -0.933674800   -0.552113400
 805    0.975878800    0.280872500   -0.039031410
 806   -0.950000000   -1.250751000    0.662957300
 807    2.798291000    0.759940400    0.946903900
 808   -0.950000000   -0.816623300   -0.702182200
 809    2.260715000    0.150237300   -0.976374900
 810   -0.950000000   -0.256476600   -0.678479800
 811   -0.470054700   -0.000710452   -0.133622600
 812   -0.950000000   -1.858350000    0.234387300
 813   -0.950000000    0.491929500    0.705171500
 814   -0.950000000   -0.145685000    0.287296100
 815   -0.950000000   -0.289890400   -0.269953800
 816    2.676690000    0.422496400   -0.180314300
 817    9.359578000    0.660739000   -0.811843100
 818   -0.950000000   -0.704348400    0.567386300
 819    8.740983000    0.904711300   -1.754458000
 820   10.596150000    1.135412000    0.209068200
 821   -0.950000000   -0.324134600    0.074979460
 822   18.015070000    1.440882000   -0.826014800
 823   -0.950000000   -1.258768000    0.240446600
 824    6.394217000    0.545462400   -1.924488000
 825   -0.950000000   -0.101026700   -0.646629000
 826   -0.950000000   -1.449953000   -1.724283000
 827    8.289285000    0.345520800   -0.268642000
 828   -0.950000000   -0.270875500    0.337166200
 829   -0.950000000    0.177135100    1.824392000
 830    7.580075000    0.639672500   -0.182663100
 831   17.873710000    1.257424000    0.070339870
 832    3.208758000    0.101216900    0.756168100
 833   17.873690000    1.331592000   -1.633890000
 834   -0.950000000   -1.095532000    0.740588300
 835    8.170368000    0.372928700   -0.328209700
 836    9.982066000    0.607887100    0.654196400
 837   -0.950000000   -1.408549000    0.734478900
 838   17.299940000    1.275921000   -1.072596000
 839    0.893281700   -0.174546500    1.837800000
 840   13.135710000    0.997444700    0.176812100
 841    6.174336000    0.234789100    0.502433300
 842   18.048040000    1.017562000    0.258315300
 843   13.917310000    0.882590600    0.161442600
 844   -0.950000000   -0.654003300    0.834866800
 845   12.890070000    0.713990500   -0.380465500
 846   12.412260000    1.101088000    0.554805200
 847   -0.950000000   -0.716120300   -0.635669300
 848   10.724720000    1.029068000   -0.117457900
 849   -0.950000000   -1.352216000   -0.213368700
 850    5.981624000    0.070217010   -0.412798300
 851   -0.950000000   -0.608852200    0.662300600
 852   -0.950000000   -1.111712000   -0.218465400
 853   12.181820000    0.892878000    0.190477800
 854    0.528076500   -0.375762200    0.663250300
 855   20.296360000    1.315897000    1.690805000
 856   19.063400000    1.342052000    0.132683600
 857   -0.950000000   -0.428210200    1.279644000
 858   16.808880000    1.027997000   -0.231437300
 859    5.123664000    0.283207500    1.343477000
 860   -0.950000000   -1.285387000   -1.870742000
 861   -0.950000000   -0.777914000    0.527511600
 862   14.210410000    1.325340000    0.974891100
 863   17.500700000    1.265370000   -0.212333400
 864   -0.950000000   -1.068805000    1.528941000
 865   -0.950000000   -0.955402300    0.903755500
 866   10.275970000    0.701191900    0.385082200
 867    2.120148000   -0.171118000    1.165638000
 868   -0.950000000   -1.258524000    1.131378000
 869    9.343053000    0.360574200    0.730136300
 870    9.024177000    0.483517000    0.159000900
 871   16.651540000    1.195957000    0.346311400
 872   -0.950000000   -1.077906000    1.420380000
 873   13.568040000    1.379022000    1.386709000
 874    2.706456000    0.290516500    0.764054200
 875   -0.950000000   -0.874809400   -1.464852000
 876   -0.950000000   -1.182541000   -0.971105700
 877   -0.950000000   -0.258482900    1.261013000
 878   -0.950000000   -0.434302600    0.573083000
 879   -0.950000000   -0.413378300   -0.765762000
 880   14.192380000    1.297240000   -0.720095500
 881   -0.950000000   -0.469071300   -1.696696000
 882   -0.950000000   -1.318393000   -0.810201100
 883   -0.950000000    0.146104500    0.873947000
 884    2.723954000    0.105769400    0.845893400
 885    6.443719000    0.872925100    0.547882800
 886   19.980730000    1.494346000    1.016494000
 887    7.500854000    0.797293800    0.008776836
 888   19.355250000    1.751319000   -0.370168600
 889    2.194897000    0.232816500   -0.397003500
 890    7.870691000    0.697317200    0.728861800
 891   -0.950000000   -0.507925400    0.196138900
 892    9.626079000    0.650682400   -0.781023900
 893    8.247912000    0.760502400    0.182230100
 894   -0.950000000   -0.455788000   -0.350421400
 895    5.761151000    0.405313000   -0.929262300
 896    5.853038000    0.275274100   -0.796748000
 897   11.352590000    1.080116000   -0.736820900
 898   -0.950000000   -0.561307100    0.681770600
 899    4.805147000    0.067306790   -0.781091600
 900   -0.950000000   -0.945324600   -0.848174800
 901    2.919168000    0.114141900   -1.585238000
 902    7.869802000    0.797301000    0.297790700
 903   -0.950000000   -0.727617000   -0.021834070
 904   13.752910000    1.809362000    1.237872000
 905   -0.950000000   -1.117910000   -0.046179890
 906    5.038872000    0.977674500   -1.897398000
 907    0.573917000    0.114751100   -0.517989500
 908   -0.950000000   -0.270267700   -1.085256000
 909   -0.950000000   -0.386091300   -0.269572500
 910   -0.950000000    0.155918700    0.688474400
 911   -0.950000000   -0.686166500    0.109492300
 912    3.468686000    0.459277400    0.168101900
 913   22.568450000    1.455843000   -1.915338000
 914   -0.950000000    0.451915900    0.523919500
 915   -0.950000000   -0.330469700   -0.176984000
 916    0.270317000    0.108813200   -1.291684000
 917   -0.950000000   -0.696784300    1.841271000
 918    4.575415000    0.733875200   -0.944298500
 919    4.797813000    0.841611900    0.907789300
 920   -0.950000000   -1.449419000    0.446616200
 921   -0.950000000   -0.289089500    1.632819000
 922   -0.950000000   -0.360569400   -1.416158000
 923   -0.950000000   -1.668461000   -0.667389200
 924   -0.950000000   -0.964284000   -0.036810880
 925   -0.950000000   -1.320478000    1.969715000
 926   -0.950000000    0.228702300    0.359344300
 927   -0.950000000   -0.359565700    0.551308600
 928    3.911344000    1.286444000   -1.168255000
 929   -0.950000000   -1.743232000   -0.647333800
 930   -0.950000000   -1.021572000   -0.833543200
 931   -0.950000000   -1.839270000    0.610789300
 932   -0.950000000   -0.240060200   -0.005647859
 933   -0.950000000    0.252804400    1.676972000
 934   10.144430000    0.872082900   -1.837784000
 935   -0.950000000   -0.175407700    1.021679000
 936   -0.950000000   -0.729515000    0.138333800
 937   -0.950000000   -0.185990300    0.213506500
 938   -0.950000000   -0.863295300   -0.284329200
 939   -0.950000000   -1.135563000    1.086038000
 940   -0.950000000   -1.230640000    0.116132100
 941    2.430149000    0.030949370   -0.933627200
 942   -0.950000000   -1.314320000    0.447930600
 943   -0.950000000    0.411092900    1.113222000
 944    6.893157000    0.876847300   -0.331554000
 945    1.743633000    0.426879700    0.984833100
 946    5.200335000    0.706892100    0.419840700
 947    8.577254000    1.046707000   -0.594677000
 948   -0.213747300    0.159274000   -0.213663800
 949   -0.950000000   -1.618021000    0.604395600
 950   -0.146099200   -0.039238600   -0.530541600
 951    1.885068000   -0.059615830   -1.033714000
 952    1.731477000    0.193458500   -0.598276400
 953   11.105730000    0.998234500   -0.908401000
 954    6.528611000    0.384423800   -1.058671000
 955   -0.950000000   -1.473983000   -0.181089100
 956   12.480270000    0.819467700   -1.349071000
 957   -0.950000000   -0.448592300    1.432897000
 958   -0.950000000   -0.733242300   -0.285362800
 959    4.501958000    1.210106000    1.344686000
 960   -0.950000000   -0.130016500   -0.706193700
 961    6.035809000    0.678196700    1.298095000
 962    4.507526000    0.153366500   -0.878314400
 963    0.737022100    0.674201700    1.221214000
 964   -0.950000000   -1.867966000   -0.231433100
 965    0.056491080   -0.096779920   -0.187789100
 966    2.105119000   -0.095803340   -0.716333600
 967   -0.950000000   -0.765977300   -0.920067300
 968    4.550223000    0.835701200    0.614521300
 969   -0.950000000   -0.953315100   -0.329931800
 970   -0.950000000   -1.151518000   -1.660017000
 971   19.996850000    1.672860000   -0.178285200
 972    6.205223000    0.424144000   -0.329786700
 973   19.053850000    1.719742000    0.658326100
 974   10.011060000    1.107013000    1.055305000
 975   -0.950000000   -1.043590000   -0.041043600
 976   -0.950000000   -0.765089300   -0.125007500
 977    8.824125000    1.385273000    1.862207000
 978    5.966065000    1.497456000    0.832953400
 979    3.991113000    0.512080000    0.617922800
 980    0.909083300   -0.105707300   -0.505876000
 981    5.481600000    0.273558000   -0.819579400
 982   -0.950000000   -1.105849000   -1.343542000
 983    0.178938100   -0.216019000   -0.132912200
 984   12.678560000    0.992727100   -0.947233100
 985   -0.950000000   -0.958597100   -1.438460000
 986   11.355110000    0.985466600   -0.120519500
 987   -0.730438600   -0.016265520    0.619713800
 988   16.259110000    1.340309000   -0.535686100
 989   -0.950000000   -1.394439000   -0.311112400
 990    7.620362000    0.890186600    0.393430600
 991   -0.950000000   -1.349050000    0.641468900
 992   -0.950000000   -1.251573000    1.823684000
 993   -0.950000000   -0.613579600   -1.217600000
 994    6.691689000    1.193252000    0.255357300
 995   -0.950000000   -0.640381400   -1.829840000
 996   -0.950000000    0.251757600   -0.743021200
 997   -0.950000000    0.385001900    0.807534100
 998   -0.950000000   -1.325875000    1.914038000
 999   -0.950000000   -0.890456800   -0.720621200
1000   -0.950000000   -0.584302500    0.353176300
1001   -0.950000000   -1.214837000   -0.270018600
1002    1.730076000    0.523247500   -0.337458500
1003   -0.950000000   -0.715165900   -1.117817000
1004   -0.950000000   -0.326873400   -1.088550000
1005   -0.950000000   -0.737705300   -0.444905300
1006   13.238170000    1.659069000    0.564223100
1007    8.020340000    0.396834000   -0.990500400
1008    1.445080000   -0.161613800   -0.228948300
1009   15.050570000    1.171128000    0.769319200
1010    7.124486000    0.297722000   -1.231391000
1011   -0.950000000   -1.953320000   -0.429339800
1012    3.127213000   -0.047017020   -0.851862100
1013    8.254507000    0.658556700    0.407261100
1014   17.544360000    1.574403000   -0.109952300
1015   -0.950000000   -1.897975000    0.708216100
1016    9.369767000    1.470091000    0.990373800
1017   -0.950000000   -1.135872000    1.228625000
1018   17.221640000    1.121126000   -0.426412900
1019    7.056408000    0.256436500   -1.111204000
1020   -0.950000000   -1.489948000   -1.416031000
1021    7.901399000    0.553996900   -0.746658500
1022    6.485544000    1.013425000    0.763607100
1023    2.337471000   -0.048709570   -0.793263400
1024   15.031160000    1.166267000   -0.553795300
1025    1.728693000   -0.152263700    0.744711700
1026   20.675920000    1.673077000    1.163044000
1027   20.261650000    1.014500000   -1.216436000
1028   16.132120000    1.378872000   -1.078284000
1029   -0.950000000   -0.808071500    0.291216400
1030   16.412360000    1.148886000   -0.497583500
1031   15.660400000    1.610480000   -0.356010500
1032   -0.950000000   -0.979950900    1.674129000
1033   -0.950000000   -1.117725000   -1.558207000
1034   -0.322657400   -0.051547300    0.171319000
1035    5.618250000    0.113207000   -0.479699200
1036   -0.950000000   -0.550551900   -0.609313900
1037   -0.950000000   -1.264296000    0.519238700
1038    1.939326000    0.650321400   -0.934637000
1039   -0.950000000    0.025275120   -0.814495500
1040   -0.950000000   -1.099405000    0.497180600
1041   -0.950000000   -0.420723100    0.393589000
1042   -0.950000000    0.149310500    0.402458400
1043   -0.950000000   -0.842836400   -1.393929000
1044    2.674082000    0.280235100   -1.250161000
1045    3.165691000    0.537306600   -0.601289400
1046   -0.950000000   -1.617929000   -0.037639740
1047    9.488302000    1.283951000   -0.127540500
1048   -0.950000000    0.075003910   -1.039045000
1049    8.518080000    0.845907500   -1.415867000
1050   -0.950000000   -0.511179500    1.112269000
1051   -0.950000000   -1.966971000    0.341408200
1052    6.550745000    0.655265200    0.166352300
1053    8.357892000    0.723740000    0.318792100
1054    1.636647000   -0.140594000   -0.008638092
1055   23.105250000    1.294711000   -1.708584000
1056   -0.638956500   -0.214768000    1.027973000
1057    5.569434000    0.778675500    0.796534500
1058    6.375099000    0.223595900   -0.586558500
1059   13.019410000    1.428642000    0.269918300
1060   20.501910000    1.324540000   -0.374168300
1061    4.005789000   -0.060518760   -0.749938200
1062    5.124461000    0.222324300   -0.391989300
1063   13.868020000    1.164648000    0.690957400
1064   15.308400000    1.264072000    0.261420800
1065    5.501780000    0.320344000    0.305940500
1066   21.599180000    1.507936000   -0.273550900
1067   11.083660000    0.366171700   -0.664129100
1068   -0.950000000   -0.405268900    1.155696000
1069   -0.950000000   -0.902283600   -0.138652300
1070    4.002031000    0.290413500    1.633713000
1071   -0.950000000   -0.927771300    1.917685000
1072    4.664036000    0.109091600    1.133674000
1073   -0.950000000   -0.583062500    1.745631000
1074   15.176580000    0.670016100    0.002201869
1075    2.614897000    0.021630560    1.093592000
1076   -0.950000000   -1.090497000    0.616638100
1077   11.431670000    0.536816100    0.851834000
1078   15.157100000    0.759684200   -0.155449700
1079   15.040250000    1.084139000   -0.290017000
1080    4.255670000   -0.190676100    0.436224600
1081    3.479696000    0.236591900    0.256949300
1082   -0.950000000   -0.202877900    1.235556000
1083   10.417640000    1.002715000   -1.118541000
1084   -0.839495300   -0.114935700   -0.750913600
1085   -0.950000000   -0.819452000    0.103530600
1086    1.513310000    0.155920300   -0.423536000
1087   -0.950000000   -0.834324200   -0.793564700
1088   -0.950000000   -1.331589000    1.102341000
1089    7.407160000    0.643532700   -0.930640300
1090    2.553006000    0.039729890   -1.293738000
1091    8.118624000    0.954703700   -0.118717000
1092    8.584259000    1.286225000    0.219166700
1093    2.397058000    0.198358700   -0.316963100
1094   18.227310000    1.081463000   -1.947586000
1095   -0.950000000    0.656404600    0.775928600
1096    3.364322000    0.656982100    0.213954900
1097   -0.950000000   -0.565841000   -0.657985100
1098   -0.950000000   -0.129960600   -0.736681900
1099   -0.950000000    0.011420260   -1.078097000
1100    2.460574000    0.676734700    0.287564200
1101   -0.950000000   -1.268761000   -0.935625700
1102   -0.950000000   -1.067384000   -0.700194000
1103   -0.950000000   -0.192047700    0.992986200
1104    3.314412000    0.736238700   -0.711730700
1105   13.715580000    1.522711000   -0.994381400
1106   -0.950000000   -0.921286400    0.134240900
1107   -0.950000000   -0.497549000    0.722688100
1108    4.692164000    0.707603800    0.193571200
1109   -0.950000000   -1.477515000    0.531636900
1110    2.851032000   -0.168101200   -1.997065000
1111   17.761420000    1.911098000    1.037559000
1112   -0.950000000   -0.055943990    0.453933800
1113   -0.950000000   -1.459743000    0.207901000
1114   -0.950000000   -0.064892700   -1.074301000
1115    6.432663000    0.944535700   -0.000540397
1116   -0.950000000   -0.750050400   -0.078984690
1117    2.978674000    0.630712200    0.501286100
1118    8.225824000    0.567404200   -1.269672000
1119   -0.950000000   -1.885137000   -0.103252100
1120   -0.950000000   -0.280287100   -0.184039700
1121   10.433880000    0.876582500   -0.410400600
1122   -0.950000000   -0.800288300    0.083302800
1123   -0.950000000   -0.988890800   -0.806629300
1124    9.360070000    0.840738200   -1.931220000
1125    4.887815000    0.455450600    0.149839200
1126   -0.950000000   -0.466323300    0.435687200
1127    7.595674000    1.360999000    0.914555600
1128   -0.950000000   -0.433299600    0.759668900
1129   -0.950000000   -1.538569000    1.407961000
1130   10.159640000    0.925285100   -0.090303770
1131    4.962614000    0.461331200    0.666502300
1132    4.879692000    0.688589600    1.588583000
1133    3.999458000    0.086458220   -0.652763300
1134   -0.950000000   -1.145540000   -1.106183000
1135    8.915133000    1.478940000    1.173059000
1136   -0.950000000   -0.743751500   -0.697289300
1137   -0.074138370   -0.099214260    0.028296880
1138   -0.950000000   -0.721501400   -0.089421060
1139   14.986580000    1.096682000    0.699690100
1140   -0.950000000   -1.497652000   -0.354304500
1141   -0.950000000   -1.808073000    0.534597400
1142   14.099830000    1.337671000    0.339614800
1143    6.171751000    0.504050000   -0.514638800
1144    0.425605600    0.230955700    1.557889000
1145   -0.950000000   -0.433239300    0.556585000
1146   10.890910000    1.428369000    0.614776800
1147    5.102606000    0.317188200   -0.374347300
1148   -0.950000000   -0.533844200   -1.195440000
1149    3.274381000    0.271977600   -0.126914800
1150   -0.950000000   -1.064889000   -0.292573200
1151    6.084814000    0.611485900    0.709464600
1152   -0.950000000    0.034720900    1.199161000
1153    1.931620000   -0.014896430    0.338976600
1154   -0.950000000   -1.239523000    0.994270700
1155   16.356630000    1.432882000   -0.446610900
1156   -0.950000000   -1.245772000   -0.004055940
1157   -0.950000000   -0.389993000   -0.491520000
1158    7.976563000    0.763640800   -0.948064700
1159    2.834873000    0.277178000    0.036281790
1160   -0.950000000   -0.660321800    0.270705000
1161    2.306135000    0.697036200    1.192250000
1162   15.957290000    1.433521000   -1.792536000
1163   -0.950000000    0.826685700    0.971713500
1164    2.063194000    0.360502500    0.013234200
1165    7.217920000    0.453769700   -1.124834000
1166   -0.950000000   -1.135634000   -1.585064000
1167   -0.950000000   -1.260821000    1.322212000
1168   -0.950000000   -0.650768200   -0.141352700
1169   -0.950000000   -0.724772700   -0.096241700
1170    5.144263000    0.800859200   -0.605531800
1171    8.615148000    0.912076700   -0.776704400
1172    1.588337000    0.134436400   -0.193390400
1173   -0.950000000   -1.185137000   -0.196487100
1174    2.328912000    0.300740000    0.430206700
1175   -0.950000000   -0.654127000    1.673711000
1176   -0.950000000   -0.189108600    0.964134000
1177   -0.950000000   -0.692345100   -1.512729000
1178   -0.950000000   -0.694626200    0.696656800
1179   -0.950000000   -0.766608200   -0.190488000
1180    8.016848000    0.826104700   -1.772232000
1181   -0.950000000    0.097937810    0.187649300
1182   -0.950000000   -0.276453800    0.250734500
1183   -0.950000000    0.116813500    0.320070300
1184    2.616700000    0.641460000    0.139493300
1185    1.327668000   -0.015971350   -1.005826000
1186   -0.876532300    0.293923800    0.077406040
1187    1.233634000    0.697940100    1.404412000
1188   -0.950000000    0.486284000    0.451025700
1189   -0.950000000   -0.145214300   -1.082337000
1190   -0.950000000   -0.088638790   -0.738131200
1191   -0.950000000    0.098984860   -0.129648900
1192    5.911420000    1.003945000   -0.579655800
1193   -0.950000000   -1.648292000   -1.564811000
1194   -0.950000000   -0.697814300   -0.699516000
1195   -0.950000000   -0.015957180    0.364679400
1196    5.254956000    0.339066900   -1.101639000
1197   -0.950000000   -0.954122200    0.580582500
1198   -0.950000000    0.074681760    1.244689000
1199   -0.950000000   -0.024429800   -0.646614000
1200   -0.950000000   -1.300372000   -1.590504000
1201   -0.950000000   -1.708669000   -0.260855700
1202    2.494977000    0.315408700   -0.827686100
1203   -0.950000000    0.859224100    1.945710000
1204   -0.950000000   -1.196379000   -0.029153710
1205   10.971510000    1.167287000   -0.729317900
1206   -0.950000000   -0.239003200   -0.541207200
1207    0.761500400    0.261952300   -0.171580400
1208    6.321114000    0.857736300    0.278868600
1209   -0.950000000   -1.128440000    0.045825420
1210   -0.950000000   -1.216490000   -0.942955300
1211   -0.950000000   -0.448776200   -1.390498000
1212   -0.950000000   -0.137786200    1.998596000
1213   -0.950000000   -0.350120700    0.671013300
1214   -0.950000000   -0.641522000    0.073769850
1215   -0.950000000   -0.647574900    0.959665200
1216    4.578930000    0.073812180    1.502562000
1217    1.996379000    0.121217800    0.936761000
1218    5.264868000    0.109442000    0.726053600
1219    1.814762000   -0.250249800   -0.840017700
1220    9.552950000    0.202680800   -1.436558000
1221   -0.950000000   -0.525842100   -0.293270900
1222   14.779000000    0.965643100    0.179083000
1223    0.990953800   -0.712019700   -1.998148000
1224   -0.950000000   -1.723403000   -1.750019000
1225   14.675980000    1.292322000   -0.041899080
1226   11.264090000    0.925961300   -0.209955100
1227   24.503410000    1.630538000   -0.356688500
1228    1.975346000    0.159821000    0.951663300
1229    2.961513000    0.286407900    0.764189900
1230   23.462490000    1.742786000    0.404777700
1231    2.771599000   -0.244596800   -0.006525007
1232   13.574440000    0.885623700    0.211499700
1233    3.767930000    0.119268400    0.686818900
1234    4.861286000    0.129303900    0.505970500
1235    4.278105000   -0.000807813    0.812550800
1236    8.365091000    1.069633000    0.858704200
1237   -0.950000000   -0.030305260    1.147188000
1238   18.726950000    1.352575000   -0.147793500
1239    1.463091000   -0.466961500    0.196629800
1240   21.309570000    1.421854000   -0.655156500
1241    9.545084000    0.266831800   -1.324206000
1242    3.514704000   -0.350352100   -1.633610000
1243    9.949136000    0.510782800    0.264803300
1244    8.195026000    0.503419800   -0.100448200
1245   12.943740000    0.852584400   -0.159406700
1246    6.575000000    0.685621200    1.086206000
1247   10.919130000    0.875683700    0.685429200
1248    7.407605000    0.635309400    0.373456700
1249    0.325745500   -0.116781800   -0.323453000
1250   -0.950000000   -1.951777000   -0.988976800
1251   -0.313574700    0.013635390    0.826887500
1252   -0.950000000   -1.091660000    0.729661200
1253   14.774610000    0.945931700   -1.629821000
1254    3.026702000    0.059585210    0.371699500
1255   18.710920000    1.847635000    0.043939750
1256    5.546673000    0.103340300   -0.930039500
1257    4.988457000    0.290193800   -0.381937000
1258   21.739510000    1.875253000    0.257702700
1259   -0.950000000   -0.545130200    0.186116800
1260   -0.730046000   -0.214661600   -0.688511600
1261   11.287250000    1.121705000    1.098021000
1262    9.512891000   -0.026879710   -1.905449000
1263    5.365008000    0.405151600    0.562422400
1264    8.894868000    0.271559500   -1.488760000
1265    4.296371000    0.086728660    0.428340400
1266   10.277620000    0.723462700    0.135843300
1267    6.108489000    0.189392800    1.530052000
1268    7.485520000   -0.057649030   -0.930815700
1269   26.590040000    1.727134000    0.145330800
1270   -0.950000000   -1.642959000    1.118635000
1271    6.462350000    0.304515600    0.286613200
1272   13.842300000    1.845991000    0.854093600
1273    5.079505000    0.232386200   -0.022562300
1274   13.500540000    0.945560200   -0.462088400
1275   -0.950000000   -1.625043000    1.323869000
1276   -0.040358890   -0.226434700   -0.476073500
1277   -0.950000000   -1.517394000   -0.028790220
1278   -0.950000000   -1.377121000    0.009095259
1279   14.508030000    1.194004000   -0.570671500
1280   -0.950000000   -0.142045000    0.939807200
1281    0.390941200   -0.045244700    0.187291400
1282    8.111572000    1.285490000    1.044076000
1283    5.373567000    0.328610400   -1.065048000
1284   -0.950000000   -0.217998000    0.340634000
1285   -0.950000000   -0.593130500    1.074789000
1286    6.418063000    0.316593400   -0.697430300
1287   -0.950000000   -0.672815100    0.025783300
1288   -0.950000000   -0.786659800   -0.942366400
1289   21.261250000    1.529001000   -0.185914500
1290   -0.909363500   -0.259321300    0.057400020
1291   14.466390000    1.322026000   -0.354055000
1292   -0.950000000   -1.172394000   -0.184494800
1293   -0.950000000   -1.118134000    1.807039000
1294   -0.950000000   -1.444315000   -1.225859000
1295   -0.950000000   -0.825715000   -0.471453000
1296   -0.950000000   -1.244281000    0.901253800
1297    6.158037000    0.716128400   -0.580057200
1298   -0.950000000   -1.031375000    0.403077800
1299   -0.950000000   -0.386511900    0.286118400
1300    3.084836000    0.553671300    0.595673700
1301    1.100926000    0.172800200   -0.337015900
1302    6.103095000    0.889829900    0.346443600
1303   -0.319263200    0.074930080   -0.499106900
1304   -0.950000000   -0.750517200    0.720032100
1305   14.010560000    1.354306000    1.624145000
1306   -0.950000000   -0.317796100   -0.025675900
1307    4.683217000    0.509176200    0.410354400
1308    0.846007800   -0.089315830   -0.415185500
1309   -0.950000000   -0.576737900   -0.600017700
1310   12.971000000    1.452411000    0.856356600
1311   -0.511605900   -0.295541400    0.175420800
1312   -0.950000000   -0.050814150    0.816332000
1313   -0.950000000   -0.312946300   -0.068212290
1314   15.167510000    1.300903000    0.436790000
1315    7.488765000    0.538644100   -0.196075800
1316    8.297152000    0.318740200   -0.471451100
1317   -0.950000000   -0.074952500    1.242666000
1318   12.333270000    1.033586000    0.672853700
1319   -0.950000000   -1.137834000   -1.752774000
1320   -0.950000000   -1.038446000    1.453131000
1321    1.592918000    0.189897000   -0.070843980
1322   -0.950000000   -0.321215800    0.579784400
1323   -0.950000000   -0.909968300   -0.342085000
1324   15.984840000    1.445143000    1.124191000
1325   -0.950000000    0.150356700    0.803428500
1326    0.458772000    0.187153400    0.131857900
1327   -0.950000000   -0.090405800   -0.267937100
1328   -0.950000000   -1.972694000   -0.145462200
1329   -0.950000000   -0.072656170   -0.386416600
1330    3.712292000    0.309640600   -1.031083000
1331   -0.950000000   -0.702510100    0.172141700
1332    3.500267000   -0.027597780   -1.875034000
1333   -0.950000000   -0.919081300   -0.182983000
1334    0.463404800    0.396286000    1.100309000
1335   -0.950000000   -1.088581000   -0.173307500
1336   -0.950000000   -1.052780000   -0.486181000
1337    0.836311000   -0.029330390    0.443240200
1338   12.262530000    0.848694700    0.603875700
1339    1.359978000   -0.232189400   -1.315802000
1340   -0.950000000   -1.669494000    0.858990900
1341    4.563583000    0.285365800   -1.222387000
1342   -0.950000000   -1.026376000   -0.028979090
1343   -0.950000000   -1.007856000   -0.369715700
1344   11.639620000    0.737279200    0.198487700
1345    6.796296000    0.932699100    1.100248000
1346   15.358960000    1.302077000    1.654116000
1347   -0.950000000    0.071847310    0.674893600
1348   11.151780000    0.953568600    1.126892000
1349   11.731640000    0.833423000   -1.113704000
1350   12.101740000    0.878921100   -1.729723000
1351   -0.950000000   -0.557635100   -1.129735000
1352    4.255175000    0.581018000    0.986708900
1353   -0.950000000   -0.587064700   -1.287402000
1354   -0.950000000   -0.438385100    1.210589000
1355    4.741115000    0.518958900   -0.058638930
1356   -0.950000000   -1.697885000    0.278866400
1357   -0.950000000   -0.750599900   -0.851728200
1358   17.243840000    1.769975000    0.239951600
1359   -0.950000000   -0.284248900    0.483589900
1360   -0.950000000   -0.623188300    1.090622000
1361    0.214005000    0.871808500    1.619242000
1362    5.719922000    0.843109500    0.551687300
1363   -0.950000000   -0.342340000   -0.155624600
1364   -0.950000000   -1.077855000   -0.160591200
1365   -0.950000000   -1.545243000    0.935527200
1366    4.885346000    0.359138900   -0.402913900
1367   14.101210000    1.686253000    0.281477300
1368   -0.950000000   -0.594571000    0.498183400
1369    5.867277000    0.239776000    0.104042100
1370   -0.950000000   -0.462513100    0.622198300
1371   20.101180000    1.351003000    1.350049000
1372   -0.950000000   -1.388688000    0.608076300
1373    4.370650000    0.365474800   -0.148174500
1374   -0.950000000   -0.663222000   -0.680531300
1375   -0.950000000   -0.852208800    0.583187200
1376   -0.950000000   -1.220376000    0.315971800
1377   -0.950000000   -0.180121400    0.899312800
1378    6.362171000    0.541940300    1.301888000
1379   -0.950000000   -1.417705000   -1.006416000
1380    7.021187000    1.087428000    1.087207000
1381   13.233370000    1.064079000    1.468611000
1382   -0.950000000   -0.489862600   -0.899888500
1383   -0.950000000   -0.384827800   -0.907795300
1384   11.593190000    0.543676100   -1.225898000
1385   -0.714537800   -0.141837200    0.450759100
1386   -0.950000000   -0.857511800    0.703571300
1387    7.123728000    0.850254600   -0.347134700
1388    5.311503000    0.359346500    0.851818100
1389   -0.950000000   -1.196291000    0.707713600
1390   -0.950000000   -1.363399000    0.128177700
1391   -0.221104900   -0.164272800    0.431537100
1392    5.392853000    0.920660400    0.854480100
1393   14.338330000    1.191561000    0.542169100
1394   20.558120000    1.894056000   -0.540630900
1395    7.368316000    0.492040700   -0.240473200
1396    7.757561000    0.728705900   -1.718237000
1397    1.802037000    0.234034700    0.092525600
1398   -0.950000000   -1.349669000    0.011491100
1399    4.308229000    0.506890200   -0.908002000
1400   -0.950000000    0.010771940    0.759674900
1401   -0.950000000   -0.839223900   -0.768834900
1402   -0.950000000   -0.072107340   -0.217910800
1403   -0.100104400    0.154137300   -0.697084200
1404   -0.950000000   -1.157232000    0.317105200
1405    7.526292000    1.004847000   -0.357816800
1406   -0.950000000   -0.184875800   -0.850420900
1407    3.042541000    0.500506400   -0.011546560
1408   -0.950000000   -0.090729430   -0.591938600
1409    1.022570000    0.064297730   -0.960711400
1410   -0.950000000   -0.615140300    0.708625300
1411   14.144820000    1.193868000   -0.611710600
1412    2.786678000    0.393521300    0.371240400
1413    1.208541000    0.267588200   -0.001313109
1414   12.437470000    1.263396000    0.009241983
1415   -0.950000000   -0.683059400    1.332558000
1416    9.376153000    0.754712200   -1.616972000
1417    6.058247000    0.313228700   -0.362682800
1418   18.326340000    1.879981000   -0.977757400
1419    3.897658000    0.365375000   -1.024831000
1420    0.619553800    0.084089040    0.367691300
1421   -0.950000000   -0.273256400   -1.212059000
1422   -0.950000000   -0.616466600   -1.463427000
1423    1.137783000    0.015116080   -0.347028500
1424    7.491828000    0.966931600    0.619049800
1425   -0.950000000   -1.244044000    0.083896760
1426   -0.950000000   -1.792375000    0.594797300
1427   -0.950000000   -0.410886600   -1.895261000
1428   -0.950000000   -1.410495000   -1.077689000
1429   -0.490134100    0.235047100   -0.333557900
1430    5.514225000    0.961970800    1.013783000
1431   -0.950000000   -1.685593000   -1.244167000
1432   -0.950000000   -0.681363000   -0.356398500
1433   -0.950000000   -0.839312200   -1.686986000
1434   -0.950000000   -0.955579900    0.929518900
1435    0.164894800    0.745265500   -0.106146800
1436   -0.950000000    0.311448200   -0.238370700
1437   -0.950000000   -0.067758710   -0.245593700
1438   -0.950000000    0.568834100   -0.199258900
1439   -0.950000000   -0.338670500    0.136584200
1440   -0.950000000   -1.986537000    0.164056300
1441    9.405792000    0.290072300   -0.748536600
1442   10.172250000    0.696520200   -0.159119700
1443    0.892601500   -0.489374100   -0.035571270
1444   10.081230000    0.649054200    0.258508400
1445    2.542913000    0.254275400    0.916973900
1446   11.817220000    0.430711000   -0.853716700
1447    1.122788000   -0.208787400    0.810586100
1448   -0.950000000   -0.772081000   -0.062988200
1449    3.506135000    0.155854500    0.828577800
1450    8.709179000    0.531914900    0.150498600
1451   19.552650000    1.344049000   -1.430225000
1452   18.079660000    1.625677000    1.220797000
1453   26.583650000    1.852576000    1.316535000
1454    6.591060000    0.600818400    0.617191200
1455   14.942200000    0.969816300   -0.549875300
1456    1.740308000   -0.513541900   -1.798321000
1457   -0.950000000   -0.949076900    1.918650000
1458    9.364725000    0.472749800   -1.504769000
1459   17.104780000    1.215528000   -0.091258780
1460   19.884390000    1.422351000   -0.906416300
1461    6.863054000    0.507469800    0.306360800
1462    6.762214000    0.026532370   -1.183879000
1463   18.616160000    1.695198000    0.128993300
1464    5.377891000    0.467749600    1.468480000
1465    5.684939000    0.421323700    0.198402800
1466   -0.950000000   -0.590817900    1.103667000
1467   -0.950000000   -1.687271000    0.182618400
1468   14.102740000    1.342781000    0.046962440
1469    1.034836000   -0.076936390   -0.170887700
1470   -0.950000000   -0.606108700   -0.077958070
1471   19.780940000    1.036034000   -1.430909000
1472   22.249140000    1.778411000   -0.040811670
1473    8.857534000    0.544862000   -1.056540000
1474   -0.950000000   -0.982431200    1.956173000
1475   15.159080000    1.239029000    0.130657500
1476   -0.950000000   -0.717754500   -0.755635000
1477   -0.950000000   -1.091154000    1.129857000
1478   13.215860000    0.986088900    0.683777000
1479   -0.324635900   -0.058628520   -0.100849400
1480    5.014372000    0.818509300    0.412526600
1481   -0.950000000   -0.547003600    1.673821000
1482   -0.950000000   -0.801620700    1.827417000
1483   -0.108588400   -0.282626600    0.423153500
1484   -0.950000000   -1.056839000   -0.163983400
1485   -0.950000000   -1.288756000    0.544845500
1486    0.147250300    0.156306800   -0.663473200
1487   -0.950000000   -1.597270000   -0.446405900
1488   -0.950000000   -1.404982000    0.028563310
1489   18.554000000    1.977141000    0.753850200
1490   -0.950000000   -0.953726100    0.844094600
1491   -0.950000000   -0.332789300   -0.048429500
1492   -0.950000000   -1.452999000   -0.141429600
1493   -0.950000000   -1.466192000   -1.345980000
1494    4.730532000    0.672654900   -0.280494700
1495   -0.825811200    0.227034700   -0.442533500
1496   10.046010000    1.039241000    0.422624600
1497   -0.950000000   -0.676123800   -0.116155000
1498   -0.837343700    0.216829600   -0.229278100
1499   -0.950000000   -0.891269200   -0.152567600
1500   -0.950000000   -0.314259600    0.121579700
