*y  x1  x2
   1   12.889440000    1.019231000   -0.668509400
   2   -0.950000000    0.050827890    1.252784000
   3   -0.950000000   -0.455150900   -0.983336300
   4    3.534408000    0.156889000   -0.746838300
   5    1.361222000    0.131331900   -0.145488300
   6    2.980048000    0.016655980   -1.300080000
   7    0.578272100    0.090460090    0.553117200
   8    5.525769000    0.464539500    1.112200000
   9   -0.950000000   -1.362537000   -0.176528400
  10   16.299760000    1.451841000   -0.592767800
  11   -0.950000000   -0.188034600    0.511580800
  12   -0.950000000   -1.275916000    0.543174700
  13   -0.950000000   -0.403444400   -0.291352600
  14   -0.950000000   -0.374095000    0.737709500
  15    0.960449900   -0.027104570   -0.002093949
  16    3.854664000    0.382362600   -1.474992000
  17   -0.950000000   -0.228482200   -1.288784000
  18   -0.950000000   -1.607056000   -0.568545400
  19   -0.950000000   -0.342401300   -0.241509400
  20   -0.568843300    0.162271900   -0.221958200
  21   -0.950000000    0.196785800   -0.658793900
  22    3.924339000    0.658156200   -1.929384000
  23   -0.950000000   -1.701967000    0.684095800
  24    1.485518000    0.678511100    0.188686800
  25   -0.950000000   -0.399707200   -0.515899400
  26   -0.950000000    0.066033620    0.045376340
  27    0.332595100    0.202047900   -0.342462900
  28    2.345555000    0.515866900    0.455693500
  29   -0.950000000   -0.127607800   -0.487226800
  30   -0.950000000   -0.879315100    0.013710940
  31   -0.950000000   -0.199963200    0.074568500
  32   -0.950000000   -0.366165600    1.695322000
  33   -0.950000000   -0.973475600    0.234884800
  34   -0.950000000   -0.354635400   -0.833049900
  35   16.582690000    1.526150000    0.605627000
  36   -0.950000000   -1.440336000    0.053214710
  37   -0.950000000    0.171586300    1.214514000
  38   -0.950000000   -1.017950000   -1.247719000
  39   -0.950000000   -1.208530000   -0.781268500
  40   -0.454315200    0.011872650   -0.863130300
  41   -0.950000000   -1.210942000   -1.004423000
  42   -0.950000000   -0.290948500   -0.496381000
  43   -0.950000000   -0.602848900    1.701266000
  44   -0.950000000    0.022988980   -0.059483630
  45   12.452250000    1.514241000    0.671236800
  46   -0.950000000   -0.810700700   -0.515092000
  47    0.414611800    0.524650700    0.408053600
  48   -0.950000000   -0.946691100   -0.949360600
  49    3.718526000    0.924992700   -0.226515400
  50   -0.950000000   -1.612569000   -0.886324300
  51   -0.950000000    0.136734700    0.006312829
  52   -0.260223300    0.409234400   -0.035133970
  53    7.543251000    1.603647000    0.915548800
  54   -0.950000000   -1.543980000   -0.076708660
  55   -0.950000000   -1.334602000   -1.239720000
  56   -0.950000000   -1.168942000    1.197767000
  57   -0.950000000    0.026246700   -0.105715300
  58   -0.950000000   -0.373987000   -1.567204000
  59   -0.950000000   -1.533716000    1.114620000
  60    3.360802000    0.866390300   -0.003469514
  61   -0.950000000   -0.503361600   -0.244677400
  62   -0.950000000   -1.226203000   -1.722533000
  63   -0.950000000   -1.481396000   -0.871475500
  64   -0.950000000   -0.250611300   -0.299350400
  65   -0.950000000   -0.107788600   -1.214748000
  66   -0.950000000   -0.424231200    0.764432300
  67   -0.950000000   -0.841530700   -0.439877200
  68   -0.950000000   -0.749520800    0.778556000
  69   -0.950000000    0.071908000    0.316202900
  70   -0.950000000   -0.582199500   -0.952028200
  71   -0.950000000   -0.227994500    0.353049400
  72   -0.950000000   -1.682114000   -0.485040400
  73   -0.950000000   -0.073694210   -0.556737300
  74   -0.950000000   -0.819194800    0.319500400
  75    9.356052000    1.434112000   -0.892317100
  76    3.957994000    0.351337800   -1.307445000
  77   -0.950000000   -0.223508200   -0.229615200
  78   -0.950000000   -0.203328000   -0.535378700
  79   -0.950000000   -1.961018000   -0.473698500
  80    3.223005000    0.149611300   -1.471286000
  81    3.571438000    0.765958400    0.352970400
  82   -0.950000000   -0.961465200   -0.223836800
  83    4.482132000    0.595605200   -0.435642700
  84    5.448232000    0.657895100   -0.371048600
  85   -0.950000000   -1.202342000    0.235308000
  86   15.032930000    1.540169000   -0.189567300
  87   -0.950000000   -1.096664000    0.511474800
  88    3.915547000    0.358439500   -1.182727000
  89    9.193887000    1.666026000    1.165925000
  90   -0.950000000   -1.599584000   -1.092636000
  91    5.591712000    0.903055300   -1.199678000
  92    9.032937000    0.941169800    0.818113100
  93   -0.950000000   -0.690370900   -0.211454100
  94   -0.950000000   -1.730077000    0.714410600
  95   -0.950000000   -1.383381000    1.528192000
  96   -0.539122600    0.174923800    0.537482100
  97   11.840450000    0.728656400   -1.504014000
  98   -0.512365400    0.122849700   -0.347857900
  99   -0.950000000   -1.476274000    0.672577900
 100   -0.950000000   -1.309683000   -0.860699700
 101    6.146813000    0.315934200   -1.561639000
 102    7.172524000    0.760374800    0.848718500
 103   -0.950000000   -1.781109000    1.612931000
 104   -0.950000000   -0.781976400   -0.334454800
 105   -0.950000000   -0.526159500    0.926295000
 106   -0.950000000   -0.701309900   -1.459770000
 107    6.363678000    0.937096300   -1.584672000
 108    3.869198000    0.309616200   -0.463644400
 109   21.972920000    1.781473000   -1.689025000
 110   -0.950000000    0.059984020   -0.159916500
 111   -0.950000000   -0.141583900    0.499752700
 112   -0.950000000   -0.785739800    1.235573000
 113   -0.950000000   -1.181877000    1.037478000
 114   -0.950000000   -1.495653000   -0.078059970
 115    4.218755000    0.401921900   -0.628616900
 116   -0.950000000   -1.569754000    0.434079600
 117   -0.950000000   -1.623062000    0.356877200
 118   -0.950000000   -1.242323000    0.726716900
 119   -0.950000000   -0.192657600    0.481006100
 120   13.132230000    1.630746000    0.960612000
 121   -0.950000000   -0.808312800   -0.648210400
 122   18.281400000    1.692338000    0.084017170
 123   -0.950000000   -0.018221800    1.542168000
 124   -0.950000000    0.346884000    1.176838000
 125    1.831566000    0.094825090   -0.208262200
 126   -0.950000000   -0.563413800   -0.396661700
 127   -0.950000000   -1.417286000    0.100898500
 128    9.389873000    0.683421600   -0.809073100
 129   16.600690000    1.609525000   -0.719340700
 130   -0.950000000   -0.562283000   -0.319193300
 131   -0.950000000   -0.522024400    0.501188500
 132    1.298963000   -0.074208650    0.151066800
 133   11.146140000    0.739245200    0.620501400
 134   18.076790000    1.502331000    0.157264200
 135    0.842474100    0.381212300    1.538217000
 136   -0.950000000   -0.743056000    0.520706800
 137   -0.950000000   -0.568670900    0.199337300
 138   -0.950000000   -1.597275000    0.503865000
 139   12.005800000    0.863176000   -0.633155300
 140   -0.950000000   -0.691937500    1.338966000
 141    5.783693000    0.099831170   -1.234768000
 142   -0.352001600    0.065530700    0.110882300
 143   14.094120000    1.326292000    0.453069400
 144   -0.950000000   -1.813955000   -0.578170200
 145   -0.950000000   -0.070553220    0.975427600
 146    0.541265100   -0.050663980   -0.136000200
 147   13.102120000    1.005209000   -0.525510300
 148    2.750595000    0.057595500    0.069500530
 149    4.421008000    0.368272400    0.980562000
 150    9.823213000    0.733503300   -1.223054000
 151    7.579139000    0.385554600   -0.062304030
 152   24.901200000    1.894115000   -0.611204800
 153   -0.950000000   -0.362592400    1.369991000
 154    8.075204000    0.837851000    0.881728500
 155   -0.950000000   -0.704379000    0.658245400
 156   17.079870000    1.031275000   -0.007352358
 157    9.791305000    0.612175900   -0.602407500
 158    4.702873000   -0.178450200   -1.267479000
 159   -0.511906800   -0.197551900    1.226238000
 160   11.868570000    1.118857000    1.175303000
 161    4.658985000    0.316467300    0.406129400
 162   21.178650000    1.739538000    0.326132800
 163   -0.950000000   -1.381735000   -0.498216500
 164   -0.950000000   -0.516506600   -0.793687200
 165    4.205660000    0.040266470    0.247719700
 166   -0.950000000   -1.298197000    1.025865000
 167   18.866330000    1.826589000   -0.856688200
 168   -0.950000000    0.072371350    1.099418000
 169   -0.950000000   -0.580511700   -1.522138000
 170    7.588883000    0.606395100   -0.410306900
 171   -0.950000000   -1.532664000    0.102979000
 172    3.397626000    0.136947100   -1.531070000
 173   -0.950000000   -0.766706900   -0.512163700
 174   -0.950000000   -1.037568000    1.262405000
 175   12.806820000    1.256545000    0.131028300
 176   -0.950000000   -0.454560800   -0.306610900
 177    4.941038000    0.249895000    0.021856880
 178    7.873021000    0.467538100   -1.240871000
 179   10.108560000    1.297778000    0.743998200
 180   -0.950000000   -0.433803200    1.408872000
 181   15.686810000    1.897819000   -0.096791230
 182   -0.950000000   -0.175689300    1.113231000
 183   -0.950000000   -0.729261100    0.061545460
 184    7.459580000    0.252527100   -1.578556000
 185   -0.950000000   -0.294460000    1.915953000
 186   -0.950000000   -0.548654100    1.605084000
 187   -0.950000000   -0.619162500   -0.073713010
 188    8.425960000    0.817561400    0.259957900
 189    9.642551000    0.584986700    0.134920500
 190    8.865548000    1.953116000    0.223265200
 191   16.296320000    1.343179000   -0.302476600
 192   -0.950000000   -0.877283700   -0.348729400
 193    5.111546000    0.374461200   -0.051232900
 194    5.707563000    0.141866200   -0.165538500
 195   -0.393590600   -0.323545600    0.300509900
 196   -0.950000000   -0.860704900    0.032910760
 197   -0.950000000   -0.706793400   -1.873014000
 198   -0.950000000   -0.265470700    1.560079000
 199    6.182745000    0.343757400   -0.310579600
 200    4.968381000    0.434585900    0.136995200
 201    4.542830000    0.827783400    1.446481000
 202   -0.950000000   -1.431888000    0.349456000
 203   16.170260000    1.410077000    1.601862000
 204    8.744793000    0.717740400    0.346328600
 205    6.924214000    0.469048700   -0.628608200
 206    4.144833000    0.372221500   -0.042300390
 207   -0.950000000   -1.626702000   -0.552171300
 208    0.273292500   -0.069155090    0.465702700
 209    0.229897100   -0.632926900   -1.867284000
 210   -0.950000000   -0.844901200    0.515229600
 211   18.366480000    1.314223000   -0.614184700
 212    0.316525300   -0.164258100    0.459140200
 213   16.124600000    1.067667000   -0.467073300
 214   24.452940000    1.864679000    0.905924900
 215   -0.950000000   -0.286158400    0.245897900
 216    8.693139000    0.547304200   -0.965648200
 217    1.858798000    0.143024700    0.296269200
 218   -0.950000000   -0.438806400    0.070888420
 219   12.258240000    1.666715000    0.247370000
 220   -0.950000000   -1.058288000   -0.301349400
 221    0.032554790   -0.074415690   -0.040677080
 222   -0.950000000   -0.987453000   -1.457704000
 223    3.949056000    0.055905200    0.346750800
 224   11.775260000    0.832652000    0.178655400
 225    7.375065000    0.252818000   -1.853978000
 226    0.798112600   -0.353984100    1.241614000
 227    0.400286200   -0.516982600   -0.375967700
 228    9.098391000    0.761251600    1.318263000
 229   19.171060000    1.284995000    1.961177000
 230   16.359940000    1.139266000   -0.241095700
 231    0.573080400   -0.154954800    0.220642100
 232   11.052350000    0.675812400   -0.857958500
 233   17.179400000    1.163570000   -0.385751000
 234   -0.950000000   -1.869651000    1.930775000
 235   11.118500000    0.664586200    0.051916600
 236   21.195800000    1.461618000   -1.399705000
 237    2.747928000   -0.275863800   -0.268555300
 238    2.056623000   -0.586288700   -1.147030000
 239   10.451950000    0.881520300    1.107910000
 240   13.184680000    0.600060000   -0.572810000
 241   -0.950000000   -1.873240000   -1.602802000
 242   -0.950000000   -1.398457000    1.215882000
 243    3.879706000    0.738230800   -0.202114100
 244   -0.235327000    0.134332200   -0.985415800
 245   -0.950000000    0.143264100   -0.420724000
 246   -0.950000000    0.210473900    0.343984600
 247   -0.950000000   -1.827650000    0.526985900
 248    6.357885000    0.457849200   -1.587427000
 249   -0.950000000    0.371893800   -0.433906700
 250    7.156893000    0.942558000    0.161646600
 251    3.848511000    0.563169700   -1.488167000
 252   -0.950000000    0.010927530   -0.335658400
 253    7.241155000    1.093248000   -0.620654300
 254   -0.950000000   -1.595125000   -0.038259640
 255    1.174920000    0.743827100    1.460666000
 256   -0.950000000   -0.377297900   -0.495823300
 257   -0.950000000   -1.399316000   -1.237709000
 258   -0.950000000   -0.472624600    1.364201000
 259   -0.950000000   -0.953741400   -0.434133100
 260   20.813460000    1.946031000    0.317244300
 261   -0.950000000   -0.254338600   -0.924646100
 262    6.011703000    0.837769500   -0.059827590
 263   -0.950000000   -0.880183700    0.407196600
 264    0.594176300   -0.025202250   -0.284021000
 265    4.446464000    0.701363200   -1.381893000
 266    7.227887000    0.963200200    0.723189100
 267   -0.950000000    0.061977050   -0.251117600
 268   -0.950000000    0.117970600    0.452734200
 269   10.061390000    0.877653500   -0.739049500
 270   -0.950000000   -0.045912350   -0.137412300
 271   -0.950000000   -0.200917900   -0.911956500
 272    0.954169900    0.682254200    0.501060500
 273   -0.950000000   -1.576072000   -1.378596000
 274   -0.950000000    0.162563600   -0.041562320
 275   -0.950000000   -1.340305000    0.885253500
 276   -0.950000000    0.023549690    0.285702300
 277    3.456023000    0.481731800   -1.401469000
 278   -0.950000000   -0.555026500   -0.089129200
 279   -0.950000000   -0.408291700    0.011537860
 280   -0.950000000    0.401879200    0.320979900
 281    5.565224000    0.693103900   -0.618302100
 282   -0.950000000   -1.353557000   -0.322287200
 283   -0.950000000   -0.451637200   -1.029276000
 284   -0.950000000   -0.758537000   -1.458708000
 285   -0.950000000   -0.206686200   -1.472652000
 286   -0.950000000   -1.278787000    1.244584000
 287   -0.950000000   -0.209997200    0.143928100
 288   15.972520000    1.003240000   -0.707935400
 289    0.027373840   -0.158643100   -0.248746600
 290   -0.950000000   -0.249114700    1.673773000
 291    2.046735000    0.627508700    1.477995000
 292    5.899665000    0.554344100   -0.872927000
 293   -0.950000000   -0.970410300    0.082277550
 294   13.816610000    1.520832000    1.206811000
 295   -0.950000000   -1.246726000   -0.046929970
 296   13.997900000    1.297946000    0.977472200
 297    5.710880000    0.214818100   -1.376938000
 298   -0.950000000   -1.274237000   -0.970745400
 299   15.588900000    1.956407000    1.264296000
 300   -0.950000000   -0.373791600   -0.346565300
 301   -0.815435800   -0.063066680    0.509455000
 302   -0.009489121    0.063980370   -0.105796900
 303   -0.950000000   -0.421945900    0.465757300
 304   10.814200000    0.981587800   -1.197618000
 305   -0.950000000   -1.601591000    0.372002000
 306   -0.455048600    0.108464100    0.979007900
 307   -0.462961700    0.019117340    0.625428300
 308    2.708400000    0.350691100    0.007195932
 309   -0.950000000   -0.978564500   -1.283152000
 310   11.696290000    0.842820000   -1.401941000
 311    2.352717000    0.450300200   -0.180222800
 312   -0.950000000   -0.345394100   -0.599432100
 313   -0.950000000   -0.462428700   -0.189487300
 314    2.665667000    0.074887190   -0.192800000
 315   -0.950000000    0.072655240    0.655950900
 316    4.405611000    0.423296200    0.585116700
 317    1.959392000    0.395542400    1.571905000
 318    0.205122900   -0.234566700   -1.067315000
 319    9.277925000    0.672840100   -0.416963100
 320   -0.950000000   -0.952952300    0.217041700
 321    9.126439000    0.852197500   -0.664955500
 322    1.015707000    0.802856900    1.269003000
 323   24.923120000    1.734985000   -0.606377500
 324   -0.283955900    0.513970000    1.012023000
 325   -0.547535500    0.034379530    0.735129700
 326   12.396380000    0.765773000   -1.521453000
 327   -0.950000000   -0.236894000    1.700157000
 328    2.192902000    0.366597900    0.635762000
 329   -0.950000000   -1.253235000   -1.697840000
 330   -0.950000000   -0.495221600   -0.642077500
 331   10.481160000    0.876968100   -0.747408800
 332   23.493210000    1.866209000   -0.184288700
 333   21.144300000    1.992022000    0.381390500
 334   -0.950000000   -0.611797400   -0.279419200
 335    4.105885000    0.327006200   -0.554045000
 336    8.977707000    0.663607700   -0.468104200
 337   22.619250000    1.517279000   -0.150929300
 338   -0.950000000   -1.995880000   -1.903280000
 339   -0.950000000   -0.991706000    0.058729070
 340    5.312961000    0.946867200    0.475708200
 341   -0.950000000   -1.328867000   -0.477367200
 342   -0.950000000   -0.552588200    0.639044900
 343   -0.950000000   -0.171185300   -0.336605400
 344    4.035872000    0.825976300    0.414245000
 345    4.121431000    0.642012000    0.054525690
 346   -0.950000000   -1.215194000   -0.026338240
 347    8.708600000    0.742538100    1.429281000
 348    6.301780000    0.437841300    0.486337800
 349    6.690035000    0.737195600    0.979492600
 350   26.230340000    1.654018000   -0.903938700
 351   16.033850000    1.532164000    1.842799000
 352   -0.359009100   -0.524398200   -0.727262300
 353    7.369740000    0.287353500    0.251183700
 354    0.917176700   -0.188056000    1.117836000
 355   16.299600000    1.077082000   -0.348126600
 356    1.218450000   -0.275274200   -0.441811700
 357   10.562620000    0.893243200    0.848355300
 358    6.137716000    0.626303100    0.247335900
 359   -0.950000000   -0.557349100    0.202114100
 360   -0.950000000   -1.724352000   -0.513473400
 361    1.055070000    0.056519180   -0.053136790
 362   11.097590000    1.034398000   -0.586520500
 363    6.227907000    0.627933700    0.670809900
 364   11.793380000    0.894801100   -1.050800000
 365   -0.950000000   -0.624938400    0.388620000
 366    0.215002400   -0.118958700   -0.412051800
 367   -0.950000000   -1.199550000    0.380217900
 368   -0.083793640   -0.149524600   -0.494659800
 369    1.243212000    0.005140867   -0.436071400
 370   -0.950000000   -0.626054900   -1.050987000
 371   -0.950000000   -1.081531000    0.126968900
 372    3.030930000    0.205446700   -0.612053600
 373    3.046114000    0.179733300   -0.472237900
 374   -0.950000000   -0.467832200    0.573231500
 375   -0.950000000   -0.847696000    0.026964610
 376    4.967699000    0.559379400   -0.997480800
 377   -0.950000000    0.010051700    0.072943690
 378    2.688294000    0.884771400    0.147738100
 379   -0.950000000   -1.293173000    0.558510800
 380   -0.950000000   -0.640429000   -0.512412200
 381   -0.950000000   -0.041123700    0.667490800
 382   -0.950000000   -0.167523500   -1.334313000
 383   15.355170000    1.645929000   -0.443672000
 384    2.438697000    0.900774000   -0.457653500
 385   -0.916942600    0.266763500    0.214529800
 386   -0.950000000   -0.969323200   -0.294185800
 387   -0.950000000   -1.887333000   -0.108843000
 388   -0.950000000   -1.021382000   -0.457980600
 389   -0.950000000   -0.729400400    0.708427700
 390   -0.950000000   -1.645320000   -0.566543800
 391    6.866660000    1.041392000    1.548492000
 392   -0.950000000   -0.504100300    0.169805100
 393   20.489760000    1.885088000   -0.541163200
 394    6.294562000    0.680350000   -0.058664610
 395    4.165853000    0.359816600   -1.339702000
 396   -0.950000000   -1.447304000   -0.954850700
 397   -0.950000000   -1.114913000   -0.936588700
 398    0.678105700    0.356362200    1.664082000
 399    1.258122000    0.196013600   -0.953672700
 400   -0.950000000   -0.911259700   -0.715999800
 401   -0.950000000   -0.639497500    1.392872000
 402   -0.950000000   -1.324001000   -1.251198000
 403   -0.950000000   -0.167814000   -0.124623300
 404    8.039990000    1.031755000    0.792500700
 405    4.987147000    0.905332900   -0.254381100
 406   14.270820000    1.544652000   -0.764674400
 407   20.460700000    1.793337000   -0.171418700
 408    0.781842400    0.400690200    0.682927600
 409    5.445982000    0.572253100   -1.433967000
 410    1.104032000    0.322620700    1.144906000
 411   -0.950000000   -1.379034000   -0.284695200
 412    3.049662000    0.292912200    0.363490500
 413   -0.950000000    0.027034240    0.708577400
 414   -0.950000000   -1.561989000    0.176744000
 415   -0.950000000   -0.744347700    1.581289000
 416   -0.950000000   -1.222024000   -0.519750600
 417    2.087419000    0.681603100    1.039337000
 418   -0.456452700    0.176683600   -0.206648400
 419   12.412710000    1.009277000   -1.512693000
 420   -0.950000000   -1.876917000    0.185592700
 421   -0.950000000   -0.854626200    0.524435300
 422    0.912632400   -0.281125800   -0.722617800
 423    2.273154000    0.070303500    1.278526000
 424    3.098876000    0.131323600    0.270436700
 425   -0.950000000   -0.506949800   -0.216346500
 426    3.068404000    0.171349200    0.623314500
 427   -0.950000000   -0.790620600    0.020459660
 428    8.795542000    0.740433700   -0.298746400
 429   13.443220000    1.023928000    1.196607000
 430    4.394107000    0.391710200    1.706979000
 431    8.425694000    0.403683000   -1.154457000
 432   -0.950000000   -1.080441000   -1.378172000
 433   -0.950000000   -0.271210800    0.770235900
 434    7.416875000    0.305127000   -0.389098300
 435   19.307640000    1.272113000   -0.933167900
 436   -0.950000000   -0.021230620    0.761100600
 437   23.627830000    1.982979000    1.011766000
 438   -0.950000000   -1.388250000    0.684409400
 439   -0.950000000   -1.006635000    0.359328200
 440    4.641564000    0.320387200    1.296765000
 441    1.766262000   -0.232572300   -0.368219400
 442    6.099804000   -0.010558880    1.631094000
 443   -0.950000000   -1.554570000    0.076745520
 444    5.334061000    0.025970870   -0.794739900
 445   -0.950000000    0.180934000    1.026838000
 446    8.600753000    0.749044300    1.098632000
 447    2.397526000   -0.035342490    0.132349900
 448    9.187312000    0.337335200   -1.463689000
 449   13.891180000    1.370449000   -0.619296200
 450    4.380704000    0.544785600    1.166710000
 451   11.008140000    0.414939300   -1.018392000
 452   -0.950000000   -1.255708000    0.343009000
 453   -0.950000000   -0.453659200    0.653681200
 454   -0.950000000   -0.765764900    1.207948000
 455   13.878310000    0.770828700   -0.323270700
 456   10.702600000    0.708973000   -1.029670000
 457   -0.950000000   -0.743173000    0.000088551
 458   -0.950000000   -1.093160000    0.948762200
 459    3.429455000    0.856694300    1.778053000
 460    6.832419000    0.200768200    0.051870430
 461   20.611370000    1.347211000    0.848048300
 462    7.071200000    0.192081900   -0.328147800
 463    9.969838000    0.568537000    1.102741000
 464   13.654260000    0.900777100    1.241978000
 465   -0.950000000   -0.515739800    0.675407300
 466   15.222980000    1.110039000    0.674810600
 467   -0.950000000   -0.790000500    1.583648000
 468    0.313890500   -0.403861400   -0.400892600
 469   -0.950000000   -1.391852000    0.797451200
 470   13.544120000    0.853753100   -1.794351000
 471   -0.950000000   -0.768400600   -1.232978000
 472   17.367770000    1.293475000    0.577349200
 473   -0.950000000   -0.574597900    0.243486400
 474   -0.950000000   -0.581987000    0.574627500
 475    2.253508000   -0.230856400    0.424000000
 476   13.739810000    0.942013200    0.328664500
 477    6.720834000    0.378067300    0.004444828
 478   12.352500000    1.141881000   -0.348787900
 479   22.378030000    1.326625000   -0.096422400
 480    4.789809000    0.066701960    0.569882000
 481   -0.950000000   -1.018486000   -0.555036500
 482   -0.842227800    0.167586400    0.612533400
 483   15.618600000    1.334543000    0.180535800
 484   -0.950000000   -0.334628900   -0.424825500
 485   -0.950000000   -0.364915300   -0.516121600
 486   20.267070000    1.853594000    0.708176100
 487    5.136574000    0.478574200   -1.054905000
 488   -0.950000000   -0.395066600   -0.794034200
 489    8.565286000    0.936382500    0.111469400
 490   -0.950000000   -0.438544100   -1.444266000
 491   17.337090000    1.910737000   -0.488806600
 492    8.964244000    0.515818600   -1.387764000
 493   -0.950000000   -1.959588000    0.048323680
 494   -0.950000000   -1.754306000    0.937919000
 495    8.270571000    0.796531800    0.089635920
 496   -0.950000000   -1.095798000   -1.576015000
 497   -0.950000000   -0.205340200    0.645262400
 498    5.984269000    0.748788100   -1.187188000
 499   -0.950000000   -1.380962000   -0.890558800
 500   12.207040000    1.049802000   -0.954996400
 501   -0.950000000   -0.501316800   -0.551421200
 502    3.499511000    0.638718900    0.390180900
 503   -0.950000000   -0.101252900    1.007954000
 504   -0.950000000   -0.541135600    0.871561500
 505   -0.950000000   -0.863988000   -0.389212000
 506    9.964906000    0.628806000   -1.496537000
 507    3.096986000    0.598918000    0.040812510
 508   13.777760000    1.533345000    0.719937000
 509   -0.950000000   -0.592779000    1.148918000
 510   -0.950000000   -1.277128000   -1.132883000
 511   -0.950000000   -0.374054900   -0.911377200
 512   -0.209932200   -0.281573500   -0.268360100
 513   -0.950000000   -0.389625300   -0.555436000
 514   -0.950000000   -1.002205000    0.563581300
 515    8.852872000    0.504100100    1.451677000
 516    5.551174000    0.504675200    0.034652320
 517   -0.950000000   -1.290572000    0.243945200
 518    9.924839000    0.378809400   -1.366875000
 519   -0.422724400   -0.184808700   -0.104067400
 520   17.022680000    1.686036000    0.830172700
 521    4.070791000    0.225039300    0.235754500
 522    0.472554600    0.252188700    1.084645000
 523   20.699290000    1.787897000    0.771631700
 524    4.894715000    0.039802610   -1.905371000
 525    0.472006500   -0.012218700    0.460906200
 526   -0.950000000   -1.020040000   -0.865279600
 527   -0.950000000   -0.709864200    0.597740000
 528   -0.950000000   -0.365714200    0.695046600
 529    7.607804000    0.786218900    0.279812400
 530   -0.950000000    0.178890100    0.311105800
 531   -0.950000000   -0.901341400   -0.132272300
 532    9.048877000    1.465893000    0.469258100
 533   -0.950000000   -0.330215500    1.720641000
 534   -0.950000000   -0.642237900    0.494989000
 535   -0.950000000   -1.791476000    0.019568530
 536   -0.950000000   -0.597130500   -1.154753000
 537   -0.950000000   -0.765861100   -1.647486000
 538   -0.950000000   -0.273565700   -0.533223600
 539   -0.950000000   -0.624619000    1.439339000
 540   -0.950000000    0.433209800    1.290926000
 541    1.871534000    0.079117020    0.981890000
 542   15.392160000    0.930581000   -0.262906200
 543    8.915260000    0.644660700   -0.631206500
 544    3.685337000    0.370871200    0.160461200
 545   -0.950000000   -0.960695900    0.618934500
 546   18.680340000    1.557610000   -1.322213000
 547   -0.950000000   -1.990555000    0.325271700
 548   10.380500000    0.835881900   -0.259731300
 549    3.405858000   -0.333287700   -1.488204000
 550   13.336800000    1.891200000    1.542146000
 551    3.730863000   -0.077073090   -1.533176000
 552   -0.950000000   -0.712805600   -1.385581000
 553   13.374570000    0.918250600    1.045045000
 554   12.455200000    1.063561000   -0.414974800
 555   10.132830000    1.179412000   -0.367900400
 556   -0.856956300    0.361546600    1.859105000
 557   -0.950000000   -0.620424200    0.306913300
 558    1.059745000   -0.098475300   -0.705307100
 559    0.851568500   -0.614208700   -1.489235000
 560    3.290148000    0.090491080   -0.050701280
 561   11.481150000    0.783669100   -0.151012300
 562    5.780852000    0.392918300    1.854585000
 563    0.632993700    0.068948930    0.980826100
 564    2.704229000    0.121556300   -0.539198400
 565   -0.950000000   -0.903010000   -0.498361300
 566   -0.950000000   -1.117418000    1.498466000
 567   -0.950000000    0.226327600    1.304355000
 568    8.783365000    0.979999300    0.195170300
 569   -0.950000000   -1.186204000   -1.307594000
 570   10.975410000    0.761730000   -0.135645100
 571    7.948381000    1.003834000    0.027100450
 572   -0.950000000   -0.855484700    1.356543000
 573    5.334122000    0.801709000   -0.823160500
 574   -0.950000000   -0.575511000    0.079107410
 575   -0.950000000    0.136278400   -0.543977700
 576   -0.950000000   -0.250433900    0.594009200
 577   -0.950000000   -0.511890900    0.087311070
 578   -0.950000000   -0.054833950    0.306920800
 579   -0.950000000   -0.944525000    0.132142500
 580   -0.950000000   -1.960016000   -0.120135300
 581    4.402767000    0.644760900   -0.111007800
 582   -0.950000000   -0.941018300   -1.067410000
 583   -0.950000000   -0.830412700   -0.429711100
 584    0.288663400    0.165578400   -0.303179400
 585   10.079390000    1.779645000   -0.719614800
 586   14.482080000    1.080029000   -1.575514000
 587    0.797752300   -0.104272100    0.226211800
 588   -0.950000000   -0.940296900   -0.266936700
 589   24.690150000    1.718582000    0.024287120
 590   17.876260000    1.410206000   -0.970034000
 591   19.500600000    1.324594000   -1.074423000
 592    8.205208000    0.523557600   -0.352639600
 593   -0.950000000   -0.569560300    0.138843500
 594    6.095972000    0.493605100   -0.377824500
 595   11.694770000    0.766764700   -0.450264700
 596   -0.950000000   -0.434469500   -0.186954100
 597   19.505160000    1.464770000   -0.278948300
 598   -0.205102700   -0.453418500   -1.050846000
 599    1.612916000    0.367614200    1.011846000
 600    3.795111000    0.329980800    0.104097000
 601    2.929589000    0.832432400    1.343664000
 602    2.984633000    0.166383400    0.768359800
 603   -0.950000000   -0.641160300   -0.780644500
 604   -0.950000000   -1.038430000   -1.791088000
 605   13.581560000    0.986673500   -0.486732800
 606    1.006859000   -0.340517300   -0.769008000
 607   12.982920000    0.779968800   -1.311038000
 608   -0.950000000   -0.579526000    1.055704000
 609   -0.950000000   -1.058204000   -0.609481000
 610   15.063670000    1.241857000    1.494013000
 611    9.949626000    0.420953200    0.281956000
 612    8.709826000    0.307044600   -0.525309600
 613   13.663760000    1.128545000   -0.946862000
 614    6.594038000   -0.052764840    1.694363000
 615   21.761170000    1.768031000    0.619472200
 616    3.066067000    0.277999600   -0.174205800
 617    0.624070300    0.045038450   -1.664717000
 618   -0.950000000   -0.131927100   -0.533711200
 619    3.730274000    0.606097700   -0.856865100
 620   -0.950000000   -0.277790800   -0.295526300
 621   -0.950000000   -1.278816000    0.918514700
 622   -0.950000000   -0.441002700   -1.112983000
 623    5.452565000    0.954395600   -1.121328000
 624   14.876360000    1.244340000   -0.583731000
 625   -0.950000000   -0.112616000    0.598471000
 626    1.012201000    0.283041500    0.037105540
 627   -0.950000000   -0.582018700    0.037373890
 628   -0.950000000   -0.300643300    1.796608000
 629   -0.950000000   -0.220411200   -0.598462900
 630    9.457647000    0.819109700   -1.435498000
 631   -0.950000000   -0.502161400    1.908534000
 632   -0.950000000   -0.777834600   -0.406660500
 633   -0.950000000   -1.242670000   -0.723940300
 634   -0.950000000   -0.981735000    0.880680200
 635   -0.950000000   -1.595187000   -0.584395600
 636   25.019040000    1.817252000   -0.507587100
 637   -0.950000000   -1.212849000    0.335065800
 638   15.706990000    1.326334000   -0.680376700
 639   -0.950000000   -0.047517940    0.785214400
 640   18.893770000    1.565480000    0.446634400
 641   -0.845734500    0.133698700    0.787129500
 642   -0.950000000   -0.001206393    0.520427900
 643    1.445170000   -0.001162377   -1.065512000
 644   -0.950000000   -0.723769300   -0.865486600
 645   -0.950000000   -0.445287800    0.702711200
 646   18.140630000    1.579845000    0.207154300
 647   -0.950000000   -0.889524900    0.601760600
 648   -0.173272400   -0.409888700   -1.112583000
 649    4.863157000    0.558880100    1.012028000
 650    9.118505000    0.799515100    0.506804400
 651    5.850236000    0.605957800    0.031877130
 652    3.850540000    0.070604840   -0.890345600
 653    0.938635700   -0.060513110    0.087623200
 654    2.274894000   -0.191093700   -1.178270000
 655    4.402771000   -0.047545820   -1.801460000
 656    4.104835000    0.126971600   -1.009880000
 657    7.271013000    0.843585900    0.498618400
 658   -0.950000000   -0.645385400    0.038804030
 659    4.868948000    0.281100000   -0.107262800
 660   -0.950000000   -0.480273200   -0.389462000
 661   -0.950000000   -1.357983000   -1.085287000
 662    1.925356000    0.196127800   -1.706367000
 663   -0.950000000   -1.487752000    0.837244400
 664   -0.950000000    0.045365840    1.016936000
 665   -0.950000000   -0.630607100   -0.973956900
 666   15.116040000    1.633957000   -0.075118930
 667   -0.950000000    0.109301400    0.426885900
 668   -0.950000000   -1.370945000   -0.993417300
 669    2.524857000    0.679467000    0.646007000
 670   22.836750000    1.718479000   -1.736320000
 671   -0.950000000   -0.467953500    0.728833800
 672   -0.950000000   -0.659207300   -0.675743700
 673   -0.950000000   -1.888720000    0.686417900
 674   -0.166495400    0.518328900    0.421522100
 675   -0.950000000    0.197475700    1.124354000
 676   -0.950000000   -1.739032000    0.472716600
 677   -0.950000000   -0.588952600   -0.451756700
 678    6.377634000    0.707623600    0.566253000
 679   14.278960000    0.894450200   -0.275361700
 680   -0.950000000   -0.761920100   -0.643380900
 681   -0.950000000   -0.686460300    1.115460000
 682   14.471020000    1.124770000    0.103774500
 683   10.471580000    0.369413000   -0.771837900
 684   -0.950000000   -0.640295200    0.460778100
 685    8.608611000    0.802139800    0.779685600
 686    4.484745000    0.624472800    1.196472000
 687   11.927420000    0.771971300   -0.176331800
 688   11.441260000    0.769453500   -0.492427600
 689   12.458760000    1.088177000    0.419481600
 690    5.642629000    0.268340300   -0.117007600
 691   -0.950000000   -0.711338300   -1.653174000
 692   -0.317878600   -0.184067200   -1.476665000
 693    2.202444000    0.813307500    0.843778500
 694   -0.766760200   -0.072769930   -0.616811500
 695    6.625996000    0.619656900   -0.762149500
 696    3.826589000    0.863317200    0.393144900
 697   11.553010000    1.053735000   -0.561636400
 698   -0.950000000   -1.020377000   -1.624410000
 699    0.707013900    0.584824400    0.536814000
 700   -0.950000000   -0.706727000   -0.276498700
 701   -0.950000000   -0.415148100    0.019476410
 702   -0.950000000   -0.040508550    0.135391100
 703   -0.950000000   -0.367741000    1.576211000
 704    2.100421000    0.099282740   -0.986957200
 705    1.800673000    0.458534400    0.352231000
 706   -0.950000000   -0.732966600   -0.439985000
 707   10.344610000    0.756439500   -0.189430800
 708   11.245600000    1.064036000    0.591338600
 709    6.394187000    0.480834900    1.060228000
 710   -0.950000000   -1.445787000   -0.851734100
 711    6.734413000    0.349387700   -0.270632500
 712    6.619511000    0.178210100   -0.775471400
 713    7.496301000    0.419429800    1.007606000
 714    5.934561000    0.752020900    1.671793000
 715   15.258190000    0.982893300   -0.824359500
 716   16.271570000    1.494406000   -0.267997900
 717   19.416070000    1.185216000   -1.467951000
 718    6.006460000    0.475096900    0.626217100
 719    3.236721000   -0.045890230    0.015140780
 720   -0.950000000   -0.806953100   -0.977819300
 721    7.156377000    0.642603200   -0.212932800
 722   -0.950000000   -0.485523200   -0.137171400
 723   -0.950000000   -0.875410600    0.580777800
 724   12.220780000    0.818868400   -1.721160000
 725   -0.950000000   -0.449215400    1.011538000
 726   27.452480000    1.888137000    1.582919000
 727   -0.950000000   -0.455891300   -0.208108600
 728    9.626489000    0.633316300    0.332144500
 729    8.978920000    0.551031700    0.259585500
 730    2.528215000   -0.006081039    0.400403800
 731    1.128948000    0.074275800    0.309089700
 732   -0.950000000   -0.594002600    0.108659400
 733   -0.950000000   -0.754877000    0.708147600
 734   -0.950000000   -0.729129800    0.251751900
 735    9.828442000    0.646663900   -1.342489000
 736   -0.950000000    0.234027300    1.287174000
 737   -0.950000000   -1.391772000    0.040989370
 738   -0.950000000   -0.702494000   -0.313008400
 739   -0.950000000   -0.336752200    0.578499000
 740   -0.950000000   -0.683741300   -0.993677800
 741    1.822471000    0.194333400   -1.087208000
 742   -0.950000000   -0.364383900    0.017151280
 743   -0.950000000   -1.997578000    0.745278400
 744    5.100806000    0.387539000   -0.090159760
 745    3.742673000    0.360190200   -0.131717900
 746    0.400499900   -0.235549100   -1.179880000
 747   -0.950000000   -0.756488200    0.955970100
 748    6.274264000    1.756988000    0.883372400
 749    6.497801000    0.191481400   -1.244493000
 750   -0.950000000   -0.708151100   -0.927922700
 751   -0.950000000   -1.202557000   -0.324359100
 752   -0.950000000   -0.946890600   -0.115587300
 753   -0.950000000   -0.246247200   -0.355946400
 754   -0.950000000   -0.642800600    1.250096000
 755   -0.950000000    0.274706200    0.917204900
 756   -0.950000000   -0.460723800   -0.251787100
 757    2.166143000    0.305397800   -0.868478700
 758   -0.950000000   -0.832085000    0.503240400
 759    2.060474000    0.144143000   -0.467746800
 760    5.914482000    1.002027000   -0.926048600
 761    8.094557000    0.739593400   -0.700704100
 762   13.983220000    1.420858000   -1.499406000
 763   10.904010000    1.030152000   -0.717864700
 764   -0.950000000   -0.102943600    0.617854300
 765   -0.950000000   -1.374988000    1.156429000
 766   -0.950000000    0.295725800   -1.393154000
 767   -0.950000000   -0.213519300    0.244303500
 768   -0.950000000   -0.509006600   -0.962764400
 769   -0.950000000    0.091351280   -1.060859000
 770   -0.950000000   -1.139832000    0.539470900
 771    3.372534000    0.777634300   -0.970545800
 772   -0.950000000   -0.506793700   -0.299619600
 773   -0.558039000    0.311494700   -0.683218000
 774    6.861266000    1.415959000   -0.725358000
 775   -0.950000000   -1.155968000   -0.504630700
 776   -0.950000000   -0.419011700    0.668171000
 777    2.369095000    0.491273100   -1.011419000
 778   -0.950000000   -0.197037900   -0.447173500
 779   -0.950000000   -1.310781000   -1.498076000
 780    8.394660000    1.421442000   -0.669546400
 781   -0.950000000   -0.877164200   -0.504117900
 782   10.941380000    1.657433000    0.629106100
 783   -0.950000000    0.219012500    0.848453300
 784   -0.950000000   -0.425424600   -0.913556800
 785   -0.950000000   -0.882909300   -1.326583000
 786   11.280150000    0.852837700   -1.769052000
 787   -0.950000000    0.571581400    0.963645500
 788   -0.950000000   -0.469085100   -1.800434000
 789   -0.950000000   -0.084113320   -0.212855600
 790   -0.950000000   -0.784633700   -0.202982000
 791   -0.950000000   -0.773062900    0.364795700
 792   -0.950000000   -0.972397300    0.373791300
 793   -0.950000000   -0.843383300   -0.597828200
 794   -0.950000000    0.761879300    1.332855000
 795   -0.950000000   -0.475376600    0.143936000
 796   18.449090000    1.015079000   -1.136408000
 797   -0.950000000   -0.395463000    0.982793300
 798   25.627000000    1.907503000    0.787920200
 799    4.430137000   -0.202194800   -0.605784400
 800    0.089047580   -0.384906000    1.859911000
 801    3.919398000    0.083789200    1.193761000
 802   -0.683010100   -0.680024500   -0.301129900
 803    8.436047000    0.828373800    1.742094000
 804    9.505657000    0.487295500   -0.177439700
 805    4.264711000    0.156819100    1.369826000
 806    1.002184000   -0.493968200   -0.126181000
 807    8.470425000    0.418430000    0.536066700
 808   -0.950000000   -1.543651000   -0.334903500
 809   -0.350384100   -0.627657700   -0.008937522
 810   -0.950000000   -1.054762000    1.288729000
 811   -0.950000000   -1.450365000    0.281300500
 812   13.534170000    1.633054000   -0.165936800
 813   -0.950000000   -0.857883800   -1.283624000
 814   -0.950000000   -0.564538000    0.711669500
 815   -0.950000000   -0.571493700   -1.925060000
 816   -0.950000000   -1.898771000   -0.410445300
 817   -0.950000000   -0.500184500   -1.093684000
 818    0.350104100    0.378972800    0.303842600
 819   16.546570000    1.688624000   -0.934899300
 820    2.759296000    0.693264700   -0.067870990
 821    6.813978000    1.099153000   -0.197309000
 822    1.158061000    0.507673000   -0.145106900
 823   -0.950000000   -1.603477000   -0.225297700
 824   11.680570000    1.167440000   -1.265366000
 825   -0.950000000   -0.302172800   -0.126441500
 826   -0.950000000   -0.571417100    0.143523600
 827   12.436540000    1.833866000   -0.573251800
 828   -0.950000000   -0.639798100    1.030159000
 829   -0.950000000   -0.659560800   -0.882413600
 830   -0.950000000   -1.919697000    0.177510700
 831   -0.950000000   -0.446967200    0.624347200
 832    0.825916700    0.179803900   -1.498189000
 833    1.088537000    0.378734200    1.004320000
 834   -0.950000000   -0.176941800   -1.160920000
 835   -0.950000000   -0.812430800   -0.047783560
 836    0.020279500    0.123975000   -0.831694800
 837    0.466462100    0.475781100   -0.925354800
 838   -0.950000000   -0.842664600    0.706351600
 839   -0.950000000   -0.561212000    0.379123200
 840   -0.950000000   -0.167658800    0.284382000
 841   -0.925341900   -0.116110200    1.649035000
 842   -0.950000000   -0.251314900   -0.461070400
 843   11.597150000    0.867015900   -0.373320900
 844   -0.950000000   -0.930742500    0.802604500
 845   21.227540000    1.918146000    0.510344200
 846    0.632827900    0.017335860    1.181218000
 847    9.685100000    1.001235000   -0.184243500
 848   -0.950000000   -0.573078900    0.396386900
 849    0.769038100   -0.341062000   -1.237031000
 850   -0.950000000   -1.288995000    0.423032900
 851   -0.950000000   -0.767650400   -0.495358500
 852   -0.950000000   -1.601039000    1.055554000
 853   -0.950000000   -0.500002600    0.397271300
 854   -0.950000000   -1.137082000    1.972267000
 855   -0.950000000   -1.815276000   -0.782709300
 856   -0.950000000    0.343591200    1.016917000
 857    8.872808000    1.229868000   -0.337971300
 858    8.861700000    0.962851200   -0.314793500
 859    4.765952000    0.550288200   -1.248332000
 860   -0.950000000   -0.640619800    0.319623800
 861   -0.950000000   -1.968913000   -0.857128300
 862   11.884840000    1.207752000   -0.427067300
 863   -0.950000000   -1.427174000   -1.461582000
 864   -0.950000000   -0.613143100    1.208836000
 865   -0.950000000   -0.804408500   -1.497129000
 866    3.050302000    0.176512400   -1.001422000
 867   -0.950000000   -1.308282000    0.815055700
 868    7.892601000    1.144533000    0.721061900
 869    4.996101000    0.715302500    0.568779000
 870    2.022141000    0.448500400    0.618531300
 871   -0.950000000   -0.844799100    0.858739900
 872   10.033970000    0.641171900    0.778190400
 873   -0.950000000   -0.897771800    0.382000600
 874   -0.950000000   -0.751014200    0.059358440
 875    9.650230000    0.830968700    1.071848000
 876    4.830884000   -0.028172910   -0.594411500
 877   -0.950000000   -0.402263400    1.893342000
 878   -0.950000000   -1.215736000   -0.991337500
 879   21.644810000    1.797787000    1.567196000
 880   -0.950000000   -0.180902500    0.995428600
 881   16.528040000    1.058420000   -0.816005300
 882   -0.950000000   -0.820973500    0.209400800
 883    8.921635000    0.275321400   -0.856190400
 884    1.915484000   -0.339520500    1.506109000
 885    6.708808000    0.501564500    1.865843000
 886    3.103414000   -0.244866400   -0.538644000
 887    2.069421000   -0.153266100    0.488780100
 888   13.515940000    1.038452000    0.679149100
 889   -0.950000000   -0.704385600    1.312607000
 890   19.659520000    1.947144000   -0.751285300
 891   13.518110000    1.314700000    1.117165000
 892   15.634990000    1.350206000    1.106698000
 893   10.658100000    0.529027600    1.369570000
 894   -0.950000000   -1.060182000   -0.719333600
 895   20.149980000    1.258081000   -0.712967100
 896    7.717501000    0.139293300   -0.458820700
 897   18.272530000    1.078250000    0.162658000
 898   13.485820000    0.746716000   -0.434740800
 899    0.947228600   -0.487353600    0.180366000
 900   11.498400000    0.627326500   -0.571447700
 901   -0.950000000   -1.430870000    0.342560200
 902   -0.950000000   -0.559063500    0.407854500
 903   -0.950000000   -0.915859900    0.819743700
 904   12.687660000    1.175431000   -1.643419000
 905   -0.334705600   -0.006108945    0.607172400
 906    1.353624000    0.322244200    0.112809800
 907    7.269675000    0.790646200    0.663180400
 908   15.608630000    1.253522000   -1.834300000
 909    3.233349000    0.823698200    0.924071400
 910    3.784318000    0.080901500   -0.479411300
 911   -0.950000000   -0.229412500    1.656787000
 912    1.140097000    0.292119000    0.970181000
 913   -0.950000000   -0.578442900   -0.133214900
 914    7.629792000    0.968131900   -1.525059000
 915   15.100710000    1.038170000   -1.412207000
 916   -0.950000000   -0.450728700   -0.764632200
 917    3.056482000    0.910732400    1.093265000
 918   -0.950000000   -0.993485400    0.301447800
 919   -0.239876600    0.228618200   -0.925607800
 920   -0.950000000   -1.252597000   -1.990997000
 921   -0.950000000   -0.699503100   -0.703003500
 922   11.312150000    1.661814000   -0.984838700
 923   -0.950000000   -1.472907000   -0.163853600
 924   -0.950000000   -0.042187120    1.290082000
 925   -0.950000000   -0.538885500   -1.743644000
 926    2.172614000    0.532614400   -1.121233000
 927   -0.950000000   -0.244870700   -0.536003500
 928   -0.904933100    0.544367100    0.253989000
 929   11.040960000    1.482668000    1.483656000
 930   -0.950000000   -1.981658000   -0.481753500
 931   -0.950000000   -0.152663300    1.085662000
 932   -0.950000000    0.204770900    0.888308000
 933   -0.950000000   -0.109003900   -0.090191300
 934   -0.950000000   -0.328882200    0.049502500
 935    1.044565000    0.344803800    0.188290900
 936   -0.950000000   -0.178915000    0.010062100
 937   -0.950000000   -1.307161000    0.393466100
 938    2.554215000    0.273852700   -0.215249500
 939   -0.950000000   -0.521852300   -0.654589300
 940   -0.950000000    0.518242300    1.522464000
 941   -0.950000000   -0.057642430   -0.933556700
 942   -0.950000000   -0.320150900   -0.774816900
 943   -0.950000000   -0.639267900    0.895067300
 944   -0.950000000   -1.661498000   -0.733066600
 945   -0.950000000   -0.316758900   -0.236433500
 946   -0.950000000    0.194524600    1.468054000
 947   -0.950000000   -0.993766300   -1.961767000
 948    5.718048000    1.228375000    1.375109000
 949    4.182332000    0.826334700   -1.682158000
 950    4.994077000    0.797613000   -0.347518300
 951   -0.950000000   -0.485768700    0.639725800
 952   -0.950000000   -1.602761000   -1.249249000
 953   -0.950000000   -0.130620100   -1.086665000
 954   -0.950000000   -1.918196000   -1.659736000
 955   -0.563175100    0.259283500   -1.188165000
 956   -0.950000000   -0.551484300    0.492021000
 957   -0.950000000   -0.476144500    0.229761400
 958   -0.950000000   -1.043256000   -0.653649800
 959   -0.950000000   -0.282283100   -0.125578800
 960   -0.950000000   -0.984390700   -1.167876000
 961    0.128590600    0.042187460   -1.165459000
 962   -0.950000000   -0.317177400    0.382839100
 963   -0.950000000   -0.142844500    0.089685050
 964   -0.950000000   -0.296324200   -0.964434700
 965   -0.950000000   -0.417552200   -0.039332340
 966   -0.950000000   -1.475626000   -0.062184010
 967    5.854507000    0.401607000    1.187483000
 968   -0.950000000    0.408992100    1.316668000
 969    6.961246000    1.081558000   -0.195072800
 970   -0.950000000   -1.230621000   -0.671095500
 971   -0.950000000   -1.780788000   -0.206578600
 972    4.079154000    0.320474700   -0.777235000
 973    0.202504900    0.581521400    0.432476500
 974   -0.950000000   -1.102752000   -1.467257000
 975    2.176638000    0.189672800   -0.462039400
 976   10.332740000    1.218954000    0.138792300
 977   -0.950000000   -1.821163000    1.233337000
 978   10.218840000    1.460282000   -0.294011500
 979   16.475230000    1.326245000   -0.869081600
 980    8.767415000    0.657958400    0.427453200
 981   -0.950000000   -1.359359000    0.173872200
 982   -0.950000000   -0.241663700    0.238239800
 983   16.100410000    1.776774000   -1.856452000
 984    0.676206800    0.212274800    0.433349800
 985   -0.950000000   -0.330918500   -0.865878700
 986   -0.950000000   -1.208830000   -0.338740400
 987   -0.950000000   -0.835254300    1.380004000
 988   -0.950000000    0.024188490    0.445679800
 989    2.881600000    0.369787100   -0.727859800
 990    4.194836000    0.483650900    0.165875600
 991    0.064046930    0.467973500    1.909866000
 992    1.019905000    0.100335100   -0.989823800
 993    2.569016000    0.210973200    0.568280700
 994   -0.950000000   -0.889440700   -0.137664200
 995   -0.950000000   -1.063795000   -0.635807400
 996    6.107259000    0.763094500    0.078832420
 997   -0.950000000   -1.083903000   -0.143862400
 998    9.636204000    1.376052000    1.758493000
 999   -0.950000000   -0.897008100    1.492454000
1000   -0.950000000   -0.480658800   -1.221081000
1001   -0.950000000   -0.684344800   -0.623288500
1002   -0.950000000   -0.078885880    0.569879100
1003   -0.235202800    0.080838120   -0.475164900
1004   -0.950000000   -0.981172600    1.115229000
1005   -0.950000000   -0.921372000    0.834223400
1006    1.827118000    0.087706800   -0.103679400
1007   -0.950000000   -0.537030800   -0.530640300
1008    1.626955000   -0.094029440    0.092099890
1009   11.267800000    1.070455000    0.844164400
1010    5.327437000    0.251775300   -0.743143200
1011   10.034460000    0.570662800   -0.574913900
1012   -0.025739540   -0.208168000    0.270365200
1013   14.027560000    0.943238900   -1.691841000
1014   10.018880000    0.971209400    0.537982800
1015   13.946480000    1.323725000    0.082772150
1016   -0.950000000   -0.236834600   -0.384616700
1017   -0.950000000   -0.446162800    0.789154300
1018    7.827307000    0.596144000   -0.097269250
1019    1.020177000   -0.285698600   -1.105712000
1020    7.983559000    0.802112600    1.156942000
1021    8.801993000    0.486992800   -0.733792500
1022   -0.950000000   -0.038118640    1.128049000
1023   -0.950000000    0.326334000    1.142397000
1024   -0.950000000   -0.352970700   -0.473046800
1025    3.316854000   -0.045024040    0.518843600
1026    5.660443000    0.591869100    0.725854900
1027    1.653014000    0.061523030   -0.699715200
1028   23.690350000    1.800675000   -0.669103400
1029   14.854280000    1.367653000    0.065558650
1030    7.426741000    0.567183400   -0.402496500
1031   10.731310000    1.155434000   -0.053184980
1032   -0.950000000   -1.275360000   -0.538459300
1033    3.649541000    0.071387530   -0.602551700
1034   -0.950000000   -0.888097800   -0.546679100
1035    1.582926000   -0.192399500    0.549508300
1036    5.765114000    0.442158600    0.835596500
1037   -0.950000000   -0.768643500   -0.177738800
1038   -0.950000000   -1.967557000   -0.137424800
1039   -0.950000000   -1.359885000   -0.061995510
1040   -0.950000000   -0.029122090    1.781883000
1041   -0.950000000   -0.990089600    0.019387090
1042    8.245649000    1.079969000    1.526023000
1043   -0.950000000   -1.270019000    1.232654000
1044   15.458140000    1.133968000    0.511957000
1045    0.450830700   -0.328742100   -0.154394600
1046   -0.950000000   -1.445394000    0.991032500
1047    7.374551000    0.438821600    0.652388400
1048    0.710779500   -0.135102600    1.025002000
1049    4.241048000    0.418526900    1.322125000
1050   -0.950000000   -0.330743400    0.421469700
1051   18.636720000    1.197509000   -0.543359300
1052    0.473114900   -0.588230300   -0.492817300
1053   15.182220000    1.135527000    0.566173200
1054    9.707244000    0.998786700    0.447176500
1055    3.802146000    0.370019000    0.484122600
1056   12.488480000    0.867820800    1.193751000
1057    4.552636000    0.065157320    0.191345200
1058    2.179166000    0.528106400    1.396177000
1059   -0.950000000   -0.419519300    0.641567900
1060   15.434210000    0.755659600    0.635859900
1061   12.292580000    0.843291700   -0.533292200
1062    1.820158000   -0.242125700    0.288469100
1063   14.020720000    0.512322800   -1.387932000
1064    7.093568000    0.102001000    1.940434000
1065    2.007158000   -0.288017300   -0.043576100
1066    9.836064000    0.871698000   -1.309327000
1067   -0.950000000   -1.909330000    1.668397000
1068   -0.950000000   -0.268092700    0.442735700
1069    8.605190000    0.737916200   -1.139018000
1070    3.972081000    0.484056500    0.523145500
1071    5.052081000    0.581453800    1.189059000
1072   -0.950000000   -1.275939000    0.900954400
1073    4.569119000    0.707667600    0.012874780
1074   -0.950000000   -0.800104300    1.568375000
1075   -0.950000000   -0.163762000   -1.767021000
1076   -0.950000000    0.030282570   -0.028855960
1077   -0.950000000   -0.173133900   -1.492281000
1078   -0.950000000   -0.479701600   -1.464572000
1079   -0.950000000   -0.913716000   -1.064389000
1080   11.204560000    0.998931300   -0.106466000
1081   -0.950000000   -0.924724700   -0.985528200
1082   -0.950000000   -1.129337000    0.557954200
1083   -0.950000000   -0.842061100   -0.701176800
1084   -0.950000000   -0.080291720   -0.555286800
1085   17.210250000    1.688654000   -0.768274800
1086    2.376187000    1.016512000    1.407281000
1087   -0.950000000   -0.954140100    0.144124700
1088    9.262938000    0.516236400   -1.841323000
1089   -0.950000000    0.205504000    0.520869500
1090   -0.950000000   -0.032217730    1.619037000
1091   -0.950000000   -0.439192900   -1.041095000
1092   -0.950000000   -0.097125730   -1.075216000
1093    4.006757000    0.762106000    0.164904400
1094   -0.950000000   -0.634713000    1.275488000
1095    9.029149000    1.031857000   -0.376330400
1096    5.681408000    0.038328650   -1.956567000
1097   19.512250000    1.508866000    0.065257290
1098   10.272790000    0.597752900   -0.061637690
1099    6.884046000    0.273594100    0.432544900
1100   12.877310000    1.093047000    1.124372000
1101   18.460230000    1.552280000    0.157009200
1102   -0.950000000    0.061077240    1.450255000
1103    1.680085000   -0.288647800   -0.736523400
1104   12.350940000    1.012741000   -0.033158460
1105    0.762659400   -0.224818100    1.473057000
1106    2.097435000   -0.408887200   -1.163217000
1107    7.239874000    0.009403139   -1.790787000
1108   -0.950000000   -0.528995500    0.181362600
1109   20.319940000    1.705461000   -0.025925250
1110    3.664176000    0.242123000    0.664450700
1111   -0.950000000   -1.351347000    1.101153000
1112   -0.950000000   -0.745353500    0.297201700
1113    3.095332000    0.167302200   -1.781070000
1114   -0.950000000   -0.878005900    0.217348000
1115   -0.950000000   -0.992242100    0.809404900
1116   -0.950000000   -0.295709500   -0.473900300
1117    8.659434000    1.120495000   -0.446607200
1118   -0.950000000   -1.209510000   -1.255124000
1119   -0.950000000   -0.143623200   -0.414459600
1120    8.481981000    0.667091500   -1.173829000
1121    6.448548000    0.707259300   -0.159570800
1122    3.876335000    0.635390800    0.199525100
1123   -0.950000000   -0.052225220   -1.005248000
1124    2.551496000    0.741558400    0.447380000
1125   19.234640000    1.833996000    0.024320320
1126   14.461780000    0.964350900   -0.528814500
1127   -0.950000000   -0.568837700    1.230517000
1128   -0.950000000   -0.750553100    0.242544500
1129   11.830630000    0.712199800   -0.315602600
1130   14.952610000    1.690389000    0.359544300
1131   -0.950000000   -1.406045000    0.549607700
1132   -0.950000000   -1.416068000   -1.743871000
1133    9.369796000    0.736368100   -1.348033000
1134   26.683050000    1.864692000   -0.099711530
1135    5.341036000    0.663498100    1.032732000
1136    0.181598800   -0.336962500   -0.547463100
1137    1.822871000    0.141423400    0.505474000
1138    4.798657000    0.618106300    0.401452100
1139   16.368440000    1.337105000    0.208873400
1140   -0.950000000   -0.667517700   -0.815344300
1141    0.893274800    0.462604100    0.369416700
1142   -0.950000000   -0.007590747    0.128611700
1143    5.989813000    0.813064100   -0.213381700
1144   -0.950000000   -1.717944000   -0.667442600
1145    2.763719000    0.668965200    1.110884000
1146    3.587742000    0.312002900   -0.992573000
1147   14.006280000    1.329399000   -0.718322600
1148   -0.950000000   -0.576312600   -0.002870450
1149   -0.950000000   -0.457166500    1.167346000
1150   -0.950000000   -0.884086800    1.467316000
1151   -0.950000000   -0.955646200   -0.568466200
1152   -0.950000000   -0.234269100    0.435898500
1153   -0.950000000   -0.938946100   -0.723878100
1154   -0.950000000   -0.258501200    0.316689600
1155   -0.685613700    0.054397610   -0.749805900
1156   -0.950000000   -0.382905000    0.385562300
1157   17.451480000    1.601610000   -0.370844400
1158    5.117518000   -0.016517110   -1.847208000
1159   -0.950000000   -0.302813300    1.534694000
1160   -0.950000000   -1.567156000    0.738050800
1161   -0.950000000   -1.514389000    1.101895000
1162    5.934996000    0.995180400    1.039918000
1163    4.017299000    0.583315500    1.283571000
1164   26.117770000    1.915249000   -1.642109000
1165   -0.950000000   -0.965821500    0.100525900
1166   -0.950000000   -0.423434800   -0.741543600
1167   -0.950000000   -0.395606100   -0.002776433
1168   -0.950000000   -0.976236700    0.247406100
1169   -0.950000000   -0.915448500   -0.446300100
1170    3.132429000    0.391010500    1.404774000
1171   -0.950000000   -0.732443800    0.503618800
1172    4.750656000    0.183878500   -0.376167100
1173   -0.950000000   -1.072531000    1.247944000
1174    0.469496000   -0.175828700    0.492331900
1175   -0.950000000   -1.299318000    0.596942600
1176   -0.950000000   -0.710989300   -0.993113400
1177   13.513460000    1.053871000    0.219765000
1178   -0.507730000   -0.410488600   -0.058626280
1179    9.640242000    0.678581000   -0.555944900
1180   15.481180000    1.548887000    0.639974300
1181   12.149950000    0.840528900   -0.351742800
1182    4.992968000    0.109861900    0.024339080
1183   -0.950000000   -0.721538600    1.203754000
1184   -0.950000000   -1.622194000    1.239198000
1185   -0.950000000   -1.839420000    1.581208000
1186   -0.950000000   -0.819269500   -0.540315200
1187   -0.950000000   -0.305828300   -0.268837200
1188   11.874790000    1.005227000   -1.136191000
1189   -0.950000000   -1.152008000   -0.103732300
1190   13.958990000    1.326080000   -0.064861340
1191   -0.950000000   -0.779260900   -1.708537000
1192    3.625082000    0.590781400    0.510491100
1193   21.123610000    1.546151000   -0.466655400
1194   16.998590000    1.786958000    0.336156300
1195   -0.829342300   -0.349909800   -1.319723000
1196    8.978357000    0.995114300   -1.687238000
1197   -0.950000000   -0.232060900    0.325364100
1198   -0.950000000   -0.860115900   -0.332999000
1199   16.574910000    1.784467000   -0.233507500
1200   -0.950000000   -0.118036800    0.332643300
1201   -0.950000000   -0.704250700    1.117312000
1202   -0.950000000   -0.728264700   -1.228032000
1203    1.779702000   -0.082629930   -1.417669000
1204   -0.950000000   -0.128740400    0.403806600
1205    6.980928000    0.712622100    0.342585900
1206    5.126810000    0.647115900   -0.902945200
1207   -0.819809600    0.252363700    0.190176900
1208   -0.950000000   -0.784816700   -1.674708000
1209    0.042828770   -0.071896730   -1.017558000
1210   -0.950000000    0.411814500    1.069236000
1211   14.397390000    1.353734000   -0.189557100
1212   -0.950000000   -0.345182700    0.282003900
1213   -0.950000000   -0.469841600    0.518251700
1214    0.281720800    0.096544040   -0.290744800
1215    6.952812000    0.712101900    0.041487150
1216   -0.234755800   -0.035474700   -1.355072000
1217   -0.950000000   -1.199048000   -0.378264000
1218   -0.950000000   -0.544365700   -0.627760600
1219   -0.950000000   -1.908602000    0.942923300
1220   13.385000000    1.530398000   -0.573225500
1221   -0.950000000   -0.540824100    0.634712100
1222   -0.950000000   -0.877540300    0.693006000
1223   -0.950000000   -0.413315900   -0.607649300
1224    2.287768000    0.378554500    0.236114000
1225    7.044218000    1.043590000    0.592311500
1226    2.542188000    0.923207700    0.928450100
1227    3.502226000    0.384914900    0.326789500
1228   -0.950000000   -0.478720000   -0.368200400
1229   12.659690000    1.431675000   -0.556498200
1230   -0.950000000   -0.442378100   -0.519544000
1231    3.283964000    0.256573500   -0.399946600
1232   -0.950000000   -0.037190050   -0.201195600
1233   -0.950000000   -1.246261000    1.407723000
1234   -0.784019900   -0.293447400   -1.154307000
1235    7.027424000    0.502019500   -1.201869000
1236   -0.950000000   -0.828795900   -1.101828000
1237   -0.950000000    0.181294000    0.928953300
1238   -0.950000000   -0.364672700    1.605280000
1239    9.438131000    0.867313500   -0.550814500
1240   -0.950000000   -1.555668000    0.004736513
1241    8.867998000    0.598880300   -1.265268000
1242   11.218640000    0.877422000   -0.479813500
1243    5.620414000    1.011435000    1.339059000
1244    2.883564000    0.053812250   -1.245061000
1245   17.880620000    1.739416000   -0.890689700
1246   -0.950000000   -0.401404500    1.058392000
1247   -0.950000000   -1.131969000   -0.557961300
1248   -0.950000000   -1.473830000   -0.232606000
1249    2.528321000    0.355359300   -1.196515000
1250    0.717056400    0.268379200   -0.874121900
1251   -0.950000000   -1.935562000    0.056308010
1252    2.967447000    1.189043000    0.715712200
1253   -0.950000000   -0.872524300    0.087281860
1254   -0.950000000   -0.334063400    0.017918730
1255   -0.950000000   -0.936851200   -0.329613600
1256   -0.950000000   -0.372740400    0.348844300
1257   16.188000000    1.389935000   -0.479717800
1258   -0.950000000   -0.943783200   -0.699711600
1259   -0.950000000   -0.766797400   -0.316243100
1260   -0.950000000    0.047662250    1.426284000
1261    5.553501000    0.712955500    0.512928300
1262   -0.950000000   -0.163175500    0.127907200
1263    2.134859000    0.123855500   -0.571042600
1264    8.519054000    0.789090800   -0.552987100
1265    8.900873000    0.983657700    0.002140258
1266   16.774590000    1.029374000   -1.571413000
1267   -0.950000000   -0.239435000   -0.159855200
1268   -0.950000000   -0.363209500    0.213033500
1269   10.409390000    1.116398000   -0.174308900
1270   -0.950000000   -1.371681000    0.012493930
1271   -0.950000000   -1.598596000   -0.194339900
1272    0.272339900    0.106597800    0.522937300
1273    5.835155000    0.374639700   -1.109076000
1274   -0.950000000   -0.692030800    0.786964400
1275    2.195790000   -0.213564800   -1.453554000
1276   -0.950000000   -0.124820100    0.171888700
1277   -0.950000000   -0.314385100   -0.263245300
1278   -0.950000000   -0.705589600   -0.313046600
1279   16.797350000    1.447839000    0.467512400
1280    2.306068000    0.156689400   -0.758123800
1281    4.087001000    0.666040700    0.746658100
1282    6.099454000    0.762375300    0.384098400
1283   15.307240000    1.200540000   -0.931006200
1284   10.797840000    1.309619000    0.467731800
1285   -0.950000000   -1.457011000   -1.230001000
1286    2.543012000    0.162043200   -1.049198000
1287    8.103604000    0.992931800   -0.531885900
1288    1.992696000    0.107535700   -0.889422800
1289   -0.950000000   -1.569306000   -0.920590600
1290    2.703586000    0.584951500    0.761790300
1291   12.831090000    1.191345000    1.872823000
1292   -0.950000000   -1.970004000    0.204978100
1293   -0.950000000   -1.444245000    0.195307400
1294    1.549761000   -0.079331660   -0.811476500
1295   17.023310000    1.926635000   -0.894238000
1296   -0.950000000   -0.229407300    0.582983600
1297    2.782858000    0.231697600    0.569282900
1298   10.840270000    1.275096000   -0.539263800
1299    3.279001000    0.381841600   -1.088617000
1300    7.384291000    0.424760100   -0.879152800
1301   -0.950000000   -0.833606600   -0.822944800
1302    6.384461000    0.230471900   -1.185723000
1303   -0.950000000   -0.353358600   -0.138407400
1304   -0.950000000   -1.555917000   -0.230552800
1305   -0.950000000   -0.044581860    1.437795000
1306   -0.950000000   -1.020813000    0.679422600
1307   12.553560000    0.658517300    0.267487600
1308   11.324620000    0.443260800    1.505821000
1309   23.033820000    1.481713000   -0.167311900
1310   -0.950000000   -1.304280000    0.776832500
1311   16.695850000    1.542123000    0.444461200
1312    6.564568000    0.332011200    1.653412000
1313    3.608569000   -0.294212300   -0.618789500
1314   13.561070000    0.772937700    0.304914900
1315   -0.950000000   -0.454288400    1.872443000
1316   13.666230000    0.240861500   -1.179373000
1317    1.065181000   -1.165307000   -1.643205000
1318   17.270740000    1.035466000    1.660523000
1319   18.741640000    1.154775000   -0.388680800
1320   16.366090000    0.778737800   -0.425536100
1321   -0.950000000   -0.757806600    0.220468600
1322    7.246550000    0.837817100   -0.010493380
1323    7.589854000    0.885597300    0.796167400
1324   10.817620000    0.982508600    0.682414300
1325   -0.950000000   -1.068809000    0.196220300
1326   -0.950000000   -1.456501000   -1.983179000
1327    5.689031000   -0.092563380   -1.587833000
1328    9.683086000    1.278592000    1.272448000
1329   -0.950000000   -0.203554300    0.315686700
1330   -0.950000000   -0.406328900    0.283758900
1331    7.249908000    0.310196900   -0.521119700
1332    1.333606000   -0.166930600   -0.719801200
1333    5.502088000    0.277567900    0.251961400
1334    1.951192000    0.010810760   -0.147790700
1335   -0.950000000   -0.866429500    0.740797700
1336    2.757170000    0.458564800   -0.630241100
1337   -0.950000000   -0.627305900   -0.802305500
1338   -0.950000000   -0.097184420    0.322051900
1339   23.170840000    1.984712000    0.184985800
1340    1.175576000    0.405509400    0.907016700
1341   14.426160000    1.341250000    0.740050800
1342   -0.341565700   -0.012725460   -0.846748700
1343   -0.950000000   -1.080953000   -0.382863000
1344   -0.950000000   -1.187673000    0.074849740
1345   -0.950000000   -0.340371200   -0.441983100
1346   -0.950000000   -1.275322000   -1.225108000
1347    6.509013000    0.848056600   -0.917482200
1348   -0.950000000   -1.253074000   -1.248299000
1349    0.867432500    0.349059400    0.832113700
1350   -0.950000000   -0.738762300    0.032326670
1351    9.420196000    0.456803400   -0.906193900
1352    2.425683000   -0.097094350   -0.314304700
1353   10.014670000    0.900743100    0.928449400
1354   -0.950000000   -1.118661000   -0.612904600
1355   -0.950000000   -0.681642600    0.955718800
1356    4.585516000    0.663710600    0.720925600
1357   -0.950000000   -1.288501000    1.329997000
1358   10.208290000    0.588744700    0.193362400
1359   23.121470000    1.601129000   -0.268792600
1360   -0.950000000   -1.270750000   -0.676129700
1361    0.266986700   -0.269658300    0.093382110
1362   -0.950000000   -0.909058300    0.546009200
1363   20.759840000    1.856594000    0.413989400
1364    9.471768000    0.741734900   -0.243452900
1365    2.116269000    0.025435090    0.784865600
1366   10.786140000    1.124592000    0.322408900
1367    5.187680000    0.162218400   -0.165090000
1368    1.813211000   -0.285380600    0.696886800
1369    6.334169000    0.388723800    0.034926160
1370    7.464803000    0.482157900    0.987086900
1371    5.023345000    0.277302600    0.189806400
1372    3.031775000   -0.086003320   -0.069461980
1373    6.917085000    0.340426900   -0.381388000
1374   -0.598680800   -0.997243200   -1.755517000
1375    4.399064000   -0.126916600   -1.611184000
1376    7.897423000    0.521829200   -0.243980000
1377    6.341098000    0.419039400    1.180837000
1378   -0.344291200    0.087069150    1.478999000
1379   -0.950000000   -1.360048000    0.238700000
1380    1.668351000    0.214251000    1.014554000
1381   21.283110000    1.174030000   -0.536132900
1382   19.475300000    0.881956700   -0.213720100
1383    4.754670000    0.124986500    1.609877000
1384    6.739361000    0.056774610   -0.514010700
1385    8.161625000    0.508756800    0.401000500
1386   15.138050000    0.874005600    0.715575900
1387    2.068413000   -0.543851000    1.776604000
1388    9.904916000    0.585467600    0.396751100
1389    5.277041000   -0.155636900    0.390565900
1390    6.352526000    0.526903200    0.942356600
1391   15.872030000    0.851769200   -0.895264300
1392    8.510001000    0.004883980    0.662371300
1393    9.642812000    0.346953600    0.123880700
1394   24.621340000    1.477017000   -1.161476000
1395   22.143890000    1.843150000    0.862291700
1396    4.035905000   -0.245419400   -0.712696100
1397   12.615090000    0.644823000   -1.365848000
1398    3.040036000   -0.173260300    0.300257500
1399   -0.950000000   -1.708232000    1.685473000
1400   -0.950000000   -1.713496000    1.881958000
1401    2.776257000   -0.099297640    0.296800300
1402    4.600353000    0.241694000    1.344072000
1403    2.799223000    0.005028025    0.537754600
1404   19.123400000    1.320277000    0.085618070
1405   10.562650000    0.497302100    0.467480500
1406   -0.950000000   -0.313632300    0.702399100
1407   18.110770000    1.246455000   -1.141896000
1408   -0.950000000   -1.426983000    1.773462000
1409    9.807981000    1.249658000    0.397996700
1410   10.185770000    0.501838900    0.610597700
1411   12.045010000    1.237711000   -1.105313000
1412   -0.950000000   -0.371442200    0.483224800
1413   11.736730000    1.004142000   -0.535198000
1414   -0.950000000   -0.773775500   -0.859340200
1415    6.552295000    0.750372200    0.662471300
1416   16.658210000    1.378631000    0.457303700
1417   -0.950000000   -0.565958800   -1.272680000
1418    5.576919000    0.371060100   -0.216675400
1419    4.547457000    0.378598400   -0.536398600
1420    5.477029000    0.678724300    0.505681200
1421    6.664261000    0.606241800    0.533523000
1422   -0.950000000   -0.846984200   -0.253279000
1423   -0.950000000   -1.358155000    1.782308000
1424   12.642390000    1.565339000   -0.941107500
1425   -0.950000000   -0.742792100   -0.461551400
1426   -0.950000000   -0.556987200    0.794013600
1427    6.809591000    0.651018300   -0.806692200
1428   12.691230000    1.081606000   -0.403041200
1429   -0.950000000   -1.463071000   -1.037107000
1430    1.523135000    0.119565700    0.443539000
1431   11.602120000    0.719118300   -0.639419300
1432   -0.950000000   -1.074643000    0.704065300
1433    1.691724000    0.097798040   -0.133731000
1434   -0.594576900   -0.278585400   -0.850469100
1435    1.802664000    0.398252800    0.694670700
1436   -0.950000000   -0.464184800   -1.368951000
1437   14.788720000    1.045002000   -0.633643000
1438   -0.950000000   -0.125486000    0.819615600
1439   -0.950000000   -0.551735300    1.386500000
1440    3.145716000    0.760120200    1.180999000
1441   -0.950000000   -0.533186000   -0.529900900
1442   -0.950000000   -1.788037000    0.901480800
1443    2.703495000    0.351488400   -1.558626000
1444    3.549349000    1.261911000    0.150288900
1445   -0.950000000   -0.257806900   -0.448847800
1446   -0.950000000   -1.748052000    0.154446400
1447   -0.950000000   -0.943323500   -0.298497900
1448   -0.950000000   -1.690268000    0.705123300
1449   -0.950000000   -1.003586000   -1.093582000
1450   -0.950000000   -0.636359500   -1.181160000
1451   -0.950000000   -1.347986000   -0.818632900
1452    6.270309000    0.863725300   -0.082867040
1453   13.762730000    1.282014000    0.980538600
1454    9.631212000    0.980279900   -0.950244800
1455    7.167966000    0.945057300   -0.810829900
1456   -0.950000000   -0.178299000    0.247371100
1457    1.442980000    0.115347200   -0.643888700
1458   -0.950000000   -1.219761000    0.321761000
1459    5.059296000    0.317787400   -0.534743300
1460   -0.950000000   -0.403166500    1.879124000
1461   -0.950000000   -0.930403600    0.554384000
1462    8.496317000    0.436975000    0.422586400
1463    9.022747000    0.738912700   -0.547006300
1464   20.089880000    1.858849000   -0.430157900
1465    6.245987000    0.484526500    0.016208140
1466   -0.950000000   -1.093083000    0.062021480
1467   -0.950000000   -0.192660100    1.926116000
1468   -0.850300300   -0.217847200    0.749006000
1469   -0.950000000   -0.129853100    1.027218000
1470    8.282237000    0.398178900   -0.488351200
1471    5.747394000    0.668854500    0.233360500
1472    9.238978000    0.703829800    0.131767500
1473   -0.950000000   -0.370590200    1.539136000
1474   -0.950000000   -0.240058300   -0.188826900
1475    5.385180000    0.303054500   -0.522802000
1476   13.205530000    0.506566700   -1.657849000
1477   -0.950000000   -1.190796000    0.445148400
1478   -0.950000000   -0.734301600    1.252057000
1479    1.855875000    0.177776700    0.758427400
1480    6.086339000    0.712879100    0.390873800
1481   -0.950000000   -0.787822000   -0.816828800
1482   -0.950000000   -0.976730700    1.000777000
1483    4.330384000    0.347969100   -0.123323100
1484    6.076049000    0.537783000    0.649008800
1485    1.280345000    0.186757800    0.278162700
1486   -0.950000000   -0.512672700   -1.135092000
1487    3.081091000    0.632908900    0.761965600
1488    0.691037900   -0.021798060   -0.355126600
1489   -0.950000000   -1.420365000    0.368806800
1490   -0.950000000   -1.512971000   -1.055317000
1491   -0.950000000   -0.801452000    0.650006300
1492    8.143811000    0.703524100   -1.065633000
1493   14.873540000    1.814251000    0.462253400
1494    3.828268000    0.242700600   -0.519327700
1495   17.809120000    1.796474000    0.954312900
1496   -0.950000000   -1.559496000    1.413373000
1497   -0.950000000   -0.265517400   -0.110863700
1498    1.712688000    0.319556100    0.156640000
1499   -0.950000000   -1.649342000    1.927248000
1500   -0.950000000   -0.065632250   -0.093328920
