*y  x1  x2
   1    9.525926000    0.262078900   -1.517341000
   2    0.673004100   -0.237116800   -0.022959180
   3    4.216008000    0.089483600    0.055248180
   4   -0.950000000   -0.728944100   -0.298696300
   5   14.392780000    1.298489000    1.349243000
   6   12.937490000    0.844981300   -0.866184900
   7   -0.950000000   -1.627018000   -0.698614300
   8   12.612930000    1.323372000    1.642343000
   9   -0.950000000   -1.316741000    1.793434000
  10   -0.950000000   -0.971839900    1.113608000
  11   -0.950000000   -0.454599800    0.995486100
  12    1.366995000   -0.082480690    0.122178300
  13    1.487293000    0.007175354    0.322782200
  14   -0.950000000   -0.423390300    1.404823000
  15   -0.950000000    0.317689900    1.881665000
  16   -0.950000000   -0.780916800    0.660171200
  17    6.424214000    0.216300900   -0.793102100
  18   14.133740000    1.178069000   -0.628312200
  19   17.284300000    1.438170000   -1.023271000
  20    6.105733000    0.406605200   -0.295788400
  21    8.795864000    0.918015600   -0.452068500
  22   -0.950000000   -0.833382700    0.413138100
  23   14.315740000    1.290960000    1.233003000
  24    4.337963000    0.051190650   -1.100504000
  25    7.552199000    0.860149300   -0.348380900
  26   -0.950000000   -0.462356100   -0.817901100
  27    2.398929000    0.355662900   -0.496652200
  28    2.288819000    0.482966300    1.873776000
  29    5.818022000    0.194973500   -0.553206000
  30    8.142209000    0.375207000   -1.369407000
  31    0.815754200   -0.166513300    0.998344200
  32    0.561973000   -0.427270000   -0.454679600
  33    3.779284000    0.368415200    1.283527000
  34   19.891160000    1.595712000    0.752466500
  35    5.290589000    0.121181800    0.180690100
  36    4.521076000    0.076585290    0.344389200
  37    8.272709000    0.156058200   -1.476871000
  38    9.438509000    0.691583500   -0.346470900
  39    6.081937000    0.154692000    0.233399500
  40   16.771020000    1.656674000    0.253020300
  41    0.251325900   -0.005624050    1.351050000
  42    6.904677000    0.410967800   -0.155534900
  43    0.959546000   -0.473466500    0.766700900
  44   13.663360000    0.589286900   -0.399921100
  45    1.423151000   -0.019039910    0.593201500
  46    4.981442000   -0.372809600    0.140198100
  47   18.287450000    1.044158000    0.732182400
  48   10.930480000    0.322155300   -0.021919220
  49   15.490050000    0.637574900    1.333722000
  50   20.247450000    1.483643000    1.098939000
  51   21.083340000    1.183126000   -0.105693200
  52   -0.950000000   -1.155457000    1.080570000
  53    0.867416000   -0.678778600    1.844056000
  54   13.873980000    0.449741700   -0.004949997
  55   14.205770000    0.548467700    0.148748300
  56   13.413820000    0.666903000    0.345810600
  57   10.242600000    0.247562200   -0.237982200
  58    8.304071000    1.375854000    0.946441800
  59   -0.950000000   -1.827281000    0.711210600
  60    7.838308000    0.201969800    1.060817000
  61   22.840120000    1.785227000    0.871880300
  62    1.918287000   -0.007854943   -0.176220500
  63    3.922159000    0.445536700    1.786765000
  64   13.276240000    1.425669000    0.344503900
  65   12.507130000    1.673090000    1.054499000
  66    6.254222000    0.152001200   -1.138059000
  67   -0.923486900   -0.444340900   -0.346565700
  68    1.017618000    0.277706600    0.359128900
  69   -0.950000000   -0.960846700    0.168037800
  70   -0.950000000   -1.434485000   -0.055784530
  71   -0.950000000   -1.266441000   -0.353273900
  72   -0.950000000   -1.632776000    0.315399500
  73   -0.950000000   -0.484500800    0.702330800
  74   11.116670000    0.752992900    0.287229100
  75    2.086425000    0.716639500    0.656741100
  76   12.108180000    1.210078000   -1.302801000
  77    3.966225000    0.271266700   -1.236261000
  78   -0.095290380    0.215805500    0.474619000
  79   -0.950000000   -0.723475700   -0.036233200
  80   -0.950000000   -1.422314000    0.972730600
  81   -0.950000000   -0.394281600    0.636981400
  82   -0.950000000   -1.179570000   -0.148077500
  83   16.297740000    1.489472000   -0.753097000
  84   -0.950000000   -0.404047400   -0.240262700
  85    8.959878000    1.002138000    1.307487000
  86    4.374950000    0.284319300    0.258235200
  87    3.253954000    0.565816500   -0.392164500
  88   -0.950000000   -1.065894000    0.281509700
  89   -0.950000000   -1.053553000   -0.512963200
  90   -0.950000000    0.098410200    1.702925000
  91   -0.950000000   -1.288534000   -0.194288900
  92   -0.950000000   -0.824055600    0.299821000
  93    2.607139000    0.388418200   -0.502133200
  94   -0.950000000   -0.818667300   -0.432221400
  95   -0.950000000   -0.135738700   -0.689747700
  96    2.213386000    0.721410800    1.263496000
  97   -0.950000000   -1.009348000    0.623927200
  98   -0.950000000   -0.301458800   -0.829853200
  99   -0.950000000    0.067783390   -0.627786200
 100   -0.950000000   -0.244047300   -0.475693100
 101   -0.950000000    0.194468400    0.262980900
 102   -0.950000000    0.228156700    0.525931000
 103   15.348060000    1.687811000    0.044021720
 104   -0.950000000    0.267067400    0.150494300
 105   -0.950000000    0.132574600    0.019033290
 106   -0.950000000   -1.259296000   -0.532969000
 107    9.979722000    0.142710800   -1.790648000
 108    0.619357700    0.209659200   -0.094071770
 109   -0.950000000    0.126808700    0.172281700
 110   -0.950000000   -0.582868900   -1.589639000
 111    9.729198000    0.800405900   -0.786177100
 112   16.733280000    1.263126000   -1.500785000
 113    2.860634000    0.416794900    0.418775500
 114    1.076597000    0.087169300   -0.492184700
 115   -0.950000000   -0.007259104   -0.443209300
 116   -0.950000000   -0.556335600    0.812644900
 117    0.243905100    0.437600500    0.561072500
 118   -0.950000000   -0.367191500   -0.266197800
 119    1.260906000    0.582286000    1.356276000
 120   -0.950000000   -0.526233400   -1.750054000
 121   -0.950000000   -1.895995000   -0.088840000
 122   -0.950000000   -0.829224600   -0.374467500
 123   11.371160000    1.321422000    1.125427000
 124   -0.950000000   -0.062630100    0.400821500
 125   11.679030000    0.965423300   -0.553267500
 126   -0.616309300   -0.199350100    0.787455200
 127    7.089608000    0.414864100   -1.465993000
 128   15.063440000    1.954499000    0.728345000
 129   -0.950000000   -0.971838900   -0.548428700
 130    0.739033700    0.132305100    0.904511700
 131    2.374998000    0.002756781    1.100117000
 132   -0.950000000   -0.092583490    0.424110300
 133    2.599343000    0.391942400    0.623035700
 134   -0.950000000   -0.182918600   -0.629733900
 135   -0.950000000   -0.923041200   -0.726549900
 136   13.457590000    0.865037700   -0.428724800
 137   -0.950000000   -0.495581000    0.816433300
 138    8.249252000    0.349808600   -0.348898000
 139   23.570280000    1.661594000   -1.364076000
 140   16.255380000    1.011278000   -1.640271000
 141   21.719040000    1.665915000    0.146821600
 142   14.452130000    1.060926000   -1.279883000
 143   15.387170000    1.192011000    1.271791000
 144   15.058990000    1.125821000    0.775644700
 145    2.830511000   -0.387231100   -1.669623000
 146    9.457218000    0.290469100   -0.954151300
 147   -0.950000000   -1.083413000   -0.294757400
 148    8.972437000    0.623752200    1.527105000
 149    0.059785640   -0.199484900    1.108213000
 150    8.180450000    0.395259100   -0.973360200
 151    1.911215000    0.226805200   -1.444502000
 152   -0.950000000   -1.370538000   -0.046377880
 153   -0.950000000   -0.863027200   -0.256300200
 154    2.787703000    0.678037800    1.250302000
 155   -0.950000000   -0.183642400   -0.636725800
 156   -0.950000000   -0.394555800   -0.472746500
 157    8.373293000    0.844841000    0.579391200
 158    3.791182000    0.453404300    0.023188880
 159    1.021447000   -0.014870740   -1.112988000
 160   -0.950000000   -1.342938000    0.901316100
 161   20.233360000    1.198169000   -1.745257000
 162   -0.950000000    0.209775900    0.079696300
 163   -0.950000000    0.004963401   -0.156505000
 164   -0.950000000   -0.621390300    0.571431700
 165    1.190694000    0.306502400   -1.613516000
 166    1.058580000    0.449768900    0.413223700
 167   -0.674515800    0.390317500    0.105092300
 168   -0.950000000   -1.104793000   -0.128930000
 169    0.853279300    0.056030940   -1.269538000
 170   -0.004268559    0.113765400   -0.242011100
 171    2.502666000    0.716898900    0.498891300
 172   -0.950000000   -0.811449000    0.545062800
 173   -0.950000000   -0.327641900   -0.204347200
 174   -0.950000000   -1.663380000   -0.468524800
 175   -0.950000000   -0.189400100   -1.433931000
 176   16.460140000    1.201907000   -1.657504000
 177    9.130114000    0.734264000   -0.831710600
 178   -0.950000000   -0.833026600   -0.210522100
 179   -0.950000000   -0.698424200    0.418669500
 180   -0.950000000   -0.110983600    1.614585000
 181   -0.950000000   -1.960045000   -0.764451700
 182   -0.950000000   -0.724483900   -0.739585800
 183   -0.950000000   -0.142493800    1.466101000
 184    6.784731000    0.763026300    0.048163290
 185   -0.654430800    0.105991200    0.237378400
 186   -0.950000000    0.223878800    0.822041600
 187   -0.950000000    0.533253400    1.375643000
 188   -0.950000000   -0.931561700   -0.010053900
 189    7.883643000    0.871286900   -0.955877400
 190   -0.950000000   -0.574685200   -0.216193800
 191   -0.950000000    0.129495500    0.906109100
 192   -0.950000000   -1.734166000   -1.447205000
 193   -0.950000000   -0.014806630   -0.074731790
 194    7.495157000    1.046430000   -0.218982700
 195   -0.950000000   -0.299438300    1.710234000
 196    1.076910000    0.712411700    1.904978000
 197   -0.950000000   -1.428887000    0.482302900
 198    3.256352000    0.034262690    0.240606900
 199    3.689721000   -0.193940100   -1.087293000
 200    1.208584000    0.639407700    1.332108000
 201    5.769638000    0.709894300    0.881071900
 202   -0.510604400   -0.432591600   -1.406765000
 203    4.966865000    0.316552600    0.795734000
 204   15.423670000    0.865742800   -0.806237400
 205    2.038161000   -0.072595980    0.581556800
 206    7.725824000    0.570609000    1.200334000
 207   -0.766852500   -0.279359700   -1.964592000
 208   -0.950000000   -1.308703000   -1.353295000
 209   -0.950000000   -0.784429900    0.317002900
 210   -0.950000000   -0.604301400    0.170561500
 211   -0.950000000   -0.009623060   -0.071629890
 212   -0.950000000   -1.149253000   -1.988033000
 213   -0.950000000    0.036236530   -0.086360520
 214   -0.950000000    0.258772000    0.787421500
 215   -0.950000000   -0.823169700   -0.934175800
 216   22.702080000    1.856323000   -1.322874000
 217   -0.950000000   -0.896286900    0.331145700
 218   -0.950000000   -0.062683280    0.587538600
 219   -0.950000000   -0.344342500    0.670276600
 220    7.582840000    0.994435200   -0.858858500
 221   -0.950000000   -0.180766500    0.261183700
 222   -0.950000000   -0.249457500    0.437978500
 223   -0.950000000   -1.858031000   -1.687937000
 224   -0.950000000   -0.651962000   -1.239427000
 225    6.965992000    1.433706000    0.470365000
 226    1.912355000   -0.115457900   -0.585979200
 227   -0.098934740   -0.057193620   -0.236724500
 228   -0.950000000   -0.357109200    0.858430900
 229   -0.950000000   -0.050257350    0.849751300
 230    2.703634000    0.426636400    1.473086000
 231   -0.950000000   -0.670311000   -0.793025800
 232    2.407981000   -0.158496800   -1.878287000
 233   -0.950000000   -0.832883100   -0.893798600
 234    3.919061000    0.329154500   -0.007183144
 235   -0.950000000   -1.596823000    0.209008400
 236    0.732637500   -0.018654320   -0.318162000
 237    0.222492300   -0.106591900   -0.639776600
 238   -0.950000000    0.484130000    1.787789000
 239   10.643530000    1.174523000   -0.528614700
 240    4.187330000    0.362840500   -0.325880100
 241   16.787080000    1.619476000    0.470190100
 242   -0.950000000   -1.870171000   -0.734620800
 243   12.736960000    0.952674800    1.007692000
 244   15.222950000    0.792570300    1.479012000
 245    3.742505000    0.074376080    0.018266900
 246    1.708875000   -0.116925800   -0.076155030
 247    5.498453000    0.290840300    0.535057400
 248    8.707645000    0.333349300   -0.681325500
 249   -0.950000000   -1.023754000   -0.241250500
 250   -0.950000000   -1.330020000    0.487203100
 251   11.301550000    0.973646700   -0.069713900
 252   -0.950000000   -1.008868000    0.354514100
 253   12.041180000    1.128494000    0.110494500
 254   -0.633761700   -0.155469600    0.926359300
 255    4.568434000    0.735017800    1.389982000
 256   -0.950000000   -1.884533000    0.251927100
 257   -0.950000000   -1.387499000   -1.333325000
 258   -0.950000000   -0.951387800    0.715637000
 259   -0.950000000   -1.352398000   -0.112405100
 260    7.043658000    1.233950000    1.393723000
 261   -0.950000000   -1.276683000    1.020607000
 262    6.314165000    0.915930900   -0.355407000
 263   -0.950000000   -1.805696000    0.621645600
 264   -0.950000000   -1.768347000   -0.776163700
 265    1.085998000    1.037289000    1.530308000
 266   -0.950000000   -1.630707000   -0.144853600
 267   12.917080000    1.675395000   -0.409326200
 268    4.146570000    0.509832800    0.699404700
 269   10.066620000    1.198681000    1.256760000
 270   15.182920000    1.010309000   -1.210053000
 271   -0.950000000   -0.497603900    0.134885600
 272   -0.950000000   -0.434625000    0.011852540
 273   -0.950000000   -1.052131000    1.384552000
 274   -0.950000000   -1.523576000    0.734550800
 275   -0.950000000   -0.714974100   -0.320252200
 276    4.139569000    0.754575700    0.247676100
 277   -0.950000000    0.323521700    0.608669200
 278   -0.950000000   -0.725730100    0.337225700
 279   -0.950000000   -1.266555000   -0.916536300
 280   -0.950000000   -0.148163300    0.431283200
 281   -0.950000000   -1.006517000   -0.468054700
 282   -0.950000000   -1.717617000   -0.502970100
 283    5.448793000    1.231403000   -0.024974410
 284   -0.950000000   -1.093448000   -1.133789000
 285   -0.950000000   -0.552707300    0.909884100
 286   -0.950000000   -0.654198900    0.077480320
 287   -0.950000000   -0.848603100    0.272102900
 288   11.878420000    0.786519700   -1.116300000
 289    3.005711000    0.246772500   -0.211327400
 290    6.224892000    0.752027500    0.587114400
 291   -0.950000000   -0.112855800   -0.646768300
 292    9.208131000    0.515948100   -0.667018000
 293    8.450399000    0.804246100    1.355821000
 294    2.978984000    0.443059000    0.450786900
 295   -0.950000000   -0.649967600    1.362220000
 296   -0.950000000   -1.438413000   -0.654256100
 297   11.294300000    1.458182000   -1.375624000
 298    8.153624000    0.604685900   -0.481551500
 299   -0.950000000   -0.350862500    0.470498800
 300   -0.950000000   -0.639604700   -0.407750000
 301    6.284522000    1.108609000    1.251324000
 302   -0.950000000   -0.898794200   -1.336316000
 303    5.129403000    0.553428000   -0.510546100
 304   -0.950000000   -0.234005100   -0.174282500
 305   -0.330291200   -0.051143400   -0.918324500
 306   -0.950000000   -0.091143260   -0.875781200
 307   -0.950000000   -1.326616000    0.711708600
 308    0.605636700    0.458768500    0.889831600
 309   -0.950000000   -0.609186900   -0.036154250
 310   -0.950000000   -0.581262800   -0.651136500
 311   -0.950000000   -0.321579800   -1.164736000
 312   -0.950000000   -0.340364100    0.571971700
 313    4.944201000    0.968065800    1.126021000
 314   -0.950000000    0.377257300    0.786133600
 315   -0.950000000   -1.035882000   -1.516016000
 316   -0.950000000   -0.684636800   -0.230973700
 317    1.488622000    0.313847000    0.431956100
 318    2.946670000    0.530723300    0.883414000
 319   -0.950000000   -0.932737900    0.280993200
 320   15.952260000    1.148804000   -0.874871900
 321   12.725200000    1.076255000   -0.930747800
 322   -0.950000000   -0.988719000    0.724145500
 323    9.704289000    0.575366400   -0.449498100
 324   -0.950000000   -0.309046800   -0.741549100
 325   -0.950000000   -1.913673000   -0.556993600
 326   -0.950000000   -0.084933040    0.136423800
 327   -0.950000000   -0.396661200    0.066285870
 328   16.692320000    1.772959000   -1.105764000
 329   15.052700000    0.936937200   -1.050759000
 330    6.903067000    0.447156700   -0.048895310
 331   -0.950000000   -1.096252000    0.557904400
 332   -0.950000000   -1.164221000    1.315236000
 333    8.575970000    0.455177900    0.634567400
 334   -0.950000000   -0.709994800    0.881078700
 335   13.063160000    0.975114900    1.332195000
 336   11.889770000    0.822258400   -0.092903700
 337    5.864572000    0.312307800    0.120917000
 338    8.377255000    0.121480800   -1.708161000
 339   -0.950000000   -0.702471300   -0.373750100
 340   12.291910000    0.793111300   -0.786077300
 341   -0.950000000   -0.905887300    0.270386300
 342   -0.950000000   -0.256904900    1.943631000
 343   11.706910000    0.620855800   -0.622529600
 344    2.166454000   -0.007410224   -0.057196090
 345    4.258239000    0.206483200    1.009331000
 346   10.958280000    0.766670300   -0.853735100
 347    5.131263000    0.329671800    0.125069800
 348   -0.950000000   -0.164515000    0.547502100
 349    5.228162000    0.325239400   -0.401721000
 350   -0.950000000   -1.208846000    0.877320000
 351    8.195333000    0.531461200    0.727071800
 352   -0.950000000   -0.468515200    0.130136300
 353   -0.950000000   -0.619776700   -0.129840000
 354    5.836178000    0.728624900   -0.326162500
 355    8.267645000    0.934941000    0.032454760
 356    1.640892000    0.065754720    0.204257200
 357   -0.950000000   -1.460798000   -0.945774900
 358   11.466540000    0.721276100   -1.967753000
 359   -0.950000000   -0.417920800    0.645909700
 360    1.176778000    0.112696600    0.486250300
 361   17.384950000    1.503752000   -0.356036200
 362   10.360960000    0.991090200   -0.648463300
 363   -0.950000000   -1.217935000    1.125794000
 364    1.438352000    0.072243860    1.194309000
 365    4.134798000    0.417021800    0.254560900
 366   -0.950000000   -1.221527000    0.324912200
 367   -0.950000000   -0.376893300    0.096466900
 368    2.476971000    0.213019400    0.006071004
 369   -0.950000000   -0.972002100   -0.424245700
 370    0.646952400    0.522418200    1.110395000
 371    8.133286000    0.559075200   -1.326110000
 372   12.099410000    0.974196900    0.071271560
 373    5.100192000    0.331551300   -0.806415100
 374   -0.950000000   -1.562425000   -0.940939100
 375    2.777015000    0.273068800    0.074708760
 376   -0.950000000   -0.265964200    0.136934700
 377   24.060700000    1.982742000   -0.303996600
 378   -0.950000000   -1.138163000    0.904120400
 379   -0.950000000   -0.356182700   -0.730134100
 380   -0.950000000   -0.312690500    0.797962800
 381   -0.950000000   -1.451265000   -0.850684200
 382   -0.950000000   -0.504072600   -0.293428500
 383   -0.950000000   -0.918699000    1.259154000
 384   -0.950000000   -0.295934600    0.083304010
 385   -0.950000000   -0.913237200    0.443361200
 386   12.227580000    1.527921000   -1.261413000
 387   -0.950000000   -0.334375200    0.212878900
 388   -0.950000000   -1.131162000   -0.287954000
 389   14.441660000    1.279373000   -0.180320900
 390   -0.950000000    0.501657700    1.189287000
 391    3.758254000    0.183244700   -0.336263500
 392   -0.950000000   -1.735755000    0.481064400
 393   -0.950000000   -0.485933300    0.235219600
 394   -0.950000000   -0.183695600    0.756997200
 395   -0.950000000   -0.688811300    1.050957000
 396    4.265472000    0.885221300    0.833903400
 397    3.265175000    0.042894580   -1.061894000
 398   -0.950000000   -0.304406800    1.384278000
 399   -0.950000000   -1.506634000   -0.272383400
 400    1.436493000   -0.151588300    0.080400880
 401   11.541700000    0.980773500    0.069092040
 402    0.842267900   -0.074391630    0.146479700
 403    9.310802000    0.939265700   -0.902698400
 404    7.924813000    0.566400100   -0.992211200
 405    8.081391000    1.028054000    0.471055600
 406   -0.950000000   -0.979797100    0.059566390
 407   -0.950000000   -0.996514600   -1.511101000
 408   -0.950000000   -1.425031000   -0.485146600
 409   -0.950000000   -1.037958000   -0.350808300
 410    0.483969300    0.129809700    0.337728200
 411   -0.950000000   -1.900951000    0.896867900
 412    3.894209000    0.138451800   -0.445141000
 413   -0.950000000   -0.523220700    1.472665000
 414   -0.950000000   -0.765053400    0.979540500
 415    0.586003000    0.190814200    0.283383900
 416    2.714264000    0.163873100    1.222462000
 417    2.354125000    0.742310400    1.243893000
 418   -0.950000000   -0.052155310    0.090373550
 419    3.357655000    0.137849800   -0.919956000
 420   -0.950000000   -0.572395900   -0.842997500
 421   -0.950000000   -1.257543000   -0.851429600
 422   -0.950000000   -0.340643100   -0.126531500
 423    1.435098000    0.034970280   -1.280144000
 424   -0.950000000   -1.222430000    0.124755900
 425   -0.950000000   -0.966386600   -0.310251500
 426    8.886402000    1.507917000    0.940234200
 427   -0.950000000   -0.708299800   -0.319674100
 428    8.858485000    1.182644000    0.268230800
 429    2.503800000    0.407927500   -0.661381700
 430   -0.950000000   -1.266096000    1.550022000
 431   -0.950000000   -0.662418500   -0.242862400
 432   -0.950000000   -0.390987000    1.487019000
 433   -0.950000000   -1.156926000    0.633194400
 434   -0.950000000   -0.132673300    0.428598200
 435    4.725782000    0.542910400   -0.925434300
 436   -0.950000000   -0.500606200    0.125969500
 437    4.553119000    0.341017500    0.598375200
 438    0.040140490   -0.644476700   -1.644763000
 439   12.807400000    0.910669000   -0.959304800
 440   -0.950000000   -0.550671600    0.065953910
 441   15.861510000    0.862025500    1.041301000
 442    6.960963000    0.621468600    0.516100400
 443    2.456392000   -0.116617600    1.861409000
 444   -0.950000000   -1.858759000    1.527743000
 445    3.322323000    0.158291200   -0.361499600
 446   -0.950000000   -0.728316900    0.218294200
 447   -0.950000000   -1.304039000    1.956401000
 448   -0.950000000   -1.352612000    1.160457000
 449   -0.919632300   -0.189048700    1.131142000
 450    3.846143000    0.362639900    0.259659900
 451   -0.497925300    0.193153900    0.870503400
 452   -0.950000000   -0.593814500    1.072419000
 453    4.180507000    0.776020300    1.939429000
 454   -0.950000000   -0.414601700    1.156644000
 455    5.844971000    0.647656400   -1.420362000
 456    4.472336000    0.727761500   -0.571337300
 457   -0.950000000   -0.911501600   -1.922736000
 458   -0.212178800    0.058579250   -0.918549500
 459   -0.950000000   -0.331587600    0.741257800
 460   10.135490000    1.191785000    0.334415400
 461   -0.950000000   -0.011225290   -0.577883300
 462   -0.353244700    0.045559420   -0.912357400
 463    4.614450000    0.672060800   -0.407077100
 464    0.439379200   -0.120791100   -1.466986000
 465   -0.950000000   -1.669436000   -1.139278000
 466    2.518927000    0.137707900    0.163518400
 467   -0.950000000   -1.385614000   -0.939163300
 468   -0.950000000   -1.497382000    1.111493000
 469    3.646700000    0.418426200   -0.276467500
 470   -0.950000000   -0.742503800    0.520520700
 471    6.447759000    0.942037100    0.283966100
 472   -0.950000000   -0.622684700   -0.427225900
 473    7.557137000    0.806271600    0.458292900
 474   10.317620000    1.314317000   -0.379147400
 475    4.066127000    0.906441500    0.811083800
 476   -0.950000000   -1.907203000    0.487068300
 477    9.216290000    0.748696200   -0.616469900
 478   -0.088508830   -0.523080800   -1.661320000
 479   -0.950000000   -1.009757000    0.062648970
 480   -0.950000000   -0.604442400    0.380852200
 481   18.007870000    1.647146000    0.179429500
 482    5.492896000    0.606172800    0.394214900
 483   22.223320000    1.616675000    0.313843600
 484   -0.950000000   -0.646803900   -1.238634000
 485    2.754770000    0.045631760   -0.449056300
 486   -0.950000000   -1.472342000   -0.304724000
 487   -0.950000000   -1.624505000    0.835894100
 488   -0.950000000   -0.586081400    1.247804000
 489    9.741649000    0.707158300    0.684879000
 490   14.715210000    1.241716000    0.176585100
 491   -0.950000000   -1.209642000    0.095057890
 492   11.274430000    0.851679600   -0.004718558
 493   -0.950000000   -0.605114100    1.062153000
 494    0.742008400   -0.188831200   -0.243809900
 495   -0.950000000   -0.918188700   -0.032911680
 496   -0.950000000   -0.330388700   -0.946859400
 497   -0.950000000   -0.903058800    0.169935300
 498   -0.950000000   -0.922164500    0.986783000
 499    4.410005000    0.407769500   -0.995375300
 500   -0.950000000   -1.353461000    1.124004000
 501   -0.950000000   -1.616154000    0.800523100
 502    5.023299000    1.128726000    0.539074600
 503   -0.950000000   -0.515916800   -0.566667000
 504   -0.950000000   -0.100033800    0.411060700
 505   -0.950000000   -1.762381000   -1.046982000
 506    7.264585000    0.717292100   -0.986644700
 507   -0.950000000   -0.859262300   -0.349182900
 508   -0.950000000   -0.353166700   -0.088606740
 509   -0.950000000    0.044280620    0.379383900
 510   -0.950000000   -0.874607100    0.404326200
 511   -0.950000000   -0.509143600    0.415515500
 512   12.865660000    0.801790400   -0.492114500
 513    5.541356000    0.424651300    0.867890900
 514    6.793035000    0.515536300   -0.185449900
 515    5.624667000    0.326562900    0.612856500
 516    2.269709000   -0.018525310    0.122712900
 517    9.683638000    0.652153200   -0.488929700
 518   17.604660000    1.557588000    0.654890800
 519   -0.414025200    0.182717200    0.910279500
 520    2.325249000   -0.083585070   -0.874914500
 521    1.707101000   -0.285115400   -0.596458500
 522    1.724642000   -0.012232520    0.320748900
 523    5.008954000    0.372155400    0.506140000
 524    2.293383000    0.332845600    0.591349900
 525   16.873380000    1.301460000    0.049793670
 526   -0.950000000   -0.698945500    0.618117000
 527   12.713550000    1.691031000   -1.715205000
 528   -0.950000000   -0.826046100    0.626577700
 529   -0.950000000   -0.028263580   -0.100038200
 530   -0.950000000   -1.355698000   -0.851663100
 531   -0.950000000   -0.723815300    0.728530700
 532    2.968852000    0.459255600    0.672004500
 533    5.598514000    0.104784600   -1.951271000
 534   15.204500000    1.446990000    0.389896800
 535    1.353027000   -0.045742010   -1.418671000
 536   -0.551895500   -0.015860740    1.078835000
 537    3.230991000    0.165019200   -1.183532000
 538   -0.950000000   -1.284041000    0.638520900
 539   -0.950000000   -0.057514770    1.138299000
 540    1.142939000   -0.079059370    0.493608700
 541   -0.950000000   -0.596571400   -0.093659320
 542    5.795436000   -0.011559390   -1.879049000
 543    0.917853400    0.290102700    0.926547000
 544   -0.219705700   -0.111830100   -0.903076200
 545   -0.950000000   -1.183372000    0.290023100
 546   -0.950000000   -0.536926400   -1.900951000
 547   -0.950000000   -0.918075100    0.682016900
 548   10.391230000    1.234198000   -0.522050300
 549   16.281690000    1.286105000    1.810522000
 550   20.801120000    1.847287000   -0.748951100
 551   -0.950000000    0.504651600    1.830451000
 552    3.878131000   -0.023460920   -1.653822000
 553   -0.950000000   -1.061116000    0.484972400
 554   -0.950000000   -1.729387000    0.129366900
 555   -0.950000000   -0.300862700    0.171605700
 556   -0.950000000   -0.548893300    0.839130100
 557   14.568210000    1.299050000   -0.446169400
 558   -0.950000000   -0.112041000   -0.201128200
 559    9.237031000    0.623286600   -1.367134000
 560   -0.950000000   -0.539261800    0.346697500
 561   -0.950000000   -0.113293700    0.234364300
 562   -0.950000000   -0.586751400   -0.334515900
 563   -0.950000000   -0.597123500    0.041462270
 564    0.794397000    0.334346600   -0.109251000
 565    6.803300000    0.982123100    0.940375200
 566   -0.950000000   -0.315873000   -0.537851100
 567    3.577313000    0.517101100    0.082842710
 568   -0.950000000   -0.835332300   -1.557452000
 569    4.136860000    0.271211900   -0.751629400
 570   -0.950000000   -1.275942000    0.330541500
 571   -0.950000000   -1.379653000   -0.126525800
 572    0.663837700    0.041792530   -0.095647840
 573    4.839023000    0.207560500   -0.436876900
 574   10.612780000    0.788278400   -0.516929500
 575   -0.950000000   -0.851403900   -0.342981000
 576   -0.950000000   -0.541954600   -0.569123600
 577   -0.950000000   -1.211513000    1.175852000
 578   21.908880000    1.564204000   -0.182137600
 579   -0.950000000   -1.533305000   -0.270513900
 580   11.480050000    0.992313600    0.598915700
 581    8.336058000    0.569837900   -1.132117000
 582   -0.950000000   -0.419420900    0.702910500
 583   -0.950000000   -1.013123000   -0.811657100
 584   12.815500000    1.759400000    0.178233400
 585    5.363068000    0.624557500    0.740467300
 586   16.209580000    1.170064000    0.933306600
 587    7.912689000    1.134510000    0.439715300
 588   -0.950000000   -0.299574600    0.591859400
 589    5.184600000    0.365875900    0.766109800
 590   -0.950000000   -0.792011200   -0.298297800
 591   -0.950000000   -1.875400000    0.723294400
 592   11.454430000    1.420324000    0.103594100
 593    9.897699000    0.649063800    0.021306280
 594    6.418202000    0.207614000   -0.922170000
 595    6.259311000    0.503312400   -0.081932240
 596    9.879904000    0.793400400   -0.462984700
 597   -0.950000000   -1.486556000   -1.686941000
 598   -0.247816300   -0.057624920    0.300560600
 599   -0.950000000   -0.139891900    1.762825000
 600   -0.950000000   -0.023070470    0.733091900
 601   10.424250000    0.608141200   -1.045084000
 602   -0.950000000   -0.889138400   -0.033640490
 603   -0.950000000   -1.302589000    1.625088000
 604    6.555583000    0.983475700    1.404840000
 605    0.349236200   -0.362644500   -0.360741800
 606   -0.950000000   -1.586739000    1.119210000
 607   -0.950000000    0.261260000    1.832882000
 608    2.363715000    0.049579250    0.884982900
 609   -0.950000000   -1.008378000    0.363157700
 610   -0.950000000   -1.032074000    1.533214000
 611    2.522385000    0.005493783    0.770982900
 612   16.432400000    1.709480000    0.314648500
 613   12.149260000    0.512149000   -1.756673000
 614   -0.950000000   -1.233307000    0.216123200
 615   -0.748192800    0.265278000    1.075992000
 616    0.753782200   -0.411383100   -1.285515000
 617   10.627880000    1.002943000    0.696634600
 618    3.372915000    0.191431500   -1.051470000
 619    7.656843000    1.521615000    1.984416000
 620    7.748658000    0.478921200   -0.631749400
 621   -0.950000000   -0.725783600    0.797510000
 622   12.796870000    1.037830000   -0.852851800
 623   -0.950000000   -0.377562000   -0.509383300
 624   -0.516656000    0.065194260    0.709003200
 625   -0.950000000   -1.929052000    1.380496000
 626   -0.950000000   -0.094408470    1.478026000
 627    2.096112000   -0.049599260   -0.668383800
 628   -0.950000000   -0.362451300    0.476227200
 629    0.771728800   -0.425739600   -0.675371500
 630   -0.950000000   -0.472771600    1.131865000
 631   14.838010000    0.901812000   -1.852353000
 632   -0.950000000   -1.281095000   -0.951902200
 633   26.030820000    1.482288000    0.604862700
 634    5.080768000    0.554586300    0.626587400
 635   17.425390000    1.353901000   -0.249400100
 636    1.489609000   -0.081021850    0.207135900
 637   -0.950000000   -1.197977000   -0.401789000
 638    7.475963000    0.129253700   -1.326387000
 639    7.458123000    0.342567000    1.273883000
 640   -0.950000000    0.637798700    1.404281000
 641   10.857940000    0.376581900   -0.836313500
 642    1.576989000   -0.350681400    1.295774000
 643    4.156375000   -0.058884440   -1.250213000
 644   -0.950000000   -1.348727000    0.026431570
 645   14.586510000    1.204444000    0.719976400
 646   -0.722499100    0.266109000    1.734582000
 647   -0.910958000   -0.158946400    0.019483940
 648   -0.950000000   -0.895409000   -0.168036900
 649    9.834854000    1.169170000    0.825620500
 650   -0.950000000   -1.006724000   -0.695507400
 651   -0.950000000   -0.563561900    1.404197000
 652   -0.950000000   -1.313910000   -0.444874100
 653   12.991200000    1.096010000    0.075305160
 654   -0.950000000   -0.555812900   -0.929035500
 655   -0.950000000    0.129523100    0.614595700
 656   -0.950000000   -0.818535400   -1.000415000
 657   -0.950000000   -0.150591800    0.036898100
 658    3.567301000    0.352681000   -0.610976200
 659   -0.950000000   -0.810990900   -0.072417550
 660    5.895457000    0.261114900   -1.253434000
 661   -0.950000000   -0.977613600   -0.703196000
 662    1.406075000    0.231089300   -0.233339300
 663   -0.950000000   -0.160646000   -0.117272300
 664   -0.950000000   -1.387327000    1.570011000
 665   -0.950000000   -0.563543100    0.440622100
 666   -0.950000000   -0.759233600    0.407460400
 667   -0.950000000   -0.193616500    0.829538200
 668   -0.934619000    0.025982510    0.583200000
 669   -0.950000000   -0.820245600   -0.272463900
 670    1.177414000    0.065996360    0.830693100
 671   -0.950000000   -1.020011000    0.332309600
 672   11.359090000    1.018683000    0.182322100
 673    1.347664000    0.055592760   -0.195633000
 674    0.653311700   -0.051337690    0.348334300
 675   -0.950000000   -0.154264000    0.534659500
 676   -0.950000000   -1.029895000    0.143345900
 677   -0.950000000   -0.752482900    0.448012300
 678   -0.950000000   -1.220242000    1.634542000
 679   -0.950000000   -0.102616800   -0.535684500
 680   -0.950000000   -1.213800000   -1.186271000
 681   -0.950000000   -0.854163600   -1.405574000
 682    6.597184000    0.877299600    0.270040200
 683   -0.950000000   -0.977980700   -1.017059000
 684   -0.950000000   -0.800189300   -0.811653900
 685    8.584788000    1.466245000    0.152786000
 686   -0.950000000   -0.710065000    1.076285000
 687   15.085390000    1.472090000    0.482020100
 688   -0.950000000    0.819656000    1.839106000
 689   -0.950000000    0.037936470   -0.201195900
 690   -0.950000000   -0.765188000    0.722126100
 691    4.252546000    0.513960700    0.953693900
 692   -0.950000000   -0.836378600   -0.510303100
 693    2.890225000   -0.065680500   -0.449821600
 694    0.697866900   -0.205626400   -0.676331200
 695    6.305616000    0.365755300   -0.386384300
 696   10.520310000    1.072249000   -0.144248300
 697   -0.950000000   -0.189455100    0.539334000
 698   -0.950000000   -1.494316000    0.544902000
 699    9.496667000    0.682860100   -0.466485000
 700    8.414615000    0.660458300   -0.287301400
 701   -0.950000000   -1.099439000    0.666962000
 702    3.539591000    0.011744950   -0.551433800
 703    6.406951000    0.976577200    0.632740200
 704   -0.950000000   -0.515223000    0.546382800
 705    6.077086000    0.623159800   -0.132363200
 706    5.178101000    0.790291500   -1.001574000
 707   -0.950000000   -0.684825900    0.116495700
 708   -0.950000000   -1.756870000   -0.239658700
 709   -0.950000000   -0.679191200    0.985897200
 710    8.354895000    1.446626000    0.706019300
 711   -0.950000000   -0.342616800   -1.015626000
 712    9.197366000    1.634179000    1.002865000
 713   -0.950000000   -1.420956000   -1.025938000
 714   -0.950000000   -0.608659800   -1.745416000
 715   -0.950000000    0.270308300    0.154550300
 716    1.093332000    0.351915700    0.738914100
 717   -0.950000000   -1.673990000   -1.179916000
 718   -0.950000000   -1.207637000    0.688932300
 719   -0.950000000   -0.965630300    0.233735400
 720   -0.950000000   -1.772093000   -0.281195800
 721   -0.950000000    0.353988500    1.251114000
 722   17.128060000    1.280754000    0.134290500
 723   -0.950000000    0.061842110    0.735399400
 724   -0.950000000   -0.559572300    0.726005300
 725   26.166900000    1.733876000   -0.856490200
 726   -0.950000000   -0.656807300   -0.595126900
 727   -0.950000000   -0.732970800   -1.059507000
 728   11.484230000    0.592118700   -1.807507000
 729    3.016379000    0.873981600    0.765449400
 730    2.233173000    0.252407600   -0.255374800
 731   -0.950000000   -1.179850000   -1.281170000
 732   11.233730000    0.963625300    0.127886600
 733   -0.950000000   -1.790683000    0.218340400
 734   -0.950000000   -0.205980500   -0.961491000
 735   -0.950000000   -0.529910200   -0.143027500
 736   -0.950000000   -0.886434100   -0.723859700
 737    0.174244000    0.446979600    0.668968300
 738   21.369730000    1.938425000    0.137365000
 739   14.057400000    1.361248000   -0.700037600
 740    3.204930000    0.375851500   -1.346514000
 741   -0.950000000   -1.311567000    0.306388100
 742    1.437213000    0.131234100    0.071073120
 743   10.424180000    1.259498000   -0.067176650
 744   21.315460000    1.560723000   -0.480308800
 745   -0.950000000   -1.258348000   -1.317383000
 746   -0.277526300    0.141256900   -0.380659800
 747   13.229440000    1.589768000   -0.675290900
 748    8.690066000    0.673676100   -1.840883000
 749   -0.950000000   -0.605600100    0.431894900
 750   -0.950000000   -0.281429200    0.043028110
 751    9.505461000    1.470459000    1.655459000
 752   -0.950000000   -0.970542200   -0.207483900
 753   -0.950000000   -0.404067600   -0.370758400
 754   -0.950000000   -0.090761040   -0.332832000
 755   -0.950000000   -0.081489450   -0.468854600
 756   -0.950000000   -0.676957800   -0.869977500
 757   -0.793044500    0.200111200    0.298286300
 758   -0.950000000   -0.691654900   -0.568651100
 759   -0.950000000    0.015827520    1.521026000
 760   -0.950000000   -1.425532000    0.975728800
 761   -0.950000000   -0.527203600    0.622314100
 762   -0.950000000   -1.319073000   -0.788381000
 763   -0.950000000    0.167562500    1.011213000
 764   -0.950000000    0.053141280    0.378652900
 765   -0.950000000   -0.598484500   -0.666553300
 766   -0.950000000   -1.178586000   -0.285634600
 767   11.738900000    0.933493200   -1.229202000
 768    5.935236000    0.578938500    0.011875230
 769    2.380125000    0.795970700    0.807774000
 770    6.323481000    0.367118000   -0.977311300
 771    0.515329300   -0.224020700   -0.907232300
 772    8.736724000    0.629748800   -0.325500400
 773    1.928660000    0.024640460   -0.748634100
 774   13.513710000    1.789418000    0.969985200
 775   -0.950000000   -0.825865400   -1.030239000
 776    2.346663000    0.236271400    0.282862000
 777    5.928146000    0.737595800    0.203783400
 778    3.425452000    0.504639100    1.173871000
 779    3.073018000   -0.110432000   -1.664033000
 780    1.750394000    0.137858300   -0.111276600
 781    4.536194000    0.367209000    0.609279700
 782    9.639990000    0.443989000   -0.826631200
 783    6.632498000    0.513379400   -0.061594970
 784   -0.950000000   -0.528025800   -0.012760990
 785    3.233534000   -0.060803330   -1.087006000
 786   -0.950000000   -0.266366300    1.434525000
 787   -0.950000000   -0.214695900    0.075122950
 788    1.116346000   -0.123172000    1.198472000
 789    1.592668000   -0.082501840   -0.177472600
 790    4.195666000    0.760798800    1.221340000
 791   -0.950000000   -1.743970000   -0.339457400
 792   -0.950000000   -1.693947000    0.394371100
 793   11.136410000    1.167533000    1.360888000
 794   -0.950000000   -0.575049900    0.482457600
 795    6.028390000    0.689788600    0.356822600
 796   -0.950000000   -0.405657000   -0.335148400
 797   -0.950000000   -0.464838000   -0.710923300
 798   -0.950000000   -0.880008800    0.815742100
 799   -0.950000000   -1.414742000   -0.163408600
 800   -0.950000000   -0.637307200   -1.073812000
 801   15.948350000    1.553340000   -1.433433000
 802   -0.950000000   -0.299191400   -1.350872000
 803   -0.950000000    0.050235720   -0.257712700
 804   11.763360000    0.938813400   -1.884253000
 805   13.320490000    1.601261000    0.249345300
 806   -0.950000000   -0.449348200    1.859457000
 807   -0.950000000   -1.504985000   -0.417513700
 808    7.689935000    1.074221000   -1.625458000
 809   -0.950000000   -0.221233200    1.598978000
 810   -0.950000000   -0.779992300   -0.524872900
 811   -0.950000000   -0.721650100    0.563586000
 812    6.399879000    0.658731500   -1.370765000
 813    0.337736300    0.111924900    0.097335880
 814   -0.950000000    0.094639120   -0.042184280
 815   -0.950000000   -1.348645000   -0.113757300
 816    0.163718300    0.144424300    0.247907900
 817   -0.950000000   -0.786644300    0.041382090
 818   -0.950000000   -0.356631300   -0.256123100
 819   -0.950000000   -0.464884400   -0.608026300
 820   -0.950000000   -0.154891400   -0.340600800
 821   -0.950000000   -0.694041000   -0.111057500
 822    2.453508000    1.137276000    1.445780000
 823   -0.950000000   -1.222750000   -0.493558900
 824   -0.950000000   -0.815191300    1.377133000
 825   -0.950000000   -0.666247000    0.187568500
 826    1.832787000   -0.302264100   -0.828104500
 827   -0.950000000   -1.111077000   -0.080598790
 828   -0.221072100   -0.229808100   -0.219921200
 829    6.318617000    0.483571100    1.340664000
 830    2.138564000   -0.054964160    1.173601000
 831    1.237347000   -0.156338600    0.307887700
 832   -0.950000000   -0.161623500    1.583895000
 833   -0.950000000   -1.490563000    1.910798000
 834   -0.950000000   -0.251908600    0.387170900
 835   -0.950000000   -0.453895300    0.491981500
 836   -0.950000000   -0.405212800   -0.313748300
 837   -0.950000000   -0.332700900    1.133100000
 838   -0.950000000   -1.190046000    0.820319500
 839   11.458220000    0.998415000    0.259922800
 840   14.542770000    0.849882100    0.469526100
 841   16.417820000    1.315133000    0.864562100
 842    5.395942000    1.318756000    1.379790000
 843   13.128170000    1.139621000    1.426517000
 844   11.252100000    0.981005700   -1.969452000
 845   -0.950000000   -1.725043000    0.208931700
 846   11.421380000    0.807496500   -0.420945700
 847   -0.950000000   -0.988080500   -0.514913800
 848    6.647076000    0.510831300   -0.389187300
 849   15.231200000    1.237169000   -0.323723800
 850    7.546959000    0.317297600   -1.809829000
 851    1.759101000    0.139322100    0.923537400
 852   -0.950000000   -0.569245200   -0.999111800
 853   -0.950000000   -1.064570000    1.004427000
 854   -0.950000000   -1.119053000    0.175181300
 855    3.441010000    0.174549500   -0.088368480
 856   -0.950000000   -0.753973700    1.423326000
 857   17.195480000    0.960749300   -0.202904600
 858   -0.950000000   -0.397263000    0.852898600
 859    5.418762000   -0.066246900   -0.141430700
 860   21.916300000    1.051126000   -0.306368100
 861   10.508810000    0.553618400    0.043717490
 862   20.554350000    1.206141000    0.531010400
 863   18.192240000    1.489649000    0.095200830
 864    1.441335000   -0.496339700    0.585541600
 865   -0.950000000   -1.383167000    0.908552400
 866   -0.950000000   -0.681218800    0.573605800
 867   13.620270000    1.472295000    0.509763900
 868    5.090986000   -0.271703400    0.010373410
 869   10.665300000    0.841518600    1.036838000
 870   19.656630000    1.808165000    0.468330700
 871   -0.950000000    0.188470700    0.758675900
 872   -0.950000000   -0.140645700    0.425428100
 873   -0.950000000   -0.337979800   -0.295529300
 874   13.815130000    1.546414000   -0.513948200
 875   -0.950000000   -0.296611800    0.003508537
 876   -0.950000000   -0.418812900    1.314005000
 877   -0.950000000   -0.632468200   -0.504248000
 878    9.722602000    0.814301000   -1.203098000
 879   -0.950000000   -1.272184000    1.044380000
 880   -0.950000000   -1.442005000    1.507690000
 881   -0.768011100   -0.029714430    0.106940800
 882   -0.950000000   -1.492800000    0.862395100
 883   -0.950000000   -0.655729600    0.432118400
 884    2.490573000    0.841190900    0.464752300
 885   -0.950000000   -1.073286000   -0.177415900
 886   -0.950000000   -1.142725000    0.274955800
 887   -0.950000000   -1.204987000    0.647615400
 888    7.118627000    0.856018100    0.496399700
 889   -0.950000000   -0.290531500   -0.083160880
 890   15.270020000    1.054096000   -1.141573000
 891   25.054600000    1.879996000   -0.997232400
 892   -0.950000000   -0.466405500    0.906502800
 893   -0.950000000   -0.688370400   -0.254188600
 894    0.921306200   -0.154392700    0.961277800
 895    6.693513000    0.984119200    0.662677700
 896   -0.950000000   -0.713683900   -0.008358369
 897   -0.950000000   -0.810222000    0.846875100
 898   -0.950000000   -0.617140500    0.910120500
 899   -0.950000000   -0.841108300   -0.971703900
 900    9.961761000    0.809887200   -0.003095046
 901   -0.950000000   -1.357910000    1.105534000
 902    1.244390000    0.634771300    0.415945200
 903   -0.950000000    0.035817670   -0.287825800
 904    2.028507000    0.391692100   -0.769387900
 905    3.822158000    0.698028000   -0.837203300
 906   -0.950000000   -0.069281970    1.233865000
 907   -0.950000000   -0.232191300   -0.496525100
 908   -0.950000000   -0.160161900   -0.744675800
 909   -0.950000000   -0.417232900   -0.291780300
 910    6.581755000    0.680152100   -1.018207000
 911    4.318534000    0.868258900   -0.525996600
 912   -0.950000000   -0.209372500   -1.496030000
 913   -0.950000000   -0.973313800    0.192963400
 914   -0.950000000   -0.500008600    0.501148500
 915   -0.950000000   -0.367910400   -0.316144300
 916   -0.950000000   -0.494958400   -0.624165300
 917   -0.950000000   -0.433221300    1.429586000
 918   14.979960000    1.406429000   -0.400642400
 919   -0.950000000   -0.484671500   -0.762565900
 920   -0.950000000   -0.614839100    1.403315000
 921    7.192346000    0.388452400   -1.444219000
 922   -0.950000000   -0.595221900    0.663917800
 923    8.128595000    0.600318100    0.508893100
 924   -0.950000000   -0.704809500    0.507894600
 925    5.002525000    0.160601700   -1.363484000
 926   -0.950000000   -0.172902800   -0.488878200
 927   -0.950000000   -0.022696230    1.990370000
 928    2.451218000    0.216988800    0.318747400
 929   13.565560000    0.934337600   -0.637745100
 930   -0.950000000   -1.001814000    0.111885800
 931   20.095800000    1.332088000   -1.732268000
 932    4.727597000    0.494009800    1.502541000
 933    6.219462000    0.329622200   -0.285204000
 934   -0.950000000   -0.579236500    0.026863560
 935   16.734830000    1.602084000   -0.949705600
 936   22.902910000    1.612235000   -0.307805600
 937    4.329938000   -0.001710122   -0.991666100
 938   20.672480000    1.888791000   -0.165605800
 939   -0.950000000   -0.406464600    1.348993000
 940    0.159574900   -0.177879900   -0.587585600
 941    2.212834000    0.319014600   -0.216191800
 942    5.252008000    0.203954500   -1.312368000
 943   -0.723244500   -0.199855500    0.931183900
 944    0.175730500   -0.029334970    0.173709900
 945   -0.950000000   -1.874608000   -0.093212690
 946   -0.950000000   -1.036662000   -0.749056700
 947    6.917956000    0.880143500    0.167233300
 948   -0.950000000   -0.510468500    0.006906557
 949   -0.950000000   -0.624458100    0.957222600
 950   -0.950000000   -0.966726600   -0.005984796
 951    9.662058000    0.793748800    0.581937600
 952   15.300590000    1.658402000    0.965551700
 953    9.796719000    1.126745000   -0.056206020
 954   -0.950000000   -1.411005000   -1.743164000
 955   -0.950000000   -0.518625500   -1.738533000
 956    3.896041000    0.596882200    0.128433500
 957   -0.950000000   -0.450245200    0.526341900
 958   -0.950000000   -0.105348900   -0.802122800
 959    1.368069000   -0.183292400   -1.631726000
 960    0.644749800    0.264360600    0.850237500
 961    9.932069000    1.298417000   -0.506539200
 962   -0.950000000   -0.204632100   -0.164957700
 963   -0.950000000   -1.279002000    0.164166600
 964    0.360941500    0.135263300   -0.232155300
 965   -0.950000000   -0.262213000   -0.000541336
 966   -0.366178000   -0.133320500   -0.839793200
 967    0.737059600    0.271147400    0.260489200
 968    9.444304000    0.828161900    0.444993200
 969    6.067501000    0.540525800   -0.561152200
 970   -0.950000000   -0.269594200    0.919405000
 971    5.363790000    0.465705700   -0.674937600
 972    7.811617000    1.004245000   -0.460714500
 973   -0.950000000   -0.843468800   -0.317973500
 974   -0.950000000   -1.152910000   -1.726514000
 975   -0.950000000   -1.420727000   -0.864172500
 976   13.165230000    0.998228800    1.958981000
 977   -0.950000000   -0.699164400    0.961458100
 978    2.220659000    0.204558500   -0.763322800
 979   -0.950000000   -0.043223790    1.606785000
 980    1.626371000    0.228205700    0.879927900
 981   -0.950000000   -0.321780800   -0.628512900
 982   -0.950000000   -0.326531900   -0.036493640
 983   10.571150000    1.054145000    1.212065000
 984    4.935451000    0.369114600    0.191265800
 985   11.783370000    0.860817600   -0.720042200
 986   -0.950000000   -1.338637000   -1.844352000
 987   -0.950000000   -0.433172600    0.312685200
 988   -0.950000000   -0.792752700    1.315428000
 989   -0.950000000   -0.178455700    0.771718300
 990    0.335190400   -0.017517460    0.298325500
 991   -0.950000000   -1.603727000    1.543713000
 992   -0.950000000   -0.899094600   -0.432096600
 993   -0.950000000   -1.917106000    0.550152100
 994   -0.950000000   -0.201701000    1.336641000
 995    9.078479000    1.111301000    1.752304000
 996   -0.950000000   -1.888614000    1.047638000
 997   -0.950000000   -0.283959300   -0.155465100
 998   -0.950000000   -1.617391000   -1.952602000
 999    7.745608000    0.536787800    0.335671900
1000    9.929355000    0.788067000   -0.141247900
1001   20.592310000    1.982780000    0.033141870
1002    5.347563000    0.580450500    0.443787000
1003    9.638410000    1.062529000    0.267178600
1004   -0.950000000   -0.892582300   -1.232634000
1005   -0.950000000   -1.317996000    1.447343000
1006   -0.950000000   -0.654777100   -0.589185900
1007    7.707097000    0.845667800   -0.968417700
1008   -0.950000000   -0.305392000   -1.018420000
1009    6.308435000    0.716371400    0.081225180
1010   -0.950000000   -1.002193000   -0.766825200
1011    6.975573000    0.883814400    1.386530000
1012    2.691088000    0.149969300   -1.195590000
1013   -0.950000000   -0.931490800   -0.325275300
1014   -0.950000000   -1.955328000    1.109900000
1015   -0.950000000   -0.310250800   -0.244178600
1016   10.211710000    0.967075200   -0.509108500
1017    1.504743000    0.487401600    0.318555200
1018   -0.950000000   -0.298647300    0.314967600
1019    9.117265000    1.020823000    0.731862500
1020   -0.950000000   -0.415214700    0.279053800
1021    5.602504000    0.709428200    0.011841760
1022    2.130521000    0.235391200    0.401992500
1023   -0.950000000   -0.260077200    0.521147200
1024    1.258510000   -0.047264070   -0.899032200
1025   -0.950000000   -0.651477700    0.686378900
1026    8.481482000    0.540789400    0.163125000
1027    0.901900700   -0.315772500   -1.812814000
1028    2.453203000    0.320195500   -0.042601330
1029   10.397160000    0.542797300   -1.414482000
1030   -0.950000000   -1.193040000    0.070438370
1031   15.139490000    1.014941000   -1.387679000
1032    6.348250000    0.662598700    0.489715200
1033   -0.842597100   -0.209464700   -0.317285000
1034   10.147470000    1.777508000    1.395849000
1035    6.556434000    0.882605200    1.007369000
1036   -0.950000000   -0.874366400    0.071376770
1037    2.999013000    0.494835900   -1.129357000
1038   -0.950000000   -0.051925760   -0.061227610
1039    1.597281000    0.317240100    0.309324200
1040   -0.950000000   -0.616797300   -0.900212200
1041    4.254210000    0.695810900   -0.617417300
1042   -0.950000000   -0.017567600    0.032809380
1043   -0.950000000   -0.313370500    0.703226700
1044   -0.950000000   -0.077018210    0.871647100
1045   -0.950000000   -0.036173890   -0.559949700
1046   -0.743765000    0.443856000    0.322128200
1047   -0.950000000   -0.611539900   -0.482648500
1048   -0.950000000   -0.435424500   -1.678045000
1049   -0.950000000   -0.836478400   -1.529893000
1050   20.289320000    1.997266000   -1.228738000
1051   -0.950000000   -1.609528000    0.136232800
1052   16.989790000    1.612439000   -0.871929400
1053   -0.950000000   -0.044827520    1.914299000
1054   14.080850000    1.343463000   -0.462243900
1055   18.183440000    1.481388000   -1.065643000
1056   -0.950000000   -0.428411500    0.741637400
1057   -0.950000000   -0.587149800    0.555441700
1058   18.312170000    1.267305000   -0.040284110
1059   -0.950000000   -0.918965100   -1.228477000
1060   -0.950000000   -1.093089000   -1.779548000
1061   -0.950000000   -1.137835000   -0.733936500
1062   -0.950000000   -0.611394200    0.397904900
1063    9.840760000    1.040847000   -1.402720000
1064   -0.950000000   -1.745941000    0.720541800
1065   19.783210000    1.965629000    0.113241600
1066   -0.950000000   -0.630537800   -0.960452400
1067   -0.950000000   -1.321055000    0.205021500
1068    7.742198000    0.674917400    0.529737900
1069    1.612570000    0.115863600   -0.515077000
1070    7.144217000    0.859540000   -0.241806100
1071   -0.950000000   -0.723076000    0.076037250
1072   -0.950000000    0.053773150    0.667003900
1073   -0.950000000   -0.590103200   -1.282718000
1074    1.712537000    0.609138200    0.574294300
1075   21.219390000    1.984862000    0.345214200
1076   -0.627739900   -0.231121300   -0.793371600
1077   -0.950000000   -0.145055000   -0.252334300
1078    1.715854000    0.649481600    0.614471800
1079    5.064952000    0.335627500   -0.971517600
1080    7.460937000    0.907884000    0.234053600
1081   -0.779675900    0.012794890    0.576246200
1082    4.789316000    0.272751100    0.104373100
1083   -0.950000000   -0.967465600   -1.111357000
1084    0.721674100   -0.143331200   -0.225839800
1085    7.302001000    0.375024100    0.240429600
1086    7.798504000    0.597115000    0.282161500
1087   -0.950000000   -1.884499000   -0.366955900
1088    1.697553000   -0.128743900   -0.884001800
1089   -0.950000000   -0.043966070    1.795416000
1090   -0.950000000   -0.278486800    0.708574800
1091   18.759370000    1.502078000    0.823885900
1092    5.251832000    0.569675100    0.133492700
1093   -0.950000000   -0.359010300   -0.238213400
1094   -0.950000000   -0.549334500    0.375345100
1095   11.263060000    0.854655700    0.097498470
1096   -0.950000000   -0.314648000   -0.369906800
1097   -0.950000000   -1.080439000   -0.969521500
1098   -0.950000000   -0.405462700   -0.415762700
1099    1.339932000    0.146501500    1.875067000
1100   -0.950000000    0.163646300    0.258568700
1101   -0.950000000   -0.612302200   -1.400792000
1102   -0.950000000   -1.477055000    0.887798000
1103   -0.950000000    0.208304800    1.111656000
1104   -0.950000000   -0.204553600   -1.498226000
1105    0.343991100    0.317926300   -0.251258300
1106   -0.950000000   -0.741788700   -0.126106300
1107   -0.950000000   -1.350990000   -0.469795200
1108   -0.950000000   -1.091539000   -1.029073000
1109   -0.950000000   -0.590354200   -0.755922200
1110    3.028014000    0.433065800    1.371354000
1111   11.324930000    0.846795300   -0.473563900
1112    5.267046000   -0.028657950   -1.014967000
1113   18.185450000    1.178079000    1.062587000
1114   10.788780000    0.637225700   -0.081895160
1115   -0.950000000   -0.946447900   -0.033186770
1116   -0.950000000   -0.191005200    1.897599000
1117    7.803050000    0.655143500    1.539427000
1118   -0.950000000   -0.274671600    1.768980000
1119    9.276124000    0.226834300    1.890627000
1120   -0.677136500   -0.374787000    0.131183200
1121    2.623948000   -0.297629000   -0.458922200
1122    7.502049000    1.084064000    0.954987900
1123   -0.950000000   -0.609835200    0.513015800
1124   -0.589950600   -0.672845600   -1.293515000
1125   -0.950000000   -0.521760700    0.081840190
1126   -0.390070200   -0.068962940   -0.729026500
1127    7.627840000    0.504530900   -1.571941000
1128   -0.950000000   -0.231235100    0.309319300
1129   -0.950000000   -1.194599000    0.844298200
1130    5.266732000    0.408486200   -0.770767000
1131   -0.950000000   -1.009194000    1.367859000
1132   -0.014445820    0.115327400    0.486730200
1133   -0.950000000   -0.209678600    0.954225000
1134   -0.950000000   -1.609624000   -0.474761600
1135   -0.950000000   -0.408140400    0.670739800
1136   15.913660000    1.330045000   -0.568834400
1137   -0.950000000    0.553705500    1.941014000
1138   -0.950000000   -1.482124000    1.136556000
1139   -0.950000000   -1.091577000   -0.590214200
1140   -0.950000000   -0.542868600   -0.056542370
1141   -0.950000000   -0.294291100   -0.762018300
1142   -0.950000000   -0.923009300   -0.048148650
1143   -0.950000000   -0.541961600   -0.410695000
1144   -0.950000000   -1.643741000    0.119630000
1145   -0.950000000    0.041535950   -0.659002700
1146   13.599980000    1.494646000   -0.700949800
1147   -0.950000000   -0.456424000    0.792697200
1148   -0.950000000   -0.012481830   -0.200066400
1149   -0.950000000   -1.418667000    1.778636000
1150   -0.617228000    0.110978800   -0.030241490
1151    4.873307000    0.491353400   -1.750892000
1152   -0.950000000   -0.086258560    0.860600600
1153   -0.950000000   -0.583529600   -1.175207000
1154   -0.065191880    0.350977300    1.559894000
1155   -0.950000000   -1.854479000   -0.442702200
1156   -0.950000000   -0.847065800   -0.592000000
1157    5.348142000    0.570076000   -0.588623300
1158    4.814409000    0.602619200   -0.107644300
1159   -0.950000000   -0.532671200    0.363219600
1160   -0.950000000   -0.953254900   -0.292232200
1161   -0.950000000   -1.243967000   -1.174218000
1162   -0.950000000   -0.628542600    0.412668400
1163   -0.950000000   -0.003801462    0.656816500
1164   -0.950000000   -0.393477600    0.220104100
1165   -0.950000000   -1.529259000   -0.499418400
1166   14.811860000    1.366399000    0.050427280
1167   -0.950000000   -1.296200000   -1.376950000
1168   12.875630000    1.544034000   -0.524276100
1169   -0.950000000   -0.171478700   -1.086460000
1170    8.313312000    1.189810000    0.870343600
1171   -0.950000000   -0.443177100    0.232255300
1172    4.417606000    0.308318100   -0.611846000
1173    8.035153000    0.654373800   -0.347586500
1174   -0.950000000    0.166953800    0.455037400
1175    2.757273000    0.178742700   -1.140604000
1176   -0.950000000   -1.355621000    0.260554400
1177   -0.950000000   -0.569111900   -0.197577900
1178   18.289120000    1.934588000   -0.472364100
1179    0.719766400   -0.227534400   -1.020266000
1180   -0.950000000   -0.578753400   -0.563138700
1181    0.553573200    0.661770900    1.345160000
1182    0.385937200    0.346369500    0.529543600
1183   -0.950000000   -0.447747400   -0.235843400
1184   -0.950000000   -1.219736000   -0.758866800
1185    5.039236000    0.175887400   -1.513550000
1186    8.487326000    0.337111800   -0.833532700
1187   -0.950000000   -0.738390900    0.621707900
1188   25.613320000    1.586903000    0.220309000
1189   -0.950000000   -1.301080000   -0.771950200
1190   10.689950000    0.864448400    0.509267000
1191   12.270900000    0.812581600   -0.123673500
1192    7.875235000    0.982598600    0.890552900
1193   -0.950000000   -1.305246000    1.452090000
1194   -0.423115600   -0.438097000   -0.340364200
1195   -0.950000000   -0.214725500    0.445350700
1196   -0.950000000   -0.774927000    1.412289000
1197   -0.950000000   -0.265146600    0.382633800
1198    9.177832000    0.383666300   -0.995090500
1199   -0.950000000   -0.481543800    1.163494000
1200   -0.950000000   -0.395211000    0.753863300
1201    3.341976000    0.373407500   -1.086761000
1202   -0.950000000   -0.282204200    0.157142800
1203    8.122152000    0.853932200   -1.118235000
1204   -0.950000000   -0.421693500    0.331363800
1205   -0.950000000   -0.130440800    1.928289000
1206   -0.950000000   -0.451814200    0.491973400
1207   -0.950000000   -1.001787000    0.503998900
1208   10.155860000    1.040215000    0.262816800
1209   -0.950000000   -1.475118000   -0.180174100
1210   16.733770000    1.594502000   -0.537472900
1211   -0.950000000   -0.524504500   -0.353901000
1212   -0.950000000   -1.614309000    0.101440400
1213   -0.950000000   -0.312107300   -1.519168000
1214    2.255154000    0.406326200    0.225651400
1215   16.097770000    1.325061000   -1.291541000
1216   -0.950000000   -0.759567800    0.718718300
1217    0.960718600   -0.010807840   -0.091871520
1218   -0.950000000   -0.908194100    0.312453500
1219   -0.950000000   -0.528249900    0.429415900
1220   17.811880000    1.569524000    0.557627800
1221   10.269030000    0.826134000    0.321687700
1222   -0.950000000   -1.416308000   -0.427324900
1223   -0.950000000    0.151729400    1.971761000
1224   -0.478679100   -0.327123700    0.327803800
1225   -0.950000000   -1.616412000   -0.194467000
1226   -0.950000000   -1.420929000   -0.333105300
1227    1.058614000    0.040083850    0.618051300
1228   -0.950000000   -0.466245300   -0.265425500
1229   -0.950000000   -0.241577800    0.737164000
1230   -0.950000000    0.154389300    1.160406000
1231   -0.950000000   -0.664228200   -0.075846850
1232   17.760270000    1.090607000    1.617750000
1233   14.926780000    0.897386100    1.093636000
1234    3.232117000    0.034767420    0.488083200
1235   -0.950000000   -1.407293000   -1.294010000
1236    0.269096500   -0.193803900    0.255918800
1237   -0.950000000   -0.891833000    0.426123300
1238    1.187957000   -0.265359600    1.302532000
1239   -0.950000000   -0.463017500    0.325380900
1240   14.298270000    0.727131600   -1.092770000
1241    9.285897000    0.488426100   -1.169491000
1242   11.512190000    0.883026400    0.039002080
1243   -0.950000000   -0.303082500    1.196515000
1244    2.782824000   -0.053055100    0.673923800
1245   -0.950000000   -1.273382000   -0.574910000
1246    6.272003000    0.152917600   -1.570390000
1247    6.938977000    0.660719100    0.485202800
1248   25.135800000    1.926712000    0.934839900
1249   -0.950000000   -1.751961000    0.107976300
1250   -0.950000000   -0.677937000    0.880037600
1251   -0.950000000   -0.830684700    1.237883000
1252    8.221978000    0.468775800   -0.341518400
1253   23.934160000    1.991524000    1.636832000
1254   10.327680000    0.959440200    0.142175000
1255    7.346897000    0.519379300    0.000615467
1256    0.070705790   -0.457314800   -1.644153000
1257   21.561150000    1.485753000   -0.000332597
1258   -0.397063400   -0.259547300   -0.692216400
1259   -0.950000000   -1.049791000    1.029515000
1260    1.332943000   -0.137960700   -0.987816600
1261   -0.950000000   -1.050421000   -0.839992300
1262   -0.950000000   -0.600977100   -0.558522400
1263   -0.950000000   -1.508140000    0.432607400
1264   -0.950000000    0.090810940   -0.096189780
1265   10.177010000    1.122788000    0.066397470
1266   -0.950000000    0.536408200    0.987752200
1267   -0.950000000   -0.213106200   -1.768972000
1268   -0.950000000   -0.698603500   -0.395566100
1269   -0.329249500   -0.098306010   -1.097145000
1270    6.967139000    0.717323200   -0.889541500
1271   -0.950000000    0.010969650    0.296333100
1272    0.950613400    0.269781600   -0.898987600
1273   12.867250000    1.837299000   -0.107914600
1274   -0.950000000   -1.138773000   -0.123625400
1275   -0.950000000   -0.231699300    0.656274900
1276    4.438588000    0.540151300   -0.465222500
1277    6.962698000    0.823462200   -0.680279400
1278    0.073615120    0.028678310   -0.996854800
1279   -0.255117400    0.150943000    0.061128320
1280   -0.950000000    0.195573600    0.664924300
1281    2.277683000    0.240885700   -0.711954900
1282    1.000583000    0.316714800   -0.346745100
1283   -0.950000000   -0.826239900    1.420494000
1284   -0.950000000   -1.536734000   -0.988220200
1285   -0.950000000   -1.347064000   -0.657361800
1286   -0.950000000   -0.715050600    1.556653000
1287    1.172904000    0.334188200   -0.326199300
1288   -0.950000000   -1.805598000    0.419388400
1289    5.778703000    0.789295100    0.041730140
1290   -0.950000000   -0.206222900   -0.507314200
1291   -0.950000000   -0.374312400   -0.460240400
1292   17.849700000    1.449375000   -1.553042000
1293   -0.950000000   -0.485930300   -0.823946000
1294   11.734980000    1.305923000    0.422620900
1295   10.844610000    0.665824000   -0.967898600
1296    2.309655000    0.276733800    0.043332970
1297    9.760167000    1.232897000   -0.306983600
1298    3.094839000   -0.021353760    1.158364000
1299   -0.950000000   -1.641392000    1.557006000
1300   -0.950000000   -0.530087000   -0.389584200
1301    9.645923000    0.681608000   -0.861744700
1302   -0.950000000   -0.546659400    1.339583000
1303   -0.950000000   -1.369129000    1.567587000
1304    6.797658000    0.756408500    0.948183700
1305   -0.950000000   -1.526204000    0.237451900
1306    3.605001000    0.572187600    0.210994900
1307   -0.950000000   -1.070763000    0.709917100
1308   -0.950000000   -0.596712700   -0.921766100
1309    4.253014000    0.775781500   -0.631510800
1310   -0.950000000   -0.210925700    0.090087450
1311    3.084366000    0.451999400    0.578853900
1312    0.395754500    0.189169200    0.422125100
1313   -0.950000000   -0.069143650    0.928400500
1314   -0.950000000   -1.999239000   -0.677902000
1315   -0.950000000    0.402696500    0.779041600
1316    6.705017000    0.494745200   -1.249579000
1317   -0.950000000    0.170408000   -0.057415950
1318   -0.950000000   -0.507915600   -0.005494128
1319   -0.950000000   -0.117710900   -1.633201000
1320   -0.950000000   -1.515812000    0.887696200
1321   16.960950000    0.736912600   -0.886986200
1322    9.676837000    0.064786740   -1.487586000
1323    5.702551000    0.138723100    1.132251000
1324   15.217150000    0.778685200   -1.499591000
1325   -0.950000000   -1.526356000    0.681100000
1326   14.477590000    0.847357100   -0.398753800
1327   18.739620000    1.392164000   -0.863102900
1328   -0.950000000   -1.975002000    1.219052000
1329   -0.950000000   -0.571246500    1.783132000
1330   22.260570000    1.361953000    1.773441000
1331   17.694980000    1.684445000   -0.246504100
1332    3.528471000   -0.375980100    1.391279000
1333    5.772935000    0.678279900    1.448329000
1334   17.800350000    0.949740700   -0.308783700
1335    5.898694000   -0.146315900   -0.423381800
1336   23.070060000    1.477078000   -1.806717000
1337   19.170920000    1.634498000   -1.136512000
1338   -0.950000000   -1.593929000    0.733946100
1339   -0.950000000   -0.423920500   -1.302411000
1340   10.777290000    0.863986500   -0.766356600
1341   -0.950000000   -0.506821800   -0.100785200
1342   18.295450000    1.661403000    0.130854300
1343    5.309524000    0.409489700   -1.393298000
1344   -0.950000000   -0.359178400    0.024054900
1345   -0.950000000   -0.066094400    0.788851700
1346   -0.950000000   -0.389213100   -0.062806540
1347    5.407654000    0.285282500   -0.723543300
1348   -0.950000000   -1.165546000    0.159812900
1349    6.456677000    0.611498500    0.029402230
1350   11.667310000    1.036019000   -0.120000600
1351    4.705718000    0.759527900    0.225089900
1352    7.533960000    0.908101900    0.746908900
1353   -0.950000000   -1.055052000   -1.204033000
1354   -0.950000000   -0.040775960    1.435938000
1355   -0.950000000   -1.467305000    0.402828700
1356   -0.459986400   -0.198972200   -1.465322000
1357   -0.950000000   -1.050419000    0.867259900
1358    1.281077000    0.348386800    0.167442900
1359   -0.950000000   -1.272033000    0.526473600
1360    3.935447000    0.513630500    0.093734950
1361    2.073313000    0.471274500    0.468163800
1362    9.402152000    0.842073500   -0.408559800
1363   -0.950000000   -0.253301600   -0.100525500
1364   -0.950000000    0.301605900    1.252284000
1365   -0.950000000   -0.647457300    0.862233300
1366   14.626280000    1.363506000   -1.079274000
1367   -0.950000000   -1.741936000    1.096988000
1368   -0.950000000   -0.568257500    1.064441000
1369    1.128685000    0.219521000   -0.039459880
1370   -0.950000000   -0.764587200    0.186390000
1371    7.311114000    0.586187900   -1.454971000
1372   -0.950000000   -0.875345200   -1.006521000
1373   -0.950000000   -1.579277000    1.488694000
1374   -0.950000000   -0.682994700    1.670012000
1375   -0.950000000   -0.126038300    0.129761300
1376   -0.325065400   -0.205074800   -0.525172600
1377    1.396963000    0.277697400    0.027958010
1378   12.343630000    0.923797600   -0.501523800
1379   14.807060000    1.301792000   -0.538774300
1380   -0.950000000   -0.795163200   -0.218517700
1381    0.214319800   -0.251291000    0.456580400
1382   -0.950000000   -1.048691000    1.603782000
1383   -0.950000000   -1.691444000   -0.292857600
1384   -0.950000000   -1.520018000   -0.462429600
1385    7.281467000    0.500218800    1.127457000
1386    8.377624000    0.549474200    0.348566200
1387   20.562220000    1.381332000    0.107145500
1388   12.732130000    1.471339000    1.501624000
1389   11.580370000    0.687315600   -0.641115600
1390   10.879720000    1.259233000    1.037624000
1391   12.312570000    1.129807000    1.353284000
1392    5.557186000    0.563920800    1.937174000
1393    1.992894000   -0.264552300    0.070818020
1394    0.186291100   -0.046803270    0.912227000
1395    4.327674000    0.110540800    0.115054500
1396   13.887000000    1.457785000   -0.749237100
1397   -0.950000000   -1.812931000    0.936333000
1398    2.436916000    0.173267400    0.152568400
1399   17.634110000    1.352201000   -1.278429000
1400    7.544857000    0.302907900   -0.478556100
1401    3.422336000   -0.002013627   -0.674780600
1402    8.913992000    0.419600100   -0.794462000
1403   -0.950000000   -0.371950100   -0.019592650
1404   17.045300000    1.165193000   -0.846691900
1405    9.770222000    0.692326000   -0.301338800
1406   10.980170000    0.881415400    0.317829300
1407    7.107580000    0.914342800   -0.096004180
1408   -0.950000000   -0.761032100    0.509860900
1409    9.764586000    0.946993200    0.108685300
1410   -0.950000000   -1.188039000    0.474619300
1411   15.321630000    1.254562000   -0.608295500
1412    4.678859000    0.050596700   -0.642527000
1413   17.472720000    1.602385000    0.110240000
1414    6.556298000    0.293264200   -0.133456200
1415    0.799100900   -0.027940850    0.980242800
1416    7.436270000    0.573930600    0.291799700
1417    1.195834000    0.342204400    0.233879700
1418    6.091484000    0.143711700    0.102480100
1419    6.820784000    0.977053000    0.898098800
1420    2.601044000    0.213915200    0.701355800
1421   17.897790000    1.326771000   -1.357734000
1422    6.436977000    0.346714500   -1.413435000
1423    8.363253000    0.411378800   -0.967527900
1424    4.051149000    0.708207200    1.656539000
1425   -0.950000000   -1.258997000   -1.975249000
1426    2.375647000    0.221556500   -0.062542150
1427    8.832976000    0.914317000    0.479215600
1428   -0.950000000   -0.491757000   -1.738597000
1429   -0.950000000   -1.157341000    0.352614700
1430   18.124520000    1.264368000   -0.716897900
1431   -0.950000000   -1.415362000   -0.615853300
1432   -0.950000000   -0.785420400   -0.533906700
1433   -0.950000000   -0.366378400    0.135214900
1434   17.057420000    1.451838000   -1.055855000
1435   -0.950000000    0.679803400    1.251106000
1436    6.408617000    0.804126400    0.167205900
1437   -0.950000000   -0.671165100    0.431968200
1438    8.558935000    1.024355000   -0.587078600
1439   -0.950000000   -0.387353000    0.057334660
1440    8.673304000    0.636096600   -1.505930000
1441   -0.950000000   -1.052971000   -0.378711300
1442    3.172282000    0.363531300   -0.687086800
1443    0.186894400   -0.266381200   -1.426626000
1444   -0.950000000   -0.662369000    1.661393000
1445    6.661176000    0.526173900   -0.818674900
1446   -0.950000000   -1.071898000   -0.019983650
1447    7.417107000    0.498607000   -0.683391400
1448   13.628250000    1.072502000    1.733441000
1449   20.784500000    1.956692000   -1.207602000
1450   -0.950000000   -0.797335700    0.357179400
1451    0.762766400   -0.051331080   -1.271075000
1452   -0.950000000    0.093355350    1.648423000
1453   -0.950000000   -0.675343200    1.754344000
1454   -0.950000000   -0.549040800   -0.328542800
1455    5.235817000    0.462494200   -0.307687400
1456   -0.950000000   -0.668521000    1.297583000
1457   -0.950000000   -0.758525600   -0.706906000
1458   -0.950000000   -1.865784000   -0.742629200
1459    3.273892000    0.755314600    0.505778400
1460   -0.950000000   -0.147198700    0.255387200
1461   -0.950000000   -0.576881700    0.355623300
1462   -0.950000000    0.039071600    0.785390800
1463    7.188804000    0.626302300   -1.038281000
1464   -0.950000000    0.048824590    1.148598000
1465    3.242969000    0.331650600    0.075621770
1466    9.270851000    1.081933000    0.656949200
1467   -0.950000000   -0.647268400   -0.347470500
1468    7.716844000    0.781936100   -0.214143000
1469    0.698585000   -0.081070640   -0.555268900
1470   -0.950000000   -0.885679300   -1.263401000
1471    3.089605000    0.322979900   -0.217818100
1472    6.590525000    0.460304800   -0.377486800
1473   -0.950000000   -0.318460100   -0.653719000
1474    5.979732000    0.735025300    0.312661300
1475   11.674940000    1.254303000    0.396015700
1476   -0.950000000   -0.905813100   -1.094516000
1477   -0.950000000   -0.606880300   -0.033660600
1478   -0.790430600   -0.523650900   -1.544401000
1479   -0.950000000   -0.633465800   -1.002634000
1480   -0.950000000   -0.273771800   -0.914881500
1481   -0.950000000    0.597253900    1.642399000
1482   -0.950000000    0.214545900    1.167746000
1483   -0.950000000   -0.842715700   -0.685036100
1484    8.384201000    1.111329000    0.026804920
1485    7.963215000    0.809160800    0.633548400
1486   -0.950000000   -0.408606000   -0.607002200
1487   -0.950000000   -1.140989000   -1.500904000
1488   -0.950000000   -1.524098000   -0.223175900
1489   -0.914468500    0.165830800   -0.322709200
1490   -0.950000000    0.156098700   -0.159289300
1491   -0.950000000   -1.210296000   -0.928919000
1492   -0.950000000   -1.220717000    1.152440000
1493   -0.950000000   -1.181132000   -0.830869000
1494    0.820742400    0.205547100   -0.368463000
1495   -0.950000000   -0.219171200    1.373752000
1496    7.495621000    0.819354600    0.627029000
1497   11.288710000    1.353265000    1.219658000
1498   -0.950000000   -0.356288400    0.405358000
1499   -0.950000000   -1.199064000   -0.336673800
1500    7.958414000    1.252660000    0.776974900
