*y  x1  x2
   1    3.363426000    0.594305200   -0.619090400
   2   -0.950000000   -0.931917500   -0.764760000
   3    9.474755000    0.991398200    0.074889560
   4   -0.950000000   -0.450588200   -0.152139800
   5   -0.950000000   -0.293881200    0.179488100
   6   -0.950000000   -0.248889600    0.067397640
   7   -0.950000000   -0.905698200   -0.956772000
   8    0.262883200    0.343210000   -0.377637700
   9    4.846905000    0.789102100    0.157353400
  10   -0.950000000   -0.200593600    1.382801000
  11   -0.950000000    0.134667300    0.779264500
  12   -0.950000000   -1.218428000   -1.638443000
  13   -0.950000000   -1.651533000   -1.726647000
  14    0.538678500    0.097945320   -1.101937000
  15   -0.950000000   -0.961737900    0.309144200
  16   13.554770000    1.228717000   -1.922543000
  17    2.089181000    0.256082900    0.573137500
  18   16.059330000    1.642082000    0.119593000
  19    1.833688000    0.113852900   -0.015745470
  20    3.687843000    0.508456400    0.475549400
  21   -0.950000000   -0.140785000   -0.742919100
  22   -0.950000000   -0.274994800    0.437529700
  23   -0.950000000   -0.063119510   -0.302635900
  24   -0.950000000   -1.076281000   -0.125710400
  25    3.479177000    0.109615400    0.283642400
  26   -0.950000000   -0.126842700    0.477436600
  27   -0.950000000   -0.908880000    0.040716560
  28   -0.950000000   -0.403741600   -0.768814800
  29   -0.950000000   -0.005132634   -0.192793600
  30   -0.950000000   -0.851610100   -1.053148000
  31    5.803770000    0.417206400   -0.166684100
  32   -0.950000000   -0.750406700    0.624376800
  33   12.863990000    1.031103000   -0.485112500
  34   -0.950000000   -0.743698300    0.699642500
  35   -0.950000000   -0.430621100    0.527146300
  36   -0.950000000   -1.603789000   -0.027843860
  37   11.588520000    0.946138900   -1.455124000
  38    7.827838000    1.805049000    1.618428000
  39    3.480293000    0.129866400   -0.761020400
  40    4.837609000    0.374162300   -1.399699000
  41   10.365510000    0.709019000   -0.681037600
  42    0.233525300    0.072531460    0.273483800
  43   -0.950000000   -1.380560000    0.365873400
  44   -0.369662500   -0.141907100   -0.113952700
  45    4.602485000    0.244134700   -0.751344700
  46   -0.950000000   -1.277227000    1.186033000
  47   -0.885713900    0.029409040   -0.003907783
  48   -0.950000000   -0.481293800   -0.421492900
  49   -0.950000000   -0.604109000   -1.426902000
  50   -0.950000000   -1.377095000   -0.652326900
  51   -0.950000000   -0.225868100   -0.585157100
  52    4.499314000    0.578055200   -0.268354400
  53   16.658650000    1.437201000    0.788538000
  54   -0.950000000   -0.274820000   -1.177835000
  55   11.752880000    0.995037600    1.428184000
  56   -0.950000000   -0.403176800    1.324282000
  57   12.510090000    1.273838000   -0.782618100
  58   20.515550000    1.995186000   -0.397328500
  59   17.752250000    1.817511000   -1.208325000
  60   -0.950000000   -0.918724000   -0.112851400
  61    4.941376000    0.705475000   -1.125894000
  62    4.179321000    0.222713500   -1.865761000
  63   -0.950000000   -0.583678600   -1.391100000
  64   -0.950000000   -1.064195000   -0.816381400
  65    4.058872000    0.410242200   -1.003910000
  66   -0.950000000   -0.520601400   -0.905630400
  67    1.746518000    0.524371500    0.950582500
  68   -0.950000000   -0.096142480   -0.160768700
  69    0.570789600    0.285810500    0.809183200
  70   -0.950000000   -0.877180200    0.224538600
  71    0.943490600    0.719090200    0.713298200
  72   -0.950000000   -0.532669400   -0.218756200
  73    3.892641000    1.030083000    0.696363300
  74    7.472903000    0.906528600   -1.978659000
  75   -0.950000000   -0.581811200   -0.806243000
  76    3.339842000    0.612555600    0.857304300
  77    7.470604000    0.545672600   -0.468450900
  78    7.116453000    0.747150300    1.599601000
  79    0.286934000   -0.250358400   -0.776288800
  80    4.533722000    0.199403900   -0.950242800
  81   -0.950000000   -1.518802000   -1.070834000
  82   -0.950000000   -0.672603100    0.291627000
  83   -0.950000000   -1.985211000   -0.149313400
  84   -0.950000000    0.098066120    0.963878800
  85    7.882443000    0.923360900    1.690979000
  86   20.266150000    1.737545000   -0.854929000
  87    2.763679000    0.166040500   -0.804874900
  88   14.215290000    1.561208000    0.528608700
  89    7.438169000    0.712613100   -0.960829100
  90   -0.950000000   -0.501480300    0.195318000
  91   -0.950000000   -0.493362300    0.467225200
  92    8.176077000    1.410499000   -0.201424600
  93    4.743027000    0.405419000   -1.545348000
  94   -0.950000000   -1.178256000    0.741138100
  95   -0.950000000   -0.232660600   -0.427013400
  96   -0.950000000    0.253447700    1.150806000
  97   -0.950000000   -0.232885700    0.584497100
  98    1.361145000    0.109168200   -0.550215700
  99   -0.950000000   -0.796534600   -1.235239000
 100    2.391643000    0.225775600    0.467294700
 101   -0.950000000   -0.530493000   -0.110614500
 102    7.757259000    0.655317100   -1.562559000
 103    9.870280000    1.213688000    0.480763800
 104   17.787140000    1.971824000    0.650385900
 105   -0.950000000   -0.383270000   -1.335629000
 106   -0.950000000   -0.382656100    0.724560600
 107    8.379587000    0.605466800   -0.828883000
 108   -0.950000000   -0.807777100    0.384453600
 109   -0.950000000   -1.597950000    0.118911500
 110   14.139310000    1.336474000    0.417566300
 111    8.886644000    0.733231400    0.602125800
 112    6.256854000    0.856957500    1.437015000
 113    3.511824000    0.120716000   -0.805316600
 114    2.463460000   -0.508805800   -1.874863000
 115   20.458330000    1.883427000   -1.209315000
 116   -0.887539100   -0.294543900    0.165381600
 117   -0.950000000   -0.917493200    0.478275800
 118   -0.950000000   -0.650788800    0.789510400
 119    4.717525000    0.393949000    0.066612330
 120    1.052742000    0.175471500    0.050162440
 121   -0.950000000   -0.076782020    0.428317400
 122   -0.950000000    0.090475270   -1.314692000
 123    5.365458000    1.231603000    0.418178100
 124    5.936723000    1.250039000   -0.414018900
 125   -0.950000000   -0.199963300    0.104444900
 126   -0.950000000   -0.623091900    0.060241680
 127   -0.950000000   -0.199679000    0.327979000
 128   -0.950000000   -0.888015800   -1.494029000
 129   10.042150000    0.686915500   -1.900008000
 130   -0.950000000    0.034197820    0.603510100
 131   -0.950000000   -0.473809700    0.916792600
 132   -0.950000000   -0.471907500   -0.430268900
 133   -0.950000000   -1.056518000    1.437524000
 134   -0.950000000   -0.267485300   -0.507489800
 135   -0.950000000   -0.400361800   -1.864778000
 136    8.479592000    1.123342000    1.743290000
 137    8.191597000    0.796092000    0.001447476
 138   -0.950000000   -0.814347700   -1.555982000
 139    4.637676000    0.633854500    0.994665200
 140   -0.950000000   -0.359704500    0.653780300
 141   -0.950000000   -0.627978300    0.866790400
 142   -0.950000000   -0.593843900   -0.352380500
 143   -0.950000000   -0.013964310    0.647636200
 144   -0.950000000   -0.676603300   -0.016205060
 145   -0.950000000   -0.385774500   -0.504763100
 146    3.719006000    0.187474900   -0.360157900
 147   -0.950000000   -0.442184800    0.278347800
 148   -0.950000000   -0.504834200    0.223301300
 149   -0.950000000   -0.063898220    1.531464000
 150   -0.931823400   -0.436449300   -1.373171000
 151   -0.950000000    0.245558300    0.018629860
 152   -0.950000000   -0.890393400   -0.601263600
 153   -0.127872000    1.786546000    1.072740000
 154   -0.950000000   -0.461697700   -0.809044400
 155   -0.950000000   -0.642567000    1.838060000
 156   20.936250000    1.622772000   -0.225993000
 157   -0.950000000   -0.843546500    0.305954400
 158   -0.950000000   -1.458986000   -0.706748000
 159   -0.950000000   -1.041482000    0.225655400
 160   -0.418089900    0.667678200    1.389363000
 161   -0.950000000   -1.877326000   -1.037386000
 162   -0.950000000   -0.367784600   -1.809474000
 163   -0.950000000   -0.448415300   -0.322232400
 164    4.311988000    0.622657400   -0.133399000
 165    0.759868200    0.445251800   -0.009068825
 166    9.452794000    0.959009000   -1.719829000
 167    4.084879000    0.919921100    0.540120100
 168    9.619763000    1.578831000    0.935987200
 169    1.115315000   -0.041075140   -1.037898000
 170   -0.950000000   -0.871362500   -0.233634300
 171   -0.950000000   -0.479036700    0.741514000
 172    4.865094000    0.640328600   -0.797726800
 173   -0.950000000   -0.006157970    0.236972200
 174    1.869652000    0.291501800   -0.617491000
 175    3.658662000    0.358628600   -1.629264000
 176    0.143883300   -0.006104229   -0.240420300
 177   -0.950000000   -0.824345500    0.680010600
 178   -0.950000000   -1.121863000   -0.868805100
 179   -0.950000000   -0.359920700    1.431343000
 180    7.109177000    0.603222600   -0.910208800
 181    2.605278000    0.033199470   -0.500956800
 182   -0.950000000   -0.768939700   -0.171115400
 183   -0.950000000   -0.952736000    0.040863790
 184   -0.950000000   -1.194107000    1.719228000
 185   -0.950000000   -1.146182000    1.491434000
 186   -0.950000000   -1.050388000    1.428933000
 187   13.132920000    0.829919200   -1.211011000
 188    1.238820000    0.090640590    0.554489900
 189    6.130530000    1.578991000    1.994898000
 190   -0.950000000   -0.732510400    0.145568700
 191   -0.950000000   -0.376491000   -0.819511300
 192   13.802580000    1.326474000   -0.079808550
 193   -0.950000000   -0.905575600   -0.548744300
 194    6.287954000    0.997553100    0.157801300
 195   -0.950000000   -1.781904000    0.978594800
 196    2.942408000   -0.116187300   -0.327618600
 197   10.119840000    0.744151500    0.464319900
 198   -0.878101000   -0.200685700    0.896128600
 199   12.321760000    1.031119000   -1.570174000
 200    6.121707000    0.256259000   -0.646081500
 201   14.834960000    1.330989000   -1.154265000
 202   17.450870000    1.716723000    0.257903800
 203    2.655233000   -0.160425600   -0.667926500
 204   -0.950000000   -0.725610100    0.553063400
 205   -0.950000000   -0.399634800    0.592813400
 206   13.612580000    1.323625000    0.210034100
 207    7.368367000    0.681437100    1.343879000
 208   -0.950000000   -0.856538800   -0.449466500
 209    2.560332000    0.045062040    0.845833200
 210    7.039772000    0.226620900   -0.621439300
 211   -0.950000000   -0.328384300   -0.445029900
 212    6.928418000    0.765369500    1.135315000
 213    3.601257000    0.347843100   -0.467581300
 214   -0.950000000   -0.422456000   -0.653979200
 215   17.276430000    1.810069000    1.974570000
 216   -0.950000000   -0.490846300    0.267108300
 217   -0.313313000   -0.021031660   -0.379947900
 218    6.789641000    0.786622400   -0.135924800
 219    7.538806000    0.596348800   -0.402465100
 220    9.636814000    1.181548000    1.666723000
 221   -0.950000000   -1.255505000    0.080023500
 222   -0.950000000   -1.573607000   -1.064678000
 223   -0.950000000   -0.657725200    1.332566000
 224   -0.950000000   -0.207570300    0.762008500
 225    0.009406749   -0.193431900   -0.679700700
 226    1.682325000    0.154630900   -1.761721000
 227   -0.950000000   -0.390676600   -0.561187900
 228   -0.950000000   -0.581020500   -1.125342000
 229   -0.950000000   -0.827891800    0.047092280
 230   -0.950000000   -1.937668000    0.887550000
 231    7.843130000    1.175132000   -0.729143900
 232   -0.950000000    0.121661400   -1.462143000
 233   -0.950000000   -1.024434000    0.502320100
 234   -0.950000000   -0.601392000   -0.021410260
 235   -0.950000000   -1.392275000   -1.605135000
 236   -0.950000000   -1.189608000    0.153454800
 237    1.036132000    0.769650900    0.985243600
 238   -0.950000000   -1.692555000   -0.173413500
 239   -0.950000000   -0.852466000    1.198441000
 240   -0.950000000   -0.727830900    0.711760700
 241   -0.950000000   -0.599273900   -0.719236100
 242   -0.950000000   -0.731811500   -1.584237000
 243   -0.950000000   -1.800198000    0.226982500
 244   -0.950000000   -0.286581700    0.916583200
 245   -0.950000000   -0.620891600    0.304188300
 246   -0.950000000   -1.925753000    0.269876600
 247   -0.950000000   -0.262427700    1.220571000
 248   -0.950000000   -0.278039500    0.338431600
 249   -0.950000000   -0.991578400    0.382072200
 250    1.167515000    0.508099400   -0.200670700
 251   -0.950000000   -0.069820340    0.285185200
 252    6.632577000    1.003555000    0.666040500
 253   -0.950000000   -0.708506800    0.131411500
 254   -0.950000000   -0.561179200    0.285034700
 255   -0.950000000   -1.526311000   -0.024877840
 256   12.436090000    1.040369000    1.151886000
 257   10.959790000    0.698956600    1.251195000
 258   -0.950000000   -0.154731400    1.440610000
 259   -0.868115000   -0.404571300   -0.254826200
 260   -0.950000000   -0.766630300    0.087322390
 261    1.826005000   -0.084587650   -0.082778030
 262   12.653580000    1.110113000    0.113167500
 263   -0.950000000   -0.797707800    0.235955500
 264   -0.950000000   -1.685770000   -0.173932700
 265    5.547493000    0.259828900   -0.744217600
 266    6.752706000    0.344414700    1.056019000
 267   -0.950000000   -0.851341800    1.332949000
 268    8.070926000    0.558144600    1.134116000
 269   10.169370000    0.582171200   -0.500393500
 270   -0.950000000   -0.988042600   -1.341772000
 271   11.960040000    0.862869600    1.188836000
 272   18.303310000    1.658183000    0.875594300
 273    9.085430000    0.395918200   -1.126199000
 274    8.816082000    0.322018500   -1.019594000
 275    6.682876000    0.258568700   -0.017332240
 276    5.177227000    0.096515890   -0.577933100
 277   12.791210000    0.725377400   -0.585295300
 278   -0.950000000   -0.748501800    0.240858300
 279   16.516210000    1.065518000   -0.049896930
 280   -0.950000000   -0.206225000    1.340660000
 281    9.338469000    0.369141400   -0.051486200
 282   -0.950000000   -0.855137900   -0.994624400
 283   13.467280000    1.273927000    0.368480900
 284    1.216413000   -0.052275030    0.055196850
 285    7.939171000    0.549568000    0.112462700
 286    3.329870000    0.046144680    0.302418700
 287   13.115390000    0.939491700    0.140227100
 288    1.127396000   -0.148477000    0.154528100
 289    5.937034000    0.628920000    1.054499000
 290   11.011260000    0.796092100   -0.231582100
 291    2.697578000   -0.317985400   -1.565107000
 292    7.198677000    0.431032400    0.372393200
 293   16.793990000    1.676810000    1.318885000
 294    7.912722000    0.322743300   -0.480574100
 295   -0.950000000   -0.748164100    0.390787400
 296    1.622981000    0.265425300    0.839087700
 297   10.643440000    1.071799000   -0.113058000
 298   -0.950000000   -0.966112100    0.455059900
 299    0.281855200    0.095236390    0.514994600
 300   -0.950000000   -0.574753800    0.856411100
 301    2.433307000    0.461178800   -0.518366800
 302   -0.950000000   -0.162163300    0.653279400
 303    4.518069000    0.584756200   -0.528348200
 304   -0.950000000   -1.733988000   -1.949919000
 305    2.055708000    0.423105300   -1.142914000
 306   -0.950000000    0.112194900    0.381499400
 307   -0.950000000   -0.392036300   -0.464011700
 308   -0.950000000   -0.675437500   -0.680128900
 309   15.935870000    1.566331000   -0.816503800
 310   -0.950000000   -0.072396810    1.087807000
 311    4.666099000    0.495509500   -1.698865000
 312   -0.950000000   -0.264101200    0.581308900
 313   -0.950000000   -0.568680500    0.883335900
 314    7.816390000    0.788768200    0.481921200
 315    3.109805000    0.956384800    0.543812200
 316   13.284880000    1.419395000    0.481118700
 317   -0.950000000   -0.502644400   -1.929425000
 318   -0.950000000   -1.761733000    0.720275100
 319   -0.950000000   -1.654493000   -0.091731820
 320   -0.950000000   -1.115937000    0.644648700
 321   11.513420000    1.256533000   -1.125664000
 322   -0.950000000   -0.197238200    0.562941400
 323   -0.950000000   -1.442352000    0.614270000
 324   -0.950000000   -1.644352000   -0.648655000
 325    0.204857000    0.130960800    1.067930000
 326   -0.950000000    0.083923910    1.256129000
 327    4.050341000    0.382169000    0.475106900
 328   -0.950000000   -1.477785000    0.848863900
 329    1.120767000    0.560856700    0.979546200
 330    7.089914000    0.613985000   -1.361076000
 331    2.975539000   -0.081093860   -0.225725800
 332    9.338814000    0.496116000    0.539515300
 333    7.999255000   -0.329963800   -1.776711000
 334    3.388953000    0.337286700    0.190166100
 335   10.309860000    0.416125200   -0.469236200
 336   15.597580000    1.073487000   -1.006335000
 337   -0.950000000   -0.410364000    1.103441000
 338   -0.950000000   -1.449345000    1.387690000
 339   15.763310000    1.725472000    0.441920400
 340   -0.950000000   -1.143028000    0.345308100
 341   12.928330000    0.888198700   -0.470700000
 342    7.338663000    0.794687800    1.091749000
 343   14.898150000    0.364196000    1.937011000
 344   -0.950000000   -0.694010100   -0.614632900
 345   14.674240000    0.821289800    0.118950300
 346   -0.950000000   -0.632324300   -0.696391100
 347    9.831430000    0.691989800   -0.668803100
 348   -0.950000000   -1.718431000    0.242807400
 349    5.457699000    0.282698000   -0.282339400
 350   12.468150000    0.808369600   -0.946035800
 351   -0.673722700   -0.131473300    0.714379100
 352   -0.950000000   -0.387659300    0.668471800
 353   16.928650000    1.338464000    1.352801000
 354   -0.950000000   -1.096185000    1.318756000
 355    0.734127100   -0.194400500   -0.620677800
 356   -0.950000000   -0.951430900    0.061193930
 357    0.205301600    0.052824040    1.361042000
 358    2.906762000   -0.018994600   -0.681430200
 359   -0.950000000   -0.193313800    0.122991600
 360   -0.950000000   -0.215973800    0.845911000
 361   10.348580000    0.706536200   -0.232589200
 362   18.028200000    1.426010000   -1.087209000
 363   10.975760000    1.168696000    0.229979400
 364    8.697765000    0.797378000    0.787306800
 365    0.270965600   -0.077113070   -0.500091400
 366   -0.950000000   -0.371016400    0.059257770
 367    7.589740000    0.304818500   -0.746462400
 368   13.520410000    1.056327000    0.540442400
 369    8.953070000    0.988361300    0.306293600
 370    7.932407000    0.637875600   -0.493245500
 371    5.374759000    0.370635900    0.239505600
 372   -0.950000000   -0.262661300    0.451685100
 373   -0.950000000   -0.689690800   -0.832133100
 374    0.218611100   -0.304887400   -0.350863700
 375   10.126070000    0.608237200   -0.609888700
 376   -0.416509800   -0.556667600   -0.463204800
 377   13.912410000    1.204249000    0.094002990
 378    7.271652000    0.163103500   -0.904670200
 379    2.949162000   -0.041237810   -0.424705000
 380   -0.950000000   -0.590130800    0.877794700
 381   -0.950000000   -0.194067900    1.906848000
 382   -0.950000000   -1.190835000    0.271408200
 383    3.355393000    0.117645400    1.117389000
 384   -0.950000000   -0.682136100    0.783883000
 385    7.130644000    0.401254300    0.727413500
 386   17.872830000    1.268083000   -0.898237200
 387   -0.950000000   -1.172411000    0.278151100
 388    6.420948000    0.509531700    0.647678700
 389   -0.950000000   -1.167569000   -0.635431700
 390   18.216700000    1.365768000    1.308760000
 391   -0.950000000   -1.955708000    0.930191200
 392   -0.950000000   -0.533446600   -1.335685000
 393   -0.950000000   -1.815860000   -0.361569500
 394    4.724733000    0.584493100    0.165157100
 395    5.788335000    0.615435200   -0.712544800
 396   13.537500000    1.333356000    1.088454000
 397    4.138167000    0.600360100   -0.338127000
 398   -0.950000000   -0.394820800    1.046364000
 399    3.486248000    0.343899800   -0.085621760
 400   -0.950000000   -0.987975200    1.137792000
 401   12.664280000    1.311175000    0.248527400
 402   -0.950000000   -0.123749500    0.777748400
 403    6.121764000    0.577688200   -0.416798100
 404   -0.950000000   -1.829516000   -0.868660200
 405    1.666591000    0.039196490   -0.910394200
 406    1.371276000   -0.316138800   -1.695998000
 407   16.540260000    1.805852000   -0.026918560
 408   -0.950000000   -0.399979700   -0.421079400
 409    1.545596000    0.269573800    0.714373200
 410   -0.950000000   -0.839719000    0.394737000
 411    3.094553000   -0.175410100   -1.373509000
 412   -0.950000000   -0.095686370    0.905527400
 413   -0.950000000   -0.400134300    0.224569200
 414   -0.950000000   -0.950816800   -0.109206900
 415    7.453297000    0.655861900    0.717276700
 416   -0.950000000   -0.365855800    0.863094100
 417   -0.950000000   -0.037182450    0.348031600
 418    5.481089000    0.499839600    0.039303600
 419   -0.950000000   -0.249589600   -0.570615200
 420   -0.950000000   -0.456767000    1.797934000
 421   -0.950000000   -1.734883000    0.790985700
 422   -0.950000000   -0.588460600    0.493257600
 423    7.109756000    0.389159600   -0.887938700
 424    4.235445000    0.681942700    0.578435200
 425   -0.950000000   -0.207205800    0.333592700
 426    5.664750000    0.351385200    0.439756800
 427   -0.950000000   -0.089187010    0.627196900
 428    1.978902000   -0.203816600   -1.304625000
 429   -0.950000000   -0.548170500    0.256601500
 430   -0.950000000   -0.857386700    0.095721030
 431   -0.950000000   -0.053077780    1.510378000
 432   10.946960000    1.263158000    0.192725100
 433    6.910310000    0.583935500   -0.812110800
 434   19.707940000    1.773853000   -0.670192000
 435   -0.950000000   -1.242473000   -0.573247700
 436   -0.950000000   -0.867562400   -0.463716800
 437   -0.950000000   -0.258056800   -0.022254500
 438   -0.950000000   -1.708893000   -0.166092000
 439    0.172766700    0.547671600   -0.002294984
 440   -0.950000000   -0.295886800   -0.333808400
 441   -0.950000000   -0.806755400   -1.144972000
 442   -0.950000000   -1.159214000    0.923656700
 443    3.184553000    0.645029700    0.377448600
 444    7.234333000    1.251573000    0.215720500
 445   -0.950000000   -0.147786600   -1.625621000
 446   -0.950000000   -0.301075600   -1.612091000
 447    5.362856000    0.688861100   -0.230270400
 448   -0.950000000   -1.133154000   -0.025528390
 449   -0.950000000   -0.709629200    0.806947500
 450   -0.950000000   -0.117848200    1.016596000
 451   -0.950000000   -0.446384500    1.281645000
 452   12.654270000    0.645464700   -0.279966300
 453   13.004850000    1.362091000    0.001625867
 454   -0.950000000   -0.736662200   -0.548550600
 455    2.131022000   -0.113624600    0.332980500
 456   13.185360000    0.915405000   -0.676370200
 457   11.526800000    0.816729900    0.450352600
 458    8.360072000    0.657340200    0.770691200
 459    4.883918000    0.384664500    1.201821000
 460    3.661083000    0.307230000    0.799273700
 461   12.939950000    0.806476700   -1.286849000
 462   -0.950000000   -0.332549700    0.706400600
 463   17.667840000    0.978292000   -0.676129800
 464   10.505380000    0.672592500    1.236803000
 465   -0.950000000   -0.521666100   -0.482386900
 466   -0.950000000    0.284113100    0.136941300
 467   -0.950000000    0.391618100    0.079776070
 468    9.614061000    1.095204000   -1.018063000
 469   -0.292659900    0.230939600   -0.657637000
 470   -0.950000000   -0.700787600    1.328493000
 471   -0.950000000   -1.279757000   -0.430499700
 472    4.604541000    0.779458100   -0.706044300
 473   -0.950000000   -0.624851400   -1.637802000
 474   -0.950000000   -0.414239000   -0.079358960
 475   -0.950000000   -1.086050000    0.406789100
 476   -0.950000000    0.121592600    0.292119300
 477   -0.950000000   -0.303420500   -1.546781000
 478   -0.950000000    0.177244000    0.473741100
 479   -0.950000000   -0.465164800    0.041021230
 480   -0.950000000   -1.773845000   -0.459594600
 481   -0.950000000   -1.150817000    0.746527200
 482   -0.950000000   -1.006574000   -0.912573000
 483    9.170617000    0.735193800   -0.252155500
 484   10.399400000    0.581264000    0.485805700
 485   -0.950000000   -0.304138800    0.141344700
 486   -0.950000000   -0.594901200   -0.555239800
 487   -0.950000000   -0.936904600    0.886436800
 488   15.711260000    1.365259000    0.061102260
 489   -0.950000000   -0.632525100    0.154921500
 490    9.681985000    0.747434900    0.602039000
 491    7.061310000    1.228726000    0.800735700
 492   10.850540000    1.496813000    1.117363000
 493   -0.950000000   -0.287146700    0.240450900
 494   -0.950000000   -0.692989600    0.541976600
 495   -0.950000000   -0.757467800   -0.378650800
 496   -0.950000000   -0.410504700    1.855426000
 497   -0.950000000   -0.207842800   -0.349388200
 498    0.008356989   -0.211515500   -0.631972500
 499    4.911816000    0.382045800   -0.604921900
 500    1.096318000   -0.243295900   -0.491996000
 501    1.443877000    0.034670350    0.490467000
 502   11.050760000    0.640008600   -0.785328800
 503   10.042170000    0.517108000   -1.310569000
 504   -0.950000000   -0.019077920    1.304498000
 505   16.128310000    1.018093000   -0.882991800
 506    9.367933000    0.917785700    0.307319500
 507   -0.950000000   -0.324987300   -0.020500440
 508   12.519170000    1.029343000    0.581670100
 509   16.006210000    1.248703000   -0.881375600
 510   -0.950000000   -1.447731000   -0.603433200
 511   -0.950000000    0.165939000    0.167867200
 512   -0.950000000   -0.017083630    0.141451900
 513    3.287040000    0.470091200   -0.697556100
 514   -0.950000000   -0.385445400    0.282221700
 515   -0.950000000   -0.647483100    0.518725500
 516   -0.950000000    0.246901400    0.515003700
 517   -0.950000000   -1.372526000    0.681331100
 518   -0.950000000   -1.051534000   -1.820739000
 519   -0.950000000   -0.528340900   -0.563938600
 520   -0.950000000   -1.619475000    0.591400800
 521   -0.950000000   -0.643570900    0.239985800
 522   21.402970000    1.606411000   -1.903532000
 523   -0.950000000    0.155326000   -0.000755721
 524   -0.950000000   -0.489961200   -0.225388000
 525   -0.950000000   -1.170711000    0.189063600
 526    0.784601700   -0.293675000   -0.931961200
 527   10.289390000    1.149428000    0.081817110
 528   -0.950000000   -0.430652100   -0.398217600
 529    0.807723400    0.005397728    0.541033700
 530    5.841296000    0.866672400    0.454725900
 531   -0.950000000   -0.398720100   -0.706917500
 532    5.040686000   -0.050249200   -1.573442000
 533    1.072746000    0.075676360    1.345496000
 534    8.329069000    0.615920300    0.987556800
 535    3.438878000    0.038571060    1.373439000
 536   14.216630000    1.009222000   -0.391627700
 537    4.543182000    0.250143100   -0.251082000
 538   -0.950000000   -1.129008000   -0.744148600
 539    2.976879000    1.020030000    1.135408000
 540   14.600160000    1.032578000   -1.039826000
 541   -0.950000000   -0.356051500   -1.121139000
 542    2.816491000    0.188956100   -0.897518500
 543   -0.950000000   -0.858668200    0.939193300
 544    8.470830000    0.798943300   -1.300093000
 545    3.592553000    0.645630900   -0.034960050
 546   17.382100000    1.620958000    0.946576800
 547    6.877077000    0.664891800   -0.413474300
 548    0.366619900    0.188802700    1.095160000
 549   -0.950000000   -0.545267200    0.765062700
 550    0.553620500   -0.030769780   -0.895670100
 551   14.195320000    1.002166000   -1.117001000
 552    1.308960000    0.045390250   -1.106240000
 553   -0.950000000   -0.977769300   -0.451134700
 554   -0.950000000   -1.422420000    0.869386100
 555    3.140568000    0.419644500   -0.155133300
 556   -0.950000000   -1.305693000   -0.517229400
 557   -0.224006300    0.024165070   -1.136749000
 558   -0.950000000   -0.642822600   -1.533502000
 559   -0.950000000   -0.586354000    0.125971200
 560   -0.131144500    0.511456300    0.320490900
 561   -0.950000000   -1.944763000   -0.243688800
 562   12.951240000    1.672909000    0.183063300
 563    1.309081000    0.314920900   -1.910949000
 564    0.868231600    0.379093700   -0.625288700
 565   -0.950000000   -1.698516000   -0.386027600
 566   -0.950000000   -1.525297000   -0.016003740
 567   -0.950000000   -1.357228000    1.188779000
 568   -0.950000000   -1.438145000   -1.233333000
 569    8.475630000    1.466430000    0.599104700
 570   -0.950000000   -0.772356600    1.435341000
 571   15.228360000    1.009051000   -1.753727000
 572    7.645658000    0.557190000   -0.704846100
 573   -0.950000000   -0.371070000   -1.083658000
 574   20.507300000    1.794595000    1.961582000
 575   -0.950000000   -0.032711720    0.425417100
 576    8.037547000    0.940493500   -0.245515800
 577   16.180480000    1.378990000    1.513190000
 578   -0.950000000   -0.332681600    1.190469000
 579    2.487425000    0.029716690    0.198352500
 580   -0.950000000   -0.486811900   -0.344783800
 581   -0.950000000   -0.554697400   -0.440461200
 582   -0.950000000   -1.839781000   -1.003342000
 583   11.303800000    0.848417600    0.427231900
 584   -0.245075300   -0.271117300   -0.970160300
 585   -0.950000000   -0.535866400    0.127736800
 586   -0.950000000   -0.308446800   -0.597180400
 587    4.776965000    0.462311400   -0.187262300
 588   -0.950000000   -0.645193100    1.021083000
 589   -0.950000000   -0.807128500    0.022704670
 590    2.035766000   -0.067219660    1.577122000
 591   -0.245713500    0.129357300    0.623042400
 592    1.409326000    0.190014400    0.061740310
 593   -0.950000000   -0.580169800   -0.172519300
 594   -0.950000000   -1.190879000   -1.079073000
 595   -0.950000000   -0.044512380    1.134982000
 596   -0.950000000   -0.573599200   -0.464313800
 597   -0.950000000   -0.388262800    0.132539100
 598    5.014148000    0.720900900    0.279041800
 599    6.363051000    0.687317100   -0.518684100
 600   -0.950000000   -0.746292000    1.115550000
 601    1.585625000    0.433227800    1.619992000
 602   11.036920000    1.259365000    0.425551800
 603   -0.950000000   -1.407981000    0.155971200
 604   10.834130000    0.655488200   -1.497556000
 605   12.284900000    0.764452400   -1.834291000
 606    5.498206000    0.619069800    0.312363100
 607    3.549452000    0.079962700   -1.238587000
 608   -0.950000000   -0.621695300   -1.320013000
 609   -0.950000000   -0.610489500   -0.690192700
 610    7.435183000    1.122206000   -1.198055000
 611   -0.950000000   -0.433769400   -0.889222700
 612    0.359502000    0.164239900    0.102462200
 613    0.131800200    0.232225100    0.315803400
 614   13.380800000    1.350174000   -0.606669400
 615   -0.950000000   -1.509087000    1.257643000
 616   -0.950000000   -0.997074400   -1.660054000
 617   -0.950000000   -0.496405100    0.740227000
 618   -0.306683000    0.060490170   -0.277911900
 619   11.173530000    0.881110700   -0.012352720
 620    1.222415000    0.118499700    1.213963000
 621   -0.950000000   -0.641503600   -0.031607820
 622   -0.950000000   -0.587071900   -1.108479000
 623   -0.950000000   -0.543150200    1.876919000
 624   -0.950000000   -1.688782000    0.175752500
 625   -0.950000000   -0.254997600    1.037284000
 626   -0.950000000   -1.119517000    0.160292600
 627    4.256660000    0.427146200   -0.477565200
 628   14.092560000    1.232427000    0.381980500
 629   -0.950000000   -1.261981000    0.814566600
 630    0.165984400    0.167096100    0.918077300
 631    5.897249000    0.450285500   -1.334813000
 632    6.390745000    0.658428600   -0.824854200
 633   21.088690000    1.335893000   -1.474257000
 634   -0.950000000   -0.421635600    0.772051400
 635   15.846420000    1.286647000    0.181363100
 636   -0.950000000   -0.415432300    0.287650200
 637   -0.950000000   -0.470712000    1.209154000
 638   -0.950000000   -0.057184180   -0.888371600
 639   -0.950000000   -1.494495000    0.442970700
 640   -0.950000000   -0.464383800   -0.367516200
 641   10.713250000    1.072228000   -0.975806200
 642    4.034112000    0.363292200   -1.215249000
 643    4.252814000    0.339531400   -0.731002100
 644   -0.950000000   -0.529642100   -0.857986700
 645   10.064530000    0.826268300   -0.276831600
 646    0.177092100   -0.005011372   -0.302258700
 647    0.680062300   -0.078012370   -0.584434000
 648   11.622150000    1.101812000    0.055084050
 649   -0.950000000    0.327800100    1.042349000
 650    1.012973000   -0.056170220    1.040348000
 651   10.947150000    0.869246600   -1.053263000
 652   -0.950000000   -0.798169600   -1.631990000
 653   -0.950000000   -0.535812800    0.790442600
 654   15.108470000    1.324287000    0.537988200
 655   -0.950000000   -1.308322000    0.337007000
 656   -0.950000000   -0.681415500    1.212018000
 657   -0.950000000   -0.753664200   -1.125307000
 658   -0.950000000   -1.087440000   -1.468504000
 659   -0.950000000   -1.705473000    0.074458490
 660   -0.410699200    0.428123500    0.799977000
 661   16.003440000    1.217065000    1.030253000
 662   -0.950000000   -0.508589100    0.640798100
 663   -0.950000000   -1.000091000    0.632824000
 664   -0.950000000   -1.510429000    1.139681000
 665   -0.950000000   -0.526339000   -1.007729000
 666    7.891518000    1.092460000    1.383393000
 667   -0.950000000   -0.748724200    0.488763700
 668   -0.950000000   -1.046205000    1.397305000
 669   -0.950000000   -0.990143300   -0.748954200
 670    1.208205000    0.304776000    0.133551700
 671    8.052710000    0.945960100    0.237777700
 672    8.920727000    0.971778900   -0.211914000
 673   -0.950000000   -1.268415000    0.725111900
 674   11.005040000    0.678055500   -1.243554000
 675   -0.950000000   -1.548730000   -0.710482800
 676   11.010510000    1.211831000   -0.740089300
 677   -0.950000000   -1.405197000   -0.068767390
 678   -0.950000000   -0.660135300   -0.149119700
 679   -0.950000000   -1.441436000    0.956440600
 680   -0.950000000   -0.391311100    0.949102100
 681    9.061959000    1.056657000    1.572646000
 682   -0.950000000   -0.145860200    0.000334519
 683   -0.950000000    0.033933710    0.500504700
 684   -0.950000000   -1.121833000   -0.728140300
 685   -0.950000000   -0.296611700   -0.724959700
 686    6.906327000    0.714344900   -0.562144000
 687   -0.950000000   -0.046527130    0.392500900
 688   -0.950000000   -0.146762800   -0.668135000
 689    8.701309000    0.906983900   -0.477231900
 690   -0.950000000   -0.044065710   -0.302684500
 691   -0.950000000   -0.685887800   -0.813112500
 692   20.146800000    1.895680000    1.457940000
 693   -0.950000000   -0.523085600    0.155696600
 694   -0.950000000   -1.096430000   -1.629050000
 695   -0.950000000   -1.397054000   -1.665203000
 696    0.643091500   -0.013410760   -0.935089800
 697   -0.950000000   -0.690121000    1.329188000
 698   -0.950000000   -0.682423700    1.466227000
 699   -0.950000000   -0.068098680   -0.667126400
 700    6.121022000    0.548475000    0.025794580
 701   -0.950000000   -1.188708000   -0.414738000
 702   14.542840000    1.459347000   -0.877876800
 703    0.517676600    0.269320900    1.012974000
 704    5.389651000    0.509270300   -0.321556300
 705   -0.950000000   -0.017761840   -0.008237795
 706   -0.950000000   -1.523327000    0.672977800
 707    6.089972000    0.895861000   -0.046299950
 708    8.463914000    0.991391600    1.270379000
 709   -0.950000000    0.055403500    1.653408000
 710   -0.950000000   -0.939202500   -1.810988000
 711   -0.950000000   -1.369281000   -0.031724430
 712   -0.950000000   -0.879887300    1.913619000
 713   -0.950000000   -1.155510000    0.410716100
 714    1.306113000    0.543514500    1.024448000
 715    0.603472400    0.186151900    0.450329400
 716    3.572682000    0.582650700    0.461949700
 717    3.758788000    0.460814400    0.223851600
 718    1.774630000   -0.219952400   -1.389140000
 719   -0.950000000   -1.407079000   -1.741819000
 720    3.000932000    0.512822700    0.364842800
 721   14.252580000    0.983899000   -1.227063000
 722   14.413750000    1.424675000    0.600645900
 723   -0.950000000   -0.770909300    0.177027800
 724   -0.950000000   -0.938633200   -0.088905070
 725    4.094665000    0.261812400    0.057840350
 726   14.361530000    1.632055000   -0.472627300
 727    9.472866000    1.083482000    0.221716700
 728   -0.950000000   -0.476119400    0.615926300
 729    3.530310000    0.295605800    0.190136900
 730   -0.950000000   -0.777074600   -0.186748600
 731    9.363450000    0.761821800   -0.140845400
 732   -0.950000000   -0.262994900    0.997010700
 733   -0.950000000   -1.535033000   -1.088469000
 734    0.728699700   -0.109906300   -1.038935000
 735   10.210850000    0.918161100   -0.213885600
 736   17.256170000    1.655937000    0.443887900
 737    5.131373000    0.009758677   -1.320347000
 738   13.591220000    1.376438000    1.504889000
 739    6.515066000    0.557956800    1.325446000
 740    7.181143000    0.423857900   -0.514335000
 741    3.503247000    0.013841900   -0.469423100
 742   -0.950000000   -0.442119000    1.122685000
 743    1.527665000   -0.002249796   -0.333194200
 744   18.605080000    1.666492000   -0.550888000
 745   -0.950000000   -0.944297500   -0.539528600
 746    9.976966000    0.684729700    0.070341910
 747    3.804081000    0.039151800   -0.661779500
 748   -0.950000000   -0.929637600   -0.298701400
 749   -0.950000000   -0.840445200   -1.442263000
 750   -0.581967000    0.035102460    1.155470000
 751   -0.950000000   -1.173782000    0.487423300
 752   10.329140000    0.828753100    0.011484930
 753    3.082406000    0.083242830   -0.494379500
 754    8.800300000    0.735160100   -0.607941600
 755   14.879450000    1.481070000   -0.272472400
 756   -0.950000000   -0.448793700    1.276868000
 757   -0.950000000   -0.946224900    0.127577500
 758   13.406750000    1.087894000   -0.154666500
 759    3.307338000    0.723830600    0.946015600
 760   12.508880000    0.904991500   -1.442033000
 761   14.353810000    1.355459000    0.653071400
 762   -0.950000000   -1.309671000   -1.367588000
 763    5.745924000    0.956099000    1.633697000
 764   -0.950000000   -1.158788000   -0.945683600
 765    9.932860000    0.798230200   -0.749317300
 766   -0.950000000   -0.316503600    0.313106900
 767   -0.449723500   -0.052967930    0.191619300
 768   -0.950000000   -0.398370500    0.045813550
 769   -0.950000000   -0.622572500    0.868480600
 770    8.769459000    0.441905100   -0.707416400
 771   -0.950000000   -0.665811900    0.615412800
 772   -0.950000000   -0.300805700    0.379195000
 773   13.901700000    1.262047000    1.397611000
 774   11.384250000    1.042492000   -0.194941400
 775    3.783047000    0.682897700    0.227348500
 776   -0.950000000   -0.409061500    0.443581400
 777   -0.950000000   -1.870410000   -0.922834800
 778   -0.950000000   -1.332366000   -0.058720460
 779   -0.950000000   -0.774191600    1.038531000
 780   14.573430000    1.954519000    0.959178000
 781    6.867657000    0.305736200    0.229723500
 782   15.216720000    1.117883000    1.403483000
 783    2.620506000   -0.048817600    0.390518400
 784   -0.950000000   -0.904834500    0.099863740
 785   -0.950000000   -1.040842000    1.147872000
 786    1.036021000   -0.121800400    0.004055970
 787    4.008704000    0.186037000   -0.035638000
 788   -0.950000000   -1.512356000    0.540086100
 789   -0.950000000   -1.526925000   -0.479885600
 790    6.787937000    0.605589200   -0.029553710
 791   23.188680000    1.508944000    1.818096000
 792    4.837418000    0.250301100   -0.179498900
 793   13.040440000    1.435065000    1.762455000
 794    5.891957000    0.112398400   -1.717095000
 795   -0.950000000   -0.960737100   -0.350809900
 796   -0.950000000   -0.651825900   -0.614442300
 797   20.626780000    1.684527000    0.766773100
 798   -0.950000000   -0.405123500    0.362388600
 799   -0.950000000   -0.891927900    0.678942400
 800   -0.640392000   -0.419666900    0.831871700
 801   -0.950000000   -0.750303800    0.010686220
 802    6.675709000    0.309185700    0.940187800
 803    5.443124000    0.397938900    0.211799100
 804    3.290180000    0.142165200    0.604392600
 805    2.840069000   -0.027435880    0.326716500
 806    7.942646000    0.447689900   -0.711298000
 807   -0.950000000   -1.728995000   -0.508414700
 808   -0.950000000   -0.946554400    0.305634200
 809   14.535040000    1.519780000    0.054105120
 810   14.791130000    1.568677000   -0.389574700
 811    4.657309000    0.247264600    0.522280400
 812    5.362408000    0.240097300    0.318434100
 813   -0.950000000   -1.325503000    1.902235000
 814   15.754490000    1.022486000    0.689638100
 815   -0.950000000   -0.674969200    0.329571800
 816   -0.950000000   -0.811934400    0.645609000
 817   15.359880000    1.380886000   -0.092913250
 818    1.585508000   -0.134762900    0.568136600
 819   23.565040000    1.470078000   -0.504966500
 820   -0.950000000   -0.837058900    0.381066300
 821    4.013180000    0.025894740    0.234868400
 822    4.937830000    0.269762900    0.149405700
 823   22.394890000    1.431284000   -0.513956000
 824   17.601570000    1.114442000   -0.235459000
 825   -0.950000000   -0.794827300    0.095134940
 826    4.990067000    0.466055400   -0.709757400
 827   -0.950000000   -1.114744000   -0.005402356
 828    0.135340300    0.616951900    1.422708000
 829   -0.950000000   -0.951563300   -0.162009400
 830    0.296477200    0.347258900    0.129517800
 831    3.094932000    0.153117000   -0.635374300
 832    0.720417700    0.203341700    0.820155600
 833   -0.950000000   -0.189908400    1.082383000
 834   -0.950000000   -0.589732300   -0.332334400
 835   -0.950000000   -1.288933000   -0.190022300
 836   14.016330000    1.154557000   -0.878647600
 837   -0.950000000   -0.180897200   -0.064108000
 838    4.694329000    0.841384300    0.635200000
 839   -0.950000000   -1.042274000   -0.730039500
 840   -0.950000000   -0.280634000   -0.848838800
 841   -0.950000000   -0.089101090   -0.704521000
 842   10.841420000    1.150873000   -0.721921000
 843   15.161310000    1.575143000   -0.331729500
 844   -0.950000000   -1.453232000   -1.076590000
 845   -0.950000000   -1.972920000   -1.697466000
 846   -0.950000000   -0.967548600    0.357506900
 847    5.170495000    1.018434000    0.031771570
 848    0.206726400    0.053529900   -1.432135000
 849   -0.950000000   -0.987851400    0.469434700
 850   10.397100000    1.366511000   -0.529955800
 851   -0.950000000    0.173721500    0.800359100
 852    0.204908700    0.232293000   -0.360748700
 853    2.935875000    0.686169700   -0.727710000
 854   -0.950000000    0.291703700    0.361754600
 855   -0.950000000   -0.136769300    0.278903400
 856   12.788110000    1.374627000   -0.682794100
 857   -0.950000000   -0.589975500    1.412563000
 858    2.548540000    0.364354500   -1.076797000
 859    2.372566000   -0.150068100   -1.740443000
 860   11.488880000    1.562592000   -0.113079900
 861    2.596292000    0.322746300    0.097533440
 862   -0.950000000   -1.763755000   -0.347726000
 863    7.374280000    0.840774300   -1.803289000
 864   -0.950000000   -1.356968000    0.192343200
 865   -0.158700200    0.279004500   -0.717759800
 866   -0.950000000   -0.573788500   -0.896865600
 867   -0.950000000   -0.273637900    1.642286000
 868   -0.950000000   -0.780340300   -1.312634000
 869   -0.950000000   -0.883011500    1.337537000
 870    7.055222000    0.902051700   -1.179694000
 871   16.376660000    1.467201000    0.083187130
 872   -0.950000000   -1.051011000    0.775810800
 873    3.100531000   -0.142764200    0.842087800
 874    7.590437000    0.236270400   -0.066629310
 875    5.392025000   -0.041655080   -0.491639800
 876   -0.573043200   -0.396816300   -0.154267900
 877   -0.950000000   -0.618054600    0.444465600
 878   -0.450783400   -0.293384900    1.165590000
 879    0.925733600   -0.108331500   -0.016382210
 880   27.521210000    1.917098000   -0.057982410
 881   -0.950000000   -0.508753500    1.138105000
 882   -0.921961700   -0.239558900    0.763211700
 883   25.812810000    1.739597000    0.680305400
 884   -0.950000000   -1.470350000   -1.279782000
 885   -0.950000000   -1.176926000   -0.305846900
 886   -0.950000000   -0.462396400   -0.996778100
 887   -0.950000000   -1.065837000    0.086482210
 888   -0.950000000   -0.064110790    0.619570900
 889   -0.950000000   -0.510937100    0.380051900
 890   -0.950000000   -0.629624200   -0.802273800
 891   -0.950000000   -0.628204200   -0.502474400
 892   -0.950000000   -1.715529000    1.171657000
 893   -0.950000000   -0.772400800    1.626859000
 894   -0.950000000   -0.396295700   -0.022138660
 895    8.535659000    0.786784000   -0.639665400
 896    6.218249000    0.998437100    0.370317700
 897   -0.950000000   -0.825607600    0.670836500
 898   -0.950000000   -0.377421100    0.597942900
 899    5.440081000    0.440227800   -1.322424000
 900   -0.950000000   -1.429390000    1.322831000
 901    0.842059400   -0.241419200   -1.377226000
 902    8.407561000    0.974096000   -0.993210000
 903   -0.950000000   -0.053164300    1.261168000
 904    7.072864000    0.563966600    0.113734300
 905    9.186848000    1.321194000    0.503087000
 906   -0.950000000   -0.058452400    1.148187000
 907    5.344168000    0.909162500    1.861439000
 908   -0.950000000   -1.338501000   -1.254473000
 909   -0.950000000   -0.005858408    0.444108900
 910   -0.950000000   -1.451381000    0.487250100
 911   -0.950000000    1.069755000    1.456149000
 912    0.546140000   -0.054430810   -1.025031000
 913    3.488482000    0.366187600   -0.872898500
 914   -0.950000000   -0.595365400   -1.162942000
 915    3.698553000    0.132014300   -1.324382000
 916   14.401140000    1.425415000   -0.660835100
 917   12.181190000    1.085079000    0.859588800
 918   -0.950000000   -0.465178600    0.488951200
 919   -0.950000000   -0.434528900    0.616265100
 920   -0.950000000   -0.369506200    0.235591100
 921   10.740810000    0.905317100    0.294883600
 922    3.126147000    0.469811100    0.645381000
 923   17.820600000    1.722578000    1.799049000
 924   10.065320000    0.871543100   -0.635501600
 925    5.557524000    0.585707400   -0.668660000
 926   -0.950000000   -1.235716000    0.619581200
 927    0.951609400   -0.165934800   -0.904815100
 928   -0.950000000   -1.064788000   -0.023936230
 929   -0.950000000   -0.084022480   -0.282445800
 930   -0.950000000   -1.483569000    0.366840900
 931   17.243490000    1.778607000   -0.255439300
 932    5.517121000   -0.062649960   -1.990308000
 933    5.028682000    0.797375700    0.280987800
 934   -0.950000000   -1.665881000   -0.480047700
 935    7.437592000    0.980751000    0.120063700
 936   -0.950000000   -1.496402000    0.767304200
 937    4.608943000    0.876663000    1.394899000
 938   -0.950000000   -0.959818900    0.077213780
 939   14.842210000    1.245703000   -0.730551200
 940   -0.950000000   -0.023798450    0.585400700
 941   -0.950000000   -0.902153200   -0.202256000
 942   -0.950000000   -0.912001300   -0.147048900
 943   -0.950000000   -1.402464000   -0.186620800
 944   20.130650000    1.639782000    1.453433000
 945   -0.950000000   -1.750177000   -1.187179000
 946   10.798830000    1.108112000   -0.083562350
 947   -0.188803900   -0.170268000   -0.349504000
 948    6.805728000    0.489489600    1.421263000
 949   -0.950000000   -0.997170200    0.353349600
 950   -0.950000000   -0.479479300    1.342027000
 951   -0.950000000   -0.401231800    0.910827100
 952    9.615630000    0.827064200    0.510915200
 953   -0.950000000   -0.726606800   -1.775095000
 954   -0.950000000   -1.733593000   -0.192228900
 955    7.519827000    0.528394800   -0.033822420
 956   11.148540000    0.844338600   -0.122191100
 957   -0.950000000   -0.096202180    1.927492000
 958   -0.950000000   -0.534109600   -0.925595900
 959   -0.950000000   -1.986125000   -0.833037500
 960   -0.950000000   -1.001028000   -0.830140900
 961   -0.950000000   -0.218447900   -0.323328300
 962   -0.950000000   -0.710754900   -0.464639500
 963   -0.950000000   -0.779252300    1.211794000
 964    4.708812000    0.581995600    1.580863000
 965   21.602280000    1.666843000   -1.055051000
 966   -0.950000000   -0.763003200   -0.117376200
 967   -0.950000000   -1.253928000   -0.682941900
 968    7.281472000    0.876044300    1.716264000
 969   -0.950000000   -1.091897000    0.664033000
 970   12.849810000    1.668346000    0.443763200
 971   -0.547962700   -0.034275610   -0.346836400
 972   -0.950000000   -0.503985900    0.482889600
 973   -0.950000000   -0.438586400    0.017677280
 974   14.740650000    1.041176000    0.727416800
 975   -0.950000000   -0.005459461    0.471355800
 976   -0.950000000   -1.285455000   -0.126317200
 977   -0.950000000   -0.670870100    0.918255400
 978   -0.950000000   -1.709580000    0.754307200
 979   -0.950000000   -1.214008000   -1.496519000
 980    6.372189000    0.614672200    1.730231000
 981   -0.950000000   -0.931956400    0.340304700
 982   -0.950000000   -0.240053800    1.680667000
 983    0.990251500   -0.198791800   -0.018383570
 984    8.284482000    0.468645800    1.376312000
 985   -0.950000000   -0.688394800    0.199757800
 986    7.405407000    0.705956200    0.231973300
 987   -0.950000000   -0.984015300    1.016128000
 988   17.433820000    1.384088000   -1.231244000
 989   14.243220000    1.603626000    0.693626700
 990    2.044155000    0.418449600    1.002987000
 991   -0.950000000   -1.411708000    1.848961000
 992    8.484642000    1.092177000    0.123919700
 993    0.576533600    0.280351400    0.144895400
 994   -0.950000000    0.927282400    1.400705000
 995   15.916450000    1.247851000    1.322190000
 996    3.675617000    0.031487840   -1.478499000
 997    4.257541000    0.030813260   -1.769163000
 998   14.882550000    1.182719000   -1.247796000
 999   -0.950000000   -0.183802000   -1.044930000
1000   -0.950000000   -1.407676000   -1.608135000
1001    6.733024000    0.756191700    0.702640400
1002   10.146320000    1.127540000    0.124559300
1003   -0.950000000   -1.436707000   -0.557899700
1004   -0.950000000   -1.401098000    0.089580470
1005   -0.950000000   -0.017857460    0.497261200
1006   -0.950000000   -0.937080300   -1.236885000
1007    7.723608000    1.257740000   -0.100973800
1008    9.116834000    0.261990200   -1.771016000
1009    4.140432000    0.590994400    0.356461000
1010   -0.950000000   -1.098968000   -1.468817000
1011   15.819020000    1.410206000   -1.985499000
1012    7.191970000    0.823354400   -0.155348400
1013   16.486970000    1.657024000    1.438152000
1014   -0.950000000    0.005765166   -0.861510200
1015   -0.950000000   -0.622366900    1.851944000
1016   12.884650000    1.025393000   -1.483126000
1017   10.631730000    0.920906300   -0.627008600
1018    4.272644000    0.646956300   -0.090456100
1019    6.780157000    0.606769700   -0.142832600
1020    6.157268000    0.634845100   -1.055604000
1021   -0.950000000   -0.927171600    0.027599040
1022   -0.950000000    0.096660500    1.722199000
1023    1.307366000    0.309632800   -0.206364200
1024    7.322230000    0.726184700   -0.166768100
1025   -0.950000000   -0.876574800    1.886420000
1026   14.185090000    1.389636000    0.057771690
1027   12.799910000    1.219447000    0.071098990
1028   11.118840000    0.562206100   -1.474389000
1029    7.404965000    0.618203900   -0.002218453
1030    3.095036000    0.179113200    0.238981700
1031   -0.950000000   -1.437486000    0.725624200
1032   -0.950000000   -0.628524500    0.908634000
1033   13.741170000    1.337992000    0.251576100
1034   -0.950000000   -0.902482600   -1.633486000
1035   -0.950000000    0.250368000    1.027958000
1036   13.134860000    1.245597000    0.460828100
1037    9.413565000    1.845760000    1.332813000
1038    6.651584000    0.593170300   -0.771983900
1039    5.304061000    0.213139900   -0.397452100
1040   -0.950000000   -0.195882900    0.066704800
1041    2.057847000   -0.164124900   -1.736457000
1042    7.106012000    0.818584700    0.639115100
1043   -0.950000000   -0.238987700   -1.187110000
1044   -0.950000000   -1.239209000    0.885013900
1045   -0.950000000   -0.428334000    0.729933100
1046    1.130831000    0.061987820   -0.460565300
1047   -0.950000000   -0.686408800   -1.597670000
1048    2.199175000   -0.066112970    0.259723700
1049   -0.950000000   -0.302198800    0.854031000
1050   20.458410000    1.385086000    0.076234550
1051   -0.950000000   -0.760823700    0.384594800
1052   21.435960000    1.756026000   -1.452646000
1053   -0.950000000   -1.525559000   -0.124775800
1054   -0.950000000   -0.152321800   -0.220928300
1055    4.023167000    0.443462300   -0.537624300
1056   11.075580000    1.690129000   -0.222767900
1057   -0.950000000   -0.671325700   -0.179230400
1058   -0.004291802   -0.167856800   -1.004194000
1059   -0.950000000   -0.926446400    1.845008000
1060    6.074590000    0.975403100    0.896182500
1061   -0.950000000   -0.782352200   -0.592057900
1062    3.959891000    0.121237800   -1.457033000
1063   -0.950000000   -0.313797000    0.873675300
1064   -0.950000000    0.049919920    0.512112300
1065   -0.950000000   -0.820966500    0.266467300
1066    2.761758000   -0.054645800    0.637103900
1067   20.450410000    1.407140000    1.053853000
1068   14.328710000    0.965551400   -0.572804100
1069    0.413427500   -0.307828200    0.231054700
1070   -0.950000000   -0.860576800   -0.827309500
1071    8.135408000    0.627268400    1.141655000
1072   25.566750000    1.577329000   -0.381273300
1073    6.846592000   -0.057005330   -1.009779000
1074    4.749590000    0.125604800    0.805971800
1075   13.817170000    0.886950600    0.096645940
1076    1.398530000   -0.495026200   -0.269787200
1077    6.486400000    0.493209800    0.558262100
1078   12.404930000    0.923779300   -0.224369900
1079   -0.950000000   -0.826972800    1.664551000
1080   -0.950000000   -0.989746300   -0.064799380
1081    5.286455000   -0.013897950   -1.766816000
1082    4.738509000    0.183219300    0.093494370
1083    3.171969000    0.225077200   -0.185076300
1084    7.621389000    0.613587700   -0.304360100
1085   -0.950000000   -0.781261000   -1.604110000
1086    3.901191000    0.214220700   -1.990361000
1087    2.598819000    0.116732700   -0.636736000
1088   -0.950000000   -0.670732800    0.873500600
1089   -0.950000000    0.098203720    0.716310600
1090   17.401230000    1.577195000    0.281211400
1091   -0.950000000   -0.841517900    0.339756500
1092   -0.950000000    0.242169200    0.773200300
1093    5.182702000    0.114744600   -1.284048000
1094    1.035914000    0.199512500    1.533934000
1095    3.343309000    0.227721800    1.120582000
1096   12.158650000    1.214447000    0.398106100
1097   22.648740000    1.566033000    0.187024000
1098   -0.151327300   -0.377245400   -1.859670000
1099    1.373816000    0.310784700    0.376553500
1100   -0.950000000   -0.555965900   -0.492332800
1101    8.276906000    0.673192800    0.016636730
1102    0.399568400    0.506943500    0.741646200
1103   -0.950000000   -0.949961500    0.140503800
1104    3.983252000    0.580337900   -0.418136300
1105   16.664020000    1.524493000   -0.259317400
1106   -0.950000000   -0.957610400    1.103158000
1107    2.324958000    0.137343400   -0.939324200
1108    1.091411000    0.110619700   -1.114616000
1109   -0.950000000   -0.125869100    0.246418500
1110   -0.950000000   -1.706964000   -1.639592000
1111   -0.950000000   -0.479370100    0.242599700
1112   -0.950000000    0.054391280    0.875767700
1113    2.334919000    0.216594100    1.796830000
1114    9.682604000    0.694224500   -0.438412800
1115   16.686520000    1.405714000   -0.885825600
1116   10.607870000    0.687954000    0.468582100
1117    5.753298000    0.537177500    0.593570100
1118    3.943318000    0.357781600    0.488583000
1119    7.703087000    0.266041700   -0.582556400
1120    4.845197000   -0.115442300   -1.067227000
1121   13.027000000    1.188641000    0.164171200
1122    8.320899000    0.296252000   -1.020341000
1123   -0.950000000   -0.652143800    1.276362000
1124   -0.950000000   -1.598148000    0.692969600
1125    3.432094000    0.023683790   -0.505221500
1126   10.314540000    0.706898800   -0.910453700
1127   -0.950000000   -0.447762300   -0.831417100
1128   -0.950000000   -0.813002800    1.069856000
1129   13.133310000    1.060991000   -0.515336100
1130   -0.950000000   -1.680613000    0.599567500
1131   -0.950000000   -0.314396600   -0.023556440
1132   -0.950000000   -1.407964000    0.387322900
1133   -0.950000000   -0.615702800   -0.203529600
1134    1.388592000    0.563168100    1.535470000
1135   10.199050000    0.817281100   -0.792527000
1136    5.428268000    0.844872600    0.590378500
1137   -0.950000000   -0.758579700    0.106641200
1138   -0.950000000   -1.354897000    1.300090000
1139   -0.950000000   -1.076808000    1.244591000
1140   -0.950000000   -0.585657500    0.439035000
1141   -0.950000000   -0.376575600   -1.945891000
1142   -0.950000000   -0.747526300    0.016830490
1143   -0.950000000   -0.874981000   -0.053103320
1144   -0.950000000   -0.805075500   -0.101851500
1145   -0.950000000   -0.775556600   -0.701128100
1146   -0.950000000   -0.160105500    0.412179600
1147   -0.950000000    0.362111000    0.670645800
1148   -0.950000000   -0.566453700   -0.594257300
1149   -0.950000000   -0.386509500    0.388495900
1150   -0.950000000   -0.351273100   -1.502315000
1151    6.446539000    0.823904500    0.126459100
1152   -0.950000000   -1.200295000   -0.565243100
1153    7.998889000    0.989241800   -1.708283000
1154    2.476519000    0.970106100    0.126102000
1155   -0.950000000   -0.375911000    0.333248600
1156   -0.950000000   -0.368226400   -0.789565000
1157   -0.950000000   -0.841660000   -0.625512700
1158   -0.950000000   -1.323839000   -1.324585000
1159   -0.950000000    0.124590100   -0.959270900
1160   -0.950000000    0.177067200    0.370150300
1161   -0.950000000   -0.070837760    1.129577000
1162    2.266757000    0.393172700   -0.999996600
1163   -0.950000000   -0.317502800    0.109149300
1164   -0.950000000   -0.757992100    1.119528000
1165   12.530210000    1.323500000   -0.654704000
1166   -0.950000000   -1.474494000   -0.659773800
1167   -0.950000000   -0.755882100   -0.252302000
1168   -0.950000000   -0.886625700   -0.177012100
1169    5.346148000    0.861879700   -0.299146300
1170   -0.950000000    0.201893100    0.496151200
1171    8.551891000    0.639780500   -0.418806300
1172   -0.950000000   -0.717694800   -0.089439070
1173   16.552590000    1.623582000   -0.203253300
1174   -0.950000000   -0.024971210    0.849512300
1175    2.820313000    0.830915500    1.421563000
1176    2.520439000    0.946922800    1.899908000
1177    6.270447000    0.451080900   -0.888866400
1178   16.717650000    1.430576000   -0.858525400
1179    3.308421000   -0.066463980   -1.465840000
1180   -0.950000000   -0.299913400    0.974457300
1181   -0.950000000   -0.973634500    1.248407000
1182   -0.950000000   -0.761465200   -1.255480000
1183   -0.950000000   -0.379416400    1.120480000
1184   -0.950000000   -0.539370300   -0.612860000
1185   -0.950000000   -0.208649600   -1.764807000
1186    1.182803000   -0.064918160   -1.081101000
1187    9.356023000    1.013061000   -0.931380900
1188   -0.950000000   -0.279647400    0.049990210
1189   -0.950000000   -0.165301300    0.051368520
1190   -0.950000000   -0.924236300   -0.450769000
1191   -0.950000000   -0.235160800   -0.846198200
1192   -0.950000000   -1.266686000   -0.563955100
1193   -0.950000000   -0.718517300    0.448054300
1194   13.435150000    1.415824000    0.984524800
1195    5.089296000    0.537192800    0.636566300
1196   -0.950000000   -0.493934900   -0.409562900
1197    9.097995000    1.470109000    0.204068800
1198   -0.950000000   -1.402568000   -0.038136370
1199   15.334640000    1.373247000   -0.889826900
1200   11.482690000    0.897390700   -0.588047300
1201   -0.950000000   -0.563257400    1.737796000
1202    1.449815000   -0.039096230    0.150571000
1203   11.470500000    0.772132300   -0.571361400
1204   -0.950000000   -1.363096000    0.405651400
1205   -0.950000000   -0.349224600    0.388947800
1206   -0.950000000   -0.516155900   -0.165849300
1207   -0.950000000   -0.497810100    0.394287000
1208    8.440745000    0.558331900   -1.406150000
1209   -0.950000000   -0.744320300    0.139136500
1210    0.313469200   -0.113161600   -0.168152200
1211   -0.950000000   -1.142686000   -0.424143300
1212   -0.950000000   -1.047447000   -0.262278700
1213    3.361015000    0.076093320   -0.285144400
1214   24.920360000    1.939909000    1.851290000
1215   15.338890000    1.300862000    0.342348200
1216   -0.950000000   -0.396795800    0.644834100
1217    7.899406000    0.614810800    1.491992000
1218   -0.950000000   -1.394853000    0.025689580
1219   23.137540000    1.818515000    0.603490200
1220    0.028731800   -0.067613830   -0.309613100
1221   -0.950000000   -0.332409800    0.548007200
1222   -0.950000000   -0.422003100    0.903734500
1223   -0.950000000   -1.632423000   -1.788032000
1224   -0.950000000    0.201193400    1.147499000
1225   13.215240000    1.240179000   -0.576171900
1226   -0.950000000   -0.994355100    1.179669000
1227   -0.950000000   -1.038382000    0.428959800
1228   -0.542447100   -0.152031500   -0.164219400
1229   -0.950000000   -1.047913000   -0.010269960
1230   -0.950000000   -1.582432000    1.213234000
1231   -0.950000000   -1.022911000    0.817777400
1232   -0.473587900    0.743235900    0.074847070
1233    2.828738000    0.480737100   -0.718154700
1234   -0.950000000   -1.291291000    0.646417000
1235   -0.950000000   -0.493399400   -1.129829000
1236   -0.950000000   -0.502255900   -0.543479800
1237   -0.950000000   -1.065107000    0.408850000
1238   -0.950000000   -0.805250500   -0.559603500
1239    9.879170000    0.940608900   -1.109235000
1240    1.028727000    0.501390600   -0.656130200
1241   -0.950000000   -0.146564200    1.216425000
1242   -0.076154840    0.487253300    0.284049800
1243   -0.950000000   -0.557401500   -1.362512000
1244   -0.950000000   -0.947533600   -0.597918200
1245    0.363607700    0.316036500   -0.284861700
1246   17.880510000    1.905325000    0.168107400
1247   27.600150000    1.728622000   -0.017894030
1248   -0.950000000   -1.486073000    1.366616000
1249   13.928120000    1.112123000    0.028738940
1250   -0.950000000   -0.332298500   -0.194692900
1251    6.420401000    0.436186900    0.596798800
1252   -0.950000000   -1.218542000   -0.901630400
1253    4.827446000    0.293810200    0.177169800
1254   -0.950000000   -1.191429000    1.338885000
1255   -0.950000000   -0.390952700    1.292800000
1256   -0.520686300   -0.719721900   -1.410960000
1257    3.638280000   -0.139291000   -0.914219100
1258    5.884647000    0.313494200    0.344487900
1259    9.525888000    0.919094400    1.408459000
1260   -0.950000000   -1.181245000   -0.044379750
1261    6.882555000    0.596358100    1.114650000
1262   -0.950000000   -0.825763000    0.453051800
1263   -0.686362100   -0.243035200   -0.624361300
1264   -0.950000000   -0.758103000   -0.402224300
1265    3.734349000    0.808046800    0.463359800
1266   -0.950000000   -1.355189000   -0.593800500
1267   -0.950000000   -0.075158470    0.251246100
1268    6.080026000    0.398917900    0.412215300
1269   -0.950000000   -0.495743000    0.255556600
1270   -0.950000000   -0.800581800   -0.690005600
1271    7.692198000    0.658828300    0.111820600
1272    5.516523000    0.613363100    0.535591900
1273   14.027430000    1.073651000   -0.012592030
1274   15.329580000    1.249862000   -0.388489500
1275   -0.950000000   -0.396743000    0.682722500
1276   16.057230000    1.599248000   -0.429244500
1277    6.238345000    0.590287900   -0.701979900
1278   -0.950000000   -0.697836600    1.367970000
1279   -0.950000000   -0.886997800    1.146765000
1280   -0.950000000   -0.634660700   -0.114023300
1281   -0.950000000   -0.726260000   -0.540911200
1282    3.651716000    0.120062700   -1.997681000
1283   -0.950000000   -0.405204800    0.132496700
1284   -0.950000000   -1.441703000   -1.437080000
1285    8.214966000    0.911924900    0.207321200
1286    1.264647000    0.155462000   -0.913809700
1287    7.271579000    0.854147800   -0.703349200
1288    4.924001000    0.949509400    1.080274000
1289   -0.950000000   -0.797005500    0.144984800
1290    0.621879600    0.250860500   -0.420727800
1291   11.051450000    1.168713000   -0.646296300
1292   10.026620000    0.640994400   -0.691265700
1293   -0.950000000   -1.875783000   -1.499107000
1294   -0.950000000   -0.884783900    1.455220000
1295    2.527115000    0.076428820   -0.163253700
1296   11.239940000    0.739480000   -0.825899600
1297    9.215871000    0.593525400    1.041262000
1298    5.614147000    0.389108600   -0.108009100
1299   12.591690000    1.313134000    0.147873700
1300   -0.950000000   -1.694140000    0.342050800
1301   -0.950000000   -1.162465000   -0.057561620
1302   -0.950000000   -0.341354300    0.750829600
1303   -0.950000000   -0.279261700    0.554225700
1304    2.559243000    0.654506400    1.496578000
1305   -0.950000000    0.068533830    1.988371000
1306    9.453401000    0.335721000   -1.475627000
1307   -0.950000000   -1.298161000   -1.302218000
1308   -0.950000000   -0.078921760    0.836675700
1309   -0.950000000    0.144023200    1.607610000
1310   -0.950000000   -0.843529400    1.384373000
1311    0.174906600    0.213117600    1.162973000
1312   -0.459377500   -0.296502400    0.523559000
1313   12.377930000    1.082384000   -0.040962660
1314   -0.950000000   -0.762619100   -0.073403650
1315   -0.950000000   -0.370195000    0.350592100
1316   -0.950000000   -1.669153000    1.406803000
1317    2.880305000    0.247203500   -0.918514500
1318   22.644040000    1.555588000   -1.330741000
1319    5.096819000    0.285946300   -0.670128700
1320   17.332070000    1.122981000   -0.907720600
1321    2.530310000    0.453735400    0.835005600
1322   -0.950000000   -0.887665600    0.407882200
1323   15.885510000    1.338673000   -0.210008100
1324   -0.950000000   -0.607973900   -1.147145000
1325   21.927310000    1.446436000   -0.469424800
1326   -0.950000000   -0.314449600   -0.430124300
1327   -0.950000000   -0.555042400   -0.767985900
1328   -0.950000000   -0.395396900    0.519620200
1329   14.915290000    1.568133000    0.352535400
1330   14.848980000    1.387794000    0.919832700
1331    6.849043000    0.348342700   -0.898443500
1332    2.300776000    0.085417840    0.391968400
1333   -0.950000000   -0.998178000   -0.790860600
1334    5.178371000    0.478890500    0.275890400
1335    6.742826000    0.593088300    0.678069800
1336   -0.950000000   -0.740051100   -0.755543400
1337    8.338291000    1.062270000    0.667683200
1338    2.592591000    0.121062300    0.278592100
1339    0.634185900   -0.272467900   -0.315808000
1340    4.697997000    0.196807000   -0.408595700
1341    1.590145000   -0.209314500   -0.874765600
1342   -0.950000000   -0.611264900    0.651492700
1343    6.108820000    0.226522900   -0.551519700
1344    1.431863000    0.153201000    1.654180000
1345    6.483128000    0.805693500    1.138968000
1346    7.971683000    0.085814540   -1.344697000
1347   -0.950000000   -0.037222680    1.816723000
1348    8.167304000    0.376448700   -1.485255000
1349   11.525260000    1.117997000   -0.167657400
1350   19.604690000    1.615523000   -0.597211100
1351   -0.950000000   -0.455849100    0.665338500
1352    4.480141000    1.030685000    1.470692000
1353    9.937065000    0.996797100    1.285548000
1354    9.586996000    0.668498000   -0.302159200
1355   15.237180000    1.236351000   -1.515071000
1356   -0.950000000   -1.378830000   -0.136542100
1357    3.895821000    0.192456700   -0.954098000
1358   -0.950000000   -1.767545000    0.583064100
1359   15.638990000    1.460572000    0.429582000
1360   -0.497591200    0.077207730    0.531785300
1361   -0.950000000   -1.194058000    0.573086200
1362   -0.950000000   -0.804287500   -0.609489700
1363   -0.950000000   -0.064736380    0.419298500
1364   -0.950000000   -1.821162000   -0.100502800
1365   17.115200000    1.527663000   -0.803054800
1366   -0.950000000   -1.404600000   -0.832175200
1367   -0.950000000   -0.300269300    1.763581000
1368   -0.950000000   -1.790489000   -0.407439800
1369    4.217364000    0.255037000   -0.166474300
1370   -0.950000000   -0.731948400    1.624787000
1371   -0.950000000   -1.096069000   -0.479376900
1372   -0.950000000   -1.433221000    0.433930800
1373   -0.950000000   -0.653263200    1.722896000
1374   12.391640000    1.043776000    1.033268000
1375   23.911160000    1.632607000    0.158423300
1376   14.651960000    1.152551000    0.557135900
1377   15.007860000    1.229035000   -0.758621400
1378   -0.950000000   -0.869768400    0.423305400
1379    5.374344000    0.598582200    1.315503000
1380   -0.950000000   -1.312076000    0.150678600
1381    2.911758000    0.559913200    0.752439700
1382   -0.950000000   -0.362626000    0.554238900
1383   13.469180000    1.187620000   -0.361261500
1384   -0.950000000   -0.337005400    0.361395300
1385    5.955393000    0.943928500    0.919037800
1386   -0.950000000   -0.314761800   -0.443188800
1387   -0.950000000   -0.256724100   -0.376250900
1388    2.905263000    0.160368800   -0.590745100
1389   -0.086036740    0.072771530    0.182287100
1390    2.727256000   -0.037059210   -1.470167000
1391   -0.950000000   -1.527580000   -1.291786000
1392   -0.950000000    0.021679890    0.903705700
1393   -0.950000000   -0.654229100    1.478763000
1394   -0.950000000   -0.823095400    0.166334400
1395   11.738840000    1.029566000   -1.090853000
1396    8.386697000    0.575821100    0.753488500
1397   20.033140000    1.091579000   -1.753343000
1398   13.446800000    0.883343800   -0.460089600
1399   13.706250000    1.096828000    0.125163400
1400   -0.950000000   -1.720820000    0.122423300
1401    6.660478000    0.304131000    0.669030000
1402   19.400810000    1.372419000   -0.030616180
1403   -0.950000000   -0.513931300    1.239945000
1404   -0.950000000   -1.486651000   -1.172853000
1405   11.367530000    0.705111300    0.268896500
1406   -0.950000000   -0.852263900   -0.197985000
1407   10.817510000    0.755071000   -0.049045080
1408   -0.950000000   -0.878318400    1.736311000
1409   -0.950000000   -0.533570900    0.492937600
1410   13.517810000    0.724340900   -1.016736000
1411   -0.950000000   -1.026818000   -0.090910640
1412    5.060268000    0.476270800   -0.186915800
1413   -0.950000000   -1.060797000    0.490501000
1414   18.644650000    1.670138000    1.669995000
1415    4.129216000    0.393646200   -1.094181000
1416   -0.950000000   -0.478126800    1.276452000
1417   -0.950000000   -1.511063000   -0.220582900
1418   -0.950000000   -1.506389000   -0.184293200
1419    0.343127200    0.048240800    0.259923900
1420   13.300610000    1.575334000    1.030564000
1421    4.974545000    0.312750200   -1.288172000
1422   13.472620000    1.480334000   -0.640221800
1423    7.994435000    0.491741900   -1.952278000
1424   -0.950000000   -0.215953400   -0.672129200
1425   -0.950000000   -0.637898000   -0.309131000
1426   -0.950000000   -1.013181000   -1.999812000
1427   -0.587828400    0.075363090   -1.125779000
1428    4.902694000    0.684538800   -0.386195100
1429   14.372250000    0.890686900   -1.463329000
1430   -0.798238400   -0.098009790   -0.937641100
1431    0.319397300    0.890486000    1.985288000
1432   -0.950000000   -0.832600800    0.378270700
1433    2.174119000    0.267119600   -0.613585300
1434    7.239658000    0.717145200   -1.091920000
1435   -0.950000000   -1.023270000   -0.211576000
1436   11.140870000    1.770568000   -0.860399200
1437    5.075668000    0.347074900    1.140504000
1438   -0.950000000   -0.436144400    1.965833000
1439   -0.950000000   -1.397713000   -0.488140200
1440   -0.950000000   -0.880019700    1.175034000
1441    6.514500000    0.366870200    0.786473700
1442   -0.835538800   -0.347796300    0.677722500
1443   -0.950000000   -0.340344600    0.610433100
1444   -0.950000000   -1.147758000    0.585831000
1445   -0.950000000   -0.843073400    0.973086800
1446   -0.950000000   -0.802385400    0.458029400
1447   11.945090000    0.619659300    0.793045300
1448   18.976730000    1.901217000    0.342984400
1449   -0.950000000   -0.222616900    0.774100000
1450   -0.950000000   -1.146636000    1.726766000
1451   -0.950000000   -0.627238500   -0.140936400
1452    5.263527000    0.918734900    0.640926500
1453   -0.950000000   -0.468214600    0.456560300
1454    7.136752000    1.033306000    0.292989100
1455    3.962937000   -0.067419980    0.552741800
1456   -0.950000000   -0.504386400    0.466052300
1457   -0.950000000   -0.265882600   -0.944252500
1458   -0.950000000   -0.762052100   -0.862598000
1459   -0.950000000   -0.818919500   -0.324251600
1460    1.811808000    0.446056300    0.889960800
1461   -0.950000000   -0.734952600   -1.921102000
1462   -0.950000000   -0.554901900   -1.034600000
1463   -0.950000000   -0.756670300   -1.175574000
1464   -0.950000000   -0.851793100    0.561451400
1465    3.443932000    0.270816500    0.596146300
1466    6.707032000    0.627652200   -0.420457100
1467   -0.950000000   -1.456941000    1.942231000
1468    6.272039000    0.451544600    1.072393000
1469    7.740287000    0.781935900   -0.091192880
1470   17.790510000    1.518636000    0.407586100
1471   -0.950000000   -0.845206400   -0.093201070
1472   -0.950000000   -0.133342200    0.250813000
1473   -0.950000000   -0.356578100    1.696597000
1474    1.745239000    0.343573500   -0.196330000
1475   -0.950000000   -1.076191000    1.034341000
1476   -0.950000000   -1.610748000    0.244444200
1477   -0.950000000   -1.387823000   -0.133470700
1478   -0.950000000    0.145536100    1.643076000
1479   -0.950000000   -0.658500800   -0.900290000
1480    3.150896000    0.268330300   -0.445856100
1481   -0.950000000   -0.502023700   -1.090837000
1482   -0.950000000   -1.009796000    0.342760700
1483   10.023700000    1.356867000   -1.225414000
1484   -0.950000000   -0.160500000    0.270424500
1485   -0.950000000   -0.376469100    0.962568700
1486   17.599680000    1.616332000   -0.655534900
1487   22.211950000    1.266019000    1.664480000
1488    8.701107000    0.497234300    0.224376300
1489    8.013650000    0.347802800    0.229827800
1490   18.269060000    1.341115000   -0.141741000
1491    0.924989400   -0.961666800    1.716700000
1492   -0.950000000   -0.916302500   -0.466731400
1493    4.329708000   -0.227234500    0.396976400
1494    3.702586000   -0.448412600   -1.581162000
1495   27.289200000    1.859807000    0.856126600
1496   24.915040000    1.646864000    0.208592200
1497   17.263440000    1.269117000    0.749421200
1498   16.763790000    0.941609900   -0.589546100
1499   19.750930000    1.151748000   -1.295585000
1500    3.221977000    0.078032230    0.889038700
