*y  x1  x2
   1   -0.700905900   -0.487432000    0.018931420
   2    0.571413400   -0.436894300   -0.094696290
   3   12.272330000    0.898234400    0.054140240
   4   17.513940000    1.053395000   -1.209515000
   5    1.658627000   -0.127462500    0.485269300
   6    9.651637000    0.666848900    0.079933870
   7    6.738897000   -0.069707040    0.484799100
   8    5.096895000    0.125045600    0.162953500
   9   -0.950000000   -0.586257500   -0.006942036
  10    5.297750000    0.163743800    0.384200100
  11    1.688729000   -0.282644200   -0.041859380
  12    9.554481000    0.531014100    0.367914000
  13   -0.950000000   -0.870158600   -0.506122300
  14    7.161074000    0.907751000    1.345037000
  15   17.089170000    1.584307000    0.197627700
  16   19.469120000    1.448580000   -0.888697500
  17   -0.950000000   -1.038604000    0.262589100
  18   -0.950000000   -0.788845200   -0.906000300
  19   -0.950000000   -1.178020000    0.518512600
  20   10.203990000    0.935293900    1.015389000
  21    3.540194000    0.353228300   -0.157321900
  22    4.886670000    0.193418000   -0.101930100
  23   -0.855772300   -0.304887700    0.136041900
  24   -0.950000000   -1.612592000    0.151488800
  25    7.056063000    0.679572100    0.408350600
  26    8.971544000    1.597250000    1.289799000
  27    7.095737000    0.457840900    0.358739000
  28    3.631482000    0.232664600    0.079361130
  29   -0.950000000   -0.285035800    1.022447000
  30   -0.950000000   -0.989354500    0.303988600
  31    9.348974000    1.063081000    0.634581500
  32   -0.950000000   -1.823593000    0.271932300
  33    0.818617600    0.654623900    1.866997000
  34   -0.950000000   -0.162825300   -1.038013000
  35   -0.950000000   -0.856936400    0.219171000
  36   -0.950000000   -0.502507900   -0.613607200
  37    5.116423000    0.501781900   -0.495104600
  38    6.440953000    0.436031200   -0.400768200
  39   -0.950000000   -0.614087600    0.424096400
  40    2.048313000    0.718849100    0.534704300
  41    2.298969000    0.183265500   -1.187008000
  42    4.475825000    0.437543700   -0.576184000
  43    0.671590600    0.100910300    0.562356500
  44   -0.883359100    0.064367090   -0.199443300
  45    3.421319000    0.036274330   -1.567261000
  46   19.152460000    1.651992000   -0.545591400
  47   12.991570000    0.995831600    0.079790520
  48   -0.950000000    0.329956000    1.075659000
  49   -0.950000000   -1.434397000   -1.086276000
  50    3.792086000    0.210395400   -1.362147000
  51   -0.950000000   -0.097536960   -0.710709500
  52   -0.950000000   -1.252168000   -1.899919000
  53   -0.950000000   -1.559391000    0.748782100
  54    6.757813000    0.613380200   -0.111599800
  55    8.334306000    1.033098000   -1.129324000
  56   -0.950000000   -0.319553900   -0.291295900
  57    3.500379000    0.206774000   -1.011771000
  58   -0.950000000   -0.692389800    1.154671000
  59   15.724640000    1.280604000   -0.737728400
  60    9.206217000    0.800066400   -0.644939600
  61   -0.950000000   -1.467096000   -0.239527600
  62   -0.950000000   -0.843640500    0.864606500
  63   -0.950000000   -1.046734000    0.427799100
  64   28.042280000    1.896241000   -1.636561000
  65   -0.950000000    0.047082120    0.850919100
  66   -0.950000000   -0.642346300    0.303456800
  67    5.640444000    0.465533100   -0.717452200
  68   12.682720000    0.738906700   -1.100224000
  69    6.172899000    0.600990100   -0.753231200
  70   -0.950000000   -1.502597000    1.192842000
  71    0.634839700   -0.029396500    0.046996230
  72   -0.950000000   -0.445333100    1.416929000
  73   19.843130000    1.687634000   -0.111292200
  74    4.623219000    0.248249100   -1.298596000
  75   11.676910000    1.614782000    0.377920800
  76   -0.950000000   -1.377670000    0.698630100
  77   20.674280000    1.348324000   -1.826454000
  78    4.690938000    0.303586400   -1.094663000
  79   11.676200000    1.192418000   -0.547432100
  80   -0.950000000   -1.403572000   -0.447492300
  81    4.359612000    0.336513700   -0.610934800
  82    1.860779000    0.121517200   -0.452746500
  83   12.375310000    1.094983000   -1.179339000
  84   -0.950000000   -1.116300000    0.871596500
  85   -0.248935200   -0.126260600   -0.057543670
  86    8.596300000    0.628329800    0.043240190
  87   -0.950000000   -0.398994800   -0.326649900
  88    7.231851000    0.598262600   -0.102717200
  89   -0.950000000    0.048986680    1.482831000
  90   -0.453045900    0.108666200    0.604071400
  91    4.532388000    0.468093500   -0.013740100
  92   -0.950000000   -0.378233700    0.263729900
  93   -0.950000000   -1.000283000   -0.581133000
  94   -0.950000000   -0.691748900    1.795861000
  95   10.618330000    1.138338000   -0.372808800
  96   -0.950000000   -1.798599000    0.379023200
  97    3.073792000    0.090454210   -0.306836600
  98   -0.950000000   -1.322968000   -0.554912400
  99   -0.950000000   -0.879890300   -0.481711000
 100   -0.748872700    0.086457600   -0.288745100
 101   -0.950000000   -1.807807000    0.364448200
 102   -0.950000000   -0.971794700    1.203614000
 103   -0.950000000   -1.595584000   -0.166447200
 104   23.925010000    1.786168000   -1.607027000
 105    7.668756000    0.882319300   -1.143558000
 106    4.093236000    0.367218500   -0.370711700
 107   -0.950000000   -0.753998300    0.096055720
 108    3.445752000    0.217320800    0.300586100
 109    5.696656000    0.438323000   -0.691385100
 110   10.682220000    0.809102600   -0.469360100
 111    9.017861000    0.588060500   -0.389786400
 112    0.935066500    0.349861500    0.787973200
 113    5.702276000    0.771571300    0.433376900
 114   -0.950000000   -0.767887500   -0.883160100
 115    3.211383000    0.101184800    0.853760100
 116    3.144816000   -0.072039430   -1.500093000
 117   -0.664885400    0.151995100    0.744984500
 118   -0.950000000   -1.617468000    1.545690000
 119   -0.950000000   -0.387035100    1.235062000
 120   -0.950000000   -0.467359000    0.089402190
 121    4.456005000    0.279269300    0.742629900
 122    2.246431000    0.418214600    1.374664000
 123   17.496960000    1.305099000   -0.349337300
 124    9.691112000    0.566596900    0.781389000
 125    1.927390000    0.047012800    0.899624100
 126   -0.950000000   -0.112752900    1.183523000
 127    2.015030000    0.285574800    1.441558000
 128    5.645164000    0.240626700   -0.634791800
 129   -0.950000000   -0.596498700   -0.152497800
 130    7.225185000    0.152535600   -0.927655900
 131   -0.950000000   -1.021651000   -1.167074000
 132    0.482014600   -0.636065700   -1.983663000
 133   -0.950000000   -1.093464000   -0.023698200
 134   11.089370000    0.945619400   -0.587059100
 135   12.398260000    0.832144900   -0.187710900
 136   -0.950000000   -1.192036000   -0.202501000
 137    5.456021000    0.622633400    0.046904800
 138   26.028910000    1.936410000    1.137073000
 139    6.177331000    0.220082300   -1.256164000
 140   -0.950000000    0.174333400    0.695709300
 141   -0.950000000   -0.388480000   -0.781450500
 142   -0.950000000   -1.597322000   -0.966027700
 143    2.718240000    0.237877900   -0.184888300
 144    0.146789100    0.353876700    1.205130000
 145   -0.950000000   -1.054242000   -0.376487500
 146   -0.950000000   -0.585044800    0.068551400
 147   -0.950000000   -0.786044600   -0.312705100
 148   -0.950000000   -0.847222400    0.391229900
 149   21.669380000    1.538651000   -1.445549000
 150   15.594370000    1.297690000   -0.487494100
 151    8.453407000    0.470839300   -1.974854000
 152    1.910763000    0.642168800    1.058698000
 153   -0.950000000   -0.832405400    0.063979920
 154   12.873180000    0.922180600    0.609179300
 155    0.940019500    0.055248660    0.035781870
 156    0.391858300   -0.242305600   -0.279473100
 157   10.064350000    0.685629200    1.011014000
 158   -0.716143100   -0.245458200    0.501034500
 159    4.525803000   -0.032238340    0.756452000
 160   -0.950000000   -0.400079300    0.600690200
 161    9.293262000    0.563556000   -0.903103400
 162   13.503610000    0.788786300   -0.710722200
 163   12.523410000    1.274303000    0.512118900
 164   12.604960000    0.921941900    0.228992700
 165    4.741068000   -0.108322600   -1.045124000
 166   -0.950000000   -0.098664830   -0.515167500
 167    4.054610000    0.650789900   -0.469215000
 168   -0.950000000   -1.260915000   -1.272030000
 169   -0.950000000   -0.484908800    0.771560500
 170    7.460638000    1.099446000    0.047264380
 171    1.208111000    0.327687400   -1.053881000
 172   -0.950000000   -0.225174400   -0.265896600
 173   -0.950000000   -1.779610000   -0.010296160
 174    7.759644000    0.938782300   -0.754006100
 175   -0.950000000   -0.787902000    0.120965100
 176   -0.392104900    0.353474500   -0.359473000
 177   -0.950000000   -0.368754000   -0.057746200
 178   -0.889122300   -0.098384110   -1.853003000
 179   -0.950000000   -0.441399300    1.518228000
 180   10.519320000    1.422232000   -0.289152700
 181   16.839900000    1.405662000   -0.730562200
 182    6.021684000    1.053720000    0.557104500
 183   -0.950000000   -0.371305500    0.521977400
 184    9.523572000    0.796837800   -1.792215000
 185   -0.950000000   -0.991662600   -0.222275500
 186    0.577505400   -0.001130466   -1.074357000
 187   -0.950000000   -1.319633000    1.305702000
 188   11.487880000    0.920326700   -1.800362000
 189   -0.950000000   -0.852553600    0.773301400
 190   -0.950000000   -0.333067100   -0.181255600
 191   -0.950000000   -0.303912300    1.463524000
 192   -0.950000000   -0.138928800    1.882234000
 193   -0.950000000   -0.111376900   -1.030356000
 194   -0.950000000   -0.471610500   -0.416482300
 195   -0.950000000   -0.427979700    0.505224600
 196   -0.950000000   -1.770610000   -1.617860000
 197   -0.950000000   -1.322611000    0.853143800
 198   15.439240000    1.420774000    0.779654500
 199   -0.950000000   -1.232572000   -0.049667840
 200    3.810249000    0.123989400   -0.495605100
 201    7.738556000    0.779447800   -0.399458700
 202   15.330980000    1.295353000   -0.402085200
 203   10.175610000    0.923162900    0.456457700
 204    0.974083000    0.448674100    1.672715000
 205   -0.950000000   -0.717539300    1.118864000
 206   -0.950000000   -0.741783800    1.120585000
 207   -0.950000000   -0.621542800    0.997513900
 208    6.914139000    0.992259200    1.851055000
 209    6.206589000    0.349198000   -0.075113270
 210   -0.950000000   -0.331586400    0.074589990
 211   10.754640000    0.726264200    0.676370900
 212   -0.950000000   -0.923683800   -0.580983300
 213   11.956290000    0.604764200   -0.343411300
 214   -0.950000000   -1.170214000   -0.090235410
 215   11.863890000    0.877727900    0.440040900
 216   13.820550000    1.005108000    1.510144000
 217   11.145580000    0.871462300    0.990484000
 218   -0.950000000   -1.232723000   -0.383514200
 219   -0.950000000   -0.523241900    1.570117000
 220    9.071030000    0.764293000    0.985284000
 221   16.126830000    1.545913000    0.368823900
 222   -0.950000000   -0.779872200    0.123085900
 223   -0.950000000   -1.134152000   -0.145651600
 224   -0.950000000   -0.789019100   -0.013945530
 225    7.551655000    0.413548200    1.046270000
 226   -0.950000000   -0.279651800   -1.004043000
 227   -0.950000000   -0.789981500   -1.046502000
 228   -0.950000000   -0.532751500   -0.462662800
 229    3.280026000    0.810560700   -0.019762220
 230   11.360200000    1.185427000   -1.339296000
 231   -0.950000000   -0.411004900   -1.384305000
 232    0.817988300    0.481996400    0.692688800
 233   -0.950000000   -0.880438800    0.093129270
 234    4.773416000    0.641280200    0.292225000
 235   -0.950000000   -0.981607300   -1.068043000
 236   -0.950000000   -0.107548200   -0.117049400
 237    8.770999000    1.113899000   -0.877021700
 238   12.779230000    1.025134000   -1.772834000
 239   -0.950000000   -0.349271500    0.721586500
 240   -0.950000000   -1.006152000   -0.092447100
 241   -0.950000000   -0.638866600   -0.675477300
 242    5.542542000    0.585790800   -0.036979390
 243    9.218005000    1.000010000    0.097331360
 244    6.785017000    0.643223400   -0.426886000
 245    4.088309000    0.667611400    0.713540100
 246    1.567187000    0.269833200   -0.677168100
 247    6.744447000    0.610752000    0.448570500
 248   -0.950000000   -0.846279000   -0.051134350
 249   -0.950000000   -0.783391300   -0.345481400
 250   -0.950000000   -0.694602400   -0.144462900
 251    0.485213600    0.713162400    0.742740300
 252   -0.950000000   -1.192193000   -0.213876400
 253   -0.950000000   -1.940463000   -0.515699600
 254   -0.950000000   -0.605043800   -0.708239000
 255   -0.950000000   -1.179791000   -1.180566000
 256    7.317835000    0.701337100    0.011871610
 257   -0.950000000   -0.551981500   -0.008939608
 258   18.168760000    1.490780000    0.344993700
 259   -0.950000000   -0.322257000   -1.128498000
 260    0.020642410    0.259128900    0.145487000
 261    3.170886000    0.668128600    0.985272200
 262    4.656333000    0.712036100    0.554935400
 263   -0.950000000   -1.911081000   -1.857792000
 264   -0.950000000   -0.816675500    0.930636700
 265   -0.950000000   -0.713214700   -0.635121900
 266   -0.950000000   -0.717337000   -1.278239000
 267   -0.950000000   -0.870565800    0.921335500
 268    4.536216000    0.231677900   -0.827330400
 269   -0.430368400   -0.165365500   -0.826369200
 270    0.489710100    0.579951400    1.236832000
 271   -0.950000000   -1.007299000    0.787005200
 272   -0.950000000   -0.753615200   -0.008826835
 273    0.711749100    0.047268230   -0.072055650
 274   -0.950000000   -1.182171000    1.063663000
 275   -0.642909900    1.896863000    1.333600000
 276    4.093924000    0.274902600    0.608195100
 277    0.896457600    0.178513900    0.117262200
 278    1.574466000   -0.628218400   -1.929507000
 279    4.816622000    0.288319100   -0.984846700
 280    6.252706000    0.678439000   -0.516084800
 281   -0.950000000   -1.411615000    1.652264000
 282   -0.950000000   -1.147958000    1.398216000
 283   -0.950000000   -0.697182800    1.122227000
 284   -0.950000000   -0.010750110    0.855149800
 285    8.134904000    0.838190100   -1.224397000
 286    9.902529000    0.692469700   -0.385329200
 287   -0.950000000   -0.839628200    0.762289400
 288   13.120650000    0.968983200   -1.400434000
 289   -0.950000000   -1.043480000   -0.817957200
 290    5.024471000    0.357183300   -0.283393100
 291   -0.950000000   -0.940826100   -0.362166100
 292    5.452217000    0.922879900    0.703359700
 293   -0.950000000   -1.637376000   -0.086247590
 294    1.878102000    0.035836080   -0.679895700
 295   -0.482858500    0.249054300    0.624841000
 296   -0.950000000   -0.696855000    0.306362000
 297   -0.950000000   -1.091813000    0.388777900
 298    6.984915000    0.863589600    0.397206700
 299   12.371970000    1.945744000    1.053448000
 300    3.275077000    0.280273500    0.459753300
 301   -0.950000000   -0.198452200    0.428675500
 302   -0.950000000   -1.619416000    0.346175400
 303   -0.950000000   -1.028633000    0.014646980
 304   12.654110000    1.024572000   -0.222366900
 305   -0.950000000   -0.744454000    0.627738600
 306    9.280003000    0.865177100    0.512823000
 307   -0.950000000   -0.490261700   -0.635485900
 308    2.234272000    0.213052800    0.107263800
 309    9.729767000    1.159093000   -0.683146600
 310   -0.950000000   -1.313208000   -0.096198170
 311   -0.950000000   -0.819823400    0.644115000
 312   -0.950000000   -0.629491500    0.160239200
 313    2.667216000    0.309295700   -0.257705800
 314   -0.950000000   -0.886085200    1.070353000
 315   -0.950000000   -0.262319600   -0.142709300
 316   -0.950000000   -0.217980200    0.394783500
 317    1.109242000    0.263151700    1.960594000
 318   -0.661561000   -0.412636900   -0.509212400
 319    6.486351000   -0.206128500   -1.778656000
 320    0.633689800    0.058487050    1.459165000
 321   10.583020000    0.913617000   -0.158489000
 322    5.794277000    0.215050000   -0.215001500
 323   25.763670000    1.781920000   -0.317141100
 324   -0.950000000    0.273892500    1.516307000
 325    2.372638000   -0.131678700   -0.612272300
 326   12.209180000    1.808660000    0.686036700
 327   13.089630000    0.680581200    0.722835600
 328   -0.950000000   -1.575655000   -0.811605200
 329   12.744440000    0.663101600   -1.135010000
 330    5.430186000    0.585318300    0.123402200
 331    7.211856000    0.958650000    1.360026000
 332   15.202830000    1.211972000   -1.696177000
 333   -0.950000000   -0.478450100   -0.207588700
 334    6.073444000    0.465413700   -0.696470900
 335   -0.950000000   -0.217033200    0.606019400
 336    9.360363000    0.557041700   -1.007443000
 337    6.063343000    0.735423000   -0.518267800
 338   -0.950000000   -1.137039000    1.106810000
 339   -0.950000000   -0.020065400    0.399926800
 340    4.685103000    0.924386300    0.600487600
 341   -0.950000000   -0.719589600   -1.707340000
 342   -0.950000000   -0.732432100   -0.789542500
 343   -0.950000000   -0.538830200    1.660239000
 344    2.267931000    0.192284700   -0.038451570
 345    7.438407000    0.857911000   -0.042007860
 346    2.581248000    0.547556200    1.856961000
 347   -0.950000000   -1.316317000   -1.055719000
 348    9.599843000    1.671906000    1.337046000
 349   -0.950000000    0.414758300    0.771746300
 350   -0.950000000   -1.065473000   -0.679620000
 351   -0.950000000   -1.570294000   -0.337098900
 352   -0.950000000   -0.558406400   -0.307944000
 353   -0.950000000   -0.202105600   -1.063068000
 354   -0.950000000    0.702558200    0.675638900
 355   -0.950000000   -1.812587000    0.083067570
 356   -0.950000000   -0.915583900    0.177086100
 357    6.618148000    0.725264800   -1.239834000
 358   10.566110000    0.721449100   -1.605119000
 359   -0.950000000   -0.392750000   -0.266239600
 360   13.717540000    1.174410000   -0.383350300
 361    2.951583000    0.572714400    0.536254700
 362   -0.950000000   -0.237648000    0.535204100
 363    9.412796000    1.045214000    0.299648900
 364    6.481376000    0.924917000   -0.748461900
 365   -0.950000000   -1.518254000    0.202433700
 366   18.051220000    1.985823000    0.240025700
 367   -0.950000000   -1.084782000   -1.573728000
 368    0.267067500    0.134529600   -0.323764700
 369   -0.950000000   -0.465982600   -1.221164000
 370   -0.950000000   -0.102749100   -0.473033800
 371   -0.950000000   -1.101292000   -0.286168600
 372   -0.950000000   -0.999842100   -0.177595100
 373   -0.950000000   -0.723902700   -1.179209000
 374   10.184160000    1.130031000   -0.530226000
 375    4.568429000    0.677496600    0.711844500
 376   -0.950000000   -1.261529000    1.071968000
 377   -0.950000000   -0.378025100   -0.004773872
 378    1.659785000    0.064567120   -0.831599900
 379    1.430797000    0.192393500   -0.196878000
 380    3.698329000    0.162404800   -1.546291000
 381   -0.950000000   -1.059753000   -0.116719300
 382    3.782424000    0.480146400   -0.280322800
 383   -0.950000000   -1.199143000    0.800812700
 384    5.368470000    0.982703600    0.414264400
 385    4.848267000    0.670779800    0.032713130
 386    1.738174000    0.778413500    1.112434000
 387   14.282510000    1.366308000   -0.644203900
 388   -0.950000000   -0.540434700   -0.117986700
 389   -0.950000000   -0.699400800   -0.470395200
 390   13.405060000    1.501718000   -0.767687900
 391    3.981598000    0.430008200    0.775538500
 392   17.596870000    1.625019000   -0.440587500
 393   -0.950000000   -0.555951600    0.442600300
 394   -0.950000000   -1.183576000    0.842400000
 395   -0.950000000   -0.295451400    0.517403600
 396   -0.950000000   -0.272493300   -0.055784780
 397   -0.950000000   -1.058850000    1.567274000
 398   -0.950000000   -0.061822910    0.592865500
 399    7.173214000    0.910237000    0.295439200
 400   12.668830000    1.174369000   -1.179829000
 401   21.628380000    1.795618000   -0.507262200
 402    8.700836000    0.609353000   -0.252418700
 403    7.392009000    0.284633300   -0.968002800
 404   -0.950000000   -0.636393600   -0.401540300
 405    9.840649000    0.569030700   -1.180860000
 406   -0.950000000   -0.753049900   -1.253423000
 407   -0.950000000   -0.194000500    0.812888600
 408    0.377744200    0.109673100   -0.213023800
 409   -0.950000000   -0.636496300   -0.892533600
 410   -0.950000000   -0.550167400   -0.296062200
 411    3.761796000    0.388152200    1.084358000
 412   -0.950000000   -0.478010900    1.741472000
 413   -0.950000000   -0.052994220    0.567011200
 414   -0.442832200    0.161530800    0.155586100
 415   -0.950000000   -0.161732800    0.167580700
 416    2.743509000    0.078201270   -1.589855000
 417    2.472044000    0.582125200    0.387321300
 418    1.884279000    0.084636100   -0.512567200
 419    0.518835700   -0.015329220   -0.915740100
 420   -0.950000000   -1.271906000   -0.578226900
 421    7.215284000    0.919180200    1.092337000
 422   -0.950000000   -1.000424000    0.581965600
 423   -0.832238600   -0.445927700    0.130684700
 424    0.926564100   -0.346185200   -1.021726000
 425   -0.950000000   -0.505273900   -0.639658900
 426    9.749889000    0.602096900   -0.090706900
 427   -0.950000000   -0.500246100    0.306289000
 428   -0.950000000   -1.097436000    0.275441200
 429   10.233990000    0.636533500    1.653769000
 430    3.658651000    0.413797900    0.030576510
 431   -0.950000000   -0.243579400    1.485989000
 432    7.198268000    0.738847800    0.173120200
 433    5.622198000    0.399493000    0.595198100
 434    0.060488790   -0.265720200   -0.673207700
 435   -0.950000000   -1.383237000    0.730435400
 436   -0.950000000   -0.381654500    0.399597500
 437   -0.950000000   -1.104444000   -0.975852000
 438   -0.950000000   -0.664044000   -0.268844000
 439   -0.950000000   -0.939998100    1.099948000
 440    7.226958000    0.603257600   -1.018020000
 441   -0.950000000   -0.143380100    0.389069700
 442   -0.950000000   -1.809162000    0.845926300
 443    0.549940400    0.106015000    0.679634300
 444   14.867740000    1.224828000    0.080248630
 445   -0.950000000   -1.447065000    0.390341400
 446   -0.950000000    0.291498200    1.324730000
 447   -0.950000000   -0.834661500    0.222337900
 448    0.886686400    0.096025720    1.158525000
 449   -0.417099300   -0.033438350   -0.293353200
 450   -0.950000000   -1.484211000    0.766040000
 451   -0.950000000   -0.056174550   -0.637959200
 452   -0.950000000   -0.749962900    0.687387000
 453   -0.950000000    0.037064770    1.579077000
 454   -0.950000000   -0.447743700   -0.951095900
 455   -0.950000000    0.090657980    0.223615000
 456    1.590219000    0.408282500    0.626650200
 457    4.136146000    0.434183800   -0.781790700
 458    1.411109000    0.277359200   -0.454377000
 459   -0.950000000   -1.141161000   -0.114566200
 460   -0.718351300    0.164755300    0.112203400
 461   -0.950000000   -1.618029000   -0.363268500
 462   -0.950000000   -0.018378770    0.572367100
 463   -0.950000000   -1.708173000   -0.476920500
 464    3.769134000    0.691442700    0.321801800
 465   -0.950000000   -1.461170000   -0.128570700
 466   -0.950000000   -0.389595000   -0.167586500
 467    8.690177000    0.791564800    0.528696600
 468   -0.950000000   -0.168626200    1.783328000
 469    5.361765000    0.664607700    0.473569100
 470   18.260710000    1.594547000   -0.348990400
 471   -0.950000000   -0.112735400    0.218910900
 472   -0.950000000   -0.461762200    1.207899000
 473   -0.950000000   -1.049507000    0.849377700
 474    9.542235000    0.379583600   -1.820252000
 475    0.160930000    0.109129700    0.367629800
 476   -0.950000000   -0.430638300    0.979809800
 477   -0.950000000   -1.155275000    0.765186700
 478    3.624584000    0.044250000   -0.905701400
 479   -0.950000000   -1.545083000   -0.131515800
 480    4.148950000    0.095887260   -0.788396900
 481   14.903770000    1.134191000   -0.054650470
 482   10.946120000    0.629023300    0.486540900
 483   -0.950000000   -1.121433000   -0.335744800
 484    1.011342000   -0.273445900    0.342254400
 485   -0.950000000   -1.904926000   -1.145422000
 486   -0.950000000   -0.644391700    0.646053000
 487   25.355460000    1.830151000    1.523180000
 488   -0.950000000   -0.432410400   -0.170899700
 489   18.203700000    1.921964000   -0.166726500
 490   -0.950000000   -0.946369400   -1.792582000
 491   11.677640000    0.555387500   -0.738093100
 492   12.300790000    1.073345000    0.061995690
 493   12.376920000    0.998706500    0.526558700
 494   20.126560000    1.418785000   -0.660513700
 495   12.338190000    1.178727000    0.006028669
 496   -0.950000000   -0.836373800   -0.561610200
 497   15.468360000    1.330844000    0.380968900
 498   25.732120000    1.624323000    1.088534000
 499    6.663253000    0.315035700    0.119065200
 500   22.756900000    1.515360000   -1.111825000
 501   21.856760000    1.102986000    0.239133900
 502    5.007474000   -0.098693490   -0.071686860
 503    3.888097000   -0.217871200    0.551314800
 504   14.164600000    0.774989700    0.199584400
 505    7.729040000    1.107610000    1.959384000
 506   -0.950000000   -1.298287000    0.702068300
 507   -0.950000000   -1.453091000   -0.166776600
 508    6.460137000   -0.021864230   -0.592483300
 509    6.396047000    0.113285400    0.166210000
 510   16.759400000    1.102054000    1.049377000
 511   15.430680000    1.298784000   -0.093138230
 512   -0.950000000   -1.621092000   -0.410437100
 513    1.564199000   -0.284937400   -0.913550800
 514   14.738010000    0.884970200   -0.461394300
 515   -0.488786300   -0.137969100    0.808480200
 516    0.672749400    0.341610200    1.733922000
 517    9.920566000    0.694637600    0.617996100
 518   16.246280000    1.248844000   -0.212528200
 519   -0.950000000   -0.451471900    1.021647000
 520   10.323720000    0.940428300    1.248007000
 521    8.259320000    0.519849500   -0.162442200
 522    3.935563000   -0.047085390   -0.011604340
 523   -0.950000000   -0.662177400    0.912155100
 524    5.626587000    0.132909500   -0.706096600
 525   22.378870000    1.917769000   -1.219553000
 526   -0.950000000   -1.782172000   -0.524238400
 527    3.177443000    0.346354800    0.087265230
 528   12.431120000    1.039472000    0.265311100
 529   -0.950000000   -0.334509600   -0.181724200
 530    2.459221000   -0.007662711   -0.295449400
 531   -0.950000000   -0.304707300    0.705243400
 532   -0.950000000   -0.511382300   -0.735949900
 533    1.097592000    0.099198870    0.536761900
 534   -0.950000000   -0.583249600    0.625808300
 535   -0.950000000   -0.562637300    0.865395000
 536   15.715310000    1.247365000   -0.224387900
 537    9.841770000    0.998605500    0.104085100
 538   14.750810000    1.643703000   -0.455098400
 539   -0.199731100    0.082115220    0.681377900
 540    4.247128000    0.175908300    0.284523500
 541   -0.950000000   -1.283989000   -0.861526500
 542   -0.950000000   -1.473665000   -1.003097000
 543   -0.950000000   -0.627493200   -0.072682740
 544   -0.950000000   -0.998303800    1.147442000
 545   -0.950000000   -1.081342000   -0.498647000
 546    9.556158000    0.550565400   -0.316437700
 547    5.160676000    1.053186000    1.465202000
 548    6.428002000    1.246693000    1.388007000
 549    5.691997000    0.143554500    1.417745000
 550   -0.950000000   -0.149494300    0.692393800
 551   -0.950000000   -0.536712300    0.355072200
 552   -0.950000000   -0.608613800    1.200641000
 553   14.470320000    1.169696000   -0.333178300
 554    7.402194000    0.406121800   -1.645879000
 555   12.746630000    1.471975000    0.233917800
 556   -0.950000000   -1.587861000    0.278782900
 557   -0.220357900    0.425748000   -0.396310400
 558   -0.950000000   -0.949170600    1.067861000
 559   -0.042571190    0.189952800    0.574979700
 560   -0.950000000   -0.341013400    1.001522000
 561   -0.672193800    0.040377920   -0.572363700
 562    9.324008000    1.103918000   -0.943765500
 563   -0.950000000   -0.546921100    0.156794700
 564   -0.950000000   -0.552368400    0.062986540
 565   -0.950000000    0.594481600    1.668287000
 566   -0.950000000   -1.698371000   -0.581165500
 567   -0.950000000   -1.308852000   -0.094104020
 568    8.301747000    0.966020500   -0.202521600
 569   -0.950000000   -0.510801200   -0.326158400
 570   -0.950000000   -0.336011600   -0.304893300
 571   -0.950000000   -1.131198000   -1.473687000
 572   17.954740000    1.954532000    0.717251800
 573   21.990120000    1.561553000   -1.369169000
 574   -0.950000000   -1.818068000   -0.151001600
 575    0.233404700   -0.110769200    0.473787000
 576    9.464853000    0.902720200    0.055749610
 577   21.357060000    1.534037000   -0.177450000
 578   15.290110000    1.008252000   -0.582922300
 579   10.213570000    0.858566600    1.005299000
 580   12.311360000    1.069834000   -0.758223800
 581   11.394970000    0.703689700    0.041236130
 582    5.791224000    0.504682900    0.311594000
 583   -0.950000000   -1.744310000    0.327264000
 584   18.831460000    1.086291000   -0.059791700
 585   -0.950000000   -1.177258000    0.499203700
 586    3.475596000    0.771819100    0.703863000
 587   -0.950000000   -1.334671000   -0.259291100
 588   -0.950000000   -1.535138000   -0.972887800
 589   -0.950000000   -1.895005000    0.739282600
 590    5.915531000    1.313160000    0.415242800
 591   -0.950000000   -0.262355000   -0.675829200
 592    9.135579000    0.498252100   -1.065098000
 593   -0.950000000   -1.568114000    1.872235000
 594   11.144360000    0.752849600    0.953715700
 595    6.492974000    0.924307800    0.287133100
 596   10.752600000    1.236969000   -0.147420800
 597   17.120150000    1.331852000   -0.041166780
 598   -0.950000000   -1.629673000   -1.237944000
 599    0.338941900    0.274196600    0.129884000
 600    2.449090000    0.300257400   -0.237602600
 601   -0.950000000   -0.500074800    0.082225150
 602   -0.950000000   -0.180277000   -1.373494000
 603   14.324980000    1.617235000   -0.454563400
 604   -0.950000000    0.143369300   -0.045983310
 605   -0.950000000   -0.464787400    0.489708500
 606   -0.950000000   -0.896915900   -0.622965600
 607    4.636809000    0.541365200   -0.203278300
 608   -0.950000000   -0.304442500    0.465824300
 609   -0.950000000   -0.183741700   -1.187483000
 610   -0.950000000   -1.883981000   -0.481514700
 611   -0.950000000    0.026232090   -0.010821090
 612    0.779812800    0.933789400    0.764118100
 613   11.159800000    1.036727000   -0.739979900
 614   -0.950000000   -0.724787400   -0.012090640
 615   -0.950000000   -0.223247900   -1.183604000
 616   -0.950000000   -0.406149000   -0.975627300
 617   -0.950000000   -1.087587000    0.002917422
 618   -0.950000000   -0.723599700    0.104140100
 619   -0.950000000   -0.571618500   -0.438660600
 620   -0.950000000   -0.206584200    0.093397840
 621   10.050040000    0.863866400   -1.871464000
 622    9.140993000    0.727472200   -1.623419000
 623   -0.950000000   -0.581076600   -0.255007400
 624   -0.950000000   -0.037604260    0.089801180
 625   16.423560000    1.838566000   -0.116800400
 626   -0.950000000   -0.623290100   -0.641858600
 627   13.660880000    1.634989000    0.108286500
 628   -0.950000000   -0.982583900   -0.020284520
 629    3.063705000    0.439000100    0.321656200
 630    8.848247000    0.670776200   -1.370489000
 631   18.272240000    1.044998000    0.552250500
 632   -0.950000000   -0.990545400    0.245073200
 633    9.498477000    1.064933000   -0.612935300
 634   11.485620000    0.963573600   -1.560309000
 635   -0.950000000   -0.635049300   -0.602490400
 636    6.551682000    0.288670900   -0.797246300
 637   10.721470000    1.414969000   -0.066357210
 638    5.068702000    0.437788400   -0.076323100
 639   -0.950000000   -0.869792500   -0.240366100
 640   -0.950000000   -0.936384500   -1.032077000
 641   -0.950000000   -0.762019700   -0.724043600
 642   11.331840000    1.063010000   -0.177053700
 643   -0.702552700   -0.130937300    1.787805000
 644    8.977697000    0.822265000   -0.322145300
 645   11.240760000    0.839773700    0.287601500
 646    3.774503000    1.254212000    0.876310100
 647   -0.950000000   -1.179542000   -1.432025000
 648   -0.950000000   -0.359479300   -0.825241000
 649   -0.950000000   -0.544824400   -0.820577600
 650   -0.950000000    0.150675200    0.159183100
 651   -0.950000000   -0.733971300    0.075579400
 652    7.535209000    1.217269000   -0.951175500
 653   -0.950000000   -0.459557800    1.247544000
 654   -0.950000000   -1.719054000   -0.506625400
 655   -0.950000000   -1.724463000   -0.531928600
 656   -0.950000000   -1.903613000   -0.398683800
 657   -0.950000000   -1.782851000   -0.154279300
 658   -0.950000000   -0.033366010    1.378284000
 659   -0.950000000   -0.195518400    0.320921100
 660   -0.950000000   -0.901296800   -1.478581000
 661   12.317200000    1.325510000    0.465343700
 662    2.651351000   -0.075409050    0.581542300
 663   -0.771921900   -0.545573700    0.691594600
 664    6.814702000    1.033199000    1.088516000
 665   23.991290000    1.253431000   -1.579187000
 666   15.709840000    1.208263000    1.264138000
 667    8.095331000    0.235086800    0.133546500
 668    5.098271000    0.129018800   -0.506716100
 669   -0.950000000   -0.667563800   -0.435528100
 670    2.678469000   -0.108022500    1.501255000
 671    2.430756000   -0.163982800   -0.831533200
 672   10.109020000    0.554134100   -0.612830000
 673   10.183080000    1.106946000    0.932298900
 674    9.531727000    0.398769100   -1.054170000
 675   -0.950000000   -0.172278400    1.187320000
 676    5.699574000    0.563212500   -0.109302200
 677   -0.950000000   -1.557383000    0.693215900
 678   -0.950000000   -0.603594300    1.390243000
 679   -0.950000000   -0.763804500    0.337200000
 680   -0.950000000   -1.000322000   -1.492365000
 681   -0.782960600    0.191125400    0.605329700
 682   -0.950000000   -0.070997030   -0.407189600
 683    9.738966000    1.476491000    0.461452400
 684   -0.950000000   -0.278635900    0.412561200
 685   -0.950000000   -0.093850970    0.157428000
 686   -0.950000000   -0.271759400    1.255551000
 687    2.808208000    0.751034400    1.215694000
 688   -0.950000000   -0.383525000   -1.740009000
 689   -0.950000000   -1.199495000   -0.254752300
 690   -0.950000000   -1.057244000   -0.802857300
 691   -0.950000000   -1.256049000   -1.117627000
 692    4.587341000    0.467295900   -0.686248700
 693   -0.950000000   -0.962351700    0.102544000
 694   -0.950000000   -1.360264000    1.171051000
 695   -0.950000000   -0.171487700   -0.348091800
 696   -0.950000000   -0.497988600   -0.559904800
 697    3.251159000    0.011772690   -1.981060000
 698   -0.950000000   -0.372308600    1.536421000
 699   10.507410000    1.362565000   -0.077625890
 700    7.173029000    1.321118000   -0.078441610
 701   -0.950000000   -0.445633900    0.168361400
 702    7.929167000    0.998278300    0.797822400
 703   -0.950000000   -0.704874200   -0.562992800
 704   14.498980000    1.153445000   -0.790940700
 705    2.649464000    0.323744000   -0.282985600
 706    1.260780000   -0.082174800   -0.413823100
 707    6.215821000    0.495596200   -0.327299600
 708   -0.950000000   -0.343311000    1.061969000
 709   -0.950000000   -1.278446000   -0.340179200
 710    6.397089000    0.243095000   -0.795664500
 711   12.362150000    1.804231000   -0.361120600
 712    4.993140000    0.146440400   -1.120543000
 713   -0.950000000   -0.745668700    0.553839000
 714   10.894820000    1.039131000    0.257156100
 715   -0.950000000    0.664097200    1.821753000
 716    6.549920000    1.444733000    0.994827600
 717   -0.950000000   -0.359750000    0.301768100
 718   21.982710000    1.889814000    0.761516000
 719   -0.950000000   -1.812794000   -0.996238200
 720    1.192516000   -0.073306310    0.580951700
 721    6.188032000    1.088466000   -0.292357800
 722   -0.430689900    0.225190500   -0.934202300
 723   -0.950000000   -1.127542000   -0.511296400
 724   -0.950000000    0.180360200    0.788330700
 725   -0.950000000    0.084853700    0.182356000
 726    0.885954300    0.504898500    0.141981800
 727   -0.950000000   -1.454713000    1.132410000
 728   -0.950000000   -1.835071000   -0.735875200
 729   -0.950000000    0.075554130   -0.270550000
 730   -0.950000000   -0.018132060    1.624261000
 731   -0.950000000   -1.875896000   -1.276148000
 732   -0.950000000   -0.379784500    0.369388000
 733   -0.950000000   -1.637062000    0.916055600
 734   -0.950000000   -1.799185000    0.591139400
 735   -0.950000000   -1.828126000   -1.069948000
 736   -0.950000000    0.207973800    1.104905000
 737   -0.950000000   -1.237193000    0.704691700
 738   -0.950000000   -0.265449700    0.013509920
 739    1.771537000    0.219069900    0.239971200
 740    1.382530000   -0.072258920   -0.589883700
 741    3.896310000    0.305441600    0.118800000
 742   13.185290000    1.357348000   -0.340618100
 743   -0.950000000   -1.146635000    1.006985000
 744   11.205570000    0.878647200   -0.405193200
 745    6.024943000    0.495572100    0.026906010
 746   -0.950000000   -1.888754000    1.336851000
 747    3.722575000    0.065055860   -1.375730000
 748   19.107450000    1.683949000   -1.338044000
 749    4.304941000    0.391078700   -0.161899300
 750   17.191650000    1.747018000    0.376534000
 751   16.112140000    1.042587000   -0.931772400
 752   20.822940000    0.805620800   -1.913201000
 753    1.930348000    0.023248640    0.240198000
 754   -0.950000000   -1.640001000    0.776920300
 755   -0.910932800   -0.617734500   -0.632177700
 756    5.281989000    0.132353800    0.184196600
 757    9.754867000    0.443264800   -0.330147600
 758    3.188091000   -0.020473880    0.312859500
 759    2.291347000    0.069746560    0.687573300
 760   11.787370000    0.683456300    0.774831700
 761    6.127847000    1.000311000    1.008089000
 762    3.021031000    0.041656870    0.008835994
 763    1.950265000   -0.084972930   -0.463261800
 764   17.342480000    1.505115000    0.026387480
 765   12.240050000    0.861942900   -0.068714890
 766   21.419630000    1.689476000    0.002149653
 767   17.569200000    1.202963000   -1.174631000
 768   20.738800000    1.692160000   -0.222797100
 769    8.749841000    0.732637100   -0.007752507
 770    9.370545000    0.884010500    0.258873300
 771   -0.950000000   -1.223017000   -0.216516100
 772    6.414190000   -0.002745220   -1.058202000
 773    7.494738000    0.692067600    0.882124400
 774   16.610570000    1.337897000   -0.841973600
 775   19.275720000    1.989369000   -0.312124700
 776   12.050990000    0.529814100   -1.927647000
 777   19.611680000    1.972536000   -0.194745600
 778   28.612150000    1.825784000   -0.333198100
 779   14.458510000    1.084797000    0.082793200
 780   -0.950000000   -1.584471000    0.103067200
 781   -0.466497400    0.102765500    1.280202000
 782   -0.950000000   -0.618575800    1.007122000
 783   -0.950000000   -1.086391000    1.023852000
 784   -0.950000000   -0.794926200   -1.850168000
 785   -0.950000000   -1.825201000   -0.518889600
 786   -0.950000000   -0.959479200    1.506923000
 787   10.134560000    0.512885900   -1.629333000
 788    7.649861000    0.775320000   -1.358464000
 789   -0.950000000   -0.531465500    0.809479400
 790   -0.950000000   -0.155022900    0.955252300
 791   -0.950000000   -0.072904540   -0.175876200
 792   -0.950000000   -0.268387000   -0.110784600
 793    1.467436000    0.498147700    0.594841100
 794   -0.950000000   -1.137884000   -1.748471000
 795   -0.950000000   -0.312124900   -0.655473400
 796   -0.950000000   -0.723077900   -1.333288000
 797   -0.950000000   -0.156530900    0.460634500
 798   -0.950000000   -1.530137000   -0.084509990
 799   -0.946402300    0.177415100    1.191953000
 800    5.913176000    0.633129500    0.025875530
 801   -0.950000000   -0.977743000   -1.900638000
 802   -0.950000000    0.852663700    1.860713000
 803    3.462457000    0.618663900    0.172222200
 804   -0.149888800   -0.088098290   -0.513728000
 805    4.735194000    0.329908300   -0.131007400
 806   10.160660000    1.195108000    0.987654400
 807   -0.950000000   -1.136512000    1.610847000
 808    4.339103000    0.592269900    0.593597500
 809    0.920301200   -0.104793300   -0.984732000
 810   -0.950000000   -0.424948000   -0.239706600
 811    3.648009000    0.170961900   -1.002771000
 812   16.960440000    1.398868000    0.542733200
 813   -0.950000000   -0.048038920    0.212981800
 814   -0.950000000   -0.781332400    0.327546700
 815   -0.318466000    0.694029200    1.941497000
 816    2.395349000    0.261747200   -0.241564200
 817   -0.950000000   -1.344391000   -1.353648000
 818   -0.950000000   -0.789119800   -0.964085000
 819    5.139846000    0.376259800   -0.304125100
 820    5.418697000    0.627757900    0.250429800
 821    0.429711300    0.096222600   -0.183277100
 822   -0.950000000   -0.010511560    0.221762900
 823   -0.950000000   -0.660614700   -0.016269190
 824   -0.950000000   -0.623543300   -0.535621900
 825   15.644870000    1.296704000   -0.258689300
 826    0.539646400   -0.557279600   -0.434559800
 827    4.929506000   -0.021503560    1.138413000
 828    2.358832000   -0.188769200   -0.108687000
 829    5.692636000    0.218501700    1.389164000
 830   19.171300000    1.456202000    0.310759800
 831   -0.950000000   -0.009094736    1.739366000
 832    9.418319000    0.418991500   -0.076152210
 833    4.301335000    0.038259480    1.027196000
 834    9.250853000    0.371092200   -0.462346600
 835   -0.950000000   -1.821598000    1.173635000
 836    0.189874400   -0.612549400   -0.889676800
 837   18.275820000    1.196202000   -0.634530500
 838    9.588591000    0.540252900    0.202245600
 839   21.573180000    1.215230000   -1.561155000
 840   19.981460000    1.011268000    0.835285500
 841   -0.950000000   -1.237754000    0.410160200
 842   -0.950000000   -1.254359000    0.622756000
 843   -0.950000000   -0.447028500    0.424494800
 844   14.500380000    1.075201000   -0.840183000
 845    2.047588000    0.192455400   -0.008996462
 846    1.466936000    0.139855900   -0.548030900
 847   -0.950000000   -0.198182300    0.450757600
 848    5.307952000    0.612079500    0.607915900
 849   -0.950000000   -0.239255900    1.090970000
 850   -0.950000000   -0.381198500    0.191591100
 851   -0.950000000   -0.198350200    0.555709500
 852   -0.950000000   -1.475059000    1.826555000
 853   -0.950000000   -0.925785700   -0.411883100
 854   -0.950000000   -0.419089400    0.971838700
 855   -0.950000000   -1.552541000   -0.593696800
 856   -0.950000000   -0.134861900   -0.253672900
 857    1.525114000    0.323833700   -0.547977000
 858   -0.950000000   -1.259808000    0.330798100
 859   -0.950000000   -0.946396900    0.694232300
 860   -0.950000000   -0.518259900   -0.560206000
 861   -0.950000000    0.374950100    1.387496000
 862   -0.950000000   -0.523159700    0.860179400
 863   -0.950000000   -0.044947570    1.892439000
 864   -0.950000000   -1.354460000    0.112250000
 865   -0.950000000   -0.323105600    0.105086200
 866   -0.950000000   -0.564711700   -0.763162300
 867    5.456043000    0.286807200   -1.057048000
 868   -0.950000000   -0.203704300   -0.399733800
 869   -0.022400650   -0.048684670   -0.680822100
 870   -0.950000000    0.005681195    0.073154090
 871   -0.950000000   -1.114191000   -0.453665400
 872   -0.950000000   -0.024113010   -0.726495900
 873    3.527307000    0.638182500   -0.726981100
 874   -0.950000000   -0.137446700   -0.903269200
 875   -0.950000000   -1.050122000   -0.363093900
 876   -0.950000000   -1.188455000   -1.192145000
 877    2.964198000    0.570128500   -0.510855200
 878    4.818988000    0.929264200   -0.496286300
 879    3.890791000    0.635323900   -0.874449900
 880    4.141822000    1.212393000   -0.665399000
 881   -0.950000000   -1.259968000   -0.625300600
 882    1.976393000    0.332693700   -1.159580000
 883   -0.950000000   -0.776547200    0.146646000
 884   -0.950000000   -0.846311400    0.240836900
 885   -0.950000000   -0.501457400    0.131129200
 886   -0.950000000   -1.209046000   -0.079766600
 887    4.499028000   -0.189452600    0.848570400
 888   20.138290000    1.235306000    0.646594700
 889    7.491148000    0.178923900    0.490160100
 890   29.732140000    1.649490000    1.419494000
 891   16.510910000    0.848863500    1.114547000
 892   -0.950000000   -1.397640000   -0.420254200
 893   13.801210000    0.893111700   -0.067267960
 894    3.464810000    0.015156660    1.418454000
 895    0.477389600   -0.663593600    1.460224000
 896   14.394520000    0.744970900    1.494181000
 897    2.778877000   -0.574333400   -0.559549700
 898    9.918298000    0.293203300    0.873614100
 899   14.868350000    0.751150700    0.379799600
 900    0.257538700   -0.625221600    0.162575200
 901   -0.950000000   -0.947906600    0.107203800
 902   15.734170000    1.041731000   -1.112614000
 903   -0.950000000   -1.075424000    0.108129200
 904    2.001256000    0.077237630    1.342738000
 905    8.856647000    1.109467000    0.540444300
 906   15.001330000    0.885485800    0.089209390
 907   -0.950000000   -0.996050600    0.355281300
 908    7.689978000    0.665936700    0.283014300
 909   -0.950000000   -1.058467000    0.018216800
 910   25.432870000    1.759337000    0.812570400
 911   15.224040000    1.078495000   -0.270051700
 912   -0.950000000   -1.435502000   -1.335190000
 913   10.118370000    1.155293000    1.214519000
 914   10.230100000    1.019773000    0.203863000
 915    0.939303400   -0.265261300   -0.251622600
 916   11.138110000    0.836550500   -1.447917000
 917   12.575160000    1.106477000   -0.959084900
 918   13.565610000    1.077246000   -0.564047400
 919   14.816820000    1.023116000   -0.184217000
 920   14.162690000    1.013697000   -0.727293700
 921    1.864408000   -0.082455410   -0.218442700
 922    1.033717000    0.061370520    0.308257700
 923    0.881971000   -0.205163300   -0.372595100
 924    4.878683000    0.312595200    0.210946200
 925    7.628612000    0.657252600    0.199901000
 926    7.024749000    0.177497500   -0.232751800
 927   -0.950000000   -0.130077900    0.467183500
 928    5.605714000    0.061230240   -0.921691900
 929    0.793598400    0.081705900    0.919269700
 930   10.845550000    1.292514000    1.538147000
 931    9.822198000    0.893126200   -0.111962500
 932   -0.950000000   -1.236857000    1.170964000
 933   13.956520000    1.944686000    0.320878600
 934   -0.950000000   -0.521121600    0.201389800
 935   -0.865396900    0.479345100    1.586169000
 936   -0.950000000   -0.282082500    0.489338200
 937   10.984490000    1.165242000   -0.379836500
 938    6.018988000    0.362231800   -1.762922000
 939    3.828594000   -0.010502560   -1.379957000
 940   -0.950000000   -0.286216800    0.423150800
 941   22.013660000    1.920811000   -1.429642000
 942   13.958920000    0.925991400   -1.341724000
 943   -0.950000000   -0.121823200    1.092131000
 944   -0.950000000   -1.229397000   -0.831821800
 945   -0.950000000   -1.384492000   -1.309851000
 946   20.386150000    1.711526000    0.915981900
 947   -0.950000000   -0.689176000    0.809501400
 948   19.766630000    1.014925000    1.565350000
 949   20.659670000    1.501298000   -0.460658100
 950   -0.950000000   -1.321523000   -0.956090900
 951    7.089720000    0.310760600    0.498946000
 952   14.826180000    1.387182000   -1.629226000
 953   20.805860000    1.580176000    1.015942000
 954   13.605290000    0.476736000   -0.415860600
 955   14.949340000    0.899095900   -0.811666900
 956   -0.950000000   -0.755167200    0.366293900
 957   17.001040000    1.561131000    1.050284000
 958   13.772160000    0.766480500   -0.604986100
 959   -0.950000000   -1.072884000    1.838668000
 960    7.176329000    0.403103200    0.553805100
 961    0.111116200   -0.388355000    1.507255000
 962   -0.950000000   -0.826158600   -0.453821700
 963   17.911480000    1.766126000   -1.238450000
 964   14.036640000    1.564831000    1.421810000
 965   -0.950000000   -1.380023000    1.895554000
 966   15.849710000    1.309450000   -1.230175000
 967   -0.950000000   -0.496874800    1.444414000
 968   -0.950000000   -1.487090000    1.055268000
 969    0.628630800   -0.067093540    0.747348600
 970    4.401700000    0.162615100    0.138079200
 971   10.975320000    1.007399000   -0.741107900
 972   -0.950000000   -1.055608000    1.081171000
 973   -0.950000000   -0.945956300   -0.664576200
 974   -0.950000000   -1.487804000    0.254268000
 975   -0.950000000   -0.651456000   -0.988489500
 976   15.656770000    0.922500900   -1.594102000
 977   -0.950000000   -0.702502300   -0.448740800
 978   -0.950000000   -0.259855900    0.055473210
 979   12.820690000    0.966392200   -0.044730460
 980   10.384010000    0.849579600    0.269340500
 981   21.213680000    1.876937000   -1.094363000
 982    1.886500000    0.390472300    1.498393000
 983    1.279487000   -0.010664340    0.240548200
 984   -0.950000000   -0.262467100   -0.399702800
 985   13.495870000    1.521235000    0.465144100
 986    6.437630000    0.369797300    0.083782940
 987    2.815995000    0.292265900   -0.252860200
 988    4.429769000   -0.010482040   -1.000526000
 989   -0.950000000   -0.752360000    0.423452900
 990   -0.950000000   -0.775723700   -1.583855000
 991    1.610579000    0.301539600   -0.596503200
 992   -0.665823400    0.237955400    0.213912500
 993    1.939813000    0.291488500   -0.487468800
 994    7.215160000    0.688514400   -0.890627100
 995   -0.950000000   -0.002691035    0.936256800
 996   11.543640000    1.146599000   -0.624748100
 997    1.864160000    0.216488600   -1.125372000
 998   -0.950000000   -0.701453400   -1.464391000
 999    2.711375000    0.246503400   -0.966597100
1000    6.637224000    0.684627400   -0.882656400
1001   -0.001350889    0.219467800    0.168835000
1002    3.857162000    0.588633600    0.165403000
1003   -0.950000000   -1.129979000    0.780077400
1004   -0.950000000   -0.810688600    1.498367000
1005   -0.950000000   -0.783681200   -0.900064000
1006   13.956130000    1.167298000    0.766076400
1007   24.822470000    1.609448000   -0.996612800
1008    1.282320000    0.406511000    1.090504000
1009    3.410271000    0.509859300    0.367427000
1010   10.936090000    0.896672300   -1.492853000
1011    6.893445000    0.215172700   -1.560430000
1012    0.182944800    0.049313390    1.630742000
1013   -0.950000000   -0.390941300    0.004143144
1014   -0.950000000   -0.161049400    0.791433700
1015    0.969097500   -0.108994300   -0.539819700
1016   -0.950000000   -1.149075000   -0.213134800
1017   -0.950000000   -1.622251000   -0.567804100
1018    1.826036000    0.008584980   -0.836377500
1019    3.464772000    0.278286900   -0.980488600
1020    6.894177000    0.477016400   -0.475371400
1021   -0.950000000   -1.164297000   -1.003696000
1022   10.189390000    1.170770000   -0.465529600
1023   -0.950000000   -0.955627300    0.203033900
1024    1.257967000    0.372489500    0.758310900
1025   -0.950000000   -0.213460600   -0.594861300
1026    6.997897000    0.684944300   -0.329991700
1027    7.916941000    0.526475300   -1.310824000
1028    3.631174000    0.495482400   -0.672106600
1029   -0.950000000   -0.357271900    1.982204000
1030   -0.950000000   -1.875531000   -1.135045000
1031   -0.950000000   -0.221475700    0.541958500
1032   -0.950000000   -0.323016000    0.240325700
1033    9.460393000    0.878185100   -0.096603220
1034    2.875484000    0.654824100    0.568162900
1035   -0.950000000   -0.609528400   -0.662820700
1036   -0.950000000   -0.472038100   -0.249316800
1037   -0.950000000    0.427110700    0.981756800
1038    0.455067100    0.130390600   -1.091440000
1039   -0.950000000   -0.671549500   -0.043519610
1040    1.388863000    0.008560017   -1.533047000
1041   -0.950000000   -0.653501700    0.943144300
1042   13.779170000    1.192160000    0.185191200
1043   -0.950000000   -0.427060900   -0.612754200
1044    0.240521800    0.107658200   -0.446621400
1045   -0.950000000   -0.827809700   -1.338234000
1046    0.008066716    0.320567600   -1.425043000
1047   -0.950000000   -0.495987200   -0.281293200
1048    9.995101000    0.899536100   -1.918108000
1049   11.899140000    1.488446000    0.613017000
1050   -0.950000000   -0.835012500    1.522503000
1051    4.680734000    0.104136900    1.634539000
1052   -0.950000000   -0.780630900    0.880620500
1053   -0.950000000   -0.868232500    0.852737100
1054   11.873210000    1.101049000   -0.099088930
1055   -0.950000000   -0.512339400   -0.936262900
1056   10.949350000    0.831594500    0.428397500
1057    2.722731000    0.437066900    0.761597200
1058    2.113310000    0.728355400    1.828270000
1059   -0.950000000   -0.657957000   -1.230466000
1060    1.532524000    0.263753500    1.156484000
1061   15.232640000    1.010279000   -1.877563000
1062   -0.950000000   -0.790776600   -0.215454900
1063   -0.950000000   -1.083274000   -1.989453000
1064   -0.950000000   -0.604322900   -0.873202400
1065   -0.950000000   -0.194783200    1.710872000
1066    8.447070000    0.553094700   -0.952130700
1067   -0.950000000   -0.606059600    1.708128000
1068   -0.950000000   -1.806319000   -1.957547000
1069    6.746289000    0.882506800    1.667144000
1070   -0.950000000   -1.152386000   -0.945302200
1071   18.722870000    1.609592000   -0.741746000
1072   -0.950000000   -1.478991000   -0.504025900
1073    6.419813000    0.569436400    0.673244000
1074    5.801078000    0.476647800    0.854884100
1075   16.871940000    1.426623000   -0.451428400
1076   14.764040000    1.361140000   -0.532272200
1077    4.349623000    0.088286110   -0.744375000
1078   22.192110000    1.931377000   -0.478403800
1079    2.067737000   -0.051576940   -0.271802500
1080    7.126297000    0.590412700   -0.773556500
1081    0.749872600    0.071581350    1.442092000
1082   -0.950000000   -0.835324200   -1.488166000
1083    4.620691000    0.276905800   -0.680180600
1084   18.653560000    1.892129000   -0.417089000
1085    5.645947000    0.816871200    0.738403600
1086   12.300060000    1.305698000   -1.070367000
1087    2.456802000    0.710676800    1.339587000
1088   -0.950000000   -0.593914700   -0.780359800
1089   -0.950000000   -1.252901000    0.569918000
1090    3.824017000    0.452297800   -0.644324600
1091   13.979460000    1.143865000   -0.820532800
1092   -0.950000000   -0.809549700   -0.774921500
1093   -0.950000000   -1.769950000    0.867644200
1094   -0.950000000   -0.200695000    1.439093000
1095    3.042747000    0.892513400    1.644291000
1096    8.286665000    0.363873400    1.609001000
1097   18.582140000    1.647441000   -1.418260000
1098   -0.950000000   -0.318655200    0.566148600
1099   -0.950000000   -0.368707000   -0.334830400
1100   18.336500000    1.633733000    0.742646200
1101   -0.950000000   -1.085600000    0.285852300
1102   -0.950000000   -1.455684000    0.666129700
1103   -0.950000000   -0.268808100    0.976924200
1104   -0.950000000   -0.392402400    0.602804900
1105    8.745093000    0.778162000    0.644677700
1106   -0.950000000   -0.073554480    1.161846000
1107   -0.950000000   -0.442682200    0.107477000
1108    4.307413000    0.280871900   -1.782699000
1109   -0.950000000   -1.636476000   -1.368446000
1110   21.277140000    1.927986000   -0.905688900
1111   -0.950000000   -0.092996180    0.267781300
1112    5.009576000    0.663763300   -0.082268740
1113   -0.161777300   -0.244183200   -1.400713000
1114   -0.950000000   -1.609533000    1.235040000
1115   -0.950000000   -0.850941100   -0.429089500
1116    9.566046000    1.126316000   -1.391191000
1117   -0.950000000   -1.721379000    1.721583000
1118   15.314990000    1.481563000   -0.382495100
1119   -0.950000000   -1.865842000    0.013543140
1120   -0.950000000   -0.040531770    0.708706200
1121    1.037545000   -0.223133400    1.803717000
1122   -0.950000000   -1.493590000   -0.815310700
1123    4.145010000    0.349627700   -1.210601000
1124    7.869948000    0.808877000   -0.251144200
1125   12.636340000    1.708639000   -0.698398400
1126   -0.950000000   -1.221358000   -1.063603000
1127    3.245295000    0.396737900   -0.071341600
1128    2.789958000    0.837940700    1.097135000
1129   -0.950000000   -1.140564000    0.365668300
1130   10.097090000    1.629848000    0.148397000
1131   -0.950000000   -0.403844300    0.179071100
1132   -0.950000000   -0.248270000   -0.428704200
1133   -0.950000000   -0.726487900    0.557387200
1134    5.722025000    0.503034200   -0.544057000
1135    1.760578000    0.018116100    1.005494000
1136   15.081600000    1.959638000    1.523598000
1137   -0.950000000   -1.333684000    0.791561000
1138   -0.950000000   -0.303891200   -0.688656300
1139   -0.950000000   -1.311507000   -1.603137000
1140   -0.950000000   -1.568205000    0.679586600
1141   -0.950000000    0.185592200    0.376814000
1142   -0.950000000   -0.535976800   -0.648230800
1143   -0.950000000   -0.711973500   -0.512892400
1144    7.138857000    1.170271000   -0.656006700
1145   -0.950000000   -0.952985800   -1.190313000
1146    5.737847000    0.688392600    1.249591000
1147    3.750044000    0.422224800   -0.517619200
1148    2.220515000    0.309567400   -0.317162500
1149   -0.950000000   -1.500402000   -0.295503000
1150   -0.950000000   -0.155138700   -0.588659900
1151   11.184050000    1.283703000   -0.737585600
1152    5.119645000    0.681010700   -0.942828000
1153   -0.950000000   -0.602858000    0.679890800
1154   -0.950000000    0.234905400    1.505608000
1155   -0.950000000   -0.373575200    0.083924690
1156   -0.950000000   -0.265992700   -0.656707200
1157   -0.950000000    0.197318800   -0.923308100
1158   -0.950000000   -1.162661000   -0.622969900
1159   -0.950000000   -0.969689900    0.529915400
1160   -0.950000000   -1.408152000   -0.113907400
1161   -0.950000000   -1.072340000   -1.679534000
1162   -0.950000000   -1.346108000   -1.379161000
1163    7.924664000    1.475719000    0.334348500
1164    9.337365000    1.982998000   -0.554815000
1165   -0.950000000    0.567777900   -0.117185300
1166   -0.950000000   -0.359674200   -0.237783200
1167    1.605260000    0.696884200   -0.121441300
1168   -0.950000000    0.103455800    0.274663500
1169   -0.950000000   -1.459876000   -1.453934000
1170   -0.950000000   -0.148295800   -0.290495000
1171   11.826090000    0.587460200   -0.441490700
1172   14.870300000    0.875258100    1.241495000
1173    7.364266000    0.479475500   -0.506369900
1174   -0.916159600   -0.197064900    0.689676200
1175    8.015684000    0.440813300   -0.788552800
1176    2.077521000   -0.115729200   -0.654787500
1177    8.145726000    0.194591100   -0.622522500
1178    5.822331000   -0.029272460   -0.870965500
1179   -0.950000000   -1.824522000    0.762764800
1180   18.891270000    1.136337000    0.871172800
1181    4.238892000    0.331854000    0.510009600
1182    6.989337000    0.453058800    0.503559400
1183    0.141135200   -0.078833100    0.235233500
1184   -0.950000000   -0.694643000   -0.072886290
1185   -0.950000000   -0.146186800    0.590120300
1186    7.212916000    0.606726900    1.060813000
1187   13.701270000    1.635374000   -1.743096000
1188    9.321323000    0.712614900   -0.066910710
1189    4.754573000    0.395289000   -0.079153240
1190    3.830958000    0.129256300    0.349311100
1191   -0.950000000   -0.428844600    0.549548900
1192   -0.950000000   -0.949810300   -0.299487600
1193    5.760715000    0.273799300    0.078070480
1194   -0.950000000   -0.939411100    0.243483200
1195   -0.950000000   -0.624014400    0.067319940
1196   -0.950000000   -1.588157000    0.587439900
1197    8.016513000    1.355619000    1.312879000
1198   19.268160000    1.189671000   -1.098780000
1199   -0.950000000   -1.616430000   -0.231111300
1200   -0.950000000   -1.494581000   -0.144420800
1201   18.438970000    1.983304000   -1.014535000
1202   -0.950000000   -0.613655300    0.915753900
1203   10.582230000    0.332070400   -1.280719000
1204   -0.950000000   -1.175320000    0.324177400
1205   -0.950000000   -0.454585700   -0.510360400
1206    6.708085000    0.327973000   -0.249898000
1207   17.855580000    1.592353000   -1.546694000
1208   18.448940000    1.289049000   -0.483897100
1209    9.979269000    0.551740700   -0.875768800
1210   16.440550000    1.325625000    0.196390600
1211   -0.950000000   -0.939555500   -0.013020550
1212   14.207080000    1.241467000   -0.218546400
1213   -0.950000000   -0.626586900    0.884337500
1214   -0.950000000   -0.968336100    0.647291200
1215    7.340015000    0.888966400    1.512814000
1216   -0.950000000    0.344532400    1.559678000
1217   -0.950000000    0.055168610    1.977782000
1218   -0.950000000   -1.738124000   -0.004735867
1219   -0.950000000   -1.237629000    0.073192340
1220   -0.950000000   -0.114900800   -0.233950900
1221   -0.950000000   -0.304130800    0.491624900
1222    6.153511000    0.396300600   -1.011464000
1223   22.033290000    1.816360000   -0.884793900
1224   -0.950000000   -0.359556500    0.641419300
1225   17.408030000    1.177672000   -1.732821000
1226   -0.950000000   -0.657509600   -0.773173500
1227   -0.950000000   -0.998383000   -0.776421900
1228   -0.950000000   -0.615522600    0.431979600
1229   -0.950000000   -1.292437000    1.121212000
1230   -0.950000000   -0.764328700    0.676649200
1231    5.796688000    0.176813300   -0.795081900
1232   16.718910000    1.266458000    0.247042600
1233   -0.950000000   -1.434642000   -1.599458000
1234    7.249500000    0.685543500    0.681970900
1235    8.423135000    0.533277200   -0.058111420
1236    4.810273000    0.578956100    0.775023200
1237    4.050625000    0.295845000   -0.683995700
1238    0.435599600    0.105779400    0.565071200
1239   21.278260000    1.865014000    0.338788400
1240   -0.950000000   -0.478253700    1.235826000
1241   -0.950000000   -1.786974000   -0.103823200
1242   -0.950000000   -0.722448000    0.762105900
1243   -0.950000000   -0.682993900    1.761095000
1244   -0.950000000   -0.577756700    0.319674500
1245    8.131896000    0.677739300    0.408046100
1246   -0.950000000   -0.217946400   -0.870206600
1247    5.150729000    0.835692500   -0.747934100
1248   -0.950000000   -0.494087700   -0.729176700
1249   -0.314284700    0.220915500   -1.200276000
1250   -0.950000000   -0.905874100    0.353699900
1251   -0.950000000   -0.158037500   -0.382159000
1252   -0.950000000   -1.224274000   -0.440954000
1253   -0.950000000   -1.650046000   -1.689887000
1254    1.241055000    0.406697000   -0.719263300
1255   -0.950000000    0.467237500    0.461114600
1256    1.037446000    0.722654700    0.017475600
1257   -0.950000000   -1.230759000   -0.799522000
1258   -0.950000000   -0.203945700   -0.476334300
1259   -0.950000000   -0.595345500   -1.162850000
1260   -0.950000000   -0.061526860    1.812922000
1261    5.541747000    0.221101100    0.592916600
1262   -0.950000000   -1.111643000    0.294690900
1263    3.885670000    0.021624920    1.061558000
1264    5.947751000    0.187869700   -0.281805500
1265   16.051210000    1.233317000    0.819859400
1266   -0.950000000   -0.459131500    1.460298000
1267   16.436360000    1.180669000    0.538206200
1268    7.552717000    0.361881100    0.944089600
1269    3.184358000   -0.198667800    0.139289600
1270   -0.549548700   -0.642120700   -0.945934600
1271    0.786594200   -0.100967100    0.871244200
1272   14.759650000    0.754258700   -0.051415040
1273    0.246891100   -0.548751800    1.039395000
1274    8.889318000    0.629312700    0.101419000
1275    3.102600000    0.022595530    0.594711800
1276   -0.950000000   -1.117996000    0.706661400
1277   -0.950000000   -1.135402000   -1.037602000
1278   -0.950000000   -0.455516500    0.642836100
1279   -0.950000000   -0.486279000   -0.054882800
1280   -0.950000000   -0.344019700    0.743592500
1281    0.041754480   -0.234680000    0.432280700
1282   -0.950000000   -0.698178900   -0.192977100
1283   -0.950000000   -0.996187500    0.403231900
1284   10.583090000    0.778891100   -0.617775500
1285   12.186120000    1.104989000    1.546281000
1286   13.260600000    1.072985000   -0.133505800
1287   14.795710000    1.483114000   -0.117961000
1288    4.575759000    0.046096830    1.128149000
1289   -0.161634800   -0.378289600   -0.200258800
1290    2.889950000    0.122936900    0.462833400
1291    6.441301000    0.751495400   -0.344507100
1292    8.307633000    1.048034000   -1.497166000
1293   -0.950000000   -0.548163100    0.772054800
1294   -0.950000000   -0.704715700   -1.171278000
1295   -0.950000000   -0.025510510   -0.129164400
1296   -0.950000000   -0.766562600    0.177320300
1297   -0.950000000   -1.354009000    0.002923659
1298    0.848317100    0.237303500   -0.266565100
1299   -0.950000000   -0.671349800    0.103233700
1300   10.722860000    1.480285000    0.345608900
1301   -0.950000000   -0.206313900   -0.611201700
1302   -0.950000000   -0.701825400   -0.034892600
1303   -0.950000000    0.110359200    0.397827600
1304   -0.950000000   -1.234825000    0.075808350
1305   -0.950000000   -0.931011200   -0.818515800
1306   12.025180000    0.828900300    0.326906200
1307    3.969457000    0.374802500    0.927104400
1308   -0.950000000   -0.368629000    1.160637000
1309   -0.208247400    0.143827800    0.380131200
1310    0.509147200    0.298085300    0.282318300
1311   14.984880000    1.536181000   -0.102450100
1312   -0.950000000   -1.942017000    0.260036000
1313   11.514150000    1.604889000   -0.429604200
1314   -0.950000000   -0.317908700    0.143071700
1315    9.994931000    0.895807400   -0.276005000
1316   12.663350000    1.148544000   -0.797439200
1317   -0.950000000   -0.919524200   -0.970679300
1318   -0.950000000   -0.577958800   -1.362691000
1319   -0.950000000   -0.930654000   -0.263677700
1320   -0.950000000   -1.797546000   -0.865582800
1321    9.563835000    0.934716800   -0.714386500
1322    2.176386000   -0.138994500    0.856112200
1323    4.431173000   -0.102002200    0.063778740
1324   16.852840000    1.233164000    0.521059300
1325    5.881834000    0.330801400    0.033343960
1326   12.391870000    0.852601300   -0.366658600
1327    0.759058500   -0.392016500   -0.735687200
1328   -0.950000000   -0.714193000    0.547977100
1329    6.668262000    0.476433200    1.071598000
1330   -0.950000000   -0.215235500    1.115492000
1331   18.278780000    1.375276000    0.292203900
1332   -0.950000000   -0.851968500    0.006809873
1333    5.776310000    0.240334600    0.172154900
1334    0.560964600   -0.113590500    0.862379900
1335   -0.950000000   -1.129448000   -0.466053000
1336   12.541400000    0.834718800    0.089153780
1337   -0.950000000   -1.380971000    0.123313100
1338    3.442184000    0.081916840    0.196977300
1339    5.112032000    0.492604400    0.710212200
1340    1.855243000   -0.294173400    0.323092000
1341    7.792530000    0.700285900    1.365283000
1342    3.119747000   -0.078698870    0.987128400
1343    1.288199000   -0.026575650    0.812304800
1344   19.815910000    1.705978000    0.363881400
1345    2.880139000   -0.272959400   -1.271982000
1346   11.910310000    0.741630400   -0.229442900
1347    5.767631000    0.565666100    0.980485100
1348   -0.950000000   -1.505372000    1.230197000
1349    2.088451000   -0.041881320    0.403394600
1350   13.899780000    0.853398500    0.518182700
1351   -0.950000000    0.165824900    0.772873500
1352   10.154790000    0.998065700    0.513974900
1353   -0.950000000   -0.241066700   -1.223877000
1354   -0.950000000   -0.305382300   -0.452342300
1355   -0.950000000    0.416407000    1.068434000
1356   -0.950000000   -0.503696300   -1.832928000
1357   20.121420000    1.696104000   -0.947507500
1358   -0.950000000   -0.319692100    0.384147900
1359   -0.950000000   -0.448677400    0.117656700
1360    6.152766000    1.445739000    0.456409700
1361   -0.220090600    0.305971600   -0.436123100
1362   -0.950000000   -0.870194100   -0.751883600
1363   -0.950000000   -1.091330000   -0.481233200
1364   -0.950000000   -1.918974000   -1.199163000
1365    1.233078000    0.365756500   -0.321798300
1366   -0.950000000   -1.575588000   -0.017484470
1367    4.290936000    0.673949800    0.119189100
1368   -0.950000000   -0.905165200    1.208571000
1369    9.112826000    0.745978800   -0.321609600
1370   -0.950000000   -0.241499100    1.336402000
1371   -0.950000000   -1.795550000    0.735920100
1372   -0.950000000   -1.681853000    1.347396000
1373   18.885200000    1.337070000    0.787069800
1374   -0.803205900   -0.522487000   -1.237804000
1375    6.368784000    0.742701600    0.629372000
1376    5.531707000    0.406078500    0.229167300
1377    1.894767000    0.191321700    0.818227100
1378   -0.950000000   -1.026620000    1.432025000
1379   -0.950000000   -1.191570000   -0.172470900
1380   11.603400000    1.363415000    0.180547100
1381    2.390990000    0.294448900    1.007291000
1382    0.963927200   -0.169160900   -0.710028500
1383    4.439641000    0.307385200   -0.046240610
1384   -0.950000000   -0.365478800    1.250432000
1385   10.930440000    0.844327900   -0.499543400
1386   -0.950000000   -1.340265000   -1.291817000
1387   13.697600000    1.021385000   -0.820969200
1388   11.841360000    0.852848400   -0.491067600
1389   -0.950000000   -0.562524700   -0.268128600
1390   -0.950000000   -0.824569500   -0.335886200
1391    4.110379000    0.202756000    0.638092000
1392   -0.950000000   -0.570234800   -0.869207700
1393    3.927522000    0.068189830   -0.931900100
1394    8.277742000    0.755753300    1.859265000
1395    8.867486000    0.569136400    1.130556000
1396   -0.950000000   -1.816027000   -0.987558500
1397   -0.950000000   -1.566509000   -0.345147900
1398   10.106720000    0.350617500   -1.787149000
1399   -0.950000000   -0.095303420    1.108465000
1400   -0.950000000   -0.416266600   -0.049433460
1401   12.085070000    1.333357000   -0.031900520
1402    4.953621000    0.807807600    0.667777500
1403    2.696109000    0.048103560   -0.992126200
1404   -0.950000000   -0.765530800    0.851162000
1405    3.801528000    0.376001100   -0.967418400
1406    5.591091000    0.771148300    0.069977690
1407   -0.950000000   -1.951539000    1.545104000
1408    0.053590620    0.538316400    1.087675000
1409   -0.950000000   -0.075652040    0.026974580
1410   -0.950000000   -0.222709500    0.197411400
1411   -0.189522500    0.215212300    0.258009700
1412    4.645483000    0.499175500    0.049991530
1413    6.817391000    0.914327500    0.707440000
1414    5.325007000    0.236172200    1.167319000
1415   -0.950000000   -0.543878900   -0.382916200
1416   -0.950000000   -0.452235500    0.023506440
1417    7.074126000    1.175136000    1.017878000
1418    1.976748000    0.485844600   -0.121490100
1419   -0.950000000   -0.461241100   -0.124926700
1420   -0.950000000   -0.922553900   -0.652022500
1421    4.376907000    0.780773900   -0.143901100
1422   -0.950000000   -1.016585000   -0.190994900
1423    9.782857000    0.710693900   -0.984432600
1424   -0.950000000   -0.260952700   -0.906760500
1425    1.446713000    0.416046900    0.133136700
1426   -0.950000000   -0.015608570    0.618491100
1427    4.565662000    0.210111400   -0.434066900
1428    1.224094000   -0.065635250   -0.682304700
1429   -0.950000000   -1.124916000   -0.608411000
1430   -0.950000000   -0.032915580   -0.158187900
1431    2.583222000    0.690231000    1.110859000
1432    1.333120000    0.045619020   -0.364281800
1433    6.114980000    0.429229100   -0.900204300
1434   -0.950000000   -0.846478900    0.771134000
1435   14.250620000    1.374572000   -0.166411600
1436   16.092190000    1.554193000   -1.122810000
1437   14.848990000    1.256671000   -0.494285400
1438    6.006677000    0.599195300    0.015190760
1439   -0.950000000   -1.128570000    0.678001900
1440    8.469113000    0.554665300   -1.139329000
1441   22.633130000    1.880790000   -1.829902000
1442   -0.950000000   -0.769415900    0.058568380
1443   -0.950000000    0.165935200    1.665139000
1444   -0.950000000   -0.676821200   -1.297158000
1445   12.797960000    1.245989000   -0.980281700
1446   -0.950000000   -0.691201500   -1.095206000
1447   -0.950000000   -0.528905800   -0.052352560
1448    0.960843000    0.200390200    0.227347400
1449    4.528232000    0.275954100   -1.083141000
1450   -0.950000000   -0.611780700    0.571651700
1451    5.977682000    1.004286000    0.424587800
1452    2.981850000    0.271839800   -0.543753700
1453    1.539624000    0.244702000    0.152191400
1454   -0.950000000   -0.206931800   -0.426295400
1455    9.435261000    1.022779000    0.016393180
1456   -0.950000000   -0.560005300    0.035898890
1457   -0.950000000   -0.981481600   -0.641319000
1458   -0.950000000   -1.586468000    0.133180800
1459    2.865692000    0.022301430    0.840761100
1460   -0.575893500   -0.155409000    0.422620800
1461   -0.950000000    0.349085000    1.719210000
1462    2.613270000    0.229667400    0.837566800
1463   16.034030000    1.364376000   -1.254033000
1464   11.760960000    0.863368100   -1.188066000
1465   -0.950000000   -1.046781000   -1.189404000
1466    7.306453000    0.313564600   -1.737222000
1467   -0.950000000   -0.307090800    1.937645000
1468    1.364134000    0.283185700    1.231636000
1469    0.568229000    0.048959540    0.322941600
1470   -0.926773000    0.363890100    1.863308000
1471   -0.950000000   -0.540260100   -1.328848000
1472   -0.950000000   -0.597489500   -0.139164300
1473   -0.950000000   -0.389826500   -1.508382000
1474    2.785978000    0.470902500   -1.095295000
1475   -0.950000000   -1.048497000    0.134081200
1476   -0.950000000   -1.057174000    0.026770430
1477   -0.950000000    0.080659460    0.894683500
1478   -0.950000000    0.109468900    0.673578200
1479   -0.950000000    0.084227860    0.186735100
1480   -0.950000000    0.578776300    0.573247900
1481   -0.950000000   -0.352660700   -0.835080200
1482   -0.950000000   -1.451729000    0.127111900
1483   -0.950000000   -0.440100500    0.041258200
1484   10.000940000    1.330176000    1.394607000
1485   -0.950000000   -0.329019400   -0.136852400
1486   -0.950000000   -0.151661000    0.234909100
1487    5.227052000    0.635192300   -0.565827300
1488    5.816312000    0.768939600   -0.362983200
1489   -0.950000000   -0.035324070    0.264150200
1490   12.644050000    1.307661000    0.761355000
1491   -0.950000000   -0.349257100   -1.585513000
1492   -0.950000000   -0.208792200    0.931602700
1493   -0.950000000    0.348496700    1.237354000
1494   -0.950000000   -0.912593200    0.775790800
1495    9.628062000    0.774723800   -1.997215000
1496   -0.950000000   -0.107042600    0.721460100
1497   -0.950000000   -0.487588700    0.287157200
1498   -0.950000000   -0.437049600   -0.400542600
1499    5.043510000    0.582603800   -1.194473000
1500   -0.950000000   -0.910939500   -1.174302000
