*y  x1  x2
   1   -0.950000000   -0.775929600   -0.128732600
   2   -0.950000000   -1.176997000    1.546649000
   3   -0.950000000   -1.653734000    0.702856900
   4   -0.950000000    0.145470300    0.978398400
   5   -0.950000000   -0.845080200   -0.642744300
   6   11.014180000    1.203488000   -1.053315000
   7    6.644228000    0.815657500    1.337024000
   8   -0.950000000   -1.053262000   -0.513325400
   9   -0.950000000   -0.578475000   -0.485068000
  10   18.562720000    1.283353000   -1.737748000
  11    5.947930000    0.752140100   -0.217945800
  12   -0.950000000   -1.179938000    0.640948700
  13   -0.950000000   -0.749651800    1.931055000
  14   -0.950000000   -0.146293400    0.325349300
  15   -0.950000000   -0.967974100    0.190523200
  16   22.308820000    1.516963000   -0.420686200
  17    9.306434000    0.593461800   -0.802450300
  18    2.560778000    0.530054800    0.639550300
  19   -0.950000000   -1.039895000    0.755091200
  20    7.462564000    0.269180000    1.434993000
  21    5.898885000    0.533580900   -0.005604588
  22   -0.950000000   -0.399613900    0.296633700
  23   11.713920000    0.968633200   -1.455146000
  24   -0.950000000   -0.416696300   -0.666656000
  25    2.159027000    0.137606300    0.148163600
  26    5.433638000    0.449931800    0.258041900
  27   -0.950000000   -1.035706000   -0.340455200
  28   -0.950000000   -1.170225000    0.246360700
  29    6.353254000    0.294466900    0.315849000
  30   11.078000000    0.904100200   -0.060404770
  31    7.711218000    0.156710700   -0.575915000
  32    2.815609000   -0.409025300   -1.008875000
  33   -0.950000000   -1.298975000    1.091221000
  34   21.047220000    1.127513000   -1.321222000
  35    9.972474000    0.342701600   -0.590717200
  36   20.522980000    1.978426000    0.315014500
  37   -0.950000000   -0.556751600    1.084191000
  38    8.636144000    0.215905000    0.049019740
  39    4.024376000   -0.072657120    1.062488000
  40    4.268225000   -0.060498890   -0.340811600
  41   18.632900000    1.045208000    0.260977600
  42   17.068160000    0.871206500   -1.459803000
  43   13.185560000    1.551396000    1.256969000
  44   13.552600000    0.951604500    0.277736000
  45    4.458183000   -0.101409100    0.028544650
  46    2.593990000   -0.236608800   -1.841191000
  47   -0.950000000    0.637200500    1.795055000
  48   -0.950000000   -1.111788000   -1.086908000
  49   -0.950000000   -1.487397000   -0.458965800
  50    1.070375000    0.659618000    1.207389000
  51    1.152263000    0.801919500    1.132073000
  52   -0.950000000    0.038997330    0.699964200
  53    0.128398900    0.171712400    0.423102600
  54   -0.950000000   -0.506014800    1.027651000
  55   -0.950000000   -0.098126370    0.677824900
  56   -0.950000000   -1.662984000   -1.871330000
  57   -0.950000000   -0.020918860   -0.288491700
  58    3.606663000    0.632644600    0.659553800
  59   -0.950000000   -0.572917500   -0.235378600
  60   -0.950000000   -1.906493000    0.063533110
  61   11.065120000    1.103497000    0.406741200
  62   16.882340000    1.670947000    0.104634400
  63   -0.950000000   -0.640840100    1.476170000
  64   -0.950000000   -0.499767900   -0.330924800
  65   -0.950000000   -1.949906000    0.739496600
  66   -0.950000000   -0.934044600    1.126463000
  67    3.115118000    0.061512300    0.309758600
  68    2.464576000    0.057654520   -0.233934600
  69   16.640560000    1.198705000    0.712336900
  70    8.773665000    0.723444500    0.711679500
  71   -0.950000000   -0.804145500    0.640811100
  72   14.627590000    0.868955000   -1.384233000
  73   -0.950000000   -0.513705300   -0.273013400
  74   15.734840000    1.309927000    0.057046610
  75   15.801080000    1.009872000   -1.842425000
  76   13.201250000    1.069641000    0.556982300
  77    6.253313000    0.410415600   -1.171540000
  78    0.425359600    0.157803700    0.908268400
  79   -0.950000000   -1.254539000   -0.323456400
  80   -0.950000000   -0.549283400    0.269271500
  81   19.790380000    1.588499000   -0.064583810
  82    7.185203000    0.491862300   -0.684552400
  83    2.385485000    0.192440800    0.115287400
  84    1.909887000   -0.060394870   -0.727880500
  85    2.831111000    0.093598200   -0.205184400
  86   -0.950000000   -0.551000100    0.438066300
  87    2.675252000    0.312815000    0.667148900
  88    2.083737000   -0.016832870   -0.856175700
  89    6.397745000    0.594492100    1.227609000
  90   18.141830000    1.672181000   -0.159035200
  91   19.774730000    1.118014000   -0.258130700
  92   22.951870000    1.756068000    1.153917000
  93    7.321132000   -0.029381040   -0.253866500
  94   -0.950000000   -1.255503000   -0.642969800
  95   11.342010000    0.009798219   -1.595169000
  96    9.537418000    0.568720000    1.167300000
  97   24.115100000    1.685995000    1.950791000
  98    4.588220000   -0.215189500   -0.132679100
  99   12.552990000    0.617154600    0.284929300
 100   22.584350000    1.470443000    0.021337960
 101   12.571920000    0.709331100    1.151808000
 102   11.722870000    1.010469000    1.744498000
 103   11.653450000    0.213118300    0.570236100
 104   22.680520000    1.793788000    0.797650400
 105   -0.950000000   -1.669846000   -0.802175600
 106   -0.950000000    0.187455400   -0.360734800
 107   -0.950000000   -1.122620000    0.775109900
 108   -0.950000000   -0.547219800   -0.305669200
 109   -0.950000000    0.344793200    1.891477000
 110   -0.950000000    0.059484970    0.790355200
 111   -0.950000000   -0.340279300   -0.698848400
 112   -0.950000000   -0.806712900   -0.296878800
 113   -0.950000000   -0.258405300    0.203147700
 114   -0.950000000    0.202357200    1.036899000
 115    6.872162000    0.714145100   -0.645419100
 116    2.862426000    0.644706200    0.116178200
 117   -0.950000000   -0.169463400    0.063212260
 118   -0.950000000   -1.547306000   -0.027556420
 119   -0.950000000   -1.360021000    0.758608200
 120   -0.950000000   -0.441424700   -0.191960100
 121   -0.950000000   -0.236000700   -0.383690500
 122   10.862740000    1.071930000    0.493944600
 123   -0.950000000   -1.474925000    0.156597300
 124   -0.950000000   -0.501431800    0.854571400
 125    8.682310000    0.810574400   -0.158283100
 126    2.190798000    0.188468600   -0.292201600
 127    2.767001000    0.292343700    0.275609800
 128   12.133240000    1.402352000   -0.208216200
 129   -0.950000000   -0.253698800    0.673163600
 130   -0.950000000   -1.401906000    0.842279700
 131   -0.950000000   -1.339213000   -0.252756200
 132   -0.950000000   -1.583997000    1.010256000
 133   -0.950000000   -0.509881800   -1.158128000
 134    6.721437000    1.031582000    1.230566000
 135   19.559940000    1.493773000   -1.490835000
 136   -0.950000000   -0.329919500    0.966903100
 137   -0.950000000    0.046890070   -0.497727100
 138   -0.950000000   -1.163257000   -0.203688700
 139   -0.950000000   -0.192501500   -0.274288100
 140    6.201742000    0.634754300   -0.448842300
 141    5.938782000    1.011883000    0.449140000
 142   12.665320000    1.207826000   -1.654466000
 143    0.201396000    0.283359800    0.824453200
 144   -0.950000000   -0.115923500   -1.021766000
 145   -0.950000000   -1.913089000   -0.800661900
 146   10.853510000    1.534167000    0.457977000
 147   -0.950000000   -0.752788100   -1.648732000
 148   11.667160000    1.210764000   -0.573970300
 149   -0.515707700    0.106991200   -0.660526100
 150    1.215571000    0.292815000   -0.346396900
 151   -0.950000000   -0.499563300   -0.660109000
 152    3.246644000    0.654272700   -0.733470500
 153   -0.950000000   -0.025897570   -1.038906000
 154   -0.950000000   -0.321028000    0.888521700
 155    2.147053000    0.621823600   -0.102781000
 156   -0.950000000   -0.279382200   -1.239858000
 157   15.975370000    1.925625000    0.693278300
 158   -0.950000000   -0.156388400   -0.655923900
 159   -0.950000000   -0.460063400    0.263444500
 160   -0.229704700   -0.250309300   -1.526919000
 161   -0.950000000   -0.557426700   -0.073469750
 162    3.081387000    0.528950200   -0.107904700
 163   -0.950000000   -0.250155200   -0.661765600
 164   -0.950000000   -0.214496900    0.903152500
 165   -0.950000000   -1.917416000    0.280524700
 166    6.415694000    0.824712500    1.022622000
 167   -0.950000000    0.037610350    1.015691000
 168    3.537038000    0.402249600    0.773910200
 169   28.024010000    1.825732000   -1.503759000
 170   -0.950000000   -1.064037000   -0.849016700
 171   -0.950000000   -0.362072500   -0.235435000
 172   -0.950000000   -0.899721000    0.841301600
 173   -0.950000000   -0.477931000   -0.251398500
 174    9.096306000    0.584305400   -0.499384100
 175    5.494291000    0.625724500   -0.203918500
 176    6.224445000    0.436444900    0.881249900
 177   -0.950000000   -0.619331300    0.067644320
 178   -0.950000000   -0.313590500    0.905475400
 179   20.749430000    1.777651000   -0.053041770
 180   -0.950000000   -1.869124000    1.016514000
 181    2.534163000   -0.173137100   -1.096499000
 182   -0.950000000   -0.792771500   -1.447656000
 183   11.635300000    1.113311000    1.447049000
 184    9.604155000    0.723824200   -0.440377900
 185    5.229063000    0.484539200   -0.420072600
 186   13.964260000    1.214811000    1.169747000
 187   -0.950000000   -1.468888000   -0.600302500
 188   12.738970000    1.799768000    1.533851000
 189   -0.950000000   -1.485608000    0.813991300
 190   -0.950000000   -0.417897000    0.936057400
 191   -0.950000000   -1.497181000    0.272209200
 192   11.271560000    1.275474000    0.533916400
 193    2.240697000   -0.123220800   -0.644849300
 194    8.410047000    0.395980400   -0.719763600
 195   11.050590000    0.640446600   -0.833640600
 196   -0.950000000   -0.965492700    1.630755000
 197   11.128040000    1.012113000    0.875927900
 198    6.365335000    0.051470690   -1.014355000
 199   12.502470000    1.302548000    0.900833000
 200   15.577580000    1.578823000    0.781242200
 201   -0.950000000   -1.287821000   -0.512643300
 202    1.206848000   -0.148943700    0.926904200
 203    0.772283200   -0.288940500    0.768742700
 204    2.239053000   -0.156365200   -0.483266100
 205   12.605440000    0.500074500   -0.674590400
 206   18.073940000    1.132461000   -0.519924300
 207    7.105688000    0.427765200    0.853432000
 208    3.388934000    0.379813100    0.311560500
 209   -0.718067700   -0.244644300    0.871816400
 210    8.874013000    0.264618200    0.909247700
 211   -0.950000000   -1.820967000    0.595176100
 212   -0.950000000   -0.574078600   -0.192297500
 213    7.629010000    1.840995000    1.548991000
 214   -0.950000000   -0.752873800    1.211070000
 215    2.275606000   -0.032569020   -1.206424000
 216    9.891981000    0.891018100   -1.358338000
 217    3.400126000    0.520546200    1.076233000
 218   -0.950000000   -0.339511500   -0.271289400
 219    2.364827000    0.117584900   -1.039153000
 220    2.641891000   -0.092110930   -1.214397000
 221   12.084230000    1.958097000    1.326287000
 222   -0.950000000   -1.451103000    1.288014000
 223   -0.950000000   -0.415628300   -0.404959000
 224   -0.950000000   -1.513068000   -0.034423870
 225   -0.950000000   -0.748728700   -0.952065300
 226    5.372855000    0.801975100    0.405594700
 227    9.667018000    0.824397900   -0.486272200
 228   -0.950000000   -1.083969000   -0.301258300
 229   14.195830000    1.699531000    0.550091200
 230    0.691434200    0.041654860   -0.069281560
 231    4.496649000    0.199019600   -0.352389100
 232   -0.950000000    0.122027300    1.971918000
 233   20.032700000    1.597217000    0.127382400
 234    7.501434000    0.513510900   -0.106445700
 235   -0.950000000   -1.914917000    0.929401600
 236   15.396660000    1.519777000   -1.627467000
 237   -0.950000000   -1.916410000    0.753135100
 238   -0.950000000   -0.353572500    1.491007000
 239   -0.950000000   -1.107193000    0.185820800
 240   -0.950000000   -0.658664000   -1.152288000
 241   16.537770000    1.508282000   -0.202730300
 242   -0.950000000   -0.822754400   -0.609358200
 243    6.597899000    0.541408100    0.427663200
 244   -0.950000000   -0.336340700    0.948246900
 245   -0.950000000   -0.275675200    0.397013300
 246    5.559078000    0.487903700   -0.328906400
 247    4.017487000    0.563175900    0.261290600
 248   -0.950000000   -0.425322500   -0.643241300
 249   -0.950000000   -0.320063200    1.394774000
 250   -0.950000000   -1.657739000    0.273243000
 251   15.976690000    1.428242000    0.605624200
 252   13.327880000    1.592007000    1.133321000
 253   -0.950000000   -1.457554000   -0.862974600
 254   18.984420000    1.174746000   -0.513118300
 255    0.411380300   -0.030043910   -0.347628300
 256   17.264210000    1.329816000    1.226998000
 257    4.638601000    0.005879655    1.368621000
 258   10.078490000    0.733973700    0.487703700
 259    0.090576260   -0.422198500    0.147774500
 260    5.177464000    0.234628500   -0.148279900
 261    4.272371000    0.139777800    0.865263200
 262    9.299710000    0.539501500   -0.595567100
 263    0.166465400   -0.377452500   -0.337127600
 264    1.472103000   -0.183692000   -0.324842700
 265    3.405296000   -0.202619300   -1.258840000
 266   17.468750000    1.352096000   -0.482857400
 267   -0.104700500   -0.218965500    0.571500500
 268   10.945890000    0.470979600   -1.643204000
 269    6.986280000    0.404248800    0.044591690
 270   21.543490000    1.796672000   -0.163139200
 271   -0.950000000   -0.368900600   -0.259972900
 272    8.321595000    1.268696000   -1.095488000
 273   -0.950000000   -0.064559650   -0.218335300
 274   -0.950000000   -0.866215400    0.498549700
 275   -0.950000000   -0.711002000   -0.415095800
 276    8.064405000    0.830421500   -1.354790000
 277    3.886451000    0.723989700   -1.550903000
 278   -0.950000000   -1.110969000   -1.567935000
 279    6.100791000    1.509696000   -0.855735600
 280    0.282169300   -0.040487230   -1.681908000
 281    5.945136000    1.043180000   -1.656048000
 282   -0.950000000   -0.650529700   -0.802642400
 283   -0.950000000   -0.355897000   -0.274450700
 284   -0.950000000    0.133584600   -0.133735000
 285   12.295520000    1.354016000   -0.368219400
 286   18.479420000    1.290868000   -0.565925300
 287    6.890847000    0.221026500   -0.950464600
 288   -0.950000000   -0.461843200   -1.125991000
 289   18.077470000    1.405539000   -0.314463100
 290   15.762320000    1.906848000    0.173816400
 291    8.581129000    0.877617800    0.202278300
 292   -0.950000000   -1.262375000    0.435071900
 293    9.589975000    0.901270200    0.328716200
 294   -0.950000000   -0.261236400    0.342683100
 295   -0.950000000   -1.063366000   -0.241436500
 296   -0.950000000   -1.392650000    0.728303800
 297    8.759901000    0.942618700    0.470665700
 298    7.164796000    0.411195600   -0.421729800
 299   -0.950000000   -0.711368200    0.069856350
 300   -0.950000000   -1.010423000   -0.769974400
 301   -0.950000000   -1.308181000    0.165497000
 302   -0.950000000   -0.007704263    0.062143500
 303   -0.950000000   -0.525183500    0.935345300
 304   -0.950000000   -0.213340900   -0.611814000
 305   -0.950000000    0.142147900    0.448921400
 306   -0.950000000    0.011077990    0.820702500
 307   -0.441505300   -0.143606100   -0.221928400
 308   15.612900000    1.560493000   -1.788679000
 309   -0.042444740   -0.174651500   -0.828888100
 310    2.675040000    0.102167900   -1.044359000
 311    3.953670000    0.775178300    0.793816500
 312   -0.950000000    0.040113110    0.112096100
 313    5.234338000    0.642984000   -0.748533700
 314   -0.950000000   -0.725607300    1.356345000
 315    1.791575000    0.173267900    0.996984100
 316   14.356790000    1.601566000   -0.326935200
 317   -0.950000000   -0.719386300    0.141682300
 318   -0.950000000   -0.390399500   -0.865954500
 319   14.160500000    1.233340000    0.561207300
 320   -0.950000000    0.025634560    0.775699900
 321    5.630839000    0.613591100   -0.647634300
 322    1.259186000    0.221983100   -0.223600400
 323   -0.950000000   -0.387752400   -0.739295900
 324   -0.950000000   -0.508352100   -1.013540000
 325   -0.950000000   -0.109581000    0.154492300
 326   -0.950000000   -0.494304600   -0.663429600
 327   -0.950000000   -0.495383700    0.940084200
 328   -0.950000000   -0.182613300    0.742501800
 329   -0.950000000   -0.808895000   -0.303544600
 330   20.217190000    1.729430000   -0.711885000
 331   -0.950000000   -1.165304000   -0.020850800
 332   -0.950000000   -0.616648300   -0.839642500
 333    6.602286000    0.685631300   -0.673673300
 334   -0.950000000   -0.000018932   -0.018972980
 335   -0.950000000   -1.007937000    0.334603300
 336   -0.950000000   -1.185915000   -1.772413000
 337   -0.950000000   -0.085258300    0.989905100
 338   -0.950000000   -0.730247000   -0.415817500
 339   10.898090000    1.937839000    0.919139000
 340   -0.950000000   -1.292778000   -1.161350000
 341   -0.950000000    0.280944800    0.707848300
 342   -0.950000000   -0.804855800   -0.285735900
 343   -0.950000000   -0.368067100    0.028489850
 344    6.599213000    0.812801400   -0.547078900
 345   11.005300000    1.348393000   -0.360949400
 346   -0.950000000   -0.892576100    0.420463400
 347   -0.950000000    0.204180100    1.092573000
 348    0.660440400   -0.089875440   -0.770854200
 349   -0.950000000   -0.873283500    0.156644000
 350   -0.519919300   -0.197430000   -1.270782000
 351   -0.950000000   -0.410256500    0.450776300
 352   -0.950000000   -1.372893000    1.319106000
 353   12.944830000    1.518323000    1.263908000
 354   -0.950000000   -1.195925000   -1.598498000
 355    6.652835000    0.335764000   -0.994835700
 356   -0.950000000   -0.199326700   -0.363822300
 357   -0.950000000   -1.228616000   -1.190832000
 358   20.777230000    1.658346000    0.401548000
 359    6.477251000    0.648963800   -0.152410600
 360   -0.216475900    0.013172530   -0.583367400
 361    0.170013900   -0.145072800   -0.331234100
 362    1.783688000    0.512830300   -0.051566480
 363    8.401599000    0.776944700   -0.167151900
 364    1.100478000    0.326301800    0.186759400
 365   -0.950000000   -1.701890000    0.411292900
 366   -0.950000000   -1.914358000    0.149501400
 367    6.710134000    0.474700200   -1.146269000
 368   -0.950000000   -0.832177600    0.756896400
 369   10.330850000    0.884031200   -1.359352000
 370   -0.950000000   -0.369618600   -0.645064100
 371    1.334320000    0.481344000   -0.230770800
 372    4.199041000    1.093966000    1.290398000
 373   -0.950000000   -0.801664700    0.532740600
 374   -0.950000000   -0.362078200    0.082181510
 375    5.968121000    0.457784500   -0.395211300
 376   -0.950000000   -1.332869000   -0.044162210
 377    7.998001000    0.749148500   -0.507551400
 378    9.950729000    0.156580100   -1.962320000
 379   -0.950000000   -1.041973000    0.092773190
 380    9.533181000    0.865736400   -0.139393600
 381    2.310336000    0.318109400   -0.304362400
 382   -0.950000000   -0.243932900   -0.581519200
 383   11.599450000    0.793825700   -1.379866000
 384    5.256148000    0.677987600   -0.095534370
 385    2.569267000    0.226208500   -0.265491200
 386   -0.950000000   -1.455882000   -0.681799400
 387    2.272869000    0.379700400    0.144832700
 388    6.370395000    0.762027600    0.558421700
 389    6.524239000    0.921051600    0.857081100
 390   -0.950000000   -0.287296900   -0.369934900
 391    5.977687000    0.009193563   -1.536736000
 392    1.138981000    0.099252160    1.214455000
 393   18.877170000    1.531870000   -0.138617400
 394    7.978917000    1.178368000    1.903255000
 395    1.793699000    0.024069250   -0.967351100
 396   13.010310000    1.798859000    0.192501500
 397    7.314317000    0.836353800   -0.809178800
 398   -0.950000000   -1.491682000   -0.397812300
 399    1.901777000    0.462327300    1.030715000
 400    4.636695000    0.151655600   -1.763690000
 401    5.999779000    0.513671800   -0.210720100
 402    7.539199000    0.582809000   -0.177906600
 403   -0.793053900   -0.050215540    0.253807400
 404    0.920726300   -0.165730400   -1.385136000
 405   -0.950000000   -0.732598900    0.188190900
 406    2.041261000    0.213097900    0.033894460
 407   19.338680000    1.625225000   -0.690720700
 408   -0.950000000   -0.542794800    1.062148000
 409    5.281324000    0.537913200    1.028403000
 410   -0.950000000   -0.213363100    1.213455000
 411   -0.950000000   -1.695464000   -1.111691000
 412   -0.950000000   -0.582594200   -0.579842800
 413   -0.950000000   -1.433651000    0.082925450
 414   -0.950000000   -0.120464400    0.372641500
 415    7.021393000    0.976315700    1.651030000
 416    4.065663000    0.193323700   -0.393874800
 417   -0.950000000   -1.532523000    0.318465500
 418   -0.950000000   -1.903506000    1.105999000
 419    3.170553000    0.376842100    0.987264400
 420   -0.950000000   -0.267863200    0.056156230
 421   13.689210000    0.802530600    0.277863600
 422   16.467510000    1.450464000    0.355701200
 423   -0.950000000   -1.088898000    0.413842400
 424   18.835350000    1.224252000    0.667614400
 425    7.365552000    0.247170600    0.214796700
 426   -0.950000000   -0.668441700    1.547629000
 427    4.841788000   -0.111842500   -0.624081500
 428    6.384201000    0.403494700    0.212056300
 429    9.398596000    1.117108000    1.572048000
 430    3.650685000   -0.388227000   -0.012486850
 431   30.498700000    1.948362000    0.351814200
 432    8.610123000    0.121412900   -0.514887400
 433   -0.950000000   -0.953289100   -0.106325300
 434   -0.950000000   -0.690212900    1.279011000
 435   16.737190000    1.184645000   -0.195857100
 436   -0.950000000   -0.883297300    0.122830600
 437    1.482897000    0.268135500    0.860182600
 438    2.234620000    0.300236300   -0.107703400
 439   -0.562096400    0.222153100    1.290660000
 440   -0.950000000   -1.978593000    1.012999000
 441    5.036861000    0.760087300   -0.095947980
 442   -0.950000000   -1.982609000   -0.069246470
 443    7.897495000    1.253648000    1.182334000
 444   -0.950000000   -0.379100200   -1.395670000
 445    0.424312200    0.036231470   -0.002026971
 446    0.409688300    0.183473900    0.008183286
 447   -0.950000000   -0.263720800    0.199979600
 448   -0.950000000   -0.717808400   -1.445428000
 449   -0.950000000   -0.221796700   -0.502102400
 450   -0.950000000   -0.582891400    0.107714100
 451   -0.950000000   -0.836867600    0.535424700
 452   -0.950000000   -0.069307400    0.692359900
 453   -0.950000000   -0.692647600    0.905991200
 454   15.688040000    1.398251000   -1.281043000
 455    3.397906000    0.095018100   -1.103207000
 456    5.019905000    0.643899000    0.880385400
 457    4.280368000    0.857141700   -0.042743650
 458   11.903730000    0.685436300   -1.949716000
 459    3.219622000    0.186878600   -1.259708000
 460   -0.950000000   -0.737408400   -0.665173000
 461    1.055330000    0.312200900    0.400902900
 462   -0.863212100    0.010206910    0.205304700
 463   -0.950000000   -1.115702000   -1.574255000
 464   -0.950000000    0.288456800    1.268248000
 465    1.825934000    0.151613500    0.450813100
 466   -0.950000000   -1.796522000    0.471388000
 467   -0.950000000   -0.171834400    1.297913000
 468    1.169297000    0.754629000    1.987790000
 469   -0.950000000   -0.989457200    0.379714700
 470   -0.950000000    0.102132900   -0.519330000
 471   -0.950000000   -1.459041000   -0.821574200
 472   -0.950000000   -0.784179700    0.361855100
 473   -0.950000000   -1.831741000    1.690113000
 474   -0.950000000   -0.154444700    0.084417520
 475   -0.950000000   -0.416550800    0.112490300
 476   -0.950000000   -0.719255200   -0.137337100
 477    3.340717000    0.522275600   -0.102676300
 478   -0.950000000    0.785507000    1.280393000
 479   -0.950000000   -0.705615800   -1.666505000
 480    3.011249000    0.620578700   -0.526969600
 481   -0.950000000   -0.193820900    0.649386500
 482   -0.950000000   -1.060817000    1.283577000
 483   -0.950000000   -0.666692700    0.206551000
 484   -0.950000000   -0.613321700   -0.989039200
 485    3.777240000    0.604613300   -0.341100600
 486    2.378040000    0.370824400   -0.297284400
 487   -0.950000000   -1.533036000    0.430064300
 488   -0.950000000   -1.767029000    0.991330000
 489   10.665070000    1.121384000    0.307177400
 490   -0.950000000    0.092146110    0.898985000
 491   13.639560000    1.140419000   -0.890628100
 492   -0.950000000   -1.714678000   -0.626291000
 493   -0.950000000   -0.580757800    1.486002000
 494   -0.950000000   -0.949638400   -0.838213100
 495   -0.950000000    0.027622710   -0.129880500
 496   -0.950000000   -0.455019200   -1.019137000
 497   -0.950000000   -0.544282400    0.617044500
 498    6.278739000    0.703366900    0.270902900
 499    5.896387000    0.087992250   -1.943247000
 500   -0.950000000   -1.109819000    0.286270200
 501    6.642941000    1.397793000    1.171725000
 502    9.411188000    0.477276900   -1.710482000
 503    0.809086300    0.177925300    0.553798000
 504   12.260110000    1.425294000   -0.447672700
 505    1.169380000   -0.122251500   -0.513211500
 506   17.500740000    1.378065000   -0.842037500
 507   -0.950000000   -0.628464100   -1.225436000
 508   -0.874622900   -0.096853130    0.766354900
 509   -0.950000000   -1.116618000    0.369191300
 510   15.407890000    1.473467000    0.943396000
 511    7.873556000    0.558597500   -0.130705400
 512    7.780261000    0.693048800    0.078786520
 513   16.575640000    0.901770700   -1.978980000
 514   11.549460000    0.813399700   -1.752342000
 515   -0.931121300   -0.237837200   -0.951712700
 516   10.278330000    1.156206000    0.179950500
 517    2.752169000    0.432407600    0.001583748
 518   11.109950000    0.845205400   -0.444859000
 519   -0.950000000   -0.323454200   -0.798318900
 520   10.718110000    0.776461300   -0.760692600
 521   -0.950000000   -1.843271000   -0.050314990
 522    5.797086000    0.554619000    1.327902000
 523    2.950552000    0.354846600    0.400244900
 524    9.258470000    0.542075800   -1.295938000
 525    6.778692000    0.520346000   -0.524751300
 526    5.539953000    0.221842200   -0.905545000
 527   -0.950000000   -1.403823000   -0.205745400
 528    8.260625000    0.952046600   -0.756528600
 529   -0.950000000   -0.567669100    0.885789300
 530    7.387194000    0.722485900   -0.914340200
 531   20.250960000    1.726877000    0.433945200
 532    0.166453400    0.062806020   -0.413794000
 533   -0.950000000   -0.512044300   -1.241631000
 534    2.143447000    0.379480700    0.065120960
 535   10.017980000    0.481557700   -1.065484000
 536   -0.950000000   -0.452077300   -1.349594000
 537   -0.950000000   -0.670229300   -0.605761000
 538   -0.950000000   -1.526881000    1.366083000
 539   16.693250000    1.298957000    0.241799900
 540   20.251400000    1.999985000    1.723347000
 541    0.383709100   -0.308221700   -0.953345100
 542   17.558550000    1.410831000   -0.938353200
 543   -0.950000000   -0.412371800    0.238452800
 544    8.845763000    0.314463500   -1.143251000
 545   19.558640000    1.929493000   -0.370378600
 546    2.353317000    0.045517320    0.052330460
 547    9.447809000    1.060397000    0.599900200
 548   -0.950000000   -1.555477000    1.710141000
 549   -0.950000000   -1.647343000   -1.737593000
 550    5.604391000    0.606608300    0.346303400
 551    1.215753000   -0.143527500   -0.719137900
 552    6.948620000    0.412124200   -0.253256500
 553   12.911630000    1.634912000    1.055770000
 554   -0.950000000   -1.038214000   -0.797782400
 555   14.917990000    1.206113000   -0.355929600
 556   -0.950000000   -0.722334100    0.231610700
 557   -0.950000000   -0.740604000   -0.368920800
 558    0.577127100   -0.015474840   -1.112922000
 559   -0.950000000   -0.101023900   -0.796406300
 560   -0.950000000   -0.566737600    1.748204000
 561   -0.950000000   -0.042800140    0.627350200
 562    9.757605000    1.151452000   -0.808146100
 563   -0.875887000   -0.162512300   -1.133940000
 564   -0.950000000   -1.285658000   -0.436915000
 565   -0.950000000   -0.663904200    0.705202900
 566    6.179172000    0.562915500    0.069776280
 567   -0.950000000   -0.231257800    0.356195200
 568   15.484250000    1.605041000   -0.329852800
 569   -0.950000000   -1.216721000   -0.683721500
 570   -0.950000000    0.112803800    0.364482900
 571   -0.950000000   -1.052656000   -0.251743200
 572   -0.950000000   -0.606823200    0.046152560
 573   -0.950000000   -0.899481300   -0.764243400
 574   -0.950000000   -0.573576900    1.139073000
 575   -0.950000000   -0.703866100   -0.160449100
 576    6.841556000    0.932211500   -1.465952000
 577   -0.950000000    0.613898200    0.786825900
 578   -0.950000000   -0.877212500   -0.277071400
 579   -0.950000000   -0.738249500   -0.625769100
 580   -0.950000000   -1.578963000    1.935148000
 581   -0.950000000   -0.522901000   -1.269235000
 582   -0.950000000   -0.469511100   -1.052404000
 583   -0.510865300    0.336251000   -0.097552240
 584   -0.950000000   -0.006785911   -0.926231400
 585   -0.950000000    0.098046060    1.993262000
 586   -0.950000000   -1.221938000    0.591139900
 587    6.173316000    0.269331800    0.178894600
 588   -0.950000000   -1.692647000   -0.631495200
 589    2.523420000    0.059638930    1.241065000
 590   -0.950000000   -0.824883700    0.638503300
 591    2.138284000    0.464909700    0.488974900
 592   -0.950000000   -0.215348100    0.120529200
 593    0.600394700   -0.207615600   -0.624818700
 594   -0.950000000    0.012925600    0.908821100
 595   14.106670000    1.061215000   -0.722923800
 596   11.921300000    0.981542700   -0.285125000
 597    2.165154000    0.164147400   -0.130590100
 598   13.542780000    1.811314000    0.852665900
 599   -0.950000000   -1.806768000    0.894590000
 600   14.761510000    1.521431000   -1.734451000
 601    3.997733000    0.622915400    0.020710550
 602   10.498840000    1.139935000    0.222804300
 603   -0.950000000   -0.293120800    1.057780000
 604    4.817149000    0.414670500   -1.380964000
 605   -0.950000000   -0.042181600   -0.776933800
 606   -0.950000000   -0.663046300    0.965360600
 607   11.608440000    1.200617000    0.652617700
 608   -0.950000000   -0.824933500   -0.422117300
 609    3.877900000    0.484531100    0.166045200
 610   -0.950000000   -0.295727700   -0.344938200
 611   -0.950000000   -1.194056000   -1.315619000
 612   -0.950000000   -0.563390400    0.983095400
 613   -0.950000000   -0.105217100    0.587304700
 614   -0.950000000   -0.356883500   -0.339096100
 615   -0.950000000   -0.512495300    0.288918600
 616   12.052130000    1.472614000    0.505094600
 617   11.594820000    1.388504000    0.653028900
 618    5.675860000    0.710232300   -1.672510000
 619   -0.950000000   -0.313773500   -0.886556100
 620   -0.950000000   -1.528644000   -1.314745000
 621   13.819070000    1.210528000    0.605661400
 622   -0.950000000   -0.648819900   -0.754014100
 623   -0.950000000   -1.005341000   -1.299488000
 624    0.849950900    0.005914129   -1.354625000
 625   -0.950000000   -1.213137000   -0.435284500
 626    0.602552100   -0.064600930   -1.398903000
 627   -0.069611340    0.541754300    0.950323900
 628   -0.950000000   -1.411816000   -0.229815500
 629   12.174590000    1.149585000    1.102892000
 630    0.123748900    0.762498000    0.675787100
 631    0.058411480   -0.127124500    0.767049300
 632   -0.950000000   -0.910471900   -0.372161800
 633   -0.950000000   -0.296212600    0.781333900
 634    9.769174000    1.198084000    0.692596100
 635   -0.950000000   -0.769495100   -0.737890000
 636    6.750234000    0.598026100    0.458999600
 637   22.947570000    1.515871000    0.523457100
 638   10.060550000    0.879622000    0.250508400
 639   -0.950000000   -0.083745870    0.777946900
 640   -0.950000000   -1.097178000   -1.425120000
 641    8.906744000    0.728649900    0.166721000
 642   -0.950000000   -0.850441000    1.765065000
 643   -0.950000000   -0.806194900   -0.060876450
 644   -0.950000000   -0.193030700    0.530534000
 645   -0.950000000   -0.924856900   -0.841612300
 646   -0.950000000   -1.781789000    0.922402700
 647   -0.950000000   -0.638026800   -0.244865500
 648   -0.950000000   -1.310449000   -0.670313800
 649    1.978911000    0.186580700   -0.888182600
 650   -0.950000000   -1.157064000   -0.815728800
 651   -0.950000000   -0.360632800   -0.652911000
 652    1.197197000    0.450788400    0.571421200
 653   -0.950000000   -0.611408500   -0.589457000
 654    2.355465000    0.541494500    0.049070880
 655    2.930871000    0.453931700   -0.067053090
 656   -0.950000000   -0.923982800    0.767345500
 657   10.801790000    1.035745000    0.614285200
 658   -0.950000000    0.086371880    1.798470000
 659   -0.950000000   -0.276100700   -0.513163800
 660   -0.950000000   -0.350905500    0.435159000
 661    3.315933000    0.014439590   -0.700435400
 662   -0.950000000   -0.616728700   -0.815903300
 663   19.388880000    1.674133000   -0.775355600
 664   -0.950000000   -0.788089700    0.622187700
 665   -0.950000000   -0.045701850    1.095471000
 666   -0.950000000   -1.460735000    0.373954100
 667   18.228460000    1.999351000   -0.141837200
 668    1.013600000   -0.093942020   -0.504010300
 669    2.694993000    0.395356700    0.903656000
 670    2.935237000    0.174543900   -0.234316200
 671   14.515940000    1.364693000    0.135204000
 672    2.067663000   -0.407195900   -1.513878000
 673   13.866500000    1.405530000    0.900807100
 674    6.561704000    0.758424300    0.891173000
 675   13.612120000    0.860277300   -1.430973000
 676   -0.950000000   -0.206625800    1.380355000
 677   12.365070000    0.675823300   -0.352267500
 678    9.783484000    0.432319100    1.355012000
 679    4.228484000    0.319378300    0.725081400
 680   18.964610000    1.448261000   -1.350240000
 681   -0.950000000   -1.430589000    1.106533000
 682    5.656840000   -0.000043577    0.029324280
 683   -0.950000000   -0.782009300    1.660040000
 684   -0.950000000   -0.776139600    0.950493600
 685    5.301331000    0.120186200   -0.705953100
 686    1.504903000   -0.179689800    1.040886000
 687   -0.950000000   -1.248414000   -0.884993500
 688    8.565798000    0.442027200    0.367036600
 689   12.509160000    0.916634300    1.057819000
 690   17.767550000    1.692884000   -0.348004600
 691    3.461359000    0.216453100    0.707191800
 692   20.862750000    1.469894000   -0.552796100
 693    0.439538900   -0.331216300    0.510658200
 694   -0.950000000   -0.460474600    1.266788000
 695   11.458640000    0.409285700    0.929867900
 696    5.500545000   -0.158610700   -1.123388000
 697   16.060050000    1.034394000    0.562993100
 698   17.126310000    1.192103000   -0.253837400
 699   -0.950000000   -1.392838000    0.866428900
 700    2.339800000    0.251288700    1.353475000
 701   24.083960000    1.534372000   -1.301573000
 702    4.284407000    0.163122100    0.433808700
 703   18.789340000    1.578237000    0.092713460
 704    4.232117000   -0.049513040   -0.260634300
 705    5.430757000    0.358025500    0.604230200
 706    0.973746800    0.094256690    0.281861300
 707   13.679190000    1.533679000   -0.505026600
 708   -0.950000000   -0.742457700   -0.806305500
 709   -0.950000000   -1.033219000    0.127352100
 710   14.692820000    1.065628000    0.346243300
 711    1.998154000   -0.325814700   -1.462207000
 712    8.517346000    0.454157700   -0.678093300
 713   -0.950000000   -0.695119400   -0.937930300
 714    9.441643000    0.813045500   -0.239426400
 715   -0.950000000   -0.336044900    0.591945400
 716    0.721994200    0.577833800    1.497244000
 717   20.023340000    1.734456000    0.614752900
 718    5.590789000    0.493208800    0.025079070
 719    8.312277000    0.700391200   -0.010042880
 720   -0.950000000   -0.410617200   -0.649661800
 721    1.823522000    0.203374800    0.469166900
 722   -0.950000000   -0.983429800   -1.559321000
 723   -0.950000000    0.181341800    0.640114200
 724   -0.950000000   -0.178198700   -0.104367800
 725   -0.950000000   -0.266551500    1.396185000
 726   -0.950000000   -0.282544600    0.391576100
 727    3.879340000    0.743445500    0.552464700
 728   -0.950000000   -0.698095700    0.346825000
 729   -0.950000000   -1.562496000    1.236947000
 730   -0.844839600   -0.063309020   -0.017594010
 731   -0.950000000   -1.229601000   -1.280036000
 732   -0.950000000   -0.809798500   -0.655459800
 733   -0.950000000   -0.285877800   -0.993205900
 734   -0.950000000   -0.891344900    0.873274200
 735    0.374923500    0.068637490    1.358969000
 736    1.391972000    0.625165800    0.335566800
 737   -0.950000000   -1.547311000   -1.468126000
 738   -0.836973600    0.507193600    0.565744500
 739    9.704638000    1.489927000   -0.390345900
 740    7.721752000    1.405929000    1.850975000
 741   -0.950000000   -0.099590240    0.228777000
 742   -0.950000000   -0.815311900   -0.587719900
 743   -0.950000000   -1.044504000   -0.750931500
 744   -0.950000000   -1.236023000   -0.875987300
 745   -0.950000000   -0.656826400   -0.070786580
 746   -0.950000000   -0.137793400   -1.103167000
 747   -0.696191800    0.360959600    0.799617900
 748   -0.950000000   -0.620122900   -1.846138000
 749   -0.950000000   -1.373061000   -0.827313000
 750   -0.950000000   -0.600236100    1.427729000
 751   -0.950000000   -0.979521400    1.672884000
 752   -0.950000000   -0.490712800   -0.266535900
 753   -0.950000000   -0.519596800   -1.047748000
 754   -0.950000000   -0.398820700    1.121626000
 755   -0.950000000   -0.357839800   -1.276184000
 756    2.410878000    0.268108400   -0.618762800
 757    6.774244000    0.826539900   -0.386877200
 758   -0.950000000    0.036219100    0.551054500
 759   11.342330000    0.845616200   -1.584874000
 760   -0.950000000   -0.881071800   -0.782136300
 761   -0.950000000   -0.424958800    0.966232300
 762   -0.950000000   -1.036425000    0.214678800
 763    9.749395000    1.461608000   -1.707356000
 764   -0.950000000   -0.760665400   -1.423529000
 765   -0.950000000   -1.172301000   -0.290445900
 766   -0.950000000    0.219440900    0.922346400
 767   -0.950000000   -0.725754000    0.600822900
 768   -0.950000000   -1.499001000    0.410021800
 769    1.277769000    0.407181600   -0.322817200
 770   -0.950000000   -0.290392800   -0.097988480
 771   -0.950000000   -0.399589700    1.103093000
 772   -0.950000000   -1.138435000    0.151987600
 773    9.573361000    1.052286000   -1.203855000
 774   -0.950000000   -0.410439200    0.829442500
 775   -0.950000000   -0.862888500    0.213812500
 776   -0.950000000   -0.225868300   -0.628638900
 777    3.991120000    0.525081400   -0.355779200
 778   -0.950000000   -0.186266200    0.343264000
 779   -0.950000000   -0.483701800   -0.470975500
 780   -0.950000000   -0.292939700   -0.445670300
 781   20.623470000    1.900546000    0.952835600
 782   -0.509270600    0.360876200    1.218801000
 783   -0.950000000   -1.367904000   -0.089099370
 784    8.099150000    0.566750000    0.580727700
 785   29.324020000    1.932567000   -1.384373000
 786   -0.950000000   -0.343451900    0.533684100
 787    1.070448000   -0.066849800   -0.227431300
 788   -0.950000000   -1.652099000    1.537360000
 789   -0.950000000   -1.040835000    0.904215800
 790   -0.950000000    0.464560600    1.842494000
 791   -0.950000000   -1.042849000   -0.414152800
 792   -0.950000000   -0.293342700    0.459155600
 793   -0.950000000   -1.666589000    0.685123000
 794   -0.950000000   -0.564229600    1.594040000
 795   -0.950000000   -0.835294800    1.393264000
 796   -0.950000000   -1.284493000    0.019008360
 797   -0.950000000   -1.130522000    0.110381200
 798   14.793710000    1.615230000   -0.431868900
 799   -0.272687700    0.148186500   -0.499494000
 800   13.450270000    1.427976000    0.397880400
 801   10.151580000    1.201194000   -0.217848400
 802    6.602628000    0.899523100   -0.324863100
 803   -0.950000000   -1.313933000    0.806138000
 804   -0.950000000   -0.329946800   -1.136543000
 805    2.728063000    0.186972400   -0.377222900
 806    3.659317000    0.496419000    0.472557100
 807    4.167958000    0.124791900   -1.666051000
 808   -0.950000000   -1.911929000    0.222032300
 809   -0.950000000   -0.788550800   -0.345324700
 810   -0.950000000   -1.125116000    1.758586000
 811    8.448174000    0.356996000   -0.651388600
 812    8.058177000   -0.005114199   -1.288482000
 813   10.849480000    0.281084100   -1.026360000
 814   -0.950000000   -0.918675800    0.811355400
 815    5.122403000   -0.087787270   -1.070962000
 816   21.336400000    1.657861000    1.184902000
 817   -0.950000000   -0.984817400    0.916244100
 818   16.283850000    1.794401000    0.999844500
 819   -0.950000000   -0.125406800    1.530982000
 820   15.698210000    1.026025000   -0.052984860
 821    3.368465000    0.065097330    0.319462000
 822    8.742276000    0.486701200   -0.170377700
 823   20.022750000    1.567006000    1.202199000
 824   13.571470000    1.868905000    0.643937500
 825   10.392370000    0.544897400   -0.449570600
 826   -0.950000000   -0.623699900   -0.298125600
 827   -0.950000000   -1.148606000    1.651771000
 828   -0.950000000   -1.075348000    0.972787200
 829   17.279130000    1.093143000   -1.757580000
 830    3.827010000    0.290124800    0.043615850
 831   -0.950000000   -0.708568700   -0.903567200
 832   -0.950000000   -0.252815300    0.904936000
 833    0.648103200    0.432041600    1.348336000
 834   -0.950000000   -1.292825000    0.479879600
 835   -0.950000000   -1.122001000    0.190377700
 836    9.655098000    1.015397000    1.777893000
 837   10.562350000    0.842635400   -0.238287400
 838    4.713794000    0.121250900    0.090129120
 839   -0.950000000   -0.614268100    1.217248000
 840    9.736882000    1.654164000    1.416381000
 841    6.034486000    0.470203800    1.511235000
 842   13.106100000    0.903259100    0.787530400
 843    1.768540000   -0.577915400   -1.623844000
 844    1.649537000   -0.187319600    0.353330500
 845    4.187708000   -0.244259400    1.635111000
 846   13.724400000    0.970811900    0.316016300
 847   -0.950000000   -1.631951000    0.114448300
 848    2.517024000   -0.142497200    0.979914100
 849   16.057980000    1.415133000    0.856207200
 850   -0.950000000   -0.656299800    0.557456200
 851   -0.950000000   -0.364936600    1.421435000
 852   15.920970000    1.076403000    1.536851000
 853    8.360690000    0.774571600    1.640152000
 854    1.146600000   -0.223867200    1.172018000
 855   17.872590000    1.121885000   -1.218638000
 856   -0.101075100   -0.072377100   -1.112583000
 857   10.367710000    0.830772000   -0.409063000
 858    8.499694000    0.915869600   -0.191748600
 859    5.067243000    0.083504600   -1.832317000
 860    1.208139000    0.146286900   -1.110705000
 861   20.202780000    1.539139000    1.606047000
 862   15.301430000    1.069535000    1.007015000
 863    3.794824000    0.383376100   -0.594491200
 864   -0.950000000   -0.384007800   -0.087951450
 865    4.507925000    0.116277700   -1.321488000
 866    6.094433000    0.748189500    0.845746000
 867    8.288471000    0.711723200   -0.262946900
 868   -0.950000000   -1.033410000   -0.247765100
 869   10.282090000    0.810325900   -1.286101000
 870   -0.950000000   -1.288861000   -1.410672000
 871   -0.950000000   -0.223344800    0.322285800
 872   23.738360000    1.591303000    0.931357100
 873   13.217130000    0.896655600   -0.114930300
 874   -0.950000000   -0.553447400    0.115569600
 875    5.109585000    0.324606100    0.319039000
 876   10.679110000    0.939612100   -0.179028700
 877    6.704222000    0.335632100    1.323192000
 878   12.889020000    0.905075000   -0.896383900
 879   -0.950000000   -0.299928100   -0.617914400
 880   -0.950000000   -0.664312700   -0.718953900
 881   20.861850000    1.748828000    0.957135800
 882   -0.950000000   -1.711333000    1.408237000
 883    9.316077000    1.163492000    1.046185000
 884   -0.671037900   -0.448203100   -0.533433700
 885    5.696842000    0.198369000   -1.024229000
 886   11.660440000    1.021049000   -0.556427100
 887   -0.748577800   -0.392374500   -1.088479000
 888   16.969610000    1.125499000    1.080839000
 889   -0.950000000   -1.406525000    0.868559200
 890    2.314162000   -0.055948590   -0.674938000
 891    1.999463000    0.368168400    1.045303000
 892   -0.950000000   -0.669587400   -0.018911090
 893   11.259900000    1.055848000    0.321878600
 894    1.887108000   -0.173483600   -0.762124000
 895   -0.950000000   -1.659089000    0.329008000
 896    9.314217000    0.800464100    0.013381380
 897    6.983221000    0.301245100    0.416370000
 898   -0.950000000   -0.699875300   -0.539771600
 899    4.124316000    0.099151110    1.013481000
 900   21.734210000    1.507623000    0.462568900
 901    4.765163000    0.132964600    0.270263200
 902   20.222940000    1.133010000   -1.651428000
 903    1.242402000    0.023165570    0.385287500
 904   21.686620000    1.788706000   -0.075229150
 905   17.835990000    1.478253000   -0.477000900
 906   16.430270000    1.128122000   -0.902043500
 907   -0.950000000   -0.474575200    1.974736000
 908   11.515990000    0.699658500    1.041473000
 909    3.952250000   -0.045013090   -0.618651100
 910    2.917056000   -0.052670490   -0.107697700
 911   -0.950000000   -0.670823300    0.236817000
 912    2.438043000   -0.282397800   -1.248636000
 913   -0.950000000   -1.073546000   -1.189940000
 914   -0.950000000   -0.553132200    0.713831600
 915    9.429951000    0.568504900   -0.356186100
 916    6.320734000    0.814124200    1.263475000
 917   -0.950000000   -1.407678000   -1.122435000
 918   -0.950000000   -0.586782700   -0.493048600
 919    2.141041000   -0.191009200   -1.166648000
 920   -0.950000000   -0.390486300    1.704489000
 921   -0.950000000   -1.525846000    0.139305100
 922   14.745240000    1.143694000   -0.313489700
 923   18.066670000    1.446914000    0.165347900
 924   -0.950000000   -0.432689900    0.221498800
 925   -0.950000000   -0.678601900   -0.042965010
 926   -0.950000000   -0.230813000    1.933015000
 927   -0.950000000   -0.124216300    0.771474100
 928   -0.950000000   -1.353931000    0.754641300
 929    8.022655000    0.559922000   -0.326318800
 930    3.877753000    0.509254200    0.830255500
 931   -0.950000000   -1.563072000   -0.202673700
 932   15.095470000    1.274865000   -0.155865500
 933   -0.950000000   -0.526236800    0.766969500
 934   -0.950000000   -1.280629000   -0.952840700
 935   -0.950000000   -0.331205200    0.446559100
 936   -0.950000000   -0.764000700    1.242509000
 937   -0.950000000   -0.187594000    1.725929000
 938    7.132833000    0.641224900   -1.301396000
 939   -0.950000000   -0.418241700   -0.054431790
 940   -0.950000000   -0.612292700    0.775276700
 941   10.206130000    1.069533000    0.455037100
 942    8.927122000    1.305544000    0.604668600
 943    5.681026000    0.542415000    0.868910800
 944   -0.950000000   -0.615456900   -0.655491700
 945    7.172744000    0.693334800    0.574810600
 946    7.618450000    0.512099100   -0.653749900
 947    1.433320000   -0.296763200   -1.848213000
 948   -0.950000000   -0.330376700    0.835105900
 949    0.634891400    0.059388270   -0.278852600
 950   -0.950000000   -0.668463900   -0.917832300
 951   -0.950000000   -0.313158300    1.634422000
 952    3.985387000    0.259233300   -0.626038700
 953   -0.950000000   -0.112148200   -0.308276300
 954   -0.950000000   -1.032859000    0.144731400
 955    0.963299000    0.981370600    0.822337500
 956   -0.950000000   -0.240384400   -0.060424590
 957    6.770744000    0.779417000    0.733486300
 958    9.973069000    0.770300900   -1.727046000
 959    2.445419000    0.434473100   -0.205858400
 960   -0.950000000   -0.973001500    0.008829111
 961   -0.950000000   -1.068846000    0.036295880
 962    0.431999700    0.215493900    0.235973800
 963   -0.950000000   -0.055634800   -0.049920070
 964   -0.950000000   -0.135962700   -0.419148500
 965    3.785293000    0.682503300   -0.113623400
 966    1.109782000    0.373369300   -1.100243000
 967   -0.950000000   -0.844272400   -0.532402800
 968   -0.950000000   -1.803963000    0.258765300
 969   -0.950000000    0.127259900    1.013294000
 970   -0.950000000   -0.611898000    0.063888510
 971   -0.950000000   -0.734666800    1.145598000
 972   -0.950000000   -0.671554700   -0.007328958
 973   -0.950000000   -1.132589000    1.498228000
 974   -0.950000000   -0.208297100    0.947292600
 975   -0.950000000   -0.222384600    0.165917500
 976   -0.950000000   -1.619837000   -1.008045000
 977    0.284813200    0.146280800    0.713358200
 978   -0.950000000   -0.266930900    0.155494300
 979    1.670400000    0.079254370    0.198570400
 980    2.052148000    0.259116400   -0.140522900
 981    1.147085000   -0.065205840   -1.118397000
 982   -0.950000000    0.221321500    1.195867000
 983   16.427110000    1.430603000   -1.124577000
 984   -0.950000000   -0.222525700   -0.181753300
 985   -0.950000000   -0.550702300   -0.352677700
 986    3.017813000   -0.184463100   -1.550024000
 987    3.324934000    0.235425700    1.514904000
 988   -0.950000000   -0.630909100    0.662153400
 989   14.256380000    1.120413000   -0.174682400
 990    5.968937000    0.411381000    1.164420000
 991   11.876170000    1.208969000    0.923695500
 992   -0.834521100   -0.128275100    0.368392700
 993   -0.950000000   -0.420936400    0.556110200
 994   11.104610000    0.796491600   -1.291565000
 995   -0.950000000   -1.977789000    0.686621500
 996    0.211284000   -0.220842900   -0.323353500
 997   16.994750000    1.318001000    0.102094400
 998   -0.950000000   -1.544328000    0.159413400
 999    7.891920000    0.444803200   -0.112840300
1000   -0.510411200   -0.366670500   -1.042211000
1001    1.282369000    0.381166900    1.873969000
1002   -0.950000000   -1.246465000    0.318729800
1003   -0.950000000   -1.207887000   -0.682698400
1004   22.739520000    1.764112000    0.590544500
1005   -0.950000000   -0.185936400    0.756788000
1006    3.180831000    0.294777100   -1.194670000
1007   -0.950000000   -1.235471000   -0.370992100
1008   -0.950000000   -1.167735000   -0.586176700
1009   -0.950000000   -1.253239000   -0.176968300
1010    8.446844000    0.938239500   -0.542174500
1011   -0.950000000   -0.111209700   -0.358588400
1012   -0.950000000    0.303268100    1.110983000
1013    4.536275000    0.499956800   -1.076631000
1014   13.133540000    1.671546000   -0.116624500
1015   -0.950000000    0.216110600    1.128840000
1016   -0.950000000   -1.788191000   -0.353236300
1017   -0.723949400   -0.199643100   -1.643141000
1018    2.820591000    0.420861100   -0.895906900
1019   14.144720000    1.357945000   -1.071574000
1020   -0.950000000   -0.395851000   -0.704379600
1021    9.803813000    0.954169000    0.118147700
1022    7.274101000    0.585985200    0.879094600
1023   -0.950000000   -0.830868400    0.119188300
1024   17.214790000    1.717502000   -0.709460000
1025    3.199110000   -0.088885320    0.205185100
1026    8.586130000    0.415871500   -0.636225800
1027    8.562619000    0.768930600    0.634229400
1028    0.043470900   -0.408703000   -1.379441000
1029   12.683520000    1.033668000    1.555842000
1030   14.806780000    1.583287000    0.124012700
1031    8.312835000   -0.200589600   -1.977475000
1032   -0.950000000   -0.991367400   -0.026155790
1033   -0.950000000   -0.847354800    1.554881000
1034    0.168511600   -0.274705100   -0.156207200
1035    5.531922000    0.378127500    0.408563900
1036   -0.950000000   -0.730417000   -0.834834300
1037   -0.950000000   -0.195129300    1.590562000
1038    1.009234000   -0.275865100   -1.923627000
1039    8.128334000    0.827775000    0.378593500
1040    6.902468000    0.726695300   -0.088370260
1041   -0.950000000   -0.510031500    0.545575500
1042    9.697126000    0.754011500   -0.639371200
1043    9.499937000    1.431219000    1.159673000
1044   -0.950000000   -0.565693200   -0.031710460
1045    5.447373000    0.219913400   -1.110834000
1046    3.492191000    0.797331900    0.770755800
1047   11.557050000    1.142189000   -0.490101900
1048    1.662199000    0.401092100    0.192547600
1049   -0.950000000   -0.959300900   -0.588838200
1050    3.903947000    0.262707800   -1.356719000
1051   -0.950000000   -0.655696200    1.176719000
1052   -0.950000000   -1.513466000    0.838715900
1053   -0.950000000    0.183305400   -0.021267100
1054   -0.950000000   -1.014854000   -0.802323900
1055   -0.950000000   -0.808915200    0.233100500
1056   -0.950000000   -1.046826000   -0.637164400
1057   -0.950000000    0.690310500    1.045974000
1058   -0.950000000   -1.165246000   -0.466817200
1059   -0.950000000   -0.801331300   -1.528502000
1060   -0.950000000   -1.080755000   -0.911929000
1061   -0.950000000   -0.934609300   -0.133589100
1062   -0.950000000   -1.103986000    0.881671800
1063   -0.950000000    0.050368160   -0.914456100
1064   -0.950000000   -1.266428000   -0.504489500
1065   -0.950000000   -0.831014200    0.391263500
1066   -0.950000000   -0.039251580   -1.044589000
1067    2.846232000    0.989131900    1.652978000
1068   -0.950000000   -0.625582600    0.214037800
1069   -0.950000000   -1.868363000   -0.752306300
1070   -0.950000000   -0.127355100   -0.748414600
1071   -0.950000000   -1.825834000    1.586259000
1072   -0.950000000   -0.568899600   -1.073917000
1073   -0.950000000   -0.081356920   -0.682256400
1074   14.472540000    1.222542000   -1.190776000
1075   -0.628261500    0.222820600    0.712190400
1076   15.430370000    0.962723400   -1.403734000
1077   -0.950000000   -1.772509000    0.532361200
1078   -0.950000000   -0.118459800    1.333017000
1079    1.457999000    0.658283500    0.506798200
1080    1.926665000    0.443374600    0.119563500
1081   13.334540000    1.112246000    0.774766500
1082   17.622700000    1.747333000    1.579861000
1083   11.729470000    0.947021100   -0.091753860
1084    4.352291000   -0.182928700   -0.887954300
1085   14.862420000    0.889569400   -0.535261200
1086    2.456427000   -0.135240200    0.256747200
1087    3.818736000    0.703552600    1.659714000
1088    5.260348000   -0.189809000   -0.378580800
1089    6.370788000    0.418520700    0.751279700
1090   10.735480000    0.629139400   -0.506033100
1091    3.270517000   -0.352398700   -0.601212400
1092   -0.950000000   -0.749736700    0.226851700
1093    4.790322000   -0.084153360   -0.475295700
1094    9.268267000    0.302448400    0.351415700
1095   22.171280000    1.768796000    0.653861200
1096    2.104198000    0.475444300    1.825803000
1097    6.246024000    0.183492700   -0.730708900
1098    3.343878000    0.612834900    0.405727600
1099   10.894220000    1.294092000    0.791752000
1100    4.103316000    0.322806700    0.369656200
1101   -0.950000000   -1.463064000    0.154714500
1102   -0.950000000   -0.708433500   -0.635711100
1103   -0.950000000   -1.257083000    1.171805000
1104   25.197930000    1.593874000   -1.166749000
1105   -0.372570600   -0.138117000    0.424199600
1106   10.781940000    0.549121700    0.057418250
1107   -0.950000000   -0.705882600    0.184454700
1108   -0.950000000   -0.668668800    0.552357900
1109   -0.950000000   -1.565321000    0.059231840
1110   -0.950000000   -0.539004400    1.103862000
1111    2.964014000   -0.171735300   -1.763577000
1112    4.968105000    0.339452900    0.684320500
1113   11.302860000    0.885775500    1.325170000
1114   -0.950000000   -1.508200000   -0.771371500
1115   29.873590000    1.874129000   -0.843326400
1116   -0.950000000   -0.608489200   -0.343885200
1117   -0.950000000   -0.315875900    0.929734900
1118   14.767540000    1.339128000    0.198202800
1119   -0.950000000   -1.674779000    1.228935000
1120   11.577230000    0.619099000   -0.369429500
1121   -0.950000000   -0.676316100    1.133551000
1122   18.564570000    1.339273000   -1.025756000
1123    0.943721500   -0.147546400    0.712167800
1124   13.581950000    1.210933000   -0.648608900
1125   -0.950000000   -1.194813000   -0.349902700
1126   11.437030000    0.988068500    0.088999260
1127    9.390773000    0.409038500   -1.282935000
1128   -0.950000000   -0.577160500    0.074319170
1129    2.411765000    0.344788400    0.294433800
1130   -0.950000000   -0.002830290   -0.227960200
1131   -0.950000000   -0.401121700   -0.572113200
1132    8.943365000    0.882309900    0.733317400
1133   -0.950000000   -1.048581000    0.926922000
1134   -0.950000000    0.088352760    0.854970400
1135   -0.950000000   -1.217200000    1.436553000
1136   -0.950000000    0.104161400    0.990150900
1137   -0.950000000   -0.559520400    0.539379700
1138    4.398385000    0.353170500   -0.209615600
1139    4.134144000    0.260662700   -1.030562000
1140   -0.950000000   -0.748557300    0.745250800
1141   -0.950000000   -0.373961900    1.051030000
1142    6.043343000    1.036091000    1.055312000
1143   -0.950000000   -1.705482000   -1.631958000
1144   10.715530000    0.847526300    0.378258700
1145   -0.950000000   -0.470700900   -0.181300800
1146   16.140140000    1.289838000    0.076395980
1147   -0.950000000   -1.599863000   -0.343430600
1148   -0.950000000   -0.652126100   -0.287202400
1149    7.278497000    0.863570500    0.521585800
1150   10.873890000    0.927270400    0.937192800
1151    3.954070000    0.202200200   -0.699966100
1152   -0.510573400   -0.151076600   -0.255582700
1153    3.574608000    0.419068800    0.363664000
1154   -0.950000000   -0.213979800    0.913176900
1155   16.095370000    1.283992000   -0.691048000
1156   -0.950000000   -1.738463000    1.695314000
1157   -0.950000000   -1.140143000   -0.728910400
1158    2.066160000    0.355576700   -0.283980600
1159   -0.950000000   -1.151337000    0.393639700
1160   -0.950000000   -0.989082200   -0.765351100
1161   -0.950000000   -0.219529000   -0.986701500
1162    2.030432000    0.190276300   -1.272978000
1163    2.951922000    1.133662000    0.917242700
1164   -0.950000000   -1.235883000   -1.288963000
1165   -0.950000000   -1.152658000    1.002615000
1166   19.070370000    1.475217000   -0.774658000
1167    4.352501000    0.864103800    0.122288800
1168    2.438482000    0.608406500    0.201106900
1169   -0.950000000   -0.491509100    0.476722700
1170   -0.950000000   -0.338152100    0.406538800
1171    0.093830860   -0.304432500   -1.407116000
1172    6.066513000    0.898131200    0.191125600
1173    2.354071000    0.613941900    0.494401600
1174   -0.950000000   -0.168797800    0.096582930
1175   -0.950000000   -1.684940000    0.094695970
1176   -0.950000000   -1.459589000    0.419326300
1177    0.774726800    0.083573000   -1.187953000
1178    7.545950000    0.745253100   -0.309015100
1179   -0.950000000   -0.771267300   -0.967056000
1180   11.054400000    1.025572000   -0.246536900
1181   -0.950000000   -0.290032700    0.376288300
1182    0.552627700   -0.067558560   -0.541332200
1183    6.601982000    0.669900600   -0.816607500
1184    1.746719000    0.820124100    1.608333000
1185    8.290535000    0.601691000   -1.079122000
1186    6.533295000    1.017654000   -1.486478000
1187   -0.950000000   -1.460517000    0.565025900
1188   -0.950000000    0.083266790   -0.325623000
1189   -0.950000000    0.066858780   -0.143876600
1190   -0.950000000   -0.364076800    0.210315300
1191    2.148136000    0.432302600   -1.148454000
1192   -0.950000000   -0.929295600   -0.295735500
1193   -0.950000000   -1.284716000    0.325860100
1194    3.949477000    0.593497900   -0.788724800
1195   -0.950000000   -1.160274000   -0.553175600
1196    0.571535600    0.669032300    0.076593420
1197   -0.950000000    0.057379620   -0.235863500
1198   -0.950000000   -1.146804000   -1.378330000
1199    2.455920000    0.720540200   -0.591335400
1200   -0.950000000   -0.235210400   -1.823008000
1201   -0.950000000   -0.782022600    1.290545000
1202   -0.950000000   -1.378941000   -0.969393800
1203    7.865963000    1.590355000    1.887168000
1204   10.431300000    1.442750000    0.668372000
1205   -0.950000000   -1.100281000    0.287807300
1206   -0.950000000   -1.169561000   -0.928974300
1207   -0.950000000   -0.809018500    0.554297500
1208   -0.950000000   -0.420720900    0.279895600
1209   -0.950000000   -0.858042000   -0.239076300
1210    0.111199800   -0.036478360    0.206622800
1211   -0.950000000   -1.563999000    0.071414880
1212    1.400625000    0.056241070   -0.529623100
1213   -0.950000000   -0.505218000    0.198526700
1214    6.387460000    0.503583900   -0.607367100
1215   -0.950000000   -1.698408000    0.096058280
1216   -0.950000000   -0.830049200    1.113071000
1217   12.660620000    0.941015600    0.696514000
1218   20.583870000    1.594172000    0.213532400
1219   -0.950000000   -1.423305000    1.247343000
1220   22.737240000    1.140497000    0.742812900
1221   24.354940000    1.543894000    0.574957300
1222   23.162950000    1.406489000   -0.916794500
1223   -0.950000000   -1.032690000   -1.972735000
1224    4.324792000   -0.323023600   -0.535616100
1225    3.311566000    0.174671400    1.492974000
1226   19.242020000    1.206797000    0.045045500
1227   -0.950000000   -1.358503000    1.456576000
1228    0.590451300   -0.303825900    0.113055900
1229    0.897177500    0.025917840    1.452785000
1230   -0.950000000   -1.296860000    0.710629000
1231   -0.950000000   -1.890129000    0.069137970
1232   -0.950000000   -0.414268100   -0.662057900
1233    8.129652000    0.479294400   -1.062193000
1234   -0.950000000   -0.388242300   -0.329786700
1235    7.615831000    0.838574000   -0.471445600
1236    3.044319000    0.988975300    0.947327300
1237   -0.950000000   -0.836627600    0.965095600
1238    2.249694000    0.106650000    0.330886700
1239   -0.950000000   -0.067745720    0.202091100
1240    7.051368000    1.046912000    0.819454100
1241   -0.950000000   -1.021580000   -0.355281200
1242   -0.950000000   -0.539994900    0.104313600
1243   -0.950000000   -0.700891500   -0.561999900
1244    2.189160000    0.480142000    0.081920300
1245   -0.950000000   -0.624940400    0.501740600
1246   -0.950000000    0.003264803    1.797983000
1247    3.930298000   -0.016280190    0.685905300
1248   11.209410000    1.265578000    1.007009000
1249    1.085779000   -0.148201200    0.964712300
1250    8.203713000    0.447631500    0.524791900
1251   -0.753998700   -0.468528400    0.190357700
1252    9.130569000    0.798591000    1.076314000
1253   12.226420000    0.850567800   -0.329356400
1254   -0.950000000   -0.764533100    0.628110200
1255    1.667728000   -0.229522500   -0.060891600
1256   -0.950000000   -1.061253000   -0.473325100
1257   12.739890000    0.819635200    0.320680700
1258   17.652490000    1.077270000   -0.636947900
1259   27.120490000    1.826728000   -0.368998400
1260   -0.950000000   -1.689667000   -0.223988400
1261   10.933460000    0.677877300   -0.423032600
1262   24.163600000    1.755160000    0.290131200
1263   12.234440000    0.981265000   -0.607352600
1264    9.105109000    0.395040000   -0.026397190
1265   11.044880000    1.418992000    1.141616000
1266   12.245720000    0.501792800   -0.782174200
1267   15.041620000    1.024219000   -1.090607000
1268   22.647830000    1.657221000    0.485290600
1269   -0.950000000   -0.573868700    1.314709000
1270   -0.950000000   -0.162086500    0.813330200
1271   -0.950000000   -1.277923000    0.370356100
1272    7.081952000    0.432878100   -0.548067900
1273   -0.950000000   -1.778672000   -1.491517000
1274    6.277332000    0.294411300   -0.423739000
1275   12.858250000    1.276183000    0.063959550
1276   -0.950000000   -0.901473900    1.909809000
1277   16.633220000    1.506041000   -0.038111730
1278   -0.950000000   -0.909105700   -0.937510900
1279    4.653627000    0.052871680    0.554970100
1280    2.431521000    0.158504400    0.717852700
1281   14.203160000    0.365225800   -1.627691000
1282    0.784810600   -0.580384700   -0.885092800
1283    4.308814000    0.131427500   -0.012495790
1284   15.550470000    1.798390000    0.785544100
1285    6.784033000    0.411664700    0.162597400
1286   -0.950000000   -1.117424000   -0.124940500
1287   -0.950000000   -0.717081300    1.348970000
1288   -0.950000000   -0.739228400    0.601441200
1289   14.024460000    1.015516000    0.851972000
1290   19.817960000    1.679342000   -0.235232900
1291   -0.950000000   -0.096137300    1.467986000
1292   -0.950000000   -0.650013400   -0.221302900
1293    1.218429000    0.421852700   -1.084498000
1294   12.684100000    1.359608000   -1.744764000
1295   -0.950000000    0.339406300    0.215372000
1296   -0.950000000   -0.017770010   -1.020820000
1297    0.137973800    0.410943800    0.181130500
1298   -0.950000000   -1.164436000    1.124208000
1299   -0.950000000   -1.493287000   -1.552811000
1300   -0.950000000   -1.671559000   -1.481416000
1301   -0.950000000   -0.614115600    0.669662500
1302   -0.950000000   -1.968785000    0.760587100
1303   -0.950000000   -0.360704100    0.513083700
1304   -0.950000000   -0.370480400   -0.951602200
1305   -0.950000000   -0.145287400   -0.522038900
1306   13.068040000    1.000164000   -1.992853000
1307   -0.950000000   -0.911069700    1.021389000
1308   22.256010000    1.822552000   -0.198815800
1309    2.632014000   -0.201261700   -1.246995000
1310    5.832763000    0.289059100    1.161161000
1311   26.278410000    1.206161000   -1.636779000
1312   22.127050000    1.880217000   -0.178637900
1313    8.643965000   -0.080903210   -1.894779000
1314    1.688566000    0.025327320    0.407829200
1315    3.137235000    0.431839400    1.371164000
1316    4.208308000    0.379756100    0.635066900
1317   21.799480000    1.543747000    0.557563300
1318   -0.950000000   -0.465510200   -0.012824990
1319   -0.950000000   -0.833200300    0.740998600
1320   10.414440000    0.610858200   -0.838604700
1321    2.546401000    0.202408100   -0.592665900
1322    0.055895070   -0.122596800    0.470726800
1323   -0.950000000   -0.639752300   -0.189654200
1324   -0.950000000   -0.951885900    0.139791700
1325   -0.950000000    0.075372040    1.431645000
1326   -0.950000000   -0.803896300   -0.313806800
1327   -0.950000000    0.136762300    1.712267000
1328   12.895540000    1.160948000    0.239805700
1329   -0.950000000   -1.394574000    0.098237840
1330   -0.950000000   -1.992475000    0.311127100
1331   -0.950000000   -1.443272000    0.651261700
1332   -0.950000000   -0.637382300    0.657487500
1333    1.982728000   -0.100028900   -0.655840600
1334   14.876420000    1.503161000   -0.346050500
1335    6.691128000    1.224458000    1.240869000
1336   13.334370000    1.227265000    0.299483600
1337    5.398079000    0.520171100   -0.357219300
1338    2.216151000    0.106412900   -0.635373900
1339    4.253980000    0.306610200    0.624552700
1340   -0.950000000   -0.297970400   -0.126953500
1341   12.310390000    1.283130000   -0.387362400
1342   -0.950000000   -1.412923000    0.340837400
1343   16.105090000    1.993169000   -0.207208100
1344   -0.950000000   -1.961671000   -0.448513300
1345   -0.950000000   -0.712364300   -0.037436970
1346    1.853567000    0.174147600    0.074107140
1347    9.457103000    0.844436500   -0.240839800
1348   -0.950000000    0.130409200    0.950843400
1349   -0.950000000   -0.566568000   -1.541114000
1350    4.610245000    0.406520000    0.638542800
1351    8.106918000    1.003567000    1.073244000
1352    7.345740000    0.442974300   -0.306506400
1353    1.473011000   -0.050908910   -0.578917700
1354   -0.950000000   -0.330302900    1.179974000
1355   15.163480000    1.068509000   -1.013033000
1356   -0.950000000   -0.982849000   -0.012822500
1357    4.586357000    0.502476500    0.678668900
1358    2.447050000   -0.162028000   -1.200427000
1359   -0.950000000   -0.272492000    0.728986400
1360    8.123878000    0.643933200   -0.644443100
1361   12.207420000    0.691246800   -0.786199700
1362   -0.447441700   -0.160096900   -1.296300000
1363   -0.950000000   -1.084929000   -0.571423700
1364   -0.950000000   -0.432711700    0.257059000
1365    0.367052200    0.032755240    0.651400000
1366   12.154050000    0.924091900   -1.318468000
1367   -0.950000000   -0.043958350    1.126419000
1368    5.130965000    0.367798300   -0.249226800
1369   20.643830000    1.765245000   -0.232235500
1370    9.572680000    0.344593400   -1.078390000
1371    1.624317000    0.240427600    1.348073000
1372    5.563850000    0.243737200   -0.566049500
1373   -0.950000000   -0.864192700    0.755414000
1374    4.394417000   -0.011068280    1.409508000
1375    1.659716000   -0.082243480   -0.881880600
1376   10.888010000    0.808481500    0.993057800
1377   -0.950000000   -0.712466000   -1.558894000
1378    8.147615000    0.414760900    0.260596400
1379    6.349202000    0.189421700   -1.051100000
1380    9.450797000    0.831972200    0.837933300
1381   14.295100000    1.493672000    0.881362000
1382   -0.950000000   -0.837331400    0.249983000
1383   -0.950000000   -0.984057000   -0.630868600
1384    7.210294000    0.857921600   -0.260117100
1385   -0.950000000   -0.105846200   -0.118950400
1386    0.527047000    0.170312700   -0.132688300
1387   -0.950000000   -1.272876000    0.631203600
1388    2.484209000    0.315121700    0.018659140
1389   -0.238399100   -0.015259290    0.819376400
1390    0.401199300    0.631298600    1.059200000
1391   -0.950000000   -1.763265000    0.196233000
1392   -0.950000000   -0.885044800    0.340942500
1393   -0.950000000   -0.741468700   -1.287623000
1394   10.459220000    0.684446100   -1.400196000
1395   -0.950000000   -0.199953500    1.451311000
1396    3.607614000    0.123990000   -1.655547000
1397   -0.950000000   -1.810345000   -0.692656800
1398   -0.950000000   -0.566196900    0.242541300
1399    4.845286000    0.390060200   -0.678391400
1400    7.112776000    0.905431400    0.082127050
1401   -0.950000000   -0.854984600    1.206846000
1402   -0.950000000   -0.333287300   -0.324030600
1403   -0.950000000   -0.803736200   -0.075471110
1404   -0.950000000   -0.890712600    0.145486400
1405    9.306631000    0.709221000   -0.298086200
1406    0.018017620    0.384998200    0.586721900
1407   -0.950000000   -1.136269000   -0.118775500
1408   -0.950000000    0.054240190    0.403973500
1409   11.532170000    1.064878000   -0.111345000
1410   13.665640000    1.211433000   -0.218597400
1411    1.155054000    0.122217800   -1.005717000
1412   -0.950000000   -0.597231400    1.101990000
1413    5.325838000    1.095146000    1.214421000
1414   -0.950000000   -0.858191800    1.287082000
1415   -0.950000000    0.266536300    0.350380700
1416    2.176325000    0.572178300    0.382201000
1417   -0.950000000   -1.117928000   -1.519475000
1418   -0.950000000   -0.952426700    0.645792000
1419   -0.950000000   -0.008238691   -0.325768100
1420   -0.950000000   -0.562315400   -0.757775100
1421   -0.482378500   -0.056505000    0.658573000
1422   11.344810000    0.929166500   -0.927956300
1423   -0.950000000   -0.820546200   -0.091532600
1424   11.338140000    1.044082000   -0.521001400
1425   -0.950000000   -1.628042000   -0.821216800
1426   -0.950000000   -1.151578000    0.551423600
1427   -0.950000000   -0.282697100    1.081325000
1428    3.160654000    0.493598100    1.236272000
1429   -0.950000000   -1.343958000   -0.519056500
1430   -0.950000000   -0.125117600    1.602025000
1431   -0.950000000   -1.818064000    0.501594900
1432    8.036205000    0.694264800   -0.181322200
1433   -0.950000000   -1.047582000   -1.003443000
1434    9.222843000    0.908692800    0.306575800
1435   13.183180000    1.163687000    0.024357310
1436   -0.950000000   -0.971992400    0.599093600
1437   -0.950000000   -0.501227600    0.545113200
1438   -0.950000000   -1.585179000    0.525201000
1439   12.169270000    1.255899000    0.242581600
1440    1.128622000    0.074176140    0.346321600
1441   -0.950000000   -0.326871900   -1.031963000
1442    6.763204000    1.208311000   -0.002644934
1443   -0.950000000   -0.476447000   -0.807688200
1444   -0.950000000   -1.600431000   -0.326943900
1445   -0.950000000   -0.937863600    1.296098000
1446    0.247510400    0.356099000   -0.302927700
1447   -0.950000000   -0.997018900   -1.628696000
1448   -0.950000000   -0.067836020   -0.275764700
1449   -0.950000000   -0.453079100    0.042960770
1450   -0.950000000   -0.371246700    0.326857100
1451   -0.950000000   -0.309914600    0.104534600
1452   10.691230000    0.979285300    0.614555800
1453   -0.950000000   -1.189011000    1.177442000
1454   -0.950000000   -0.958462400    1.528333000
1455   -0.036512120    0.217631200    0.134848400
1456   -0.950000000   -0.203414300    1.089939000
1457    7.328571000    0.454789000   -0.742497500
1458   -0.950000000   -0.552729500    1.157934000
1459    3.045358000    0.285709000    0.357230300
1460   -0.950000000   -0.824505900   -1.057632000
1461   -0.653237900    0.144135700    0.775393300
1462    3.228725000    0.438785700    0.273335200
1463   -0.950000000   -0.403929900    1.309147000
1464   -0.950000000   -0.589875200    0.699482000
1465    7.670425000    1.254501000    1.082061000
1466   11.663190000    0.968479600   -0.775562500
1467   -0.950000000   -0.530066200    0.618943600
1468    4.837816000    0.097849250   -1.231974000
1469   -0.950000000   -1.219850000    0.478562400
1470    8.465145000    0.613154400   -1.005632000
1471   -0.950000000   -1.124942000    0.960309400
1472   17.590650000    1.815250000   -0.421797700
1473    3.353493000    0.166821300   -0.254771400
1474   -0.950000000   -0.933770900   -1.124553000
1475   -0.950000000   -0.622282700   -0.587071100
1476    4.727887000    0.726339400    1.508342000
1477   -0.950000000   -0.868515500   -0.425501600
1478   11.672310000    0.891172900   -0.077815960
1479    7.050528000    0.480666300    0.786143200
1480    2.514443000   -0.021992340    1.126726000
1481    2.881911000    0.796189400    0.930738300
1482    7.402415000    0.562856400   -0.532913000
1483   -0.950000000   -0.524096400    1.224381000
1484   -0.909932200   -0.481373000   -0.291940000
1485   -0.950000000   -0.541108300   -1.062382000
1486   -0.950000000   -1.126959000   -0.814590800
1487    7.231449000    0.345443000    0.095972520
1488   -0.950000000   -0.230198800   -0.424555400
1489    6.370993000    0.507919400   -0.498368400
1490   -0.950000000   -1.052061000    0.032624590
1491   -0.950000000    0.153241700    0.903351300
1492    0.431048000    0.218410900   -0.000497437
1493   -0.950000000   -0.428290800    1.954778000
1494    4.568207000    0.475093300    0.766682300
1495   -0.950000000   -1.083520000    0.429983500
1496   -0.950000000   -1.094619000   -0.749859300
1497   -0.950000000   -0.157705100    0.648656000
1498   -0.950000000   -0.965924300   -0.409395700
1499   10.643160000    0.744031000    0.418583500
1500   -0.950000000   -0.195916100    0.693632900
