*y  x1  x2
   1   16.271810000    1.047796000    0.117433400
   2   -0.950000000   -1.066226000   -0.440313700
   3   13.019580000    1.026062000    1.150299000
   4   13.616530000    1.812821000    0.593076400
   5   -0.950000000   -0.712194800   -1.648090000
   6   -0.950000000   -0.871385700    0.721183400
   7   17.115080000    1.221041000   -0.451940900
   8    6.326117000    0.358370100    0.079878270
   9   -0.950000000   -1.517291000   -0.538003700
  10    5.126951000    0.388236500    1.325198000
  11   -0.950000000   -0.745101600   -0.562486500
  12   14.381570000    0.881778700   -0.390489900
  13   -0.950000000   -0.564492800    1.202126000
  14    0.151509200    0.139054500    1.413947000
  15    6.487170000    0.146793100   -0.907180500
  16    8.880039000    1.026691000    0.003272412
  17    2.946863000    0.409495600    0.744679600
  18   -0.950000000   -0.189120100   -0.243693200
  19   14.927990000    1.324213000   -0.726101700
  20   -0.085146850   -0.244818200   -1.450244000
  21   -0.950000000   -0.655934300    0.118222600
  22   -0.950000000   -1.289781000   -1.277922000
  23   16.319350000    1.806832000   -0.095946680
  24    0.218125700    0.091126760   -1.712632000
  25   -0.950000000   -1.124014000   -0.490222900
  26   -0.347373100    0.128603100    0.412125800
  27    6.857821000    1.216245000    1.134082000
  28    1.715943000    0.305086700   -0.650380100
  29   -0.430337300    0.143904600    0.885519000
  30   -0.950000000   -1.045352000   -0.026421540
  31    3.447959000   -0.301508800    0.025317030
  32    1.009317000   -0.452360300    1.903549000
  33   11.985150000    0.800026100    0.607166000
  34   -0.950000000   -1.005219000   -1.786033000
  35    2.165900000   -0.077917140    0.814329000
  36   -0.950000000   -0.597990400    0.203129700
  37   -0.950000000   -1.304703000    1.237690000
  38   18.895380000    1.580893000    0.217683200
  39   10.048440000    0.521938500   -0.403444300
  40   21.067900000    1.417242000    0.090923900
  41    9.288448000    0.394980600    0.972278000
  42   21.062070000    1.854148000    1.209190000
  43    8.389837000    0.358302900   -0.798215600
  44   18.856570000    1.028030000    0.012690110
  45   19.789930000    1.381385000   -0.378415300
  46    6.411980000    0.179210700   -0.222996700
  47   12.980400000    0.736023400   -0.339584400
  48   11.747490000    0.574131300   -0.871291900
  49    9.964691000    0.633055700   -0.968923900
  50   -0.950000000   -1.386130000    0.362409800
  51   12.121150000    1.237402000    1.454491000
  52   -0.950000000   -0.411875400    1.357740000
  53    7.586839000    0.053413390   -0.547462900
  54   -0.529013700   -0.416810400   -0.105306200
  55   20.518890000    1.517484000    1.841727000
  56    8.265491000    0.742588800    0.628917800
  57   11.446610000    0.876998600   -0.302908600
  58   10.408550000    1.254504000    0.659645600
  59   -0.950000000   -0.437171900    0.307336900
  60   21.822510000    1.301604000   -1.039767000
  61   -0.950000000   -0.561124300    1.847020000
  62    7.730442000    0.742164400   -0.458578300
  63   -0.950000000   -0.521257900    1.884423000
  64   -0.950000000   -1.871423000   -0.481414400
  65   -0.950000000   -0.622791400    0.304259100
  66   -0.950000000   -0.814800200   -0.591237300
  67   -0.950000000   -0.985533300   -0.673945800
  68    9.462679000    0.622469100   -0.118141400
  69    8.589083000    0.770962400    1.246656000
  70    2.898576000    0.231490200   -0.528814100
  71   -0.950000000   -0.785296800   -0.136530900
  72    5.210257000    0.483771200   -0.687847400
  73   -0.950000000   -1.652738000   -1.201905000
  74    8.645648000    0.904990800    1.419202000
  75   21.012990000    1.991464000    0.478719800
  76   10.620730000    0.937281400    0.629043800
  77    1.161194000   -0.277385500    0.754393200
  78    7.062527000    0.414670200   -0.381668900
  79   16.339000000    1.060388000   -1.035592000
  80   -0.950000000   -0.515760600   -0.273878900
  81   -0.950000000   -1.358660000   -0.303271700
  82    1.468676000    0.070157490    0.491486100
  83   12.327020000    1.057562000   -0.114554100
  84   11.331230000    0.768902500   -0.613646200
  85    0.344919800   -0.329400000   -0.570061900
  86   -0.524219100   -0.449636900    1.193667000
  87   10.774040000    0.569867200   -1.325936000
  88   15.698330000    1.249709000   -0.932858200
  89    8.405697000    1.185580000    0.783662500
  90   10.952610000    0.423724100   -1.498531000
  91   -0.950000000   -0.561355200    0.501464000
  92    4.732147000    0.168487200    0.010171250
  93    2.008660000   -0.264590600   -0.780661300
  94   -0.950000000   -1.512228000    0.570994600
  95   14.213640000    1.937192000    0.519994700
  96    9.733640000    0.712732700   -0.183829900
  97   -0.950000000   -0.107633200    1.871400000
  98    7.115858000    0.891466200    0.979700300
  99   -0.950000000   -0.938418200   -0.427332300
 100   -0.068680460   -0.379015100   -1.435454000
 101   -0.950000000    0.017336460    1.016848000
 102   16.253170000    1.302026000   -0.328041100
 103   -0.950000000   -1.034880000   -0.538786400
 104   25.115370000    1.753255000   -1.543642000
 105    3.049476000    0.270276900    0.177352600
 106    5.756500000    0.531037300   -0.777964500
 107   -0.950000000   -0.856955900   -0.006014431
 108   -0.950000000   -1.799948000   -0.451255200
 109   -0.950000000   -0.795709100    0.729603400
 110   12.973660000    1.759898000    0.712892600
 111   -0.950000000   -1.231677000   -0.476963700
 112    9.034347000    1.175035000   -0.493065500
 113   -0.950000000   -0.414358300    0.454714500
 114   -0.950000000   -1.039073000    0.616448800
 115    6.299534000    0.900255300    1.067629000
 116    8.506173000    0.952715100   -1.682666000
 117   -0.950000000   -0.606083300   -1.268924000
 118   -0.950000000    0.231599500    0.591318200
 119   -0.950000000   -0.172479800    1.208605000
 120   -0.950000000   -1.560874000   -0.141949100
 121    3.720801000   -0.250578300   -0.972269700
 122   -0.950000000   -0.717491400    0.594344500
 123    2.948475000    0.113341000    0.823055000
 124   -0.950000000   -1.330445000   -0.281423200
 125    9.504974000    0.458287400   -0.330048700
 126    7.894381000    0.726095500    0.541614800
 127    6.042212000    0.039085840   -0.779450200
 128    4.924026000    0.230824300   -0.046391040
 129   -0.950000000   -1.929938000   -0.604090000
 130   18.440580000    1.944466000    0.121382800
 131   17.754420000    1.572953000    0.016862460
 132    4.137092000    0.085851920   -0.558325800
 133   15.120240000    1.258125000    0.646342900
 134    7.393962000    0.194234600    0.414731300
 135    1.677546000   -0.121441800    0.120238200
 136    5.207907000    0.515818600    0.826263100
 137    9.693936000    1.298532000   -1.357663000
 138   10.103210000    0.703859700   -0.174629200
 139    2.939682000    0.317245100   -0.715677000
 140   -0.950000000   -0.637774300   -0.308457900
 141   13.457210000    1.498627000   -0.402622800
 142    7.385450000    0.903269400   -0.237499900
 143    4.159917000    0.330376900   -0.094018560
 144   18.986200000    1.618075000   -1.461602000
 145   -0.950000000   -0.278776200   -0.460960000
 146    5.230997000    0.433546300    0.184890000
 147   -0.950000000    0.203769700    0.759192400
 148   -0.950000000   -0.833045300   -0.379282400
 149   -0.950000000   -0.755873400   -0.365989200
 150    1.396029000   -0.032183940   -1.078231000
 151    8.629002000    1.075645000   -1.119739000
 152   -0.950000000   -0.003253983    0.496811200
 153    8.589856000    1.029353000   -1.164299000
 154    8.879088000    0.900216800   -1.272925000
 155   -0.950000000   -0.592968600    0.048822940
 156   -0.950000000   -1.148659000   -0.060450740
 157    0.196294100    0.552435500   -1.111571000
 158   -0.950000000   -0.226589800   -0.629172500
 159   -0.950000000   -0.816810500   -1.228412000
 160   -0.950000000   -0.081509100   -1.261440000
 161   -0.950000000   -1.375518000    0.266668000
 162   -0.950000000   -1.454231000   -0.319985500
 163   -0.950000000   -0.705869000   -0.376271500
 164   -0.950000000   -0.091823430   -1.194588000
 165   10.295500000    1.540270000   -0.656235700
 166   -0.950000000   -0.359053100    0.798739100
 167    6.922233000    0.423516900   -0.412366100
 168   -0.950000000   -1.201224000    1.121600000
 169   22.281560000    1.576001000    0.251290100
 170   -0.950000000   -0.370423900    0.220703800
 171   10.834450000    1.400406000    0.208798600
 172   -0.950000000   -0.432228200   -0.614494700
 173   -0.950000000   -0.455158900    1.314848000
 174   -0.950000000    0.036291960    0.572133500
 175    5.054052000    0.576757400    0.735465700
 176   -0.950000000   -1.520739000    0.254108500
 177   -0.950000000   -0.533982100    0.229220700
 178   -0.428831600   -0.060814630    0.385848100
 179   -0.950000000   -0.934516100    1.133843000
 180   -0.950000000   -0.803929500   -0.611543000
 181   -0.950000000   -0.360540000   -0.425844300
 182   -0.950000000   -0.946454200    0.116324700
 183   -0.950000000   -0.250409600   -0.723490000
 184    7.823348000    0.164526300   -1.712347000
 185   17.929610000    1.881621000    0.346058500
 186   -0.950000000   -0.985204800    1.629960000
 187   -0.347711600   -0.177375900    0.162469600
 188   -0.950000000   -0.541713400    1.211138000
 189   -0.950000000   -0.464564500    0.675413800
 190    8.235542000    0.639102400   -0.971407600
 191   -0.950000000   -0.563230000    0.390760400
 192    3.368497000    0.482797900    0.264554400
 193    3.461470000    0.355188000   -0.044548760
 194    3.546974000    0.565684000    0.010987850
 195   -0.950000000   -1.047533000    1.473378000
 196    7.510293000    1.265884000   -1.479468000
 197   -0.950000000   -0.626248700   -0.491305500
 198   -0.950000000   -0.766507900   -0.500726200
 199   -0.950000000   -0.963081500    1.280526000
 200   -0.950000000    0.785377600    0.692180400
 201   -0.950000000   -1.799872000   -0.100943600
 202   -0.950000000   -1.228300000    0.519987200
 203   -0.950000000   -0.031647540   -0.327083500
 204   -0.950000000   -1.677733000   -1.603639000
 205    6.097493000    0.837638500   -1.120671000
 206    2.672822000    0.530323900   -1.110983000
 207   -0.950000000   -0.328952800   -0.279711800
 208   -0.950000000   -0.759168700    0.599184000
 209    3.786880000    0.624682800   -0.868275500
 210    5.056263000    0.764580100   -0.155359400
 211   -0.950000000   -0.458194200   -0.196197200
 212   -0.950000000   -0.213819300    1.943665000
 213   -0.950000000   -0.263634700   -0.306706200
 214    7.075781000    1.120070000    0.301102700
 215    3.745424000    0.374129500    0.479873800
 216    2.776251000    0.036667100   -1.215244000
 217   -0.950000000   -0.715138900   -0.160601200
 218   -0.950000000   -0.994081200    0.939615300
 219   -0.950000000   -0.650967600    0.911873800
 220    5.609140000    0.517228700    0.534522300
 221   -0.950000000   -0.702229600    0.296913300
 222   -0.950000000   -1.844701000    0.374225600
 223    4.677695000    0.638768700   -0.522434500
 224   -0.950000000   -0.042400530    0.126138200
 225    9.199526000    0.824955700   -0.288052000
 226    4.961110000    0.952592900   -0.103576200
 227   -0.950000000   -0.562998700   -0.689769900
 228   -0.950000000    0.048310700    0.929076200
 229   -0.950000000   -1.616457000   -0.862335000
 230   -0.950000000   -0.612082800    0.811804300
 231    2.625870000    0.667834300   -1.076809000
 232    4.955160000    0.850041500   -0.344329300
 233   -0.950000000    0.256577700    1.454696000
 234   -0.950000000   -0.506706800   -1.147299000
 235   -0.950000000   -0.740547800   -1.435104000
 236    6.915478000    0.981348700   -1.202739000
 237   -0.950000000   -1.386928000   -0.795810600
 238   -0.950000000   -1.563351000   -1.786222000
 239    0.557319600    0.415655300    0.001279115
 240   -0.950000000   -1.442315000   -1.196025000
 241    4.451619000    0.291698200   -0.107821700
 242    5.461880000    0.129766000   -1.188247000
 243    6.963928000    0.415916400   -0.156338300
 244    3.400509000   -0.040554780   -0.771921600
 245    0.753175000    0.125263600    1.532632000
 246   20.458630000    1.470585000   -1.159148000
 247   -0.950000000   -0.366100300    0.077301190
 248    1.266918000   -0.180441700    1.837010000
 249   -0.950000000   -0.383927500    0.249712800
 250    8.593357000    0.471711500   -0.589564300
 251   -0.950000000   -0.672755500   -1.011807000
 252   -0.950000000   -0.803690600    0.384120000
 253   12.018870000    0.944505700   -0.129237600
 254    8.672533000    0.773707600    0.924415800
 255   -0.950000000   -0.646009700    0.976760800
 256   15.617280000    0.994398300    0.104553100
 257    3.716336000   -0.331128200   -0.475130900
 258   -0.950000000    0.038393070    1.989341000
 259   23.789230000    1.834622000   -0.429249800
 260   -0.950000000   -1.358139000    0.017504670
 261    2.787923000   -0.469913500   -0.784778400
 262    0.450005900   -0.316370200    0.971727700
 263   24.275650000    1.493544000    1.123959000
 264    8.771717000    0.399860200    0.101625900
 265    6.994069000   -0.017146610    0.988987300
 266    8.458611000    0.613054700    0.826040400
 267   14.913290000    1.133628000    0.356902500
 268   -0.135013100   -0.272535700    1.615875000
 269   -0.950000000   -0.170452400    1.500089000
 270   11.256860000    0.194976400   -1.914038000
 271   -0.950000000   -1.001949000    1.437326000
 272   -0.950000000   -0.445366900   -0.213622500
 273    6.165353000    0.559234900   -1.164968000
 274    2.379618000    0.544436900    1.507799000
 275   10.274770000    1.302750000    0.071840310
 276    5.464963000    0.676523600    0.620532000
 277   -0.950000000   -0.637265700    1.107850000
 278   -0.950000000   -1.310255000   -0.357245600
 279   -0.950000000   -1.059214000    1.251446000
 280   -0.950000000   -1.945689000   -0.114842600
 281   -0.950000000   -0.654955500   -1.246671000
 282    7.685855000    0.993432300    0.236722900
 283   -0.950000000   -1.340515000   -1.123309000
 284   -0.950000000   -0.120555100    0.681009700
 285   -0.950000000   -0.593964500   -0.296734300
 286   -0.950000000   -1.847200000   -1.390646000
 287   -0.950000000   -0.653053100   -0.819492900
 288   -0.950000000   -0.611971900   -0.101655000
 289   -0.936551800    0.381280700    0.213996300
 290    7.287583000    1.413227000   -0.187376800
 291   -0.950000000   -1.101701000   -1.707999000
 292   -0.950000000    0.208698600   -0.287688300
 293   -0.950000000   -0.103591500    0.340434900
 294   -0.950000000   -0.848596000   -0.328188100
 295   -0.950000000    0.035194590   -0.629462700
 296   -0.950000000   -0.685161000   -0.138045300
 297   -0.950000000   -0.589053100    0.058228780
 298   -0.950000000   -0.481706700   -0.843356400
 299   -0.950000000    0.322479100   -0.160638800
 300    5.225277000    1.216585000   -0.383185800
 301   -0.950000000   -0.528572300   -0.521797700
 302   14.865080000    1.512661000   -1.266898000
 303    6.497887000    1.008928000    0.885257200
 304    7.444188000    0.822139700   -0.383884300
 305   -0.950000000   -0.601744400    0.423623900
 306    1.030462000    0.058858200   -0.759618900
 307   -0.950000000   -0.010483980    0.466481200
 308   -0.950000000   -1.296739000    0.929874000
 309    5.733883000    0.700608900    1.590803000
 310   -0.950000000   -0.727344200    0.175127300
 311   -0.950000000   -1.494412000    0.371564100
 312   -0.950000000   -0.770639900    1.734392000
 313    8.991774000    0.890893300   -0.973020000
 314   -0.950000000   -1.125045000   -0.251784100
 315   -0.950000000   -0.887856100   -0.707624000
 316    8.133149000    0.758576800   -1.032901000
 317   -0.950000000   -0.793309600    0.965758100
 318   -0.950000000   -1.839891000    0.886414800
 319   -0.950000000   -0.114889300    0.629650700
 320   -0.950000000   -1.139208000   -1.595057000
 321   -0.950000000   -1.641596000   -0.488004200
 322    7.404917000    0.978262500    1.034144000
 323   12.744410000    1.444426000   -0.122585100
 324   11.810780000    0.998456500   -1.179477000
 325   -0.950000000   -0.244070400   -0.981775500
 326   -0.950000000   -0.844913300    0.698406200
 327   -0.950000000   -0.326376700   -0.130064500
 328   -0.950000000   -0.372095600    0.699217700
 329    0.273192800    0.242027500   -0.004466369
 330    3.616759000    0.929162300    0.682517700
 331    9.686541000    0.558621500   -0.461961100
 332   16.146380000    1.300360000   -0.332606000
 333    7.406582000    0.430640600   -0.697897000
 334    3.083570000    0.442129900    1.124435000
 335   -0.950000000   -1.788415000   -1.432240000
 336    1.256826000    0.316548800    1.325705000
 337   18.793160000    1.480286000   -0.148717900
 338   -0.950000000   -1.051803000    0.288818200
 339   -0.950000000   -0.855104000   -0.242195900
 340   11.406640000    0.854516200    0.853544000
 341   -0.950000000   -0.870748000    1.824828000
 342    8.676620000    0.328405700   -0.885807100
 343    8.035824000    0.951677000    0.463130900
 344   10.832810000    0.775036000    0.012686840
 345   -0.950000000   -0.374695000    1.213500000
 346    2.274209000   -0.235367700   -0.719616100
 347   -0.090605680   -0.263860200    0.786738200
 348   -0.950000000   -0.733816900   -1.710430000
 349   -0.374687300   -0.530376700   -1.150503000
 350   -0.950000000   -1.247334000    0.964027600
 351    9.746854000    0.797274900   -0.284108200
 352    8.253044000    1.069721000    1.034009000
 353    0.104641900   -0.377629700   -0.027594710
 354   -0.950000000   -0.387257000    0.373061900
 355   -0.950000000   -1.161032000    0.084406070
 356   19.687740000    1.327322000   -0.297249700
 357   20.015050000    1.150892000   -0.945407300
 358   19.511960000    1.356335000    0.550843000
 359    6.288446000    0.816781400    0.925508100
 360   -0.950000000   -0.517022700    1.809552000
 361   14.557140000    1.356343000   -0.356090500
 362   10.540410000    1.742234000    0.541903900
 363   -0.950000000   -1.098010000    0.355641700
 364   -0.950000000    0.351306300    1.058795000
 365    0.220249700   -0.212171800   -1.227187000
 366   -0.950000000   -0.067104760   -0.817964100
 367   -0.950000000   -0.590521200    0.310998300
 368   -0.950000000   -0.160231600   -0.528013800
 369   -0.950000000   -0.700150400   -1.142433000
 370   -0.950000000   -1.083896000   -0.534761600
 371   -0.950000000   -0.840383400    0.125482000
 372   -0.950000000   -0.149944200    0.433293400
 373    1.930217000    0.094608960   -0.444738300
 374   -0.639587600    0.184415900    0.735055300
 375   -0.950000000   -0.056617570   -0.273484400
 376    4.295505000    0.500662900    0.030009140
 377   -0.950000000   -0.322846100   -0.902401500
 378   10.679930000    0.912104100   -0.798766200
 379   -0.950000000   -1.686605000   -1.107975000
 380    4.132168000    0.678337100    0.326858800
 381    0.611127900    0.454748000   -0.852118400
 382   -0.950000000   -0.190398300    0.453059500
 383   -0.950000000    0.042573470    0.079621270
 384    7.126189000    0.789716500   -1.913915000
 385   -0.950000000   -1.187153000   -1.148333000
 386   -0.950000000   -0.144132200    0.239161900
 387    2.889661000    0.594633400   -0.586250800
 388   -0.950000000   -0.538254000   -0.243315700
 389    8.588942000    1.064407000   -0.007554306
 390   -0.950000000    0.084654730    0.418289900
 391   -0.950000000   -0.392550600    1.138680000
 392   10.495430000    0.856544600   -1.043076000
 393   -0.522337300   -0.155953500   -0.220127900
 394   -0.950000000   -0.927172500   -0.521059000
 395    5.492891000    0.438062700   -0.729444900
 396   -0.950000000   -0.954523300    1.014274000
 397   -0.950000000   -0.285259800    0.438034800
 398   -0.950000000   -0.507556900    0.120273900
 399   13.167170000    1.098327000    0.014956250
 400   -0.950000000   -0.346614400   -1.023254000
 401    4.014644000    0.635828000    0.505784800
 402   -0.950000000   -0.862969900   -0.225122200
 403    7.899390000    0.705722400   -1.094571000
 404   -0.950000000   -0.509659700    1.380044000
 405   -0.950000000   -0.700208200   -1.207912000
 406    3.423952000    0.374437500   -0.980424800
 407   -0.950000000   -1.079750000    0.307794700
 408   -0.950000000   -0.576642800    0.056814280
 409    0.748905100    0.368232800    0.047256810
 410   -0.950000000    0.321875900    1.076203000
 411   14.538850000    1.508812000   -1.045285000
 412    4.306254000    0.761352900   -0.204705700
 413   -0.950000000    0.234617200    1.188051000
 414   -0.950000000   -0.458186700    0.106791500
 415   -0.950000000   -1.086975000    0.222094200
 416    1.111203000    0.177353200   -0.387001200
 417   -0.950000000   -0.862595200    1.263813000
 418   -0.950000000   -0.182339500   -0.297494600
 419   10.399240000    1.133854000   -0.895014500
 420   -0.950000000   -0.173328300   -1.101647000
 421   14.860710000    1.285004000   -0.534347700
 422   12.381900000    1.245275000   -0.458101800
 423   -0.950000000   -0.807439400    0.611967400
 424   -0.950000000   -0.480080400   -0.554546900
 425   -0.950000000   -1.220405000    0.527081600
 426    9.251757000    0.684395500   -1.713826000
 427   10.286740000    0.855747900   -1.554001000
 428   21.715630000    1.674966000   -0.856562300
 429   -0.950000000   -0.777582100   -1.504274000
 430   14.800050000    1.838530000    0.092682900
 431    6.877939000    0.422324400   -0.690876000
 432   -0.867487900   -0.413413100    1.040163000
 433   16.251550000    1.259810000   -1.284168000
 434    8.788163000    0.941280700   -0.221771600
 435   -0.806274500   -0.346920700   -1.242220000
 436   -0.950000000   -1.471334000    0.231527500
 437   -0.950000000   -0.255698600    0.191568800
 438    3.775658000    1.090420000    0.530818400
 439   -0.950000000   -1.711271000   -0.951811200
 440    4.060460000    0.931937700    0.061827500
 441   -0.950000000   -0.506636500    0.934831300
 442   -0.950000000   -1.713510000   -1.789835000
 443   19.051240000    1.722854000   -1.113638000
 444   -0.950000000    0.078641560    1.409223000
 445   -0.950000000    0.106407700   -0.245479400
 446    3.059686000    0.156189000   -1.406487000
 447   -0.950000000   -0.335246900    0.512831100
 448    2.595512000    0.867517400    0.148065700
 449   -0.950000000   -1.531402000    1.290493000
 450    7.456201000    1.090429000   -0.670471600
 451    0.346756500   -0.098130670   -0.788626300
 452   16.166310000    1.940757000    0.865931600
 453    0.213855500   -0.090541350    0.658372700
 454    1.970287000    0.090896340   -0.058261650
 455    6.667167000    0.595724600   -0.101141600
 456   19.086070000    1.543530000    0.083648910
 457   20.899430000    1.924301000    1.171988000
 458   -0.950000000   -0.743081000    0.057688410
 459   -0.950000000   -1.474986000    0.761774700
 460    1.409022000   -0.132600600    0.028752920
 461   17.588620000    0.975678800   -0.454647600
 462   -0.950000000   -0.493088900   -0.116935000
 463    0.006028821   -0.237795100   -0.335222400
 464   -0.950000000   -1.459865000    1.238200000
 465    8.464388000    0.446022700   -1.382700000
 466   -0.950000000   -0.927134400   -0.163188200
 467   -0.950000000   -0.257414100    0.893748800
 468   -0.950000000   -1.383264000   -0.593479200
 469   -0.950000000   -0.559859200   -0.068060500
 470    4.751135000    0.360137100    0.231572500
 471   -0.950000000   -0.390808900   -0.266450400
 472    6.692595000    0.535889000    0.287871800
 473   16.297910000    1.509696000   -0.047944290
 474    0.015688530   -0.278875900   -0.889176000
 475   -0.950000000   -0.570037300    0.566545500
 476    8.422464000    0.499059600   -0.625275400
 477    8.787626000    0.767358000   -0.762113000
 478    2.013222000    0.094903960   -0.448417400
 479   10.354380000    1.297625000    0.319082300
 480    6.462298000    0.396694700   -0.501174000
 481    5.849006000    0.081387130    1.265196000
 482    1.688066000   -0.034190670    0.300870100
 483   -0.950000000   -1.127974000   -0.702378100
 484   13.157100000    0.502436300   -1.600479000
 485   14.733380000    1.041140000    1.373275000
 486    7.243821000    0.213014000    1.517607000
 487   11.908170000    1.305831000    1.253895000
 488   25.132460000    1.686793000    0.448597500
 489   -0.950000000   -0.536684000    0.038130600
 490   -0.950000000   -0.845823200   -0.215322600
 491   -0.950000000   -0.702956900   -0.264291500
 492    2.977564000   -0.152511600    0.317744200
 493   18.930010000    1.151848000    0.120324700
 494   13.726390000    0.759405500   -0.367147600
 495   13.516760000    1.218795000    1.294981000
 496   -0.950000000   -0.140681400   -0.980420500
 497   -0.950000000   -0.431385300   -0.004395233
 498   -0.950000000   -0.293568600   -0.702682400
 499   -0.950000000   -1.425141000    1.166805000
 500   -0.950000000   -0.630633500   -0.533572800
 501   -0.950000000   -1.128198000   -0.996849800
 502   -0.950000000   -0.061631970    0.813649300
 503   -0.950000000   -0.095017600    0.335763400
 504   -0.950000000   -0.051585520    1.425884000
 505    7.932648000    0.755238200   -0.970025400
 506   -0.950000000    0.136021000    0.590847300
 507    7.214888000    0.713925400   -0.484166300
 508   -0.950000000    0.161008800    1.320675000
 509   -0.398327600    0.624209500    0.578793700
 510   -0.949866200    0.303481800    0.338944900
 511    5.090841000    0.547196400   -0.521795200
 512    1.831680000    0.311956500   -0.288733900
 513   -0.950000000   -0.529985000   -0.132243700
 514   -0.950000000   -0.920141900   -0.747501200
 515    3.815106000    0.751889600    0.818073200
 516   14.193060000    1.107279000   -0.442944700
 517   -0.172602500    0.513576500    0.841358400
 518   -0.950000000   -0.382167200   -0.257808700
 519   -0.950000000   -1.460238000   -0.254828700
 520    8.084208000    0.769529800   -0.656275300
 521   13.678630000    1.642480000   -0.690495300
 522   -0.950000000   -0.221308500   -0.330936000
 523   -0.950000000   -1.617966000    1.044992000
 524    0.302496700    0.032982360    0.892987900
 525   -0.950000000   -1.186553000    0.956199300
 526   -0.950000000   -0.913707500   -0.646510100
 527    0.344149800    0.296570800    0.568829300
 528   -0.950000000   -1.260862000    0.264644800
 529   -0.950000000   -0.344485200    0.618892300
 530   -0.950000000   -1.111051000   -0.603211000
 531   -0.950000000   -0.932547700    1.178651000
 532   -0.950000000   -0.447309000    0.088300510
 533   13.773650000    1.402078000   -0.994019600
 534   -0.950000000   -0.431971200   -0.612204500
 535   -0.950000000   -1.012015000    0.337568800
 536    4.750385000    1.255541000    0.763526700
 537   12.083290000    1.072098000   -0.334495200
 538   -0.950000000    0.130681600    0.436618100
 539   -0.616903800    0.135105100   -0.123040400
 540    0.263870100    0.036485540   -0.588094100
 541   -0.950000000   -0.794823500    0.236779000
 542   10.971610000    0.719482800    0.945285000
 543   16.203010000    0.948871900    0.240213700
 544   11.483720000    0.718422800    0.953712100
 545    4.396518000    0.002323741    1.845253000
 546   18.344200000    1.405182000   -0.100675000
 547    5.581069000   -0.089615270   -1.091105000
 548   11.200620000    0.510385100   -1.441888000
 549    1.651757000    0.020131120    1.079737000
 550    2.966009000   -0.066144170   -0.766475100
 551   -0.950000000   -1.069148000    0.267206300
 552   10.072190000    0.500672000    0.215674700
 553   13.430710000    1.114675000   -1.371902000
 554   -0.950000000   -0.680267700   -0.176558600
 555   12.380520000    1.063088000    0.631992100
 556   -0.950000000   -1.832171000   -0.741683500
 557   -0.950000000   -0.376370300   -1.301187000
 558   -0.950000000   -0.232827900    0.494156800
 559   -0.950000000   -0.289919100   -1.104093000
 560    3.777834000    0.727546700    0.205344900
 561   -0.348698600    0.004745160    0.032185050
 562   -0.780092300   -0.150588100   -0.596245100
 563    1.401710000    0.747429700    1.694599000
 564   -0.950000000   -0.355153300    1.759262000
 565   15.836760000    1.293479000   -0.596922600
 566   -0.950000000   -0.724836900   -0.420687200
 567   -0.950000000   -0.683129800    0.352850200
 568   -0.950000000   -1.762505000    0.737743900
 569   11.284740000    1.509711000    1.274103000
 570    0.659479700    0.017335360   -0.349828100
 571   14.459270000    0.928648700   -0.803694600
 572   -0.950000000   -1.524737000   -0.285013800
 573   12.547600000    1.282885000    0.448920900
 574   -0.950000000   -0.577265900    0.798551200
 575    4.560611000    0.298948500    0.215214300
 576   -0.950000000   -1.026526000   -0.463820400
 577   -0.950000000   -0.119956300    0.165427000
 578   -0.950000000   -0.178952400    1.263513000
 579    8.200360000    0.838640500    1.039253000
 580   15.823690000    1.600545000    0.526010300
 581    7.005778000    0.805366300    1.642702000
 582   -0.950000000   -1.038529000   -1.563108000
 583   -0.950000000   -0.029020620    0.959166900
 584   17.298930000    1.226988000   -0.530996200
 585   -0.950000000   -1.529648000   -0.622189100
 586   -0.950000000   -1.082706000   -0.114604100
 587   -0.950000000    0.057681530    1.392099000
 588   -0.950000000   -0.002103441    0.012707030
 589   -0.950000000   -0.236998500   -0.676782900
 590   13.057080000    1.559358000   -0.708812000
 591   -0.950000000   -0.473863200   -1.173987000
 592   -0.950000000    0.165803500    0.789413000
 593   -0.950000000   -0.957232600    0.342150000
 594   -0.950000000   -0.974650300    0.703544600
 595   -0.950000000   -0.481484200    0.022229800
 596    5.419947000    0.535971400   -1.314714000
 597   -0.950000000   -0.986477200   -0.879917700
 598   -0.950000000   -1.029284000   -0.845334300
 599   -0.950000000   -0.881012200   -0.615149900
 600    8.208546000    1.835778000    0.872994000
 601   -0.950000000   -1.345014000   -1.857994000
 602   -0.950000000   -0.776113000    0.125927500
 603   -0.950000000   -0.483877100   -1.380457000
 604   -0.950000000    0.040812000   -0.214162600
 605   -0.950000000   -1.665114000   -0.467591800
 606   -0.950000000   -1.444318000    1.566036000
 607   -0.950000000    0.253370800   -0.169707500
 608   -0.950000000   -0.090740430   -0.461049000
 609    8.122350000    1.384299000   -0.015277490
 610   -0.461767800    0.432317800   -0.629162900
 611   -0.950000000   -1.988587000    1.624923000
 612   -0.950000000   -1.894078000   -0.610632700
 613   -0.950000000   -0.800463600    0.089174260
 614   -0.950000000   -0.149210600    1.156109000
 615   -0.950000000   -0.148029600    1.864778000
 616   20.292050000    1.781738000    0.284794200
 617   12.874950000    0.742099700   -0.504136500
 618    8.433336000    0.270742800   -1.714104000
 619   -0.950000000   -0.965524100    0.175429500
 620    7.100985000    0.426109300   -0.644424100
 621    6.997428000    0.335376800   -0.543860300
 622    4.102944000   -0.005648188   -1.487342000
 623    9.705665000    0.926272300    0.550110900
 624   -0.950000000   -0.688417400    0.874218100
 625   15.030700000    1.376271000    0.215262500
 626    7.026163000    0.844188100    1.234371000
 627   -0.950000000   -1.402049000    0.847243500
 628    7.742391000    0.389195100   -1.514963000
 629    2.832793000   -0.054309410   -1.604086000
 630   -0.950000000   -0.379316200    1.841319000
 631    2.601634000    0.398471600   -0.457414700
 632   -0.950000000   -0.592218300   -1.009390000
 633   11.448090000    1.313738000    1.771032000
 634   -0.950000000   -0.127127800   -0.756529900
 635   -0.950000000   -0.232969800    1.445776000
 636    3.761502000    0.182468500   -1.507375000
 637   -0.950000000   -0.528289500    0.458490100
 638    2.081337000    0.442644100   -0.077126290
 639   -0.950000000   -0.707924400   -0.741334400
 640   -0.950000000   -0.787368700    0.465589500
 641    4.558210000    0.684371200   -0.490880600
 642    4.814992000    0.738108500   -0.853341300
 643   -0.950000000   -0.898423200    0.047075080
 644   -0.950000000   -0.816012800   -0.611973900
 645   -0.950000000   -1.180102000   -0.885596900
 646   -0.950000000   -1.707287000   -1.564087000
 647    1.383066000    0.018248420   -0.833373400
 648    3.191249000    0.761886100    1.695639000
 649    1.168387000   -0.128708700   -0.503402000
 650   -0.950000000   -1.763771000   -0.757849700
 651    2.279134000    1.376689000    1.163554000
 652   15.309070000    1.301482000    0.543862600
 653    4.000861000    0.344631700   -0.192250500
 654   -0.950000000   -1.037352000    0.626215500
 655   -0.950000000   -0.642840700   -0.363740500
 656    3.848375000    0.192961800   -0.834641400
 657    4.473489000    0.238439700   -1.258826000
 658   16.299380000    1.874121000   -0.154076900
 659    9.932350000    1.034418000   -0.351118500
 660   -0.950000000   -1.277504000    1.339962000
 661   14.721950000    1.116042000    1.184011000
 662    2.836910000   -0.228335100   -1.314119000
 663   13.808690000    1.267570000    1.493219000
 664   -0.950000000   -0.794353500   -0.792218300
 665   -0.131516700    0.016847050    0.614334400
 666   -0.950000000   -1.663336000    1.978533000
 667    3.438348000    0.169463200    0.144201000
 668   -0.950000000   -0.660420600    0.639073200
 669   10.439320000    1.180930000    0.695937300
 670    8.211828000    0.921325200   -0.647482200
 671    0.722932800   -0.248329600   -0.317050600
 672   -0.950000000   -0.741137900    0.715565600
 673    3.368014000    0.399001500    0.366464300
 674   -0.950000000   -1.689748000    0.544662500
 675   13.830280000    1.176441000    0.192479600
 676   -0.174757600   -0.067812650   -1.605129000
 677   -0.950000000   -0.087733730    0.931247400
 678   -0.950000000   -1.369668000    1.966842000
 679   13.141140000    1.347062000   -1.460716000
 680    3.368700000    0.407548700   -0.694495700
 681   12.280520000    1.149131000   -1.260592000
 682   14.301530000    1.716335000    0.465616200
 683   -0.713662700   -0.007731467    0.051738460
 684   -0.950000000   -1.159439000   -0.347067000
 685    3.296681000    0.438699000   -0.646312700
 686   -0.950000000   -0.047153970    0.279255700
 687    5.223404000    0.294656000   -1.544694000
 688    4.409873000    0.600417300   -0.759165800
 689    4.713230000    0.552773400   -0.799882600
 690   -0.950000000   -0.736868900   -0.824211800
 691    3.123048000    0.685745500    0.349397600
 692   -0.950000000   -0.404151300   -0.002218221
 693    6.552547000    0.682532300   -0.527060000
 694   -0.950000000   -0.758791800   -0.115694000
 695    0.759132200    0.013956850   -0.675395600
 696    1.950181000    0.410287700    0.020997990
 697   17.446050000    1.915733000   -1.529043000
 698   -0.950000000   -0.995737600   -0.912013700
 699    0.703653800    0.283577300   -0.129473500
 700    0.789103300    0.063103390   -0.021739020
 701    0.628410700   -0.095182490   -0.920896100
 702    9.948825000    1.106419000   -0.651185600
 703   -0.950000000   -0.220574800    0.777194000
 704   -0.950000000   -0.987534300   -1.027754000
 705   -0.950000000   -0.792822100   -0.172806200
 706   -0.950000000   -1.615137000    0.989017500
 707   -0.950000000   -1.145080000    1.064488000
 708    7.142367000    0.703461800    0.487217700
 709   15.843260000    1.616746000   -0.089828780
 710    1.109536000   -0.213485400    0.350746800
 711   -0.950000000   -0.970860200   -1.006236000
 712    9.592373000    0.957331900   -0.134737500
 713    4.389407000    0.151916400    0.295791700
 714   19.118860000    1.491468000    0.437446800
 715   -0.950000000   -0.674196300    1.253567000
 716    7.520229000    0.762388500    0.866781000
 717   -0.950000000   -1.214637000   -0.793718300
 718    7.755144000    0.434388000   -0.803845800
 719   14.818580000    1.216554000   -0.916075500
 720    7.083667000    1.092081000    0.856239100
 721   10.052610000    0.549321300   -0.197813100
 722   12.692880000    1.307964000    1.217259000
 723   12.800870000    1.296752000    1.014581000
 724    6.784460000    0.422381800   -0.011134200
 725   11.136650000    0.299604300   -1.752601000
 726    3.839715000   -0.047526050   -0.239902700
 727   17.976790000    1.359279000    0.153495400
 728    4.529806000    0.048801030    0.015970950
 729   -0.950000000   -0.722573600   -0.184076500
 730    0.235146100   -0.555002100   -0.873964300
 731   11.172680000    0.905159000   -0.909119000
 732    0.774681000   -0.412161000   -0.293669600
 733   -0.950000000   -0.611935700    1.710136000
 734   -0.950000000   -1.394722000    1.335463000
 735   -0.950000000   -0.119437200    1.597765000
 736    3.454199000    0.209694300   -1.156138000
 737   -0.950000000   -0.726988200    0.782402000
 738    4.865496000    0.233419500   -0.991813700
 739    5.014598000    0.473145200   -1.133180000
 740    2.773879000    0.645110400    0.929491000
 741   11.957510000    1.237697000    0.101941500
 742   -0.950000000   -1.821973000   -0.236296700
 743   -0.950000000   -0.761086700    1.417823000
 744   -0.950000000   -0.665725200    0.772476300
 745    7.642756000    0.686119100   -0.790625400
 746   -0.950000000   -1.002961000    1.537548000
 747   -0.950000000   -1.479494000   -1.311552000
 748    1.156452000   -0.021239290   -0.676275000
 749   -0.950000000   -0.435389300    1.274483000
 750    2.549079000    0.453292700    0.262832600
 751   -0.950000000    0.245698100   -1.141108000
 752   -0.950000000   -0.407046000    0.666027100
 753   -0.950000000    0.033903640    0.294954200
 754   -0.950000000   -0.866776900    0.911886200
 755   -0.950000000    0.294334200   -0.392739800
 756   -0.351972200    0.623834900   -1.034948000
 757   -0.950000000   -0.637273100   -1.294674000
 758   -0.950000000   -1.019538000   -0.154823900
 759   -0.950000000    0.057147620   -0.871193600
 760    3.171480000    0.928310600    0.132411600
 761   -0.950000000   -1.759699000   -1.608966000
 762   -0.950000000   -1.745236000    0.048680440
 763   -0.950000000   -0.031827740   -1.479578000
 764   -0.950000000   -0.592607800   -1.062226000
 765   -0.950000000   -0.269197200   -0.643414100
 766    1.936542000    0.667741800    0.296553100
 767    2.463602000    0.524120800    0.276314800
 768   -0.950000000   -0.897672300    0.881560300
 769   -0.950000000   -1.298357000   -0.274729200
 770   12.354880000    0.872166300    1.373065000
 771   -0.950000000   -1.125252000    0.065671200
 772   -0.950000000   -1.802603000   -0.262817700
 773   -0.308789800    0.092492630    0.351256000
 774   -0.950000000    0.360296000    0.831443300
 775   -0.950000000   -0.878144100   -0.554570400
 776   -0.950000000   -0.968292300   -1.092951000
 777   -0.950000000   -0.120136900    1.514086000
 778   -0.950000000    0.269687400    1.857799000
 779   -0.950000000   -0.275315700   -1.100251000
 780   -0.950000000   -0.972163800   -1.530052000
 781   -0.950000000    0.062855790    0.370565800
 782   -0.950000000   -1.774740000   -0.639040100
 783    0.145643800    0.609632700    1.203328000
 784   -0.950000000   -1.945114000    0.666180900
 785    8.432662000    0.952134800   -0.994516400
 786   -0.950000000   -0.967014300    1.262087000
 787   -0.950000000   -0.595969400   -0.036874940
 788   -0.721888300    0.045566890   -0.389261000
 789    4.324463000    0.642281400   -1.743298000
 790   -0.950000000   -0.615052700   -0.436291300
 791   -0.950000000   -0.083270190   -0.267345200
 792   -0.950000000    0.121769800    0.088818000
 793   -0.950000000   -1.243688000    0.645363400
 794    1.275023000    0.119705400   -0.872892900
 795   15.083930000    1.788566000   -1.291543000
 796    0.867510800    0.553038000    0.165766700
 797   10.240020000    1.410289000    0.005191834
 798   -0.950000000   -0.788599800   -0.564162600
 799   -0.389254600    0.568092100   -0.268469900
 800   -0.950000000    0.416608800    0.290134400
 801    3.248388000    0.851808000    0.498661300
 802   -0.950000000   -0.850921100   -0.848545600
 803    0.349743600    0.478534500   -1.223745000
 804   -0.950000000   -0.323033100    0.792675000
 805   -0.950000000   -0.263174800   -1.037130000
 806   -0.950000000    0.222940900   -0.657158000
 807   -0.950000000   -1.742688000   -0.821050500
 808   -0.950000000   -0.618875300   -0.498960100
 809   -0.950000000   -0.472601400    0.222419800
 810   -0.950000000   -1.480386000   -0.090819850
 811   -0.950000000   -0.916764900   -0.799681800
 812    0.923117800   -0.192599100   -1.178368000
 813   -0.914769800    0.305118300    0.294915900
 814   -0.950000000   -0.210899700    0.436291400
 815   -0.950000000   -0.466594300    0.617631200
 816    5.518977000    0.691702000    1.148288000
 817    1.905894000    0.243734700   -0.616104000
 818   -0.950000000   -0.905025000    1.355646000
 819   -0.950000000   -1.666689000   -0.121690700
 820   -0.950000000   -0.610005100    0.134231500
 821   -0.950000000   -0.581441600    0.661214200
 822   -0.950000000    0.441820600    1.745845000
 823    0.518271100    0.037420430   -0.963315300
 824   -0.950000000   -0.701434300   -0.361061300
 825   -0.950000000   -0.354155900    1.158189000
 826   -0.950000000   -0.188440100    1.103995000
 827   -0.950000000   -1.639714000    0.557651600
 828   13.722210000    1.058602000    0.597090700
 829    2.721296000   -0.102426200   -0.636910700
 830    4.297638000    0.346823800    1.699504000
 831   -0.950000000   -0.144003400    1.770128000
 832   21.110510000    1.877645000    0.652672200
 833   -0.950000000   -0.448890600   -0.502237700
 834    5.506890000    0.051008030   -1.020850000
 835    1.935925000   -0.079648780    1.082272000
 836   -0.950000000   -1.349474000    1.724729000
 837   -0.950000000   -1.282099000   -0.239933400
 838   -0.950000000   -0.734752800   -0.506827800
 839   14.864330000    0.767587900    0.400462500
 840   19.292010000    0.960947200   -1.524743000
 841   -0.950000000   -1.565607000    0.147725400
 842   -0.950000000    0.122278500    1.168271000
 843   -0.950000000   -0.084831480   -1.060305000
 844   -0.950000000   -0.132296000   -0.616061600
 845   -0.950000000   -0.050000740   -1.444967000
 846    2.892938000    0.452140700    0.165961000
 847    1.587751000    0.637812800    0.716911900
 848    5.735360000    0.720163600   -0.470135300
 849   -0.950000000   -0.100691000    1.196392000
 850   16.833100000    1.942573000   -1.753952000
 851   -0.950000000   -1.308504000   -0.140704300
 852    7.159640000    0.756093200   -0.392062000
 853    7.592834000    0.895753300   -0.143504300
 854   -0.950000000   -0.026872420   -0.151328900
 855    4.997617000    0.467417800   -1.829710000
 856   -0.950000000   -1.280088000   -1.091780000
 857    5.193984000    0.603343200    0.973667000
 858   -0.950000000   -0.535450000   -0.580957800
 859   -0.950000000   -0.335604000   -0.561969200
 860   11.535960000    1.162311000    1.494484000
 861    1.210043000    0.195730700    0.792888500
 862   -0.950000000   -0.571364900    0.846009800
 863   -0.950000000   -1.124577000    1.896811000
 864   -0.950000000   -0.294385500   -0.366718700
 865    4.768726000    0.753387100    1.217971000
 866   -0.950000000   -0.285131100    0.479112500
 867    5.067655000    0.382496800   -0.294030100
 868   -0.950000000   -1.712473000    0.733242300
 869    4.978427000    0.453977000    0.745428000
 870   -0.756005500   -0.224924100   -0.957122400
 871   -0.950000000   -1.179519000   -1.067649000
 872   -0.950000000   -0.584470100   -0.189958600
 873   -0.950000000   -0.992344000    0.073560960
 874   11.726320000    0.778454300   -0.312335200
 875   -0.950000000   -0.543656200    1.056666000
 876   15.319690000    1.135223000   -0.308280000
 877   -0.950000000   -1.065784000   -0.505185200
 878    3.978044000    0.383340800    0.302485800
 879    2.113207000    0.281483200    1.041798000
 880   11.428630000    0.695433400   -0.216172900
 881   12.249150000    1.547463000    0.215266700
 882    1.657759000    0.546269300    0.919967600
 883   -0.950000000   -1.126481000    0.444791300
 884   -0.322571700    0.375522300    1.373429000
 885   14.569180000    1.349964000   -0.150909400
 886   -0.950000000   -0.607945800    0.161495200
 887   -0.950000000    0.393618900    1.132947000
 888   -0.950000000   -0.588908900    0.884034100
 889    3.359069000    0.062464150   -1.161377000
 890   -0.950000000   -0.833161500    0.254491200
 891   -0.950000000   -0.386003000    1.423951000
 892   -0.950000000   -0.628671400   -1.027587000
 893   -0.950000000   -0.588456300   -1.212631000
 894   -0.950000000   -0.060301120    0.665702400
 895    1.098184000    0.169345100    0.687800700
 896   -0.950000000   -1.319249000    0.490629000
 897   -0.950000000   -0.346918400   -0.428921500
 898   -0.950000000   -0.641168200   -0.193676000
 899    3.043680000    0.743407700    0.443333300
 900    0.952414600    0.519326700    0.301435500
 901   -0.950000000   -0.501348600    1.385486000
 902   10.935900000    1.092268000   -0.660174600
 903    2.205530000    0.312009900   -0.565736400
 904   -0.950000000   -1.309733000   -0.314909000
 905    4.371108000    1.041620000    0.334998200
 906   -0.950000000   -1.726777000   -0.584076800
 907    0.667750600    0.049384520   -1.594574000
 908   -0.950000000   -0.686075300    1.268991000
 909   -0.950000000    0.385063800    1.373713000
 910   -0.027709210    0.459261600    0.521054600
 911    3.927501000    0.148092400   -1.413563000
 912   -0.950000000   -0.210861600   -0.256077500
 913   -0.950000000   -0.599022700   -0.616382800
 914   -0.950000000   -0.614280100    0.922255400
 915    3.963517000    0.546693900   -0.992269100
 916   10.742210000    0.757712300   -1.427835000
 917   -0.950000000    0.182618700    0.638876600
 918    6.353776000    0.542461100   -0.590735200
 919    5.547334000    0.467405200   -1.210810000
 920    7.765453000    0.702751700    0.057360820
 921   -0.950000000   -0.082496640   -0.295839300
 922   19.122620000    1.422639000   -0.860191200
 923    0.364018100    0.198885000    0.024209960
 924   -0.631973300   -0.058424060   -1.033984000
 925   -0.950000000   -1.130514000    0.574401300
 926   -0.950000000   -1.162800000    0.412316500
 927   -0.950000000   -1.246538000    0.233675700
 928    3.731407000    0.461580100   -0.481463300
 929   -0.950000000   -0.347445900    0.364141200
 930   -0.950000000   -0.836117800    1.175548000
 931   15.568260000    1.114799000    0.527079100
 932   -0.950000000   -1.553287000    0.617995900
 933   -0.950000000   -0.204438500    1.041569000
 934   -0.950000000   -0.320794700   -0.790929100
 935    6.388759000    0.838970100   -0.077599630
 936    4.915427000    0.478602200   -0.612955000
 937    4.356924000    0.284353000   -1.612424000
 938   -0.950000000   -0.137291400   -1.429193000
 939   -0.950000000   -0.928223900   -0.276590500
 940    4.222628000    0.488775900   -0.314436400
 941    0.959430900    0.151995400   -0.450512800
 942   -0.950000000   -0.011776570    0.258902100
 943   13.381210000    1.365392000    1.333255000
 944   -0.950000000   -0.028608320    1.127705000
 945   -0.950000000   -0.106173700   -1.068549000
 946   15.284210000    1.336139000   -0.220814100
 947    7.621723000    0.392442200   -0.696174400
 948   -0.950000000   -0.320890300    0.556989500
 949    3.437935000    0.197344200   -0.245673700
 950   15.758400000    1.159816000    1.706094000
 951   21.416750000    1.946167000   -0.517397400
 952   -0.950000000   -1.018387000    0.409584700
 953    1.186466000   -0.030177150    0.176264800
 954   -0.950000000   -1.623412000    0.447932800
 955    6.902582000    0.269561800   -1.163016000
 956   -0.950000000   -1.198293000    1.336306000
 957    7.211960000    0.488392100   -0.005332473
 958    2.959172000    0.087316390   -0.289711600
 959   17.780510000    1.577108000   -0.181122900
 960   -0.950000000   -0.698476900   -0.918926500
 961   -0.950000000   -0.296563600    0.145866200
 962   -0.950000000   -1.621405000   -0.116080000
 963    9.534020000    0.900086100    0.485594600
 964   -0.950000000   -1.020188000    0.650247000
 965   -0.539305900   -0.235932300   -0.748418600
 966   -0.950000000   -0.578206000   -1.686059000
 967    0.181395300   -0.196233800   -0.155127300
 968   16.758000000    1.438051000    0.307432400
 969    5.143259000    0.549707500    1.122211000
 970    7.290550000    0.833611100   -0.351902900
 971   -0.950000000   -0.049886310    0.600093800
 972   14.089750000    1.080161000    0.215023600
 973   -0.950000000   -0.461421200    1.923057000
 974    7.913828000    0.838132800   -0.051258000
 975   -0.950000000   -1.505579000    0.570691100
 976   22.143340000    1.784844000    0.047280360
 977   -0.950000000   -0.630726700    0.611770000
 978    0.067123540    0.232613000    1.348866000
 979   17.706410000    1.124889000   -0.619979900
 980   11.157310000    0.781375800   -0.133680900
 981    8.182047000    0.246440200    0.694922200
 982   13.453740000    0.933777800    0.804162900
 983   -0.950000000   -1.238989000    1.044430000
 984    0.050290650   -0.560587300   -0.232546500
 985    9.445139000    0.301634400   -0.863307400
 986   -0.950000000   -0.433046500    0.789742500
 987   -0.950000000   -0.859145700    0.076780930
 988   -0.509441100   -0.007961192    1.320519000
 989    6.016741000    0.046088900   -0.599978900
 990   -0.950000000   -0.691405800    0.129729900
 991   -0.950000000   -1.248007000    0.012740480
 992    0.591794000    0.508912100    0.815584200
 993   -0.950000000   -0.949899300   -0.893102800
 994    8.599840000    1.232170000    1.088210000
 995   -0.950000000    0.085754780   -0.495224600
 996   -0.950000000   -1.086681000    0.828387200
 997   -0.019689080    0.422439400    0.441499400
 998    9.417411000    0.918017600   -0.182043100
 999   -0.950000000   -0.125869900    0.495312000
1000    2.444160000   -0.125499500   -1.522191000
1001   14.584460000    1.028796000   -1.621337000
1002   -0.950000000   -1.335301000   -0.500843400
1003   -0.950000000   -0.510105900    0.772596600
1004   12.330090000    1.495752000   -0.327304000
1005    6.380085000    0.697925900   -1.188430000
1006    7.842691000    1.057785000   -0.971767800
1007   -0.950000000   -1.339565000    0.460398900
1008   -0.950000000   -1.061882000   -1.585775000
1009   -0.950000000   -0.395478800   -0.152785100
1010   -0.950000000   -1.015119000   -1.536400000
1011   -0.950000000    0.517354300   -0.747453600
1012   -0.950000000   -1.332862000   -0.589017800
1013   -0.950000000    0.288034600    0.598963600
1014   -0.950000000   -1.602799000    0.772255200
1015   -0.950000000   -0.157521400   -0.389120900
1016   -0.950000000   -0.712783600    1.491289000
1017   -0.950000000   -0.449881700    0.143567100
1018   -0.950000000   -0.617846200    0.545180800
1019   -0.950000000   -0.462345400   -1.689654000
1020   -0.950000000   -1.533036000   -0.191746700
1021    0.709119800   -0.309026900   -1.738080000
1022    7.689235000    0.849536700    1.387087000
1023   -0.950000000   -1.327348000   -1.926970000
1024   11.872310000    1.369314000   -0.172377400
1025   12.098520000    0.984017100   -0.211301400
1026    9.404550000    0.851585900    0.137150400
1027    5.160370000    0.503980900    0.629841000
1028   -0.950000000   -1.139691000   -0.084999040
1029   -0.950000000   -1.285219000    0.105934600
1030    4.276160000    0.197608400   -0.799968900
1031    1.471060000   -0.013159070   -1.095397000
1032   -0.950000000   -0.869644900   -1.495703000
1033    2.169837000   -0.024334570    0.511474400
1034    9.830657000    0.582182700    1.711268000
1035   -0.950000000   -0.361602900    0.720307800
1036    2.534192000    0.378629200   -0.041684170
1037   -0.950000000   -0.045053920    1.265911000
1038   -0.950000000   -0.852058800    1.898656000
1039    4.442346000    0.557375500   -0.691211100
1040   12.014270000    1.411569000   -0.416198500
1041   11.099070000    1.206861000   -0.224291900
1042   -0.950000000   -0.411327900    1.540437000
1043   -0.950000000   -1.549023000   -1.480053000
1044   -0.950000000   -0.861519500    0.722967200
1045   -0.950000000   -0.369160400    0.354360100
1046   -0.950000000   -0.210304500   -0.016921130
1047   -0.950000000   -0.099734510    0.161621300
1048   -0.950000000   -1.581470000    0.503615600
1049   -0.950000000   -0.718537700   -0.879896600
1050    3.238638000    0.298630100   -0.473034800
1051    5.562059000    0.271326400   -1.843815000
1052    5.915054000    0.264221100   -1.177016000
1053   -0.950000000   -0.115867200    0.178157500
1054   -0.950000000   -0.978244800    1.009344000
1055   -0.950000000   -0.420274600    1.076462000
1056   -0.950000000   -1.179962000    0.760275100
1057    1.440424000    0.068158340    0.975155100
1058    9.346298000    0.630967900   -0.436536300
1059   -0.950000000   -1.157335000    0.513442700
1060    6.994977000    0.559288900    0.200601500
1061    4.186877000    0.398709900    0.180916100
1062    8.115233000    0.599197800   -0.300366300
1063    6.138785000    0.588200700    0.121380300
1064    0.828528400    0.009172255    0.822227200
1065   -0.950000000    0.234536100    1.549938000
1066   -0.950000000   -0.924243300    1.476460000
1067   -0.950000000   -1.082651000   -0.706539300
1068    1.350688000    0.204788300    0.312415100
1069   -0.614351500   -0.337530600    0.077629210
1070   19.379730000    1.876420000    1.510414000
1071   17.206480000    1.099864000   -1.287223000
1072   -0.950000000   -0.297948800    0.322782300
1073   -0.950000000   -0.508122700    0.581629100
1074   -0.950000000   -0.184392000   -0.052100030
1075    9.520774000    0.836523000   -0.922624800
1076   -0.950000000   -0.345984400    0.383095700
1077   -0.950000000   -0.754249800   -0.641568400
1078   -0.950000000   -0.565548100    1.416595000
1079    6.619567000    0.475973200   -0.142958200
1080   22.505450000    1.306413000   -1.400242000
1081   -0.950000000   -0.367345300    0.097470200
1082   -0.723297100   -0.146256400    0.934608900
1083   -0.950000000   -0.551903400    0.856119700
1084    4.682191000    0.026506250   -0.324038900
1085   -0.950000000   -0.239755600    0.750582100
1086   15.928370000    1.197598000   -0.266981000
1087   -0.950000000   -0.477036200    0.692559000
1088    6.137516000    0.485982300    0.678828300
1089   11.598780000    0.652413700   -1.113714000
1090    6.064370000    0.463322100   -1.286994000
1091   -0.950000000    0.034880250    1.843227000
1092   -0.950000000   -0.843539400    0.570726200
1093   -0.950000000   -1.390792000   -1.012773000
1094    9.732396000    1.200424000   -0.063514810
1095   12.993930000    1.096552000   -1.032182000
1096    7.611247000    0.379047400   -0.264802500
1097   19.936190000    1.374807000   -1.565169000
1098   -0.950000000   -0.620745700    1.995471000
1099    5.900626000    0.180788800   -0.314826700
1100   17.326820000    1.106582000    0.390029800
1101   -0.950000000   -0.589265200    1.200253000
1102   12.322660000    0.541683500   -1.013989000
1103    3.735728000    0.057873370    0.300742200
1104   12.889310000    1.020737000   -0.457925400
1105   -0.950000000   -1.075854000   -0.965796500
1106    4.072142000    0.221417800    0.497910300
1107   10.191680000    1.202177000   -0.027814010
1108   -0.950000000   -0.731743500   -0.526380300
1109   12.203360000    1.573048000    1.471959000
1110    2.336003000    0.035671760    1.893018000
1111   -0.950000000   -0.067021500    0.473634600
1112   12.044050000    0.734846000   -0.534623600
1113   -0.950000000   -0.457202800    1.777061000
1114    9.150902000    0.712883200    0.007670669
1115   21.157620000    1.657720000   -1.088117000
1116    5.762813000    0.821234600    0.427294400
1117   13.669710000    1.249820000    0.234199900
1118    0.651230000   -0.188951500    0.007607915
1119   -0.950000000   -1.116530000   -0.330883600
1120   -0.950000000   -0.324752500   -0.303872500
1121    9.554874000    0.756727600   -0.874567900
1122    1.531606000   -0.043916680   -0.553753800
1123   -0.950000000   -0.947488200   -0.391553900
1124   -0.950000000   -0.453591000   -0.034145950
1125   -0.950000000   -0.619611200   -0.403747700
1126   -0.950000000   -0.821962400    0.117003100
1127   -0.950000000   -0.414562700   -0.809985400
1128   -0.950000000   -1.385319000   -1.076717000
1129   -0.950000000   -0.598943200    0.386545900
1130   -0.950000000   -0.973692000   -0.172144100
1131    1.864851000    0.091814200   -0.996578900
1132   -0.950000000   -1.587747000   -1.953569000
1133    1.042449000    0.268708700   -0.397625300
1134    6.542799000    0.760921000    0.726938300
1135   -0.950000000   -0.637570800    0.114974500
1136   -0.950000000    0.210421300    0.497846300
1137   -0.950000000   -0.397268100    0.487257000
1138   -0.950000000    0.229764500    0.271174200
1139   -0.950000000   -0.346021900    1.033099000
1140    1.196023000    0.742045000   -1.575324000
1141   11.284090000    1.145068000    0.605436600
1142    5.473293000    0.394226200    0.653532400
1143    1.895739000    0.239991400    0.218318500
1144   -0.950000000   -0.271628800    0.291674200
1145   -0.950000000   -0.056334070    0.413835200
1146   12.625190000    0.985131700   -1.622495000
1147   11.702070000    1.095097000    0.995096100
1148    5.847806000    0.545720700   -1.221375000
1149   -0.950000000   -1.097521000   -1.342052000
1150   -0.950000000   -0.535730700   -0.722125200
1151   -0.164865700   -0.232262400   -0.018275810
1152    2.420957000    0.284285800    1.017660000
1153   -0.950000000   -0.873847900    0.125351200
1154   14.086780000    1.138283000   -0.046633290
1155   -0.950000000   -0.340230800    1.800624000
1156    7.915888000    1.317845000    0.200763400
1157   10.163070000    1.708318000   -0.204526600
1158   -0.950000000   -1.263798000   -1.229047000
1159   -0.950000000   -0.423088900   -0.213883800
1160   -0.950000000    0.431727200   -0.010002650
1161   -0.950000000   -1.245234000    1.118207000
1162    4.152096000    0.755704800    0.309436100
1163   -0.950000000    0.115092900    0.014499780
1164   -0.950000000   -0.197639800   -0.473963600
1165   -0.950000000   -1.949497000    0.574227100
1166    4.258828000    0.814638700   -1.100748000
1167   -0.950000000   -0.310467200   -1.360859000
1168   -0.950000000   -0.314202300   -0.077497310
1169    1.102372000    0.226104300   -1.674464000
1170   -0.950000000   -1.404937000   -1.324162000
1171   13.178430000    0.894005900    0.820357300
1172   -0.950000000   -1.290903000    0.678736400
1173    6.485892000    0.148426300   -0.196236800
1174    2.432739000   -0.059226350   -0.079281070
1175   -0.950000000   -0.459302500    1.795726000
1176   -0.950000000   -1.700045000    0.762832600
1177    5.669803000    0.019219180    1.144871000
1178    1.994256000   -0.361206600    0.855503400
1179    7.855807000    0.845202700    0.739880500
1180   16.781590000    0.993520200    0.106156500
1181    2.930959000   -0.146666800    0.901276600
1182    6.581547000   -0.001180404   -0.499237900
1183   18.029510000    1.242532000   -0.496233400
1184    8.749863000    0.368781300   -0.440092300
1185   19.290580000    1.502980000    0.080932940
1186   -0.950000000   -1.848870000    0.138679500
1187    1.545276000   -0.294786400   -0.915755700
1188   -0.950000000   -0.178529500    0.508820400
1189   -0.950000000   -1.201517000    1.405031000
1190    1.781862000    0.223896800    0.707707700
1191   -0.950000000   -0.647297700   -0.116196200
1192   15.833400000    1.076333000   -1.011024000
1193    8.937075000    0.741396100    0.859234800
1194    2.166568000    0.422304100    0.455274000
1195   12.951970000    1.117935000   -0.263405500
1196    6.312241000    0.173143500   -1.174443000
1197   11.425200000    0.784507200   -0.891305000
1198    5.811417000    0.250344000   -0.270733200
1199    1.824129000    0.105125100    1.381315000
1200    6.963585000    0.370400600   -0.453487100
1201   -0.950000000   -1.448749000   -0.458770800
1202    2.624763000    0.532327300    0.287238900
1203    5.337808000    0.581500700   -0.701181000
1204   -0.950000000    0.097930610    0.943892100
1205   -0.950000000   -1.208787000    1.130631000
1206   -0.950000000   -0.186205300   -0.852539100
1207   -0.950000000   -1.707076000    0.077381390
1208   -0.950000000   -1.523445000   -1.321017000
1209    7.440012000    1.393399000    0.421991200
1210    3.624015000    0.462930300    0.011739710
1211   -0.950000000   -0.230664700   -0.954633600
1212    0.820771100   -0.038939150   -0.753948100
1213   -0.950000000   -0.328151600   -0.192788400
1214    3.876608000    0.835071900    1.854691000
1215   -0.950000000   -0.274114600   -0.111729400
1216   19.791070000    1.268433000   -0.957797000
1217   28.829130000    1.837391000   -0.507194000
1218   -0.950000000   -0.838105000    1.039321000
1219   10.376350000    0.796704000    0.469378400
1220    5.934602000   -0.125785400   -0.951159700
1221   -0.950000000   -0.406406200    1.164753000
1222    3.261511000   -0.081482710   -0.208074800
1223    3.722289000   -0.149941000   -0.209975900
1224   13.945870000    0.928543000    0.137589200
1225   10.763170000    0.735439800    1.299409000
1226    3.270460000    0.426987400    0.375637800
1227   10.383950000    0.842881500    0.774996800
1228    2.548924000   -0.173827500   -0.274402300
1229   20.833670000    1.106287000    0.172368800
1230   13.560260000    0.606887000   -1.676820000
1231    7.133917000    0.239191000    0.075198230
1232   18.965170000    1.050426000   -1.418999000
1233   -0.950000000   -1.706035000    0.568744300
1234   10.171250000    0.630176200   -0.868636100
1235   19.713160000    1.873802000    0.045274900
1236   18.277180000    1.655926000   -0.419177400
1237    5.514934000    0.293849700    0.456176300
1238    6.162963000    0.528755600    0.859958900
1239    9.978143000    0.646132100   -0.389277500
1240   11.791880000    0.816858700   -0.115903300
1241   -0.950000000   -0.347096400    0.591108800
1242   -0.950000000   -0.032906270    0.915254700
1243   -0.950000000   -1.095796000    0.604705500
1244   -0.950000000   -0.551006300    0.806510900
1245    4.043042000   -0.013716480    1.863365000
1246   -0.950000000   -0.310378600    0.688569800
1247   -0.950000000   -0.273809100    0.028556940
1248   -0.950000000   -1.498039000    0.817020600
1249   -0.950000000   -0.540748900    1.224551000
1250    1.676755000    0.544193100   -0.141407900
1251   -0.950000000   -0.421406600    0.008985207
1252   -0.950000000   -0.537846200    0.869122800
1253   -0.950000000   -1.366758000    1.507390000
1254   18.769340000    1.389119000   -1.629343000
1255    9.500487000    1.064408000   -0.791834000
1256   -0.950000000   -0.882273600    0.173887400
1257   -0.950000000   -1.365483000   -1.178214000
1258   -0.950000000   -0.067657940    0.393577600
1259    5.727613000    0.618659100   -0.733921300
1260   -0.950000000   -0.779690500    1.578565000
1261   16.682070000    1.986207000    0.795243400
1262    8.109098000    0.667820700   -1.040144000
1263   -0.950000000   -1.675393000    1.361986000
1264    3.823749000    0.218962000   -0.022384970
1265    2.889297000   -0.092067810   -1.176907000
1266   -0.950000000   -0.874999800    1.889887000
1267   12.169120000    0.837600200   -0.060485290
1268   20.221970000    1.575400000   -0.347644800
1269   -0.950000000   -1.814329000   -0.018275950
1270   -0.950000000   -0.665345800    0.224647900
1271    4.549485000    0.417579300    0.284216200
1272    2.421888000   -0.119943000   -0.458415800
1273   -0.950000000    0.294061400    1.542359000
1274   -0.950000000   -0.752962400    0.772028300
1275    6.576035000    0.461239900   -0.427801700
1276   -0.950000000   -1.156075000    0.405917500
1277   -0.950000000   -0.841001000    0.005482021
1278   15.349850000    1.653540000    0.575533100
1279   -0.950000000   -1.245128000   -0.296216000
1280   -0.950000000   -0.907795200   -1.440101000
1281   -0.950000000    0.059733190    0.413525200
1282   -0.950000000   -1.030428000    0.701786900
1283    2.763752000    0.185324300   -0.446743200
1284   -0.950000000   -1.407687000   -0.493883000
1285   14.167320000    1.243052000   -1.414324000
1286    2.063693000    0.272864000    1.117735000
1287   -0.950000000   -1.194708000    0.124324000
1288    4.828955000    0.823992700    0.628369500
1289   -0.950000000   -0.190635500    0.884741500
1290   -0.950000000   -0.193524000   -0.093942490
1291   -0.814030800    0.037501300    0.219030100
1292   -0.950000000   -1.540700000   -1.723608000
1293   12.834660000    1.036755000   -0.106188700
1294   -0.272125100   -0.275513500   -1.038446000
1295   10.625050000    0.690578500   -0.953945700
1296   -0.950000000   -0.228110000    1.192658000
1297    7.815233000    0.569077400   -1.185337000
1298   -0.950000000   -0.779427000    0.437808800
1299   18.197830000    1.647913000    0.324857300
1300   -0.950000000   -0.408018900   -0.402168100
1301   -0.950000000   -0.388068800    1.210208000
1302   -0.950000000   -1.026728000    0.624200500
1303    8.651422000    0.733409600   -0.885746700
1304   14.115180000    1.127347000   -0.845619000
1305    0.170242400    0.576367500    1.296707000
1306   -0.950000000   -0.482352600   -0.282897500
1307    1.621872000    0.838596800   -0.132322400
1308   -0.950000000   -0.268607600   -0.042066870
1309   -0.950000000   -1.454039000   -0.357523100
1310   -0.950000000   -1.915615000   -1.470580000
1311    7.966140000    1.136113000    1.137533000
1312   -0.950000000   -1.398286000   -1.442034000
1313   -0.950000000   -0.552205400   -1.840807000
1314   -0.950000000   -0.608461500    0.624586800
1315   -0.950000000   -0.140685200    0.311101100
1316   14.751660000    1.950456000    0.388225900
1317   -0.950000000   -1.461660000   -0.057672070
1318   -0.950000000    0.116062000   -0.871825600
1319   -0.950000000   -0.363855400   -1.501837000
1320   -0.950000000   -1.608738000   -1.731604000
1321   -0.950000000   -1.536434000   -0.351135100
1322    3.542583000    0.398773900    0.093314910
1323   -0.950000000   -0.706162800    0.761358300
1324   -0.950000000   -1.785196000   -0.110170300
1325    9.578069000    0.716231200   -1.623854000
1326    0.662366000   -0.122799000   -0.125822900
1327   19.931990000    1.802784000   -0.252918100
1328   -0.950000000   -1.932832000   -0.088586400
1329    6.189292000    0.529433700   -0.425457000
1330   10.196610000    0.929172100   -0.628011000
1331   -0.950000000   -0.372858600    0.032941300
1332   21.331330000    1.784014000    0.073392250
1333    7.804442000    0.600135800   -1.486292000
1334    2.762002000    0.149734600    0.172593800
1335    7.394704000    0.838646600    0.350617700
1336    1.790968000    0.122486900   -0.367162100
1337   -0.950000000   -0.502193900   -0.687797000
1338    3.202204000    0.449999300   -0.245603000
1339   -0.950000000   -1.038832000   -1.330298000
1340   -0.950000000   -1.896372000    0.262086300
1341   -0.950000000   -0.534552000    0.724727800
1342   12.787500000    1.454014000    0.015615580
1343    6.885672000    0.805132700   -0.842557100
1344   -0.950000000   -1.128246000   -1.800364000
1345   23.366630000    1.961425000   -0.752481900
1346    6.839059000    0.583669500   -0.192097000
1347   -0.507051100    1.005747000    1.392876000
1348   -0.776999400    0.544187200    1.421418000
1349   -0.950000000   -0.504729400    0.168789300
1350    2.075886000    0.115692700   -0.624795700
1351    6.150790000    0.665922500    0.016114250
1352   -0.950000000   -0.631701100    0.136332200
1353   -0.950000000   -0.436514100   -0.525558200
1354    8.774067000    0.481310600   -1.169655000
1355    8.854794000    0.676593700   -0.858693800
1356   -0.950000000   -0.646255900   -0.968317500
1357   19.808120000    1.332816000   -0.848810200
1358    7.382637000    0.282823600   -1.271831000
1359    7.454672000    0.653145900   -0.533178300
1360    5.960176000    0.291086700   -0.928348100
1361   -0.950000000   -0.759494100    0.089704310
1362   -0.950000000   -0.545264000   -1.058853000
1363    4.245077000    0.349979000    0.749293700
1364   16.750220000    1.971725000    0.961644800
1365    2.737463000    0.172785800    0.288135500
1366    9.934425000    0.615818200   -0.730823900
1367   15.434000000    1.447478000    0.243621100
1368   -0.710520600   -0.203651800   -0.004077935
1369   16.549320000    1.280102000    1.055242000
1370   -0.950000000   -0.475923600    0.827817700
1371   -0.950000000   -1.035428000    1.266599000
1372   -0.748798400   -0.321575300   -0.159687100
1373   -0.950000000   -1.660767000   -0.676616800
1374    3.051809000   -0.021540080   -0.367870300
1375   -0.950000000   -0.893172800   -0.068868910
1376   12.034470000    1.328541000    0.373709800
1377    6.098671000    0.027758990   -1.001088000
1378   18.616840000    1.537410000   -1.178522000
1379    7.124929000    0.804501900    1.268575000
1380   12.172730000    0.900590200    0.238484900
1381   -0.950000000   -0.621292200   -0.967749900
1382   -0.950000000   -0.495721600   -1.654326000
1383   -0.950000000   -1.996329000   -0.631305500
1384   -0.950000000   -0.672086200    1.292559000
1385   -0.950000000   -1.462899000    0.368667000
1386   -0.950000000   -0.332081000   -1.120664000
1387   15.102110000    1.576664000    0.125878500
1388   -0.950000000   -1.062711000    0.251798700
1389    9.382541000    1.263227000   -0.393015800
1390   -0.950000000    0.236182100    0.183888600
1391    0.688162200    0.676232100    0.481991300
1392    9.831879000    1.444302000   -0.833590600
1393   -0.950000000   -0.290390200   -0.901014800
1394   -0.950000000   -0.008857909    0.835716600
1395   -0.950000000   -0.252452700   -1.150601000
1396   -0.950000000   -0.759151400    0.184701200
1397    9.729370000    0.677748500    0.031582030
1398   -0.950000000   -0.315910800    0.049077000
1399   -0.950000000   -0.916777200   -0.225330000
1400   -0.950000000   -0.147795500    0.933626900
1401   14.021810000    1.096582000   -0.882670800
1402   13.778520000    1.181998000   -0.554428900
1403    4.521808000   -0.117273300    1.800412000
1404   24.980590000    1.987307000   -0.950105900
1405    9.918324000    0.405043600   -1.138699000
1406   -0.950000000   -0.243336300    0.224610700
1407   22.336030000    1.320506000   -1.856365000
1408   -0.950000000   -0.454365000   -0.212490700
1409    1.613350000    0.264703500   -0.101643500
1410    0.086042390   -0.097770950    0.156303500
1411    8.968211000    0.816988200   -1.459108000
1412    8.191442000    0.881812000   -0.013163860
1413   10.279370000    0.879128200   -0.519145300
1414   -0.950000000   -0.106674500    1.206346000
1415   -0.950000000   -1.816384000   -0.150867400
1416   -0.950000000   -0.435743600   -0.885083000
1417   12.539110000    1.092598000    0.253390700
1418   -0.950000000   -0.146296900    1.176632000
1419   -0.950000000   -1.032539000    0.821935100
1420   -0.950000000   -1.475875000   -0.338275700
1421    3.819695000    0.466895000   -0.305757100
1422   -0.950000000   -0.796854600   -1.197404000
1423    1.570436000    0.155385100    0.840864100
1424    6.774333000    0.862636800    0.082083630
1425   -0.950000000   -1.448112000   -1.509900000
1426    2.681306000    0.543869400    0.839692000
1427   -0.950000000   -0.818635400    1.174138000
1428   -0.950000000   -0.535631700   -0.089343720
1429   -0.938906400    0.112584800    0.604731700
1430   -0.950000000   -0.452411400    0.292250400
1431   -0.950000000   -1.060936000    1.146623000
1432    1.610254000    0.138317800   -0.416962100
1433    6.868644000    0.471727600   -0.747684800
1434   -0.950000000   -0.248596800   -0.470308600
1435   -0.950000000   -0.843150300   -0.840756000
1436   -0.950000000   -0.038326930   -0.213708900
1437   -0.950000000    0.005400449    1.241338000
1438   -0.950000000   -0.433842500   -0.895701400
1439    7.442154000    1.229523000    1.457634000
1440   -0.950000000   -1.536549000   -0.061541340
1441   -0.950000000   -1.989215000   -0.088321430
1442    1.560557000    0.542656800   -0.509861700
1443    5.253688000    0.913332700    0.426539900
1444   -0.950000000   -0.148880700    0.215227800
1445   -0.950000000   -1.927921000   -0.548469600
1446   -0.950000000   -1.495609000    0.437026100
1447   -0.950000000   -0.764118800   -1.796252000
1448    1.001324000    0.410269200    1.053782000
1449   -0.950000000   -0.200024300    1.648761000
1450   -0.950000000    0.122381800   -0.062855590
1451   -0.950000000    0.090027600    0.884511300
1452   -0.950000000    0.149501600   -0.096452090
1453   -0.950000000   -0.417315000    0.655535900
1454    9.008552000    0.495699900    1.736635000
1455   -0.950000000   -0.357825100   -0.061007400
1456    1.438799000    0.596998100    1.399212000
1457    6.154457000    0.730737600    0.441302100
1458   -0.950000000   -1.162530000    1.117214000
1459   -0.950000000   -0.828968100   -1.146301000
1460   13.521500000    0.999474200   -0.951892500
1461    7.391977000    0.458173100   -0.850386400
1462    7.772776000    0.605752400   -0.610205100
1463   -0.950000000   -0.716851000   -0.823557000
1464   -0.950000000   -0.233826600    0.618759800
1465    7.276201000    0.634672200   -1.189482000
1466   -0.950000000   -0.977480800   -0.334299800
1467   -0.950000000   -0.164641200    0.623244300
1468   -0.950000000   -0.748038900   -0.779503500
1469   -0.950000000   -1.311742000    0.838409600
1470    5.321672000    1.067779000    1.398290000
1471   10.225020000    1.106347000    0.707102300
1472   -0.950000000   -0.476021700   -0.444551100
1473   -0.950000000   -0.300322200   -0.725453400
1474    6.805449000    1.009135000    0.105695400
1475    4.468529000    0.546533300    1.129356000
1476    5.213034000    0.414836300   -0.042595130
1477   -0.950000000   -0.651015400   -0.734388700
1478   -0.950000000   -1.447478000    0.615836100
1479   11.280680000    0.733332800   -1.437387000
1480   -0.950000000   -1.119597000    0.054383600
1481    7.760395000    1.243515000    0.359444700
1482   -0.950000000   -0.644059200    1.092872000
1483   -0.329132800   -0.319652100   -1.600489000
1484    3.202435000    0.233832500   -1.212034000
1485    1.865726000    0.126677200   -0.819046700
1486   13.791620000    1.314437000   -0.416838700
1487   -0.950000000   -1.274550000    0.397310600
1488    5.412733000    0.170759900   -0.613093000
1489    2.829133000    0.651541900    0.502056800
1490   -0.950000000   -0.536768600    0.374482900
1491   -0.950000000   -1.088302000   -0.148511000
1492   -0.950000000    0.027194710    1.455967000
1493    2.822784000    0.070448180   -1.682882000
1494    0.895762000    0.324641800    1.180798000
1495    9.132856000    0.745024700    0.292191900
1496   -0.950000000   -1.598973000    1.434705000
1497   13.942920000    1.020351000   -0.143995900
1498   -0.950000000   -0.377004200   -0.742026800
1499    3.449786000    0.323618600    0.925633000
1500    6.024348000    0.801025200    0.833264500
